   7.2152703e+01   8.8942088e+01   1.6256944e+02   2.0743542e+02   9.8042170e+01   1.6415873e+02
   7.3115728e+01   8.8860082e+01   1.6324330e+02   2.0742708e+02   9.8605850e+01   1.6395853e+02
   7.3359237e+01   9.0074468e+01   1.6409000e+02   2.0780327e+02   9.8423057e+01   1.6440871e+02
   7.4506755e+01   9.1267401e+01   1.6474070e+02   2.0659180e+02   9.8196791e+01   1.6392558e+02
   7.3889726e+01   9.1174061e+01   1.6501109e+02   2.0792454e+02   9.8198896e+01   1.6430695e+02
   7.4716911e+01   9.0852351e+01   1.6487338e+02   2.0751054e+02   9.8517206e+01   1.6371648e+02
   7.4000309e+01   9.1017578e+01   1.6463692e+02   2.0787411e+02   9.8686885e+01   1.6421345e+02
   7.4172092e+01   9.0602690e+01   1.6407130e+02   2.0845309e+02   9.8762739e+01   1.6439341e+02
   7.4799159e+01   9.0241232e+01   1.6455143e+02   2.0844556e+02   9.9136502e+01   1.6445542e+02
   7.4610861e+01   9.0453736e+01   1.6490455e+02   2.0771034e+02   9.8724528e+01   1.6458616e+02
   7.3926641e+01   9.0823046e+01   1.6499765e+02   2.0801221e+02   9.8352546e+01   1.6357481e+02
   7.4155659e+01   8.9493382e+01   1.6438248e+02   2.0682381e+02   9.7997322e+01   1.6365754e+02
   7.3156529e+01   8.9731710e+01   1.6392364e+02   2.0583642e+02   9.7800523e+01   1.6365787e+02
   7.2957868e+01   8.9815497e+01   1.6429238e+02   2.0661528e+02   9.8006307e+01   1.6365301e+02
   7.3109576e+01   8.9432586e+01   1.6453702e+02   2.0710335e+02   9.7612792e+01   1.6348398e+02
   7.3784567e+01   9.0116159e+01   1.6430242e+02   2.0727230e+02   9.7993598e+01   1.6321173e+02
   7.3034370e+01   8.9935227e+01   1.6369543e+02   2.0751880e+02   9.7543819e+01   1.6373566e+02
   7.3029917e+01   8.9265093e+01   1.6337412e+02   2.0809033e+02   9.8085399e+01   1.6370547e+02
   7.3495644e+01   9.0013995e+01   1.6393311e+02   2.0825386e+02   9.8677413e+01   1.6398038e+02
   7.3194415e+01   8.9978942e+01   1.6436014e+02   2.0810345e+02   9.8223425e+01   1.6431780e+02
   7.4180107e+01   8.9996833e+01   1.6386648e+02   2.0683361e+02   9.8093899e+01   1.6420212e+02
   7.4247379e+01   9.0409778e+01   1.6443907e+02   2.0752147e+02   9.8237754e+01   1.6456034e+02
   7.3588902e+01   9.0089768e+01   1.6444133e+02   2.0760202e+02   9.8945856e+01   1.6415792e+02
   7.3804239e+01   9.0588523e+01   1.6432549e+02   2.0839674e+02   9.8954437e+01   1.6443842e+02
   7.3929312e+01   8.9695200e+01   1.6381961e+02   2.0604415e+02   9.7997645e+01   1.6397010e+02
   7.2185570e+01   8.9588827e+01   1.6333470e+02   2.0603541e+02   9.6322552e+01   1.6360516e+02
   7.2366826e+01   8.8548329e+01   1.6342010e+02   2.0655246e+02   9.7076393e+01   1.6321586e+02
   7.2557633e+01   8.9410567e+01   1.6422786e+02   2.0706198e+02   9.7528681e+01   1.6363034e+02
   7.3183567e+01   8.9640556e+01   1.6469820e+02   2.0830251e+02   9.8124743e+01   1.6358905e+02
   7.4233455e+01   8.9584293e+01   1.6465667e+02   2.0732913e+02   9.8054880e+01   1.6344560e+02
   7.2957545e+01   8.9839216e+01   1.6480546e+02   2.0708910e+02   9.7795261e+01   1.6350729e+02
   7.3335922e+01   8.9650190e+01   1.6424794e+02   2.0668684e+02   9.7498809e+01   1.6322436e+02
   7.2235843e+01   8.9665085e+01   1.6352478e+02   2.0777963e+02   9.7861562e+01   1.6397302e+02
   7.2997293e+01   8.9912803e+01   1.6424591e+02   2.0741348e+02   9.8570069e+01   1.6416237e+02
   7.4493802e+01   9.0246818e+01   1.6415079e+02   2.0608859e+02   9.8600265e+01   1.6384770e+02
   7.2735893e+01   8.9479458e+01   1.6399423e+02   2.0681969e+02   9.7921387e+01   1.6355603e+02
   7.2782037e+01   9.0052286e+01   1.6321157e+02   2.0668563e+02   9.7544305e+01   1.6352656e+02
   7.1759835e+01   8.8952531e+01   1.6327398e+02   2.0685045e+02   9.7498971e+01   1.6356436e+02
   7.2860238e+01   9.0177765e+01   1.6423628e+02   2.0702077e+02   9.7493223e+01   1.6398961e+02
   7.2627577e+01   8.9537907e+01   1.6420544e+02   2.0734686e+02   9.7211019e+01   1.6408668e+02
   7.3646946e+01   8.9833226e+01   1.6444101e+02   2.0684486e+02   9.7418584e+01   1.6370377e+02
   7.2187918e+01   8.9040851e+01   1.6349782e+02   2.0689991e+02   9.7596844e+01   1.6330555e+02
   7.3123338e+01   8.9162120e+01   1.6363350e+02   2.0769366e+02   9.8413019e+01   1.6333292e+02
   7.3656741e+01   8.9449344e+01   1.6408919e+02   2.0852991e+02   9.8555821e+01   1.6305573e+02
   7.3897336e+01   8.9640799e+01   1.6384422e+02   2.0621893e+02   9.8607227e+01   1.6330118e+02
   7.2778070e+01   8.9281284e+01   1.6365252e+02   2.0627632e+02   9.6877328e+01   1.6343840e+02
   7.3296983e+01   8.9740615e+01   1.6315166e+02   2.0647563e+02   9.7009120e+01   1.6337857e+02
   7.1926843e+01   8.8891249e+01   1.6318129e+02   2.0636456e+02   9.6986615e+01   1.6312276e+02
   7.2172861e+01   8.9854436e+01   1.6409153e+02   2.0753208e+02   9.7350421e+01   1.6377128e+02
   7.3213115e+01   8.9344751e+01   1.6429319e+02   2.0711662e+02   9.8548292e+01   1.6378933e+02
   7.3274478e+01   9.0393587e+01   1.6368498e+02   2.0636845e+02   9.7934744e+01   1.6393222e+02
   7.2563705e+01   9.0024357e+01   1.6336538e+02   2.0661366e+02   9.7358921e+01   1.6394954e+02
   7.2799118e+01   8.9631408e+01   1.6254038e+02   2.0668854e+02   9.7400936e+01   1.6377573e+02
   7.2729903e+01   8.8556506e+01   1.6236058e+02   2.0781242e+02   9.7845776e+01   1.6414343e+02
   7.3474191e+01   9.0142955e+01   1.6412570e+02   2.0802921e+02   9.8685104e+01   1.6503910e+02
   7.4569818e+01   9.0419735e+01   1.6430347e+02   2.0613093e+02   9.8008898e+01   1.6433593e+02
   7.3418414e+01   8.9652132e+01   1.6399908e+02   2.0484595e+02   9.7206162e+01   1.6393189e+02
   7.2380912e+01   8.9510302e+01   1.6334182e+02   2.0513909e+02   9.7147713e+01   1.6291633e+02
   7.1126858e+01   8.8877163e+01   1.6419078e+02   2.0700005e+02   9.7704593e+01   1.6375663e+02
   7.2301496e+01   8.9773401e+01   1.6366458e+02   2.0811422e+02   9.8046946e+01   1.6392655e+02
   7.1995815e+01   8.9228826e+01   1.6236504e+02   2.0834024e+02   9.8134457e+01   1.6418520e+02
   7.2241995e+01   8.8901287e+01   1.6106605e+02   2.0723336e+02   9.8126038e+01   1.6366637e+02
   7.1717011e+01   8.8423337e+01   1.6193776e+02   2.0825588e+02   9.8266412e+01   1.6324031e+02
   7.3377937e+01   8.9753406e+01   1.6297138e+02   2.0905101e+02   9.8187806e+01   1.6347143e+02
   7.2751922e+01   8.9439143e+01   1.6179059e+02   2.0748958e+02   9.7158885e+01   1.6298951e+02
   7.2103322e+01   8.8897240e+01   1.6189138e+02   2.0621261e+02   9.7283877e+01   1.6340488e+02
   7.0868940e+01   8.8458714e+01   1.6192311e+02   2.0700434e+02   9.7735275e+01   1.6308488e+02
   7.2004396e+01   8.9027008e+01   1.6314089e+02   2.0776077e+02   9.7793723e+01   1.6364386e+02
   7.2985150e+01   8.9523254e+01   1.6374011e+02   2.0713047e+02   9.8468229e+01   1.6378399e+02
   7.2808266e+01   8.9758506e+01   1.6421070e+02   2.0713767e+02   9.8266493e+01   1.6385483e+02
   7.2122346e+01   8.9497916e+01   1.6320396e+02   2.0732735e+02   9.8365823e+01   1.6367665e+02
   7.2934635e+01   9.0077301e+01   1.6267687e+02   2.0814749e+02   9.7878563e+01   1.6284890e+02
   7.2097574e+01   8.8784390e+01   1.6227404e+02   2.0875739e+02   9.8544649e+01   1.6263081e+02
   7.3208096e+01   8.9858321e+01   1.6345168e+02   2.0867280e+02   9.8754481e+01   1.6370717e+02
   7.3385142e+01   9.0189746e+01   1.6440312e+02   2.0813680e+02   9.8229092e+01   1.6391918e+02
   7.3214330e+01   9.0040062e+01   1.6355052e+02   2.0821654e+02   9.7842133e+01   1.6445226e+02
   7.2644254e+01   8.8376465e+01   1.6224757e+02   2.0679087e+02   9.7561305e+01   1.6322792e+02
   7.1912514e+01   8.9133948e+01   1.6272253e+02   2.0727829e+02   9.8268354e+01   1.6419313e+02
   7.2564838e+01   8.9712038e+01   1.6269929e+02   2.0766282e+02   9.7472337e+01   1.6459952e+02
   7.2412807e+01   8.9296098e+01   1.6341913e+02   2.0778085e+02   9.7952959e+01   1.6371761e+02
   7.3122042e+01   8.9796392e+01   1.6390510e+02   2.0721320e+02   9.7388145e+01   1.6333737e+02
   7.1950562e+01   8.8743428e+01   1.6360330e+02   2.0695237e+02   9.7720784e+01   1.6297632e+02
   7.2544276e+01   8.9470634e+01   1.6453492e+02   2.0691562e+02   9.7934502e+01   1.6331365e+02
   7.2028116e+01   8.9357218e+01   1.6458640e+02   2.0717264e+02   9.7714793e+01   1.6315620e+02
   7.2520476e+01   8.9769272e+01   1.6433925e+02   2.0750043e+02   9.7625259e+01   1.6276057e+02
   7.2329587e+01   8.9756077e+01   1.6430096e+02   2.0857978e+02   9.8749462e+01   1.6369632e+02
   7.3713085e+01   8.9997400e+01   1.6461587e+02   2.0851121e+02   9.9177950e+01   1.6389093e+02
   7.3288078e+01   8.9619022e+01   1.6355538e+02   2.0799813e+02   9.8765410e+01   1.6383102e+02
   7.2594467e+01   8.9357461e+01   1.6255770e+02   2.0597995e+02   9.7427489e+01   1.6300611e+02
   7.1812131e+01   8.7436107e+01   1.6185300e+02   2.0571888e+02   9.6592290e+01   1.6266683e+02
   7.1146044e+01   8.7997116e+01   1.6154740e+02   2.0718778e+02   9.7028387e+01   1.6307557e+02
   7.1847508e+01   8.7456588e+01   1.6240333e+02   2.0745048e+02   9.7542686e+01   1.6277709e+02
   7.1771492e+01   8.8607830e+01   1.6313345e+02   2.0672683e+02   9.7255543e+01   1.6341873e+02
   7.1393682e+01   8.8420342e+01   1.6355384e+02   2.0682762e+02   9.7407979e+01   1.6288913e+02
   7.2665869e+01   8.8821953e+01   1.6380164e+02   2.0671582e+02   9.7575877e+01   1.6340246e+02
   7.2803652e+01   8.9564136e+01   1.6386082e+02   2.0660783e+02   9.7713984e+01   1.6333915e+02
   7.1833017e+01   8.9440924e+01   1.6427635e+02   2.0784626e+02   9.8256859e+01   1.6348956e+02
   7.2959083e+01   8.9003937e+01   1.6409137e+02   2.0690930e+02   9.8450095e+01   1.6308390e+02
   7.2554800e+01   8.9605260e+01   1.6429303e+02   2.0735681e+02   9.8838106e+01   1.6359553e+02
   7.2557472e+01   8.9408867e+01   1.6404434e+02   2.0929768e+02   9.9055710e+01   1.6356023e+02
   7.3483986e+01   8.9222511e+01   1.6349571e+02   2.0771552e+02   9.8944965e+01   1.6289569e+02
   7.2148332e+01   8.9058499e+01   1.6309143e+02   2.0687085e+02   9.7487556e+01   1.6262004e+02
   7.1640590e+01   8.8514572e+01   1.6188166e+02   2.0726671e+02   9.7488123e+01   1.6237872e+02
   7.1836094e+01   8.8444871e+01   1.6239628e+02   2.0809568e+02   9.7797204e+01   1.6283359e+02
   7.1361300e+01   8.8187276e+01   1.6172696e+02   2.0754859e+02   9.7836143e+01   1.6205927e+02
   7.2357597e+01   8.7463712e+01   1.6238293e+02   2.0664920e+02   9.7212719e+01   1.6241725e+02
   7.1994925e+01   8.8216176e+01   1.6321424e+02   2.0716852e+02   9.7160261e+01   1.6288889e+02
   7.2795152e+01   8.9321518e+01   1.6398832e+02   2.0756940e+02   9.7737137e+01   1.6289204e+02
   7.3238616e+01   8.8786090e+01   1.6443615e+02   2.0726113e+02   9.8135348e+01   1.6349401e+02
   7.3196520e+01   8.9925351e+01   1.6501473e+02   2.0725878e+02   9.8429371e+01   1.6328005e+02
   7.3543001e+01   9.0292395e+01   1.6526156e+02   2.0861759e+02   9.8591036e+01   1.6341986e+02
   7.4244384e+01   8.9829583e+01   1.6411056e+02   2.0678172e+02   9.8174853e+01   1.6314446e+02
   7.1850827e+01   8.9208506e+01   1.6265032e+02   2.0636618e+02   9.7185356e+01   1.6243595e+02
   7.2262557e+01   8.9258941e+01   1.6292467e+02   2.0639784e+02   9.7376650e+01   1.6292831e+02
   7.2935768e+01   8.9622746e+01   1.6325140e+02   2.0663600e+02   9.7552967e+01   1.6282947e+02
   7.3357132e+01   9.0091063e+01   1.6412424e+02   2.0716843e+02   9.7905682e+01   1.6344496e+02
   7.2885496e+01   8.9846745e+01   1.6395513e+02   2.0661325e+02   9.7863505e+01   1.6374376e+02
   7.3444319e+01   8.9888922e+01   1.6445591e+02   2.0719062e+02   9.8121586e+01   1.6388065e+02
   7.3223558e+01   8.9626551e+01   1.6440304e+02   2.0651020e+02   9.8478510e+01   1.6351093e+02
   7.2436932e+01   8.9658933e+01   1.6403746e+02   2.0732297e+02   9.8092685e+01   1.6367997e+02
   7.3436709e+01   8.9291808e+01   1.6408700e+02   2.0729691e+02   9.8477539e+01   1.6345451e+02
   7.2822838e+01   8.9803435e+01   1.6500461e+02   2.0791717e+02   9.8690609e+01   1.6385814e+02
   7.3590278e+01   9.0052044e+01   1.6400588e+02   2.0692428e+02   9.7913858e+01   1.6344585e+02
   7.2738646e+01   8.9272055e+01   1.6281935e+02   2.0543084e+02   9.7421984e+01   1.6278567e+02
   7.2137322e+01   8.8367560e+01   1.6150029e+02   2.0462196e+02   9.6813455e+01   1.6271208e+02
   7.0505458e+01   8.7683663e+01   1.6138760e+02   2.0673784e+02   9.7240729e+01   1.6277628e+02
   7.2437903e+01   8.8421394e+01   1.6239985e+02   2.0804532e+02   9.7552319e+01   1.6352267e+02
   7.2677526e+01   8.8656079e+01   1.6234213e+02   2.0732038e+02   9.8228282e+01   1.6324767e+02
   7.2069564e+01   8.8407308e+01   1.6283764e+02   2.0795741e+02   9.8466529e+01   1.6305403e+02
   7.2346992e+01   8.8882101e+01   1.6361755e+02   2.0731901e+02   9.8311908e+01   1.6328273e+02
   7.2275348e+01   8.8742780e+01   1.6245093e+02   2.0584217e+02   9.7532971e+01   1.6294766e+02
   7.1715230e+01   8.7968620e+01   1.6101432e+02   2.0568415e+02   9.7073640e+01   1.6229865e+02
   7.0486677e+01   8.7970482e+01   1.6058575e+02   2.0639986e+02   9.7458980e+01   1.6278608e+02
   7.0975799e+01   8.7071330e+01   1.6111033e+02   2.0785549e+02   9.7325487e+01   1.6345232e+02
   7.2471094e+01   8.8717361e+01   1.6234933e+02   2.0761457e+02   9.8303731e+01   1.6360257e+02
   7.1879323e+01   8.8565977e+01   1.6235573e+02   2.0779574e+02   9.8448881e+01   1.6356420e+02
   7.3091766e+01   8.9242183e+01   1.6265177e+02   2.0743801e+02   9.7985907e+01   1.6333421e+02
   7.3414528e+01   8.8420423e+01   1.6331292e+02   2.0693836e+02   9.8207073e+01   1.6235848e+02
   7.2696145e+01   8.9253112e+01   1.6355611e+02   2.0695536e+02   9.7514514e+01   1.6275993e+02
   7.3059141e+01   8.9101486e+01   1.6394663e+02   2.0562489e+02   9.7663226e+01   1.6294232e+02
   7.2184356e+01   8.9261207e+01   1.6360557e+02   2.0643799e+02   9.7754542e+01   1.6271783e+02
   7.3343289e+01   8.9339732e+01   1.6380601e+02   2.0541959e+02   9.7495733e+01   1.6297648e+02
   7.2134974e+01   8.9362966e+01   1.6304229e+02   2.0586978e+02   9.6942334e+01   1.6249432e+02
   7.2572610e+01   8.9506092e+01   1.6296069e+02   2.0693772e+02   9.7472661e+01   1.6321829e+02
   7.2367311e+01   8.9264850e+01   1.6298668e+02   2.0641160e+02   9.7345645e+01   1.6330256e+02
   7.3026679e+01   8.9029518e+01   1.6357262e+02   2.0646600e+02   9.7551672e+01   1.6314138e+02
   7.2499752e+01   8.9066028e+01   1.6403292e+02   2.0684705e+02   9.7300473e+01   1.6296053e+02
   7.1953962e+01   8.8464704e+01   1.6364475e+02   2.0723287e+02   9.7792023e+01   1.6265404e+02
   7.3298602e+01   8.9110229e+01   1.6376051e+02   2.0758786e+02   9.7990764e+01   1.6322161e+02
   7.2944673e+01   8.9170215e+01   1.6278446e+02   2.0647944e+02   9.7339006e+01   1.6300813e+02
   7.2620858e+01   8.8430461e+01   1.6217803e+02   2.0601776e+02   9.6800017e+01   1.6268844e+02
   7.2661254e+01   8.7717340e+01   1.6241968e+02   2.0649935e+02   9.7501157e+01   1.6258515e+02
   7.2462189e+01   8.9080519e+01   1.6335332e+02   2.0719879e+02   9.7580410e+01   1.6292661e+02
   7.3012917e+01   8.9297232e+01   1.6442943e+02   2.0756300e+02   9.8673123e+01   1.6336263e+02
   7.1637676e+01   8.9118243e+01   1.6416059e+02   2.0736661e+02   9.7932073e+01   1.6326815e+02
   7.1422663e+01   8.8610664e+01   1.6295308e+02   2.0721806e+02   9.7770813e+01   1.6304853e+02
   7.2685459e+01   8.8848101e+01   1.6224652e+02   2.0656695e+02   9.7970931e+01   1.6294434e+02
   7.1929109e+01   8.8531572e+01   1.6271346e+02   2.0817857e+02   9.8242206e+01   1.6276600e+02
   7.2912858e+01   8.8948645e+01   1.6254904e+02   2.0846976e+02   9.8079004e+01   1.6263040e+02
   7.2832795e+01   8.8530115e+01   1.6178095e+02   2.0691124e+02   9.8005336e+01   1.6218605e+02
   7.1901099e+01   8.8325869e+01   1.6252298e+02   2.0579360e+02   9.7479785e+01   1.6291584e+02
   7.2578277e+01   8.9242669e+01   1.6327220e+02   2.0652647e+02   9.7133222e+01   1.6384195e+02
   7.3022388e+01   8.9151758e+01   1.6323699e+02   2.0605475e+02   9.7571586e+01   1.6375566e+02
   7.1498841e+01   8.8319149e+01   1.6248671e+02   2.0691748e+02   9.7678850e+01   1.6290103e+02
   7.1846860e+01   8.8974955e+01   1.6301007e+02   2.0682900e+02   9.7057612e+01   1.6275790e+02
   7.2025363e+01   8.9114033e+01   1.6298635e+02   2.0641961e+02   9.7671807e+01   1.6296514e+02
   7.1846213e+01   8.9427972e+01   1.6403649e+02   2.0726056e+02   9.8284707e+01   1.6333543e+02
   7.3144305e+01   9.0000476e+01   1.6327479e+02   2.0614793e+02   9.7702974e+01   1.6232011e+02
   7.2870196e+01   8.8345783e+01   1.6203499e+02   2.0645410e+02   9.7824809e+01   1.6214217e+02
   7.1666738e+01   8.8173028e+01   1.6191032e+02   2.0757207e+02   9.8233706e+01   1.6231711e+02
   7.2578277e+01   8.7884509e+01   1.6291269e+02   2.0804694e+02   9.8700809e+01   1.6242972e+02
   7.3222668e+01   8.8613416e+01   1.6390761e+02   2.0868575e+02   9.8539144e+01   1.6282072e+02
   7.3494510e+01   8.8951155e+01   1.6306512e+02   2.0660354e+02   9.8252649e+01   1.6222612e+02
   7.1920690e+01   8.8331050e+01   1.6277264e+02   2.0638618e+02   9.8016103e+01   1.6248315e+02
   7.1874708e+01   8.8671460e+01   1.6287682e+02   2.0701810e+02   9.7868362e+01   1.6262595e+02
   7.1829941e+01   8.8533029e+01   1.6318866e+02   2.0715427e+02   9.8256778e+01   1.6284210e+02
   7.2378078e+01   8.9949394e+01   1.6402321e+02   2.0699414e+02   9.8444348e+01   1.6345103e+02
   7.3572469e+01   8.9297555e+01   1.6333332e+02   2.0704441e+02   9.8253864e+01   1.6320331e+02
   7.2826804e+01   8.8970422e+01   1.6327188e+02   2.0822990e+02   9.8456410e+01   1.6291811e+02
   7.3187453e+01   8.8895135e+01   1.6330709e+02   2.0803415e+02   9.8150891e+01   1.6292022e+02
   7.2473037e+01   8.9109419e+01   1.6278818e+02   2.0650405e+02   9.7862453e+01   1.6290289e+02
   7.2672588e+01   8.9012437e+01   1.6218540e+02   2.0608204e+02   9.7038830e+01   1.6275264e+02
   7.2173589e+01   8.8381727e+01   1.6180840e+02   2.0623682e+02   9.7214176e+01   1.6331430e+02
   7.3063432e+01   8.8595525e+01   1.6246744e+02   2.0708950e+02   9.7311806e+01   1.6340448e+02
   7.3371056e+01   8.8663122e+01   1.6256337e+02   2.0644795e+02   9.7832500e+01   1.6316049e+02
   7.2654211e+01   8.8370231e+01   1.6260822e+02   2.0682033e+02   9.7563329e+01   1.6325633e+02
   7.3289131e+01   8.8483728e+01   1.6268869e+02   2.0591673e+02   9.7992950e+01   1.6283554e+02
   7.2160151e+01   8.8896106e+01   1.6288419e+02   2.0627616e+02   9.7218952e+01   1.6275531e+02
   7.2704322e+01   8.8993008e+01   1.6275912e+02   2.0745007e+02   9.7703541e+01   1.6270658e+02
   7.3060761e+01   8.9104319e+01   1.6327010e+02   2.0865895e+02   9.8021527e+01   1.6295389e+02
   7.3390323e+01   8.8971555e+01   1.6266327e+02   2.0683288e+02   9.8298064e+01   1.6247157e+02
   7.2487609e+01   8.8305468e+01   1.6177618e+02   2.0664086e+02   9.7797609e+01   1.6271913e+02
   7.2683274e+01   8.8705137e+01   1.6242899e+02   2.0640626e+02   9.7156942e+01   1.6276551e+02
   7.2303763e+01   8.9444486e+01   1.6278721e+02   2.0676302e+02   9.7248257e+01   1.6238325e+02
   7.3032831e+01   8.9287841e+01   1.6326046e+02   2.0594717e+02   9.7146499e+01   1.6284120e+02
   7.2385202e+01   8.8843163e+01   1.6252411e+02   2.0583731e+02   9.7198147e+01   1.6298036e+02
   7.2800090e+01   8.9107557e+01   1.6266068e+02   2.0561016e+02   9.7365478e+01   1.6326597e+02
   7.2220947e+01   8.8242001e+01   1.6299866e+02   2.0610713e+02   9.7717708e+01   1.6338230e+02
   7.3451281e+01   8.9406357e+01   1.6391505e+02   2.0677678e+02   9.7570291e+01   1.6307880e+02
   7.2899420e+01   8.9108043e+01   1.6384187e+02   2.0689295e+02   9.8205211e+01   1.6293633e+02
   7.3167781e+01   8.9484720e+01   1.6436872e+02   2.0765998e+02   9.8575088e+01   1.6304270e+02
   7.2726422e+01   8.9194501e+01   1.6356623e+02   2.0845479e+02   9.8753348e+01   1.6265801e+02
   7.3807963e+01   8.9250359e+01   1.6347645e+02   2.0669583e+02   9.7977731e+01   1.6253577e+02
   7.1991929e+01   8.9109014e+01   1.6297470e+02   2.0633664e+02   9.6930271e+01   1.6280065e+02
   7.2890272e+01   8.8518134e+01   1.6384535e+02   2.0723563e+02   9.7689779e+01   1.6291471e+02
   7.2869305e+01   8.8440904e+01   1.6325334e+02   2.0792049e+02   9.8107095e+01   1.6253625e+02
   7.2988631e+01   8.8255034e+01   1.6250484e+02   2.0743663e+02   9.8230063e+01   1.6193890e+02
   7.1803226e+01   8.8348050e+01   1.6230699e+02   2.0749654e+02   9.8027598e+01   1.6212007e+02
   7.2343673e+01   8.7626753e+01   1.6241749e+02   2.0676941e+02   9.7552805e+01   1.6225243e+02
   7.1915833e+01   8.8620216e+01   1.6345475e+02   2.0738126e+02   9.7859862e+01   1.6258248e+02
   7.2649273e+01   8.8474176e+01   1.6423992e+02   2.0804346e+02   9.8250707e+01   1.6265048e+02
   7.2520800e+01   8.8805762e+01   1.6344925e+02   2.0657642e+02   9.7328563e+01   1.6272058e+02
   7.1768659e+01   8.8311864e+01   1.6209554e+02   2.0589131e+02   9.6654462e+01   1.6232132e+02
   7.2019130e+01   8.8577068e+01   1.6158375e+02   2.0684940e+02   9.7408465e+01   1.6224822e+02
   7.1546279e+01   8.8567111e+01   1.6171344e+02   2.0723975e+02   9.7685326e+01   1.6189583e+02
   7.2090450e+01   8.8145504e+01   1.6166851e+02   2.0599922e+02   9.7597492e+01   1.6222758e+02
   7.1155597e+01   8.8141375e+01   1.6190109e+02   2.0667106e+02   9.7237410e+01   1.6232140e+02
   7.1930485e+01   8.8645312e+01   1.6184418e+02   2.0662783e+02   9.7101812e+01   1.6225032e+02
   7.1239951e+01   8.8454666e+01   1.6244445e+02   2.0685919e+02   9.7645335e+01   1.6292815e+02
   7.2776046e+01   8.9613437e+01   1.6430088e+02   2.0761684e+02   9.8272483e+01   1.6326726e+02
   7.4416087e+01   8.9347099e+01   1.6413258e+02   2.0719321e+02   9.8473167e+01   1.6230999e+02
   7.2224428e+01   8.8890197e+01   1.6240316e+02   2.0590434e+02   9.7239029e+01   1.6208251e+02
   7.0873635e+01   8.8136680e+01   1.6166770e+02   2.0580809e+02   9.6436130e+01   1.6204163e+02
   7.0747914e+01   8.7927900e+01   1.6101100e+02   2.0661617e+02   9.6607509e+01   1.6226935e+02
   7.1782259e+01   8.8371365e+01   1.6199678e+02   2.0682009e+02   9.7822786e+01   1.6301744e+02
   7.2494733e+01   8.8928083e+01   1.6250848e+02   2.0718187e+02   9.7865934e+01   1.6268464e+02
   7.1748340e+01   8.9118405e+01   1.6307840e+02   2.0670886e+02   9.7615868e+01   1.6285570e+02
   7.1774407e+01   8.9089424e+01   1.6307265e+02   2.0648842e+02   9.7550296e+01   1.6251512e+02
   7.1505236e+01   8.9050485e+01   1.6355497e+02   2.0757053e+02   9.7477599e+01   1.6265971e+02
   7.2206457e+01   8.9703700e+01   1.6368037e+02   2.0643483e+02   9.7034540e+01   1.6264837e+02
   7.2284658e+01   8.9258941e+01   1.6312017e+02   2.0595211e+02   9.7052835e+01   1.6293179e+02
   7.1196721e+01   8.8965726e+01   1.6260498e+02   2.0703761e+02   9.7370983e+01   1.6264360e+02
   7.2049325e+01   8.8761966e+01   1.6292054e+02   2.0752123e+02   9.7467156e+01   1.6289828e+02
   7.1713692e+01   8.8175781e+01   1.6252281e+02   2.0600780e+02   9.7638211e+01   1.6240697e+02
   7.0855745e+01   8.7927172e+01   1.6247529e+02   2.0717815e+02   9.7706698e+01   1.6168389e+02
   7.2443570e+01   8.9387171e+01   1.6382868e+02   2.0867498e+02   9.8874374e+01   1.6259486e+02
   7.5183446e+01   8.9677471e+01   1.6346244e+02   2.0832882e+02   9.9073682e+01   1.6165410e+02
   7.3085856e+01   8.8783500e+01   1.6258693e+02   2.0805941e+02   9.9224255e+01   1.6210105e+02
   7.3361018e+01   8.8876192e+01   1.6258029e+02   2.0817874e+02   9.8644141e+01   1.6211813e+02
   7.3435738e+01   8.7791736e+01   1.6321319e+02   2.0796720e+02   9.8973299e+01   1.6247861e+02
   7.3457595e+01   8.8778238e+01   1.6387094e+02   2.0743761e+02   9.8590469e+01   1.6227914e+02
   7.3135886e+01   8.9228178e+01   1.6425660e+02   2.0821282e+02   9.8263578e+01   1.6303339e+02
   7.2259562e+01   8.9834926e+01   1.6341849e+02   2.0742417e+02   9.7312130e+01   1.6235459e+02
   7.2502747e+01   8.8953179e+01   1.6325884e+02   2.0700896e+02   9.7387174e+01   1.6237386e+02
   7.1101925e+01   8.8484457e+01   1.6243530e+02   2.0709622e+02   9.7015111e+01   1.6208842e+02
   7.2183142e+01   8.8327245e+01   1.6283384e+02   2.0791766e+02   9.8274750e+01   1.6272139e+02
   7.2989278e+01   8.8856358e+01   1.6370263e+02   2.0874833e+02   9.8363394e+01   1.6309621e+02
   7.3573035e+01   8.9476139e+01   1.6372020e+02   2.0774499e+02   9.8253216e+01   1.6247764e+02
   7.2383340e+01   8.8579173e+01   1.6360136e+02   2.0716414e+02   9.7926649e+01   1.6314041e+02
   7.2750789e+01   9.0145302e+01   1.6395909e+02   2.0672675e+02   9.7377136e+01   1.6267792e+02
   7.1869689e+01   8.9218626e+01   1.6426057e+02   2.0800655e+02   9.7891029e+01   1.6281360e+02
   7.2673559e+01   8.9561383e+01   1.6400491e+02   2.0810936e+02   9.7998779e+01   1.6257406e+02
   7.2512299e+01   8.9371061e+01   1.6373922e+02   2.0751759e+02   9.8066537e+01   1.6197451e+02
   7.1510579e+01   8.9529326e+01   1.6346819e+02   2.0760453e+02   9.7627525e+01   1.6236795e+02
   7.1610880e+01   8.9526250e+01   1.6301404e+02   2.0708505e+02   9.7096065e+01   1.6239620e+02
   7.1862646e+01   8.8342464e+01   1.6357254e+02   2.0761797e+02   9.7891677e+01   1.6295276e+02
   7.2019696e+01   8.9343456e+01   1.6422851e+02   2.0807754e+02   9.8116404e+01   1.6252516e+02
   7.2260534e+01   8.9717462e+01   1.6335526e+02   2.0804929e+02   9.7923006e+01   1.6226247e+02
   7.2315663e+01   8.8710560e+01   1.6278389e+02   2.0685984e+02   9.8001936e+01   1.6204980e+02
   7.0984704e+01   8.8126480e+01   1.6267323e+02   2.0764549e+02   9.7977002e+01   1.6205361e+02
   7.2252519e+01   8.8467376e+01   1.6231072e+02   2.0823694e+02   9.7909406e+01   1.6248128e+02
   7.2121131e+01   8.8040750e+01   1.6116255e+02   2.0725101e+02   9.7319092e+01   1.6255908e+02
   7.2655021e+01   8.7658244e+01   1.6128528e+02   2.0743364e+02   9.7706698e+01   1.6227663e+02
   7.2133760e+01   8.8711127e+01   1.6314470e+02   2.0789337e+02   9.7279748e+01   1.6273499e+02
   7.2878048e+01   8.9684109e+01   1.6360581e+02   2.0637914e+02   9.8127414e+01   1.6246801e+02
   7.1805817e+01   8.8920230e+01   1.6263340e+02   2.0611871e+02   9.6887528e+01   1.6175141e+02
   7.2014030e+01   8.8607183e+01   1.6215844e+02   2.0731731e+02   9.7447242e+01   1.6205369e+02
   7.2222000e+01   8.7844194e+01   1.6192270e+02   2.0779623e+02   9.8342994e+01   1.6197937e+02
   7.2832957e+01   8.8863320e+01   1.6368005e+02   2.0877156e+02   9.8062246e+01   1.6312381e+02
   7.2978107e+01   8.8579416e+01   1.6450731e+02   2.0809867e+02   9.8249088e+01   1.6287286e+02
   7.2976569e+01   8.9427243e+01   1.6428688e+02   2.0795304e+02   9.7778828e+01   1.6336012e+02
   7.3294555e+01   8.8577392e+01   1.6336837e+02   2.0691092e+02   9.7226238e+01   1.6227396e+02
   7.1734820e+01   8.8769090e+01   1.6294823e+02   2.0814360e+02   9.8057713e+01   1.6312122e+02
   7.1918828e+01   8.8715256e+01   1.6318688e+02   2.0877496e+02   9.8223506e+01   1.6305848e+02
   7.3181543e+01   8.9892484e+01   1.6406749e+02   2.0850619e+02   9.7958545e+01   1.6306617e+02
   7.2130360e+01   8.8827862e+01   1.6326451e+02   2.0636392e+02   9.7495895e+01   1.6268432e+02
   7.2413941e+01   8.8884692e+01   1.6273119e+02   2.0660718e+02   9.6844461e+01   1.6301258e+02
   7.2712822e+01   8.8860244e+01   1.6304966e+02   2.0740045e+02   9.7693826e+01   1.6303582e+02
   7.4088872e+01   8.9822945e+01   1.6312697e+02   2.0691764e+02   9.7890625e+01   1.6278251e+02
   7.3367008e+01   8.9718272e+01   1.6334959e+02   2.0810264e+02   9.8061599e+01   1.6282331e+02
   7.3419466e+01   8.8707646e+01   1.6305646e+02   2.0642787e+02   9.6932214e+01   1.6284363e+02
   7.2185813e+01   8.8120894e+01   1.6243271e+02   2.0723077e+02   9.6889147e+01   1.6301461e+02
   7.2336468e+01   8.7766884e+01   1.6227542e+02   2.0772888e+02   9.7734465e+01   1.6267841e+02
   7.3596836e+01   8.8441551e+01   1.6326362e+02   2.0716787e+02   9.8313850e+01   1.6284574e+02
   7.2556662e+01   8.8958926e+01   1.6342156e+02   2.0862439e+02   9.8027113e+01   1.6239653e+02
   7.3328798e+01   8.8971798e+01   1.6354178e+02   2.0823314e+02   9.8103290e+01   1.6246072e+02
   7.2562005e+01   8.8887768e+01   1.6388316e+02   2.0902786e+02   9.8002907e+01   1.6327253e+02
   7.3018584e+01   8.9099300e+01   1.6375671e+02   2.0869457e+02   9.8329475e+01   1.6314753e+02
   7.4185693e+01   8.9171915e+01   1.6388437e+02   2.0814384e+02   9.8066537e+01   1.6305897e+02
   7.2759694e+01   8.8071593e+01   1.6198917e+02   2.0696362e+02   9.7184061e+01   1.6264068e+02
   7.2060173e+01   8.8209700e+01   1.6102315e+02   2.0710756e+02   9.6887123e+01   1.6267404e+02
   7.1360976e+01   8.7527746e+01   1.6024785e+02   2.0632967e+02   9.7273515e+01   1.6273734e+02
   7.1112206e+01   8.7050444e+01   1.6088982e+02   2.0730347e+02   9.7308082e+01   1.6308884e+02
   7.2481618e+01   8.7980277e+01   1.6218208e+02   2.0780198e+02   9.7894591e+01   1.6365179e+02
   7.2973735e+01   8.8897159e+01   1.6347799e+02   2.0867433e+02   9.8042818e+01   1.6329098e+02
   7.4076162e+01   8.9493301e+01   1.6368175e+02   2.0718268e+02   9.8025089e+01   1.6266108e+02
   7.2998102e+01   8.9129981e+01   1.6282631e+02   2.0706676e+02   9.7119379e+01   1.6270844e+02
   7.2973169e+01   8.8373227e+01   1.6217763e+02   2.0672125e+02   9.6940391e+01   1.6230472e+02
   7.1782907e+01   8.7973396e+01   1.6194837e+02   2.0639120e+02   9.6750554e+01   1.6279336e+02
   7.1791812e+01   8.7244813e+01   1.6226716e+02   2.0660378e+02   9.6777512e+01   1.6256993e+02
   7.2459518e+01   8.8204600e+01   1.6307589e+02   2.0725716e+02   9.7371550e+01   1.6288330e+02
   7.2037182e+01   8.8357360e+01   1.6292386e+02   2.0846734e+02   9.7383612e+01   1.6258798e+02
   7.3420600e+01   8.8377031e+01   1.6338894e+02   2.0891898e+02   9.8333279e+01   1.6226287e+02
   7.2865176e+01   8.8551810e+01   1.6368320e+02   2.1022800e+02   9.8886598e+01   1.6284752e+02
   7.3832249e+01   8.8530196e+01   1.6359302e+02   2.0928270e+02   9.9024138e+01   1.6193809e+02
   7.3472491e+01   8.9047571e+01   1.6395229e+02   2.0934698e+02   9.9121687e+01   1.6320363e+02
   7.4349786e+01   8.7963115e+01   1.6308714e+02   2.0832445e+02   9.8615646e+01   1.6225121e+02
   7.3450067e+01   8.8345136e+01   1.6316146e+02   2.0834688e+02   9.8063704e+01   1.6277247e+02
   7.2855786e+01   8.8237953e+01   1.6298457e+02   2.0822877e+02   9.8132919e+01   1.6255390e+02
   7.3160657e+01   8.8591316e+01   1.6309775e+02   2.0764250e+02   9.8012946e+01   1.6253277e+02
   7.2455065e+01   8.8829481e+01   1.6341784e+02   2.0849745e+02   9.7995864e+01   1.6287083e+02
   7.3644436e+01   8.8901449e+01   1.6321618e+02   2.0805188e+02   9.7686460e+01   1.6282833e+02
   7.2003020e+01   8.7919238e+01   1.6261931e+02   2.0830834e+02   9.8237511e+01   1.6302635e+02
   7.3519282e+01   8.8854739e+01   1.6327674e+02   2.0781323e+02   9.7744665e+01   1.6329981e+02
   7.4056005e+01   8.9290108e+01   1.6338699e+02   2.0710367e+02   9.7706374e+01   1.6305654e+02
   7.2365450e+01   8.8756218e+01   1.6244121e+02   2.0718074e+02   9.7236519e+01   1.6228732e+02
   7.2037992e+01   8.8171490e+01   1.6196116e+02   2.0720478e+02   9.7381021e+01   1.6243247e+02
   7.1680905e+01   8.7975177e+01   1.6267841e+02   2.0841269e+02   9.7543819e+01   1.6238908e+02
   7.2074907e+01   8.8269444e+01   1.6286460e+02   2.0846588e+02   9.7438418e+01   1.6284979e+02
   7.2817252e+01   8.8480004e+01   1.6257568e+02   2.0743801e+02   9.7717870e+01   1.6239604e+02
   7.1842813e+01   8.8923226e+01   1.6300319e+02   2.0705510e+02   9.7389683e+01   1.6267128e+02
   7.3621931e+01   9.0312714e+01   1.6350502e+02   2.0605411e+02   9.6676563e+01   1.6251836e+02
   7.2890191e+01   8.9978538e+01   1.6253229e+02   2.0773713e+02   9.7698036e+01   1.6236123e+02
   7.1771250e+01   8.9210692e+01   1.6220402e+02   2.0792365e+02   9.7334716e+01   1.6214597e+02
   7.2158451e+01   8.9209721e+01   1.6189194e+02   2.0773317e+02   9.7219195e+01   1.6303752e+02
   7.2256081e+01   8.8161128e+01   1.6184928e+02   2.0768176e+02   9.7500104e+01   1.6282453e+02
   7.2012896e+01   8.8415161e+01   1.6224101e+02   2.0838913e+02   9.7557905e+01   1.6364750e+02
   7.2449479e+01   8.8118870e+01   1.6161508e+02   2.0707558e+02   9.7203004e+01   1.6279903e+02
   7.2696793e+01   8.7712402e+01   1.6156748e+02   2.0702911e+02   9.7760694e+01   1.6300368e+02
   7.2495947e+01   8.8264263e+01   1.6249691e+02   2.0872347e+02   9.7951583e+01   1.6339460e+02
   7.3466095e+01   8.9062061e+01   1.6362014e+02   2.0890926e+02   9.8611760e+01   1.6333041e+02
   7.4154930e+01   8.8773704e+01   1.6313215e+02   2.0695107e+02   9.8074309e+01   1.6209093e+02
   7.2081302e+01   8.8289844e+01   1.6346649e+02   2.0649838e+02   9.7288168e+01   1.6259972e+02
   7.2681493e+01   8.9011789e+01   1.6365916e+02   2.0687117e+02   9.7225509e+01   1.6267525e+02
   7.3261930e+01   8.8862915e+01   1.6366531e+02   2.0634287e+02   9.7115655e+01   1.6280874e+02
   7.1739597e+01   8.8911002e+01   1.6382431e+02   2.0804290e+02   9.7731713e+01   1.6258636e+02
   7.2889058e+01   8.8900316e+01   1.6417265e+02   2.0814814e+02   9.7912158e+01   1.6255981e+02
   7.3215382e+01   8.9672776e+01   1.6269808e+02   2.0678512e+02   9.7241781e+01   1.6210566e+02
   7.1691106e+01   8.8595768e+01   1.6167418e+02   2.0701066e+02   9.6949296e+01   1.6210169e+02
   7.1337743e+01   8.8163557e+01   1.6078450e+02   2.0647078e+02   9.5839745e+01   1.6200625e+02
   7.1189355e+01   8.7197860e+01   1.6136801e+02   2.0644082e+02   9.6330567e+01   1.6188433e+02
   7.0327846e+01   8.7163212e+01   1.6158756e+02   2.0813267e+02   9.6868342e+01   1.6246380e+02
   7.1688272e+01   8.7784208e+01   1.6130859e+02   2.0795085e+02   9.7330021e+01   1.6225324e+02
   7.1148392e+01   8.7665934e+01   1.6241830e+02   2.0892740e+02   9.8015698e+01   1.6292734e+02
   7.2936335e+01   8.8434589e+01   1.6312252e+02   2.0872024e+02   9.7845129e+01   1.6274390e+02
   7.2465508e+01   8.8774271e+01   1.6310293e+02   2.0892116e+02   9.7804895e+01   1.6332207e+02
   7.2513999e+01   8.8562091e+01   1.6291997e+02   2.0667284e+02   9.7297072e+01   1.6287431e+02
   7.1892518e+01   8.7881838e+01   1.6299558e+02   2.0641986e+02   9.7277239e+01   1.6312147e+02
   7.3666942e+01   8.9149410e+01   1.6406085e+02   2.0835319e+02   9.7525928e+01   1.6338683e+02
   7.3347579e+01   8.9347666e+01   1.6380585e+02   2.0854133e+02   9.7928106e+01   1.6347985e+02
   7.2813285e+01   8.9051537e+01   1.6364135e+02   2.0810183e+02   9.7725965e+01   1.6313677e+02
   7.2454337e+01   8.8598763e+01   1.6290427e+02   2.0733261e+02   9.7264691e+01   1.6258442e+02
   7.1007938e+01   8.8301502e+01   1.6335494e+02   2.0850126e+02   9.7867634e+01   1.6336991e+02
   7.2841619e+01   8.9500992e+01   1.6383038e+02   2.0844977e+02   9.7504395e+01   1.6348592e+02
   7.3291721e+01   8.8856277e+01   1.6356007e+02   2.0798348e+02   9.8355703e+01   1.6361634e+02
   7.2598029e+01   8.9564460e+01   1.6347944e+02   2.0818384e+02   9.8055204e+01   1.6386057e+02
   7.2796285e+01   8.9733815e+01   1.6309815e+02   2.0728614e+02   9.7192480e+01   1.6307743e+02
   7.1996948e+01   8.8683522e+01   1.6267298e+02   2.0613749e+02   9.6695182e+01   1.6204762e+02
   7.2825671e+01   8.9963480e+01   1.6376019e+02   2.0801910e+02   9.7318444e+01   1.6382228e+02
   7.3608007e+01   8.9394376e+01   1.6388656e+02   2.0787524e+02   9.7181309e+01   1.6363479e+02
   7.2990007e+01   8.9017941e+01   1.6320372e+02   2.0742085e+02   9.7143908e+01   1.6325318e+02
   7.1951776e+01   8.8154814e+01   1.6269185e+02   2.0667591e+02   9.7060202e+01   1.6233443e+02
