   9.5517866e+01   1.1701237e+02   1.4609433e+02   1.9664620e+02   9.7631909e+01   1.1575030e+02
   9.5725474e+01   1.1701377e+02   1.4798888e+02   1.9837448e+02   9.7621842e+01   1.1578892e+02
   9.6124354e+01   1.1777828e+02   1.4999953e+02   1.9976676e+02   9.8146887e+01   1.1595518e+02
   9.6418356e+01   1.1823706e+02   1.5131846e+02   2.0088377e+02   9.8162235e+01   1.1670294e+02
   9.6640570e+01   1.1832478e+02   1.5065388e+02   2.0059324e+02   9.8276271e+01   1.1630134e+02
   9.6724570e+01   1.1770467e+02   1.5103295e+02   2.0031425e+02   9.8006281e+01   1.1601757e+02
   9.6521830e+01   1.1812534e+02   1.5095233e+02   2.0049678e+02   9.7929789e+01   1.1619555e+02
   9.6547657e+01   1.1867035e+02   1.5143959e+02   2.0167179e+02   9.8271898e+01   1.1628302e+02
   9.6735297e+01   1.1859435e+02   1.5142465e+02   2.0194698e+02   9.8460528e+01   1.1696245e+02
   9.6388320e+01   1.1888984e+02   1.5138579e+02   2.0130435e+02   9.8654192e+01   1.1679775e+02
   9.7174856e+01   1.1886649e+02   1.5161988e+02   2.0048275e+02   9.8428925e+01   1.1646076e+02
   9.6985236e+01   1.1861820e+02   1.5113073e+02   2.0085976e+02   9.8525798e+01   1.1658907e+02
   9.7012466e+01   1.1886319e+02   1.5178978e+02   2.0139982e+02   9.8618792e+01   1.1669031e+02
   9.6964277e+01   1.1909506e+02   1.5150824e+02   2.0136740e+02   9.8866421e+01   1.1663272e+02
   9.6940265e+01   1.1857125e+02   1.5184193e+02   2.0144446e+02   9.8682412e+01   1.1691310e+02
   9.7109422e+01   1.1892475e+02   1.5126135e+02   2.0156502e+02   9.8548654e+01   1.1681268e+02
   9.6939688e+01   1.1903870e+02   1.5180084e+02   2.0253136e+02   9.8652541e+01   1.1723945e+02
   9.7364394e+01   1.1916990e+02   1.5133859e+02   2.0269985e+02   9.8465066e+01   1.1683818e+02
   9.7303745e+01   1.1841125e+02   1.5096496e+02   2.0156081e+02   9.8404005e+01   1.1633855e+02
   9.6946041e+01   1.1889463e+02   1.5124114e+02   2.0088055e+02   9.8157367e+01   1.1658519e+02
   9.6956356e+01   1.1872943e+02   1.5045567e+02   1.9968309e+02   9.7963208e+01   1.1594834e+02
   9.6472073e+01   1.1813367e+02   1.5066997e+02   1.9929568e+02   9.8264059e+01   1.1612409e+02
   9.7301022e+01   1.1886550e+02   1.5124246e+02   2.0020995e+02   9.8518289e+01   1.1663503e+02
   9.7034085e+01   1.1887821e+02   1.5137622e+02   2.0086628e+02   9.8098121e+01   1.1626016e+02
   9.7298629e+01   1.1863503e+02   1.5076445e+02   2.0128150e+02   9.8474061e+01   1.1629960e+02
   9.6866166e+01   1.1833311e+02   1.5147408e+02   2.0166874e+02   9.8275281e+01   1.1650606e+02
   9.7058840e+01   1.1914762e+02   1.5146418e+02   2.0106654e+02   9.8648333e+01   1.1685757e+02
   9.7093909e+01   1.1881409e+02   1.5147622e+02   2.0031640e+02   9.7998772e+01   1.1680781e+02
   9.6907919e+01   1.1831058e+02   1.5055478e+02   1.9871510e+02   9.8148950e+01   1.1604034e+02
   9.6931024e+01   1.1809604e+02   1.5120689e+02   2.0021449e+02   9.8487180e+01   1.1637362e+02
   9.7311007e+01   1.1891839e+02   1.5137077e+02   2.0121235e+02   9.8546839e+01   1.1652314e+02
   9.7091681e+01   1.1866103e+02   1.5105383e+02   2.0104930e+02   9.8153488e+01   1.1663148e+02
   9.6951405e+01   1.1864362e+02   1.5078772e+02   2.0050726e+02   9.8320830e+01   1.1644953e+02
   9.7081697e+01   1.1882730e+02   1.5038397e+02   2.0073533e+02   9.8150353e+01   1.1633104e+02
   9.7007845e+01   1.1889768e+02   1.5120797e+02   2.0162732e+02   9.8765340e+01   1.1666127e+02
   9.7808162e+01   1.1942553e+02   1.5132398e+02   2.0138184e+02   9.8746361e+01   1.1644904e+02
   9.7104471e+01   1.1900487e+02   1.5182403e+02   2.0099995e+02   9.8233198e+01   1.1680253e+02
   9.7121634e+01   1.1865682e+02   1.5152408e+02   2.0056617e+02   9.8076997e+01   1.1612772e+02
   9.7491303e+01   1.1864023e+02   1.5161163e+02   2.0120377e+02   9.8785061e+01   1.1641710e+02
   9.7110164e+01   1.1914382e+02   1.5204121e+02   2.0178418e+02   9.8908339e+01   1.1717682e+02
   9.7755929e+01   1.1913112e+02   1.5165239e+02   2.0146212e+02   9.8575389e+01   1.1675921e+02
   9.7565071e+01   1.1879569e+02   1.5054289e+02   2.0033826e+02   9.8414402e+01   1.1622171e+02
   9.6650059e+01   1.1771119e+02   1.5103303e+02   1.9954496e+02   9.8528026e+01   1.1615372e+02
   9.6979213e+01   1.1841554e+02   1.5071114e+02   1.9970050e+02   9.8588839e+01   1.1652206e+02
   9.6800979e+01   1.1838757e+02   1.5077905e+02   2.0057236e+02   9.8223461e+01   1.1658931e+02
   9.6852139e+01   1.1846250e+02   1.5084226e+02   2.0071396e+02   9.8510697e+01   1.1656803e+02
   9.7295659e+01   1.1802096e+02   1.5055082e+02   2.0037366e+02   9.8335847e+01   1.1627864e+02
   9.6300606e+01   1.1853841e+02   1.5056905e+02   1.9948885e+02   9.8386759e+01   1.1648279e+02
   9.7362001e+01   1.1871268e+02   1.4996611e+02   1.9916630e+02   9.8140451e+01   1.1648138e+02
   9.7207285e+01   1.1809398e+02   1.5021027e+02   1.9878599e+02   9.8306059e+01   1.1619250e+02
   9.6785549e+01   1.1826999e+02   1.5122257e+02   1.9975703e+02   9.8272806e+01   1.1613936e+02
   9.6803290e+01   1.1824581e+02   1.5034271e+02   2.0027935e+02   9.8111983e+01   1.1668322e+02
   9.7225191e+01   1.1822370e+02   1.5099491e+02   2.0127085e+02   9.8374795e+01   1.1662117e+02
   9.6844135e+01   1.1825546e+02   1.5099665e+02   2.0125715e+02   9.8380983e+01   1.1707203e+02
   9.7404909e+01   1.1900858e+02   1.5128429e+02   2.0104889e+02   9.8490316e+01   1.1693109e+02
   9.7459122e+01   1.1881690e+02   1.5096224e+02   2.0049397e+02   9.8732169e+01   1.1655738e+02
   9.7157858e+01   1.1840556e+02   1.5067079e+02   1.9937019e+02   9.8116026e+01   1.1586731e+02
   9.6906434e+01   1.1814225e+02   1.5044222e+02   1.9940766e+02   9.8249124e+01   1.1637387e+02
   9.6471248e+01   1.1808350e+02   1.5084350e+02   1.9931260e+02   9.8319179e+01   1.1590171e+02
   9.7434450e+01   1.1869519e+02   1.5081561e+02   2.0033265e+02   9.8556988e+01   1.1644013e+02
   9.7361506e+01   1.1886484e+02   1.5140320e+02   2.0154043e+02   9.8631005e+01   1.1674403e+02
   9.7197218e+01   1.1878340e+02   1.5117636e+02   2.0172361e+02   9.8580340e+01   1.1672645e+02
   9.7543783e+01   1.1843956e+02   1.5046731e+02   2.0069085e+02   9.8302676e+01   1.1660186e+02
   9.6793140e+01   1.1831075e+02   1.4993517e+02   1.9999508e+02   9.8315549e+01   1.1650795e+02
   9.6941833e+01   1.1814407e+02   1.5010969e+02   1.9923388e+02   9.7889109e+01   1.1603885e+02
   9.7167678e+01   1.1821643e+02   1.5047078e+02   1.9955676e+02   9.8314806e+01   1.1587011e+02
   9.6856842e+01   1.1818293e+02   1.5098757e+02   2.0041748e+02   9.8438084e+01   1.1626214e+02
   9.6560695e+01   1.1795503e+02   1.5033776e+02   1.9984185e+02   9.8175025e+01   1.1606287e+02
   9.6686201e+01   1.1766961e+02   1.4963366e+02   1.9919064e+02   9.8226184e+01   1.1533228e+02
   9.6257781e+01   1.1769403e+02   1.4995852e+02   1.9873342e+02   9.8240955e+01   1.1624952e+02
   9.6559127e+01   1.1797202e+02   1.5075108e+02   1.9916226e+02   9.8569696e+01   1.1656481e+02
   9.7024183e+01   1.1758107e+02   1.5018866e+02   1.9856872e+02   9.8636286e+01   1.1567917e+02
   9.6369342e+01   1.1708482e+02   1.4998121e+02   1.9832662e+02   9.7908500e+01   1.1559410e+02
   9.6191604e+01   1.1749178e+02   1.5020706e+02   1.9918899e+02   9.7571838e+01   1.1577423e+02
   9.6120310e+01   1.1754880e+02   1.4980875e+02   1.9900259e+02   9.7552529e+01   1.1515256e+02
   9.6755761e+01   1.1774123e+02   1.5070000e+02   1.9994260e+02   9.7802056e+01   1.1542725e+02
   9.6908167e+01   1.1800074e+02   1.5113379e+02   2.0160083e+02   9.7588258e+01   1.1599190e+02
   9.6851809e+01   1.1785188e+02   1.5075157e+02   2.0212984e+02   9.8013790e+01   1.1589759e+02
   9.7096467e+01   1.1795272e+02   1.4928635e+02   2.0135692e+02   9.8440064e+01   1.1637238e+02
   9.6899915e+01   1.1804942e+02   1.5020235e+02   2.0059175e+02   9.7936143e+01   1.1558065e+02
   9.6645438e+01   1.1780485e+02   1.4960337e+02   1.9858547e+02   9.7983342e+01   1.1515759e+02
   9.6621674e+01   1.1759105e+02   1.4888186e+02   1.9743166e+02   9.7557480e+01   1.1521791e+02
   9.6248292e+01   1.1743551e+02   1.5002371e+02   1.9773862e+02   9.7166852e+01   1.1534251e+02
   9.6556074e+01   1.1737156e+02   1.4995324e+02   1.9897742e+02   9.7437585e+01   1.1521873e+02
   9.6757906e+01   1.1754847e+02   1.5017917e+02   1.9948448e+02   9.7940021e+01   1.1572464e+02
   9.7076993e+01   1.1794702e+02   1.5015920e+02   2.0057327e+02   9.8124030e+01   1.1630917e+02
   9.6876811e+01   1.1793291e+02   1.5078425e+02   2.0074284e+02   9.8168176e+01   1.1614588e+02
   9.7429746e+01   1.1742371e+02   1.5044148e+02   2.0014790e+02   9.8323883e+01   1.1572002e+02
   9.6011390e+01   1.1758486e+02   1.5051137e+02   1.9942787e+02   9.7832009e+01   1.1608110e+02
   9.6905444e+01   1.1825596e+02   1.5009005e+02   2.0026565e+02   9.8141936e+01   1.1639945e+02
   9.7698416e+01   1.1828286e+02   1.5093517e+02   2.0099863e+02   9.8237902e+01   1.1656984e+02
   9.6813852e+01   1.1856911e+02   1.5193658e+02   2.0194905e+02   9.8564085e+01   1.1699686e+02
   9.7909986e+01   1.1875765e+02   1.5127546e+02   2.0218223e+02   9.8603197e+01   1.1666894e+02
   9.7807337e+01   1.1872176e+02   1.5126771e+02   2.0238539e+02   9.8691406e+01   1.1676235e+02
   9.7468033e+01   1.1862975e+02   1.5110878e+02   2.0099740e+02   9.8285100e+01   1.1665194e+02
   9.7570105e+01   1.1812063e+02   1.5079985e+02   2.0024428e+02   9.8547004e+01   1.1624556e+02
   9.7433542e+01   1.1834425e+02   1.5055280e+02   2.0078748e+02   9.8711622e+01   1.1651109e+02
   9.7138962e+01   1.1788357e+02   1.5163853e+02   2.0139380e+02   9.8673913e+01   1.1611617e+02
   9.7215454e+01   1.1806411e+02   1.5121770e+02   2.0144562e+02   9.8923439e+01   1.1612715e+02
   9.7340382e+01   1.1868463e+02   1.5111415e+02   2.0166800e+02   9.8705764e+01   1.1634177e+02
   9.7806924e+01   1.1844616e+02   1.5129477e+02   2.0153003e+02   9.8701885e+01   1.1655515e+02
   9.7368025e+01   1.1821487e+02   1.5115252e+02   2.0190424e+02   9.8456567e+01   1.1619720e+02
   9.7717312e+01   1.1848106e+02   1.5124568e+02   2.0186364e+02   9.8773921e+01   1.1610297e+02
   9.7688184e+01   1.1864320e+02   1.5094598e+02   2.0151667e+02   9.8375950e+01   1.1604166e+02
   9.7543865e+01   1.1791088e+02   1.5129065e+02   2.0048605e+02   9.8272145e+01   1.1555465e+02
   9.7506156e+01   1.1762760e+02   1.5090406e+02   2.0014056e+02   9.8491471e+01   1.1551274e+02
   9.6527193e+01   1.1750202e+02   1.5094153e+02   2.0032333e+02   9.8547747e+01   1.1610874e+02
   9.7308944e+01   1.1841389e+02   1.5125517e+02   2.0106044e+02   9.8873517e+01   1.1693786e+02
   9.8321902e+01   1.1878480e+02   1.5163259e+02   2.0211804e+02   9.8804534e+01   1.1641966e+02
   9.7882673e+01   1.1875551e+02   1.5151608e+02   2.0197603e+02   9.8980622e+01   1.1635514e+02
   9.7712114e+01   1.1790469e+02   1.5072113e+02   2.0043918e+02   9.8698832e+01   1.1604785e+02
   9.7011806e+01   1.1738064e+02   1.4937786e+02   1.9909492e+02   9.8554348e+01   1.1563148e+02
   9.7422650e+01   1.1834268e+02   1.5025161e+02   1.9986438e+02   9.8235921e+01   1.1591442e+02
   9.6824249e+01   1.1771392e+02   1.5088434e+02   1.9991447e+02   9.8236994e+01   1.1614843e+02
   9.7432964e+01   1.1782028e+02   1.5046409e+02   2.0005202e+02   9.8075676e+01   1.1556175e+02
   9.7122047e+01   1.1790090e+02   1.5061774e+02   2.0069036e+02   9.7760715e+01   1.1593109e+02
   9.7074600e+01   1.1776664e+02   1.5092007e+02   2.0046765e+02   9.8218841e+01   1.1629647e+02
   9.7493778e+01   1.1797310e+02   1.5084317e+02   2.0066527e+02   9.8422323e+01   1.1599966e+02
   9.7281961e+01   1.1835267e+02   1.5160033e+02   2.0145065e+02   9.8033759e+01   1.1558898e+02
   9.7550384e+01   1.1853981e+02   1.5096356e+02   2.0060768e+02   9.8391710e+01   1.1588505e+02
   9.7703285e+01   1.1827312e+02   1.5095465e+02   2.0052021e+02   9.8484953e+01   1.1608977e+02
   9.8426202e+01   1.1927016e+02   1.5165850e+02   2.0223942e+02   9.8893651e+01   1.1669584e+02
   9.7625638e+01   1.1875122e+02   1.5148060e+02   2.0183724e+02   9.8532564e+01   1.1624943e+02
   9.7653280e+01   1.1846382e+02   1.5047061e+02   2.0021862e+02   9.8188970e+01   1.1563478e+02
   9.6970713e+01   1.1840622e+02   1.5027711e+02   1.9956980e+02   9.7982022e+01   1.1559533e+02
   9.7299455e+01   1.1830308e+02   1.5072781e+02   2.0069027e+02   9.8304161e+01   1.1617913e+02
   9.7566722e+01   1.1846192e+02   1.5044396e+02   2.0066346e+02   9.8280397e+01   1.1616056e+02
   9.7104141e+01   1.1861366e+02   1.5029543e+02   1.9918660e+02   9.8051747e+01   1.1587539e+02
   9.7548486e+01   1.1827056e+02   1.5059537e+02   1.9944372e+02   9.8323305e+01   1.1557726e+02
   9.7566062e+01   1.1810529e+02   1.5015012e+02   2.0020145e+02   9.8381643e+01   1.1562091e+02
   9.6842732e+01   1.1812831e+02   1.5047036e+02   2.0060883e+02   9.8569201e+01   1.1588034e+02
   9.7716652e+01   1.1870129e+02   1.5015631e+02   2.0059802e+02   9.8401364e+01   1.1598390e+02
   9.7393522e+01   1.1812971e+02   1.4917900e+02   1.9955239e+02   9.7879455e+01   1.1532534e+02
   9.7107936e+01   1.1747124e+02   1.4835294e+02   1.9809682e+02   9.7456646e+01   1.1513028e+02
   9.6769954e+01   1.1767546e+02   1.4921580e+02   1.9827967e+02   9.7889027e+01   1.1546075e+02
   9.6847188e+01   1.1780642e+02   1.4893549e+02   1.9755329e+02   9.7737198e+01   1.1587094e+02
   9.6738763e+01   1.1717847e+02   1.4968292e+02   1.9784482e+02   9.7815918e+01   1.1570822e+02
   9.7117591e+01   1.1804604e+02   1.5004112e+02   1.9927918e+02   9.7457636e+01   1.1578231e+02
   9.6445338e+01   1.1778397e+02   1.5029411e+02   2.0050239e+02   9.8173457e+01   1.1602507e+02
   9.6863443e+01   1.1754459e+02   1.4979217e+02   1.9985662e+02   9.7987880e+01   1.1572125e+02
   9.6436839e+01   1.1727056e+02   1.4942506e+02   1.9819955e+02   9.7512262e+01   1.1524662e+02
   9.5751962e+01   1.1695510e+02   1.4955428e+02   1.9724171e+02   9.7427601e+01   1.1539342e+02
   9.6256461e+01   1.1711981e+02   1.5002957e+02   1.9880067e+02   9.7747183e+01   1.1548856e+02
   9.6634793e+01   1.1733525e+02   1.5044503e+02   2.0046443e+02   9.8311010e+01   1.1564385e+02
   9.7132113e+01   1.1837709e+02   1.5122901e+02   2.0194418e+02   9.8305482e+01   1.1646818e+02
   9.7265211e+01   1.1839706e+02   1.5057029e+02   2.0110549e+02   9.8376527e+01   1.1598357e+02
   9.6333282e+01   1.1814093e+02   1.5036961e+02   1.9963152e+02   9.7872029e+01   1.1596558e+02
   9.6325443e+01   1.1798184e+02   1.4999252e+02   1.9916399e+02   9.8186412e+01   1.1573380e+02
   9.6577610e+01   1.1745837e+02   1.4994284e+02   1.9966048e+02   9.8276024e+01   1.1570888e+02
   9.6753120e+01   1.1834227e+02   1.4975751e+02   1.9934387e+02   9.8085991e+01   1.1560375e+02
   9.6611359e+01   1.1811750e+02   1.5019047e+02   1.9892007e+02   9.7732000e+01   1.1573107e+02
   9.6383039e+01   1.1819696e+02   1.4964108e+02   1.9853019e+02   9.7358288e+01   1.1557512e+02
   9.6573072e+01   1.1795445e+02   1.4989193e+02   1.9936953e+02   9.7790586e+01   1.1596690e+02
   9.6884732e+01   1.1888902e+02   1.5038900e+02   1.9988930e+02   9.7979794e+01   1.1641628e+02
   9.6925660e+01   1.1855285e+02   1.5048695e+02   1.9927398e+02   9.8142761e+01   1.1630868e+02
   9.6722095e+01   1.1883753e+02   1.5071956e+02   1.9935287e+02   9.8658647e+01   1.1635893e+02
   9.7346901e+01   1.1843172e+02   1.4932959e+02   1.9779473e+02   9.8828959e+01   1.1649129e+02
   9.6760629e+01   1.1898011e+02   1.5052903e+02   1.9935377e+02   9.7778456e+01   1.1650276e+02
   9.6389970e+01   1.1770443e+02   1.4976453e+02   1.9842333e+02   9.7792649e+01   1.1504900e+02
   9.6037217e+01   1.1820934e+02   1.4915061e+02   1.9734948e+02   9.7151587e+01   1.1503976e+02
   9.5604672e+01   1.1772258e+02   1.4943554e+02   1.9695398e+02   9.7491715e+01   1.1536536e+02
   9.5629014e+01   1.1828410e+02   1.4933182e+02   1.9815903e+02   9.7512922e+01   1.1543245e+02
   9.6253077e+01   1.1836983e+02   1.5001983e+02   1.9949793e+02   9.8145649e+01   1.1625950e+02
   9.6894139e+01   1.1891517e+02   1.5049586e+02   2.0133827e+02   9.8371741e+01   1.1619646e+02
   9.6600467e+01   1.1938180e+02   1.5111695e+02   2.0298577e+02   9.8721359e+01   1.1692672e+02
   9.6040683e+01   1.1879239e+02   1.5042118e+02   2.0078896e+02   9.8283945e+01   1.1692994e+02
   9.6586274e+01   1.1870633e+02   1.4972640e+02   2.0026631e+02   9.8207288e+01   1.1618416e+02
   9.6106860e+01   1.1889702e+02   1.4919608e+02   1.9956113e+02   9.7787038e+01   1.1592490e+02
   9.6294748e+01   1.1867390e+02   1.4879580e+02   1.9961254e+02   9.7202086e+01   1.1516774e+02
   9.5715242e+01   1.1864007e+02   1.4879019e+02   1.9942853e+02   9.7309026e+01   1.1534267e+02
   9.5863357e+01   1.1869519e+02   1.4878004e+02   1.9883830e+02   9.7415966e+01   1.1500296e+02
   9.6178236e+01   1.1861424e+02   1.4951021e+02   1.9956105e+02   9.7772515e+01   1.1591104e+02
   9.6727376e+01   1.1901947e+02   1.5043843e+02   2.0063515e+02   9.8193261e+01   1.1661753e+02
   9.5968730e+01   1.1857562e+02   1.4986619e+02   2.0042226e+02   9.7968902e+01   1.1622509e+02
   9.6180216e+01   1.1869362e+02   1.4940030e+02   1.9992032e+02   9.7704027e+01   1.1588670e+02
   9.6340709e+01   1.1918946e+02   1.4974712e+02   1.9925154e+02   9.7859981e+01   1.1565829e+02
   9.6215946e+01   1.1932445e+02   1.4974877e+02   1.9949974e+02   9.7754939e+01   1.1580063e+02
   9.6759557e+01   1.1920093e+02   1.4922545e+02   2.0082783e+02   9.8338240e+01   1.1636694e+02
   9.6198865e+01   1.1907963e+02   1.4990439e+02   2.0053977e+02   9.7888202e+01   1.1715974e+02
   9.6340296e+01   1.1933188e+02   1.4923948e+02   1.9952359e+02   9.7752134e+01   1.1668635e+02
   9.6588502e+01   1.1880551e+02   1.4931820e+02   1.9933669e+02   9.7820869e+01   1.1581961e+02
   9.6968981e+01   1.1974214e+02   1.5024559e+02   1.9969192e+02   9.8116356e+01   1.1614365e+02
   9.6889353e+01   1.1978654e+02   1.5046318e+02   2.0012158e+02   9.8538340e+01   1.1698663e+02
   9.7138632e+01   1.1971087e+02   1.5001612e+02   2.0036945e+02   9.8838613e+01   1.1719044e+02
   9.7124357e+01   1.1917180e+02   1.4957293e+02   1.9941277e+02   9.8675315e+01   1.1676111e+02
   9.6456148e+01   1.1881913e+02   1.4949792e+02   1.9906010e+02   9.7697509e+01   1.1675583e+02
   9.6419428e+01   1.1871606e+02   1.4946656e+02   1.9903056e+02   9.8020556e+01   1.1658049e+02
   9.6174853e+01   1.1891889e+02   1.4922842e+02   1.9912075e+02   9.8486438e+01   1.1666110e+02
   9.6593618e+01   1.1949790e+02   1.4965668e+02   1.9851971e+02   9.8024847e+01   1.1628681e+02
   9.6732739e+01   1.1935688e+02   1.4938570e+02   1.9820417e+02   9.8250939e+01   1.1683315e+02
   9.6961554e+01   1.1919135e+02   1.4897972e+02   1.9896958e+02   9.8414484e+01   1.1679271e+02
   9.6633473e+01   1.1905099e+02   1.4912858e+02   1.9884259e+02   9.8146640e+01   1.1667265e+02
   9.5938199e+01   1.1864560e+02   1.4855510e+02   1.9744998e+02   9.7636942e+01   1.1560606e+02
   9.6039693e+01   1.1841703e+02   1.4864182e+02   1.9762846e+02   9.7344590e+01   1.1527996e+02
   9.5975166e+01   1.1805050e+02   1.4938570e+02   1.9885843e+02   9.7885231e+01   1.1560103e+02
   9.6079713e+01   1.1853214e+02   1.4963209e+02   1.9932035e+02   9.7883168e+01   1.1643196e+02
   9.6296728e+01   1.1796336e+02   1.4899458e+02   1.9879531e+02   9.8709229e+01   1.1595758e+02
   9.6156865e+01   1.1840201e+02   1.4913130e+02   1.9912999e+02   9.8455742e+01   1.1637651e+02
   9.5567127e+01   1.1814613e+02   1.4964125e+02   1.9936780e+02   9.8189795e+01   1.1649764e+02
   9.6345082e+01   1.1843320e+02   1.4957317e+02   1.9935361e+02   9.8041268e+01   1.1603555e+02
   9.5854858e+01   1.1837156e+02   1.4886428e+02   1.9874960e+02   9.7991428e+01   1.1589792e+02
   9.5523559e+01   1.1754228e+02   1.4960519e+02   1.9881346e+02   9.8308370e+01   1.1600057e+02
   9.6382049e+01   1.1866169e+02   1.4993269e+02   1.9916622e+02   9.8646518e+01   1.1595337e+02
   9.6276594e+01   1.1905817e+02   1.4977954e+02   1.9880810e+02   9.8124030e+01   1.1595766e+02
   9.6589575e+01   1.1857488e+02   1.4989960e+02   1.9951410e+02   9.8153323e+01   1.1649698e+02
   9.6556486e+01   1.1939244e+02   1.5005473e+02   2.0020244e+02   9.8539330e+01   1.1635736e+02
   9.6170067e+01   1.1919300e+02   1.5050032e+02   2.0018479e+02   9.8488088e+01   1.1667315e+02
   9.6646511e+01   1.1879553e+02   1.4981016e+02   2.0019139e+02   9.8455330e+01   1.1614480e+02
   9.6392198e+01   1.1878794e+02   1.4949503e+02   1.9977716e+02   9.8651056e+01   1.1600791e+02
   9.6076577e+01   1.1925869e+02   1.5006381e+02   1.9979927e+02   9.8769300e+01   1.1666820e+02
   9.6826642e+01   1.1929351e+02   1.5064274e+02   2.0069036e+02   9.8998611e+01   1.1715669e+02
   9.6695360e+01   1.1969263e+02   1.5094945e+02   1.9997289e+02   9.8253580e+01   1.1690139e+02
   9.6878214e+01   1.1910092e+02   1.5003130e+02   1.9833430e+02   9.8159347e+01   1.1625249e+02
   9.6079548e+01   1.1937998e+02   1.4938009e+02   1.9817545e+02   9.8107362e+01   1.1632097e+02
   9.6954293e+01   1.1981476e+02   1.4994160e+02   1.9930583e+02   9.8198047e+01   1.1744145e+02
   9.7170648e+01   1.1938031e+02   1.4986148e+02   2.0006142e+02   9.8729776e+01   1.1717641e+02
   9.6788932e+01   1.1938650e+02   1.4981395e+02   1.9891388e+02   9.8653366e+01   1.1719935e+02
   9.6305392e+01   1.1914630e+02   1.5051880e+02   1.9888154e+02   9.8777717e+01   1.1695684e+02
   9.7022368e+01   1.1932643e+02   1.5020549e+02   1.9952384e+02   9.8805772e+01   1.1658890e+02
   9.6462831e+01   1.1941852e+02   1.5058613e+02   2.0026656e+02   9.8770373e+01   1.1661712e+02
   9.6525213e+01   1.1905397e+02   1.4997263e+02   2.0018965e+02   9.8704856e+01   1.1674552e+02
   9.7107029e+01   1.1854575e+02   1.5040839e+02   2.0037011e+02   9.8808413e+01   1.1640506e+02
   9.6127159e+01   1.1904398e+02   1.5080513e+02   2.0087841e+02   9.8695367e+01   1.1712599e+02
   9.7141603e+01   1.1982961e+02   1.5089622e+02   2.0061510e+02   9.8715830e+01   1.1726148e+02
   9.7681913e+01   1.1948618e+02   1.4995860e+02   1.9946682e+02   9.8289226e+01   1.1696591e+02
   9.6856347e+01   1.1913186e+02   1.5034189e+02   2.0010252e+02   9.8524972e+01   1.1683174e+02
   9.6789840e+01   1.1876879e+02   1.5053588e+02   1.9963466e+02   9.8319674e+01   1.1641413e+02
   9.6847601e+01   1.1805949e+02   1.4955807e+02   1.9945882e+02   9.8556081e+01   1.1634004e+02
   9.6783156e+01   1.1935209e+02   1.5036070e+02   2.0032820e+02   9.8719049e+01   1.1706130e+02
   9.7247717e+01   1.1931810e+02   1.5115615e+02   2.0165801e+02   9.9125107e+01   1.1744888e+02
   9.7992666e+01   1.1960154e+02   1.5104351e+02   2.0196580e+02   9.8903883e+01   1.1764039e+02
   9.7568537e+01   1.1956919e+02   1.4989804e+02   2.0007760e+02   9.8616647e+01   1.1764716e+02
   9.6822268e+01   1.1873017e+02   1.4979374e+02   1.9931045e+02   9.8389565e+01   1.1720843e+02
   9.7221973e+01   1.1844145e+02   1.5029997e+02   1.9963746e+02   9.8879623e+01   1.1681186e+02
   9.7079799e+01   1.1959098e+02   1.5098188e+02   1.9996587e+02   9.8930205e+01   1.1773306e+02
   9.7081119e+01   1.1957794e+02   1.5134156e+02   2.0052986e+02   9.8666074e+01   1.1743625e+02
   9.7658479e+01   1.1902088e+02   1.5003806e+02   1.9906192e+02   9.8058926e+01   1.1643955e+02
   9.6675886e+01   1.1832601e+02   1.4913749e+02   1.9813494e+02   9.7569940e+01   1.1574906e+02
   9.6611277e+01   1.1861622e+02   1.4932645e+02   1.9764884e+02   9.7727874e+01   1.1573858e+02
   9.6461016e+01   1.1832998e+02   1.4889787e+02   1.9777674e+02   9.7963125e+01   1.1614134e+02
   9.6420584e+01   1.1851588e+02   1.4967071e+02   1.9867517e+02   9.8055048e+01   1.1625405e+02
   9.6607151e+01   1.1895618e+02   1.4999054e+02   1.9995556e+02   9.8374464e+01   1.1692424e+02
   9.6861711e+01   1.1865822e+02   1.4998253e+02   1.9930261e+02   9.8242853e+01   1.1634020e+02
   9.6315954e+01   1.1837239e+02   1.4950304e+02   1.9851113e+02   9.7960650e+01   1.1629102e+02
   9.6263969e+01   1.1864527e+02   1.4944123e+02   1.9798938e+02   9.7999102e+01   1.1634334e+02
   9.7087143e+01   1.1903416e+02   1.4963721e+02   1.9856930e+02   9.7910563e+01   1.1648617e+02
   9.6689089e+01   1.1880097e+02   1.5020425e+02   1.9923239e+02   9.8246153e+01   1.1690370e+02
   9.7445672e+01   1.1913755e+02   1.4977319e+02   1.9849215e+02   9.9038218e+01   1.1693703e+02
   9.6685623e+01   1.1881104e+02   1.4989680e+02   1.9793195e+02   9.7856681e+01   1.1662356e+02
   9.6212727e+01   1.1860599e+02   1.4955056e+02   1.9704359e+02   9.7449963e+01   1.1574312e+02
   9.6401358e+01   1.1801633e+02   1.4909987e+02   1.9648843e+02   9.7547248e+01   1.1570665e+02
   9.6426030e+01   1.1793299e+02   1.4945460e+02   1.9681486e+02   9.7900001e+01   1.1555548e+02
   9.6330064e+01   1.1870542e+02   1.4963333e+02   1.9769794e+02   9.7796610e+01   1.1632626e+02
   9.6902886e+01   1.1879231e+02   1.4937448e+02   1.9778846e+02   9.8053975e+01   1.1598514e+02
   9.6609956e+01   1.1862414e+02   1.4928115e+02   1.9846624e+02   9.8185999e+01   1.1620446e+02
   9.6642385e+01   1.1845532e+02   1.4979976e+02   1.9902190e+02   9.8332382e+01   1.1668932e+02
   9.6826064e+01   1.1882515e+02   1.5008353e+02   1.9950271e+02   9.8508717e+01   1.1710553e+02
   9.6935974e+01   1.1935506e+02   1.5095811e+02   2.0050354e+02   9.8614419e+01   1.1765649e+02
   9.7213721e+01   1.1878620e+02   1.5023899e+02   1.9990621e+02   9.8720121e+01   1.1765203e+02
   9.6748170e+01   1.1824457e+02   1.4996809e+02   1.9942375e+02   9.8731426e+01   1.1693769e+02
   9.6596094e+01   1.1820983e+02   1.5015169e+02   1.9883896e+02   9.8459290e+01   1.1656704e+02
   9.6555166e+01   1.1856539e+02   1.4984325e+02   1.9920054e+02   9.8686538e+01   1.1721371e+02
   9.7331801e+01   1.1901254e+02   1.5031474e+02   1.9998427e+02   9.8482230e+01   1.1742470e+02
   9.6947362e+01   1.1912410e+02   1.5087692e+02   2.0041872e+02   9.8845875e+01   1.1765360e+02
   9.7223623e+01   1.1865030e+02   1.5032745e+02   2.0052830e+02   9.8886802e+01   1.1781871e+02
   9.7323549e+01   1.1919449e+02   1.5070561e+02   2.0050140e+02   9.8963707e+01   1.1754757e+02
   9.6959821e+01   1.1910669e+02   1.5029989e+02   2.0007727e+02   9.8745453e+01   1.1756588e+02
   9.7481236e+01   1.1988894e+02   1.5089845e+02   2.0162088e+02   9.8669374e+01   1.1761539e+02
   9.7637190e+01   1.1988390e+02   1.5127579e+02   2.0206853e+02   9.9582077e+01   1.1793415e+02
   9.7883746e+01   1.1907344e+02   1.5122637e+02   2.0131054e+02   9.9409785e+01   1.1787713e+02
   9.7547743e+01   1.1951118e+02   1.5047474e+02   1.9965075e+02   9.8766082e+01   1.1737313e+02
   9.6956686e+01   1.1959131e+02   1.5065709e+02   1.9930121e+02   9.8363903e+01   1.1712104e+02
   9.7145894e+01   1.1957670e+02   1.5039742e+02   1.9976825e+02   9.8848020e+01   1.1732296e+02
   9.7585040e+01   1.1974148e+02   1.5044850e+02   2.0008214e+02   9.8798263e+01   1.1710636e+02
   9.7171473e+01   1.1932313e+02   1.4924344e+02   1.9866947e+02   9.8631912e+01   1.1705932e+02
   9.6700393e+01   1.1884438e+02   1.4989845e+02   1.9847878e+02   9.8778790e+01   1.1745358e+02
   9.7681996e+01   1.1936290e+02   1.5026440e+02   1.9887180e+02   9.8968905e+01   1.1771788e+02
   9.7457636e+01   1.1954543e+02   1.5030376e+02   1.9796091e+02   9.8632903e+01   1.1752809e+02
   9.7548981e+01   1.1883431e+02   1.4989787e+02   1.9755065e+02   9.8805030e+01   1.1739013e+02
   9.7345828e+01   1.1998655e+02   1.5110672e+02   1.9939899e+02   9.8189713e+01   1.1753758e+02
   9.7516800e+01   1.1944071e+02   1.5003938e+02   1.9940510e+02   9.8186247e+01   1.1648807e+02
   9.6558879e+01   1.1904604e+02   1.4860362e+02   1.9817240e+02   9.8496092e+01   1.1639309e+02
   9.6325773e+01   1.1899018e+02   1.4907321e+02   1.9723503e+02   9.8116439e+01   1.1657603e+02
   9.6596589e+01   1.1894075e+02   1.4990389e+02   1.9747069e+02   9.8117842e+01   1.1669196e+02
   9.7215784e+01   1.1907798e+02   1.5038347e+02   1.9946888e+02   9.8514245e+01   1.1725175e+02
   9.7302508e+01   1.1922419e+02   1.5044181e+02   2.0064019e+02   9.8784401e+01   1.1770434e+02
   9.7689257e+01   1.1966466e+02   1.5039651e+02   1.9980992e+02   9.8505416e+01   1.1745977e+02
   9.7430819e+01   1.1897434e+02   1.4967384e+02   1.9918305e+02   9.8676141e+01   1.1703135e+02
   9.7029959e+01   1.1858841e+02   1.4903484e+02   1.9816555e+02   9.8128239e+01   1.1624143e+02
   9.6591225e+01   1.1833402e+02   1.4956212e+02   1.9806554e+02   9.7901487e+01   1.1659113e+02
   9.7095807e+01   1.1924425e+02   1.4897972e+02   1.9804789e+02   9.8041020e+01   1.1683075e+02
   9.6910065e+01   1.1910463e+02   1.4912239e+02   1.9790951e+02   9.7886139e+01   1.1676581e+02
   9.6818473e+01   1.1854394e+02   1.4894424e+02   1.9667087e+02   9.7853050e+01   1.1642651e+02
   9.6486431e+01   1.1794339e+02   1.4824451e+02   1.9535640e+02   9.7609382e+01   1.1582943e+02
   9.6053638e+01   1.1772225e+02   1.4804672e+02   1.9474100e+02   9.7649485e+01   1.1564427e+02
   9.5800151e+01   1.1779313e+02   1.4909937e+02   1.9616439e+02   9.7597087e+01   1.1649838e+02
   9.6799989e+01   1.1837066e+02   1.4975925e+02   1.9780694e+02   9.8020556e+01   1.1685600e+02
   9.6891416e+01   1.1821396e+02   1.4933982e+02   1.9802668e+02   9.8549645e+01   1.1674502e+02
   9.6330972e+01   1.1835646e+02   1.4968630e+02   1.9854694e+02   9.8429832e+01   1.1706147e+02
   9.7227254e+01   1.1872003e+02   1.4929006e+02   1.9760709e+02   9.8336177e+01   1.1701749e+02
   9.6570597e+01   1.1834178e+02   1.4924905e+02   1.9680232e+02   9.8174035e+01   1.1647949e+02
   9.6461511e+01   1.1852587e+02   1.4939205e+02   1.9807215e+02   9.8585786e+01   1.1680517e+02
   9.6683890e+01   1.1888580e+02   1.5025937e+02   1.9867541e+02   9.8509295e+01   1.1752859e+02
   9.7482474e+01   1.1897516e+02   1.4973523e+02   1.9888014e+02   9.9170985e+01   1.1746687e+02
   9.6813027e+01   1.1888126e+02   1.5007891e+02   1.9831433e+02   9.8571016e+01   1.1713977e+02
   9.6482058e+01   1.1885758e+02   1.4940030e+02   1.9781965e+02   9.8230393e+01   1.1707599e+02
   9.6913530e+01   1.1863916e+02   1.4902593e+02   1.9728924e+02   9.8449553e+01   1.1625934e+02
   9.6574722e+01   1.1934302e+02   1.5058432e+02   1.9877130e+02   9.8618792e+01   1.1752042e+02
   9.7565649e+01   1.1937058e+02   1.5039890e+02   1.9988583e+02   9.8859407e+01   1.1776640e+02
   9.7061893e+01   1.1972836e+02   1.5041392e+02   2.0058300e+02   9.8660133e+01   1.1689223e+02
   9.6876398e+01   1.1942867e+02   1.5019757e+02   2.0081743e+02   9.8770538e+01   1.1752430e+02
   9.7539327e+01   1.1969321e+02   1.5051467e+02   2.0174466e+02   9.9138144e+01   1.1812063e+02
   9.8170239e+01   1.2023748e+02   1.5092230e+02   2.0162864e+02   9.9281143e+01   1.1790189e+02
   9.7164955e+01   1.1975163e+02   1.5080455e+02   2.0109608e+02   9.8717976e+01   1.1763949e+02
   9.7187234e+01   1.1924977e+02   1.4953761e+02   1.9975472e+02   9.8531409e+01   1.1692589e+02
   9.6912293e+01   1.1875930e+02   1.4876840e+02   1.9806233e+02   9.8477279e+01   1.1670021e+02
   9.6695112e+01   1.1929565e+02   1.4978854e+02   1.9867409e+02   9.8786711e+01   1.1727485e+02
   9.7086978e+01   1.1905017e+02   1.4984217e+02   1.9923215e+02   9.8724495e+01   1.1733773e+02
   9.6809478e+01   1.1885898e+02   1.4840278e+02   1.9727109e+02   9.8642969e+01   1.1722798e+02
   9.6173533e+01   1.1823335e+02   1.4838957e+02   1.9676081e+02   9.8370339e+01   1.1782308e+02
   9.6809148e+01   1.1864081e+02   1.4916390e+02   1.9713139e+02   9.8643299e+01   1.1767043e+02
   9.6984163e+01   1.1927857e+02   1.4935467e+02   1.9790489e+02   9.8042588e+01   1.1729185e+02
   9.7127988e+01   1.1926512e+02   1.5004285e+02   1.9915945e+02   9.8095068e+01   1.1735448e+02
   9.7198208e+01   1.1914622e+02   1.4950749e+02   1.9899731e+02   9.8130714e+01   1.1712080e+02
   9.7161571e+01   1.1972985e+02   1.5012339e+02   1.9940469e+02   9.8151591e+01   1.1741356e+02
   9.7604926e+01   1.1946720e+02   1.4998773e+02   1.9856237e+02   9.8675645e+01   1.1705025e+02
   9.7663842e+01   1.2028443e+02   1.5051352e+02   1.9951097e+02   9.8975589e+01   1.1792177e+02
   9.7309356e+01   1.1942207e+02   1.5041648e+02   1.9903328e+02   9.8681257e+01   1.1760623e+02
   9.7821612e+01   1.1950095e+02   1.5004755e+02   1.9869596e+02   9.8412917e+01   1.1726058e+02
   9.7214464e+01   1.1925126e+02   1.4943314e+02   1.9782683e+02   9.8277096e+01   1.1678554e+02
   9.6718877e+01   1.1881715e+02   1.4973391e+02   1.9792469e+02   9.8201925e+01   1.1709060e+02
   9.7433872e+01   1.1929829e+02   1.4978615e+02   1.9927959e+02   9.8506241e+01   1.1764056e+02
   9.7371655e+01   1.1939822e+02   1.4923948e+02   1.9890902e+02   9.8238067e+01   1.1756341e+02
   9.6378418e+01   1.1880205e+02   1.4924616e+02   1.9863193e+02   9.8681504e+01   1.1775930e+02
   9.7652620e+01   1.1913887e+02   1.4921638e+02   1.9831045e+02   9.8233776e+01   1.1727147e+02
   9.6609461e+01   1.1851902e+02   1.4763868e+02   1.9646549e+02   9.7917329e+01   1.1681458e+02
   9.6610616e+01   1.1917130e+02   1.4911414e+02   1.9667821e+02   9.8206546e+01   1.1743922e+02
   9.7574396e+01   1.1952199e+02   1.4965709e+02   1.9790200e+02   9.8685712e+01   1.1744351e+02
   9.7516305e+01   1.1970839e+02   1.4958316e+02   1.9828231e+02   9.8338405e+01   1.1795874e+02
   9.6856512e+01   1.1889933e+02   1.4830788e+02   1.9668019e+02   9.8057028e+01   1.1731875e+02
   9.7008340e+01   1.1840086e+02   1.4843512e+02   1.9552531e+02   9.8470100e+01   1.1770080e+02
   9.7529342e+01   1.1872762e+02   1.4814071e+02   1.9675471e+02   9.8854951e+01   1.1784049e+02
   9.5110983e+01   1.1687606e+02   1.4902527e+02   1.9820937e+02   9.8527448e+01   1.1856572e+02
   9.7385271e+01   1.1983275e+02   1.4851219e+02   1.9787865e+02   9.8497907e+01   1.1725505e+02
   9.6176668e+01   1.1790197e+02   1.4857928e+02   1.9605877e+02   9.8370834e+01   1.1717311e+02
   9.5946533e+01   1.1810347e+02   1.4802420e+02   1.9591528e+02   9.8240212e+01   1.1689470e+02
   9.5757408e+01   1.1832214e+02   1.4793912e+02   1.9590125e+02   9.7731505e+01   1.1638880e+02
   9.6363731e+01   1.1848750e+02   1.4796198e+02   1.9655848e+02   9.8099853e+01   1.1684610e+02
   9.6445503e+01   1.1871639e+02   1.4875470e+02   1.9722314e+02   9.8287493e+01   1.1668437e+02
   9.6769128e+01   1.1891658e+02   1.4953810e+02   1.9914460e+02   9.8617142e+01   1.1683538e+02
   9.7870956e+01   1.1988531e+02   1.5016695e+02   2.0002603e+02   9.8808083e+01   1.1738683e+02
   9.7004215e+01   1.1925184e+02   1.4984498e+02   1.9862607e+02   9.8566808e+01   1.1783612e+02
   9.6903133e+01   1.1891476e+02   1.4897659e+02   1.9666765e+02   9.8459208e+01   1.1724688e+02
   9.6835141e+01   1.1877663e+02   1.4833643e+02   1.9598376e+02   9.7820952e+01   1.1634342e+02
   9.6235007e+01   1.1857678e+02   1.4911274e+02   1.9691297e+02   9.8076997e+01   1.1671325e+02
   9.7474635e+01   1.1919812e+02   1.4925268e+02   1.9737390e+02   9.8366295e+01   1.1661605e+02
   9.6721187e+01   1.1895544e+02   1.4912066e+02   1.9860222e+02   9.8873435e+01   1.1721973e+02
   9.6877636e+01   1.1931207e+02   1.4945295e+02   1.9854339e+02   9.8420921e+01   1.1718780e+02
   9.6425370e+01   1.1808507e+02   1.4849981e+02   1.9680133e+02   9.7716240e+01   1.1644425e+02
   9.6163383e+01   1.1801865e+02   1.4845129e+02   1.9631630e+02   9.8010077e+01   1.1714621e+02
   9.6014113e+01   1.1762876e+02   1.4897436e+02   1.9768828e+02   9.8441384e+01   1.1730934e+02
   9.7109339e+01   1.1875848e+02   1.4867153e+02   1.9757342e+02   9.8560867e+01   1.1766589e+02
