   1.4055366e+02   1.2754276e+02   1.7585086e+02   2.1944765e+02   1.1591864e+02   1.4003230e+02
   1.4070126e+02   1.2770439e+02   1.7602008e+02   2.1917150e+02   1.1616517e+02   1.4082329e+02
   1.4109020e+02   1.2757486e+02   1.7608402e+02   2.1928602e+02   1.1562706e+02   1.4139580e+02
   1.4137345e+02   1.2785876e+02   1.7643558e+02   2.1949138e+02   1.1643662e+02   1.4156362e+02
   1.4145397e+02   1.2798302e+02   1.7693590e+02   2.1970607e+02   1.1614198e+02   1.4205305e+02
   1.4148475e+02   1.2767576e+02   1.7705579e+02   2.1944592e+02   1.1611773e+02   1.4187212e+02
   1.4102056e+02   1.2762840e+02   1.7656405e+02   2.1963313e+02   1.1603918e+02   1.4181032e+02
   1.4133260e+02   1.2789457e+02   1.7653286e+02   2.1966415e+02   1.1574257e+02   1.4152633e+02
   1.4133293e+02   1.2798541e+02   1.7655241e+02   2.1960929e+02   1.1632399e+02   1.4161346e+02
   1.4159192e+02   1.2799927e+02   1.7703516e+02   2.1988346e+02   1.1620007e+02   1.4244125e+02
   1.4110761e+02   1.2767906e+02   1.7720446e+02   2.1959196e+02   1.1625832e+02   1.4201155e+02
   1.4081859e+02   1.2791693e+02   1.7722971e+02   2.1967735e+02   1.1640229e+02   1.4206815e+02
   1.4087552e+02   1.2819316e+02   1.7708829e+02   2.1971564e+02   1.1631269e+02   1.4214101e+02
   1.4153062e+02   1.2828128e+02   1.7699638e+02   2.1971465e+02   1.1661417e+02   1.4198969e+02
   1.4139028e+02   1.2825265e+02   1.7736032e+02   2.2010614e+02   1.1636912e+02   1.4231229e+02
   1.4135472e+02   1.2793343e+02   1.7734555e+02   2.1971390e+02   1.1650650e+02   1.4261987e+02
   1.4118921e+02   1.2808681e+02   1.7703310e+02   2.1970194e+02   1.1623241e+02   1.4208342e+02
   1.4113954e+02   1.2782328e+02   1.7664292e+02   2.1973470e+02   1.1643348e+02   1.4201733e+02
   1.4106867e+02   1.2779787e+02   1.7713730e+02   2.1963940e+02   1.1651194e+02   1.4272689e+02
   1.4146231e+02   1.2827633e+02   1.7687097e+02   2.1905030e+02   1.1646995e+02   1.4226914e+02
   1.4145719e+02   1.2803830e+02   1.7658442e+02   2.1930319e+02   1.1635799e+02   1.4160479e+02
   1.4127279e+02   1.2823277e+02   1.7660093e+02   2.1954179e+02   1.1606575e+02   1.4205008e+02
   1.4124672e+02   1.2825215e+02   1.7653946e+02   2.1911779e+02   1.1669461e+02   1.4186164e+02
   1.4126594e+02   1.2846997e+02   1.7648443e+02   2.1895996e+02   1.1626797e+02   1.4222079e+02
   1.4111982e+02   1.2837459e+02   1.7669655e+02   2.1853307e+02   1.1607161e+02   1.4242813e+02
   1.4114548e+02   1.2840265e+02   1.7657510e+02   2.1872886e+02   1.1617886e+02   1.4224727e+02
   1.4094400e+02   1.2845083e+02   1.7677906e+02   2.1865930e+02   1.1584809e+02   1.4176420e+02
   1.4141668e+02   1.2830710e+02   1.7667436e+02   2.1900847e+02   1.1612466e+02   1.4190710e+02
   1.4154687e+02   1.2829828e+02   1.7705620e+02   2.1943808e+02   1.1638307e+02   1.4210982e+02
   1.4150669e+02   1.2853812e+02   1.7724126e+02   2.1976432e+02   1.1653422e+02   1.4212780e+02
   1.4155999e+02   1.2853045e+02   1.7736436e+02   2.1963511e+02   1.1673001e+02   1.4269025e+02
   1.4114853e+02   1.2815026e+02   1.7728763e+02   2.1952216e+02   1.1654437e+02   1.4294965e+02
   1.4111421e+02   1.2860636e+02   1.7687114e+02   2.1915385e+02   1.1645807e+02   1.4277375e+02
   1.4114927e+02   1.2818689e+02   1.7711602e+02   2.1920451e+02   1.1654924e+02   1.4255040e+02
   1.4095002e+02   1.2859084e+02   1.7671462e+02   2.1950335e+02   1.1677242e+02   1.4267878e+02
   1.4135232e+02   1.2853045e+02   1.7693392e+02   2.1988304e+02   1.1682382e+02   1.4286880e+02
   1.4168260e+02   1.2890322e+02   1.7714349e+02   2.2016555e+02   1.1701400e+02   1.4331343e+02
   1.4168854e+02   1.2892953e+02   1.7711263e+02   2.2006761e+02   1.1698619e+02   1.4288975e+02
   1.4117139e+02   1.2845553e+02   1.7696049e+02   2.1961960e+02   1.1663480e+02   1.4265015e+02
   1.4086298e+02   1.2789762e+02   1.7673525e+02   2.1932158e+02   1.1668075e+02   1.4252021e+02
   1.4091603e+02   1.2840958e+02   1.7727509e+02   2.1942975e+02   1.1691491e+02   1.4247813e+02
   1.4125909e+02   1.2875058e+02   1.7773325e+02   2.2012966e+02   1.1687390e+02   1.4291863e+02
   1.4138681e+02   1.2880355e+02   1.7742451e+02   2.1995260e+02   1.1709543e+02   1.4317399e+02
   1.4129333e+02   1.2848862e+02   1.7674746e+02   2.2001472e+02   1.1670517e+02   1.4307185e+02
   1.4087940e+02   1.2830067e+02   1.7649581e+02   2.1971811e+02   1.1662259e+02   1.4247673e+02
   1.4089359e+02   1.2829060e+02   1.7636322e+02   2.1902481e+02   1.1611467e+02   1.4198713e+02
   1.4063674e+02   1.2814085e+02   1.7628460e+02   2.1821302e+02   1.1628274e+02   1.4209191e+02
   1.4051488e+02   1.2773896e+02   1.7642378e+02   2.1878711e+02   1.1617985e+02   1.4148326e+02
   1.4102312e+02   1.2833243e+02   1.7656306e+02   2.1878405e+02   1.1645229e+02   1.4175496e+02
   1.4121322e+02   1.2827913e+02   1.7669738e+02   2.1950260e+02   1.1642853e+02   1.4130430e+02
   1.4096594e+02   1.2866329e+02   1.7680365e+02   2.1984888e+02   1.1641186e+02   1.4212978e+02
   1.4119779e+02   1.2819184e+02   1.7633649e+02   2.1941556e+02   1.1674725e+02   1.4230297e+02
   1.4102370e+02   1.2843086e+02   1.7648649e+02   2.1918999e+02   1.1634569e+02   1.4257474e+02
   1.4091372e+02   1.2817806e+02   1.7666866e+02   2.1877778e+02   1.1645749e+02   1.4249496e+02
   1.4093583e+02   1.2780678e+02   1.7638072e+02   2.1892390e+02   1.1635221e+02   1.4244950e+02
   1.4050836e+02   1.2829704e+02   1.7606843e+02   2.1893108e+02   1.1628398e+02   1.4233333e+02
   1.4078724e+02   1.2828714e+02   1.7637189e+02   2.1866714e+02   1.1660476e+02   1.4171643e+02
   1.4049962e+02   1.2816528e+02   1.7650291e+02   2.1907613e+02   1.1664849e+02   1.4253753e+02
   1.4018345e+02   1.2801157e+02   1.7675728e+02   2.1922117e+02   1.1633884e+02   1.4257045e+02
   1.4079078e+02   1.2812501e+02   1.7663467e+02   2.1953643e+02   1.1658901e+02   1.4280073e+02
   1.4081620e+02   1.2832493e+02   1.7705290e+02   2.1977034e+02   1.1683009e+02   1.4305633e+02
   1.4094045e+02   1.2892310e+02   1.7692675e+02   2.1980804e+02   1.1666821e+02   1.4260791e+02
   1.4095646e+02   1.2859060e+02   1.7662345e+02   2.1957240e+02   1.1664899e+02   1.4253737e+02
   1.4085456e+02   1.2887962e+02   1.7654358e+02   2.1963858e+02   1.1652143e+02   1.4252318e+02
   1.4027545e+02   1.2833004e+02   1.7652485e+02   2.1914114e+02   1.1597549e+02   1.4216452e+02
   1.4038097e+02   1.2798236e+02   1.7606579e+02   2.1888471e+02   1.1633975e+02   1.4238564e+02
   1.4028238e+02   1.2803087e+02   1.7597355e+02   2.1891631e+02   1.1637688e+02   1.4216559e+02
   1.4057882e+02   1.2820909e+02   1.7586208e+02   2.1898240e+02   1.1605865e+02   1.4229472e+02
   1.4053650e+02   1.2815224e+02   1.7627890e+02   2.1908908e+02   1.1653760e+02   1.4252276e+02
   1.4126239e+02   1.2828846e+02   1.7669300e+02   2.1956135e+02   1.1645353e+02   1.4275535e+02
   1.4057792e+02   1.2821140e+02   1.7667848e+02   2.1939452e+02   1.1640931e+02   1.4238985e+02
   1.4068253e+02   1.2813912e+02   1.7651396e+02   2.1921878e+02   1.1667489e+02   1.4254133e+02
   1.4042470e+02   1.2775183e+02   1.7652122e+02   2.1889090e+02   1.1641970e+02   1.4229142e+02
   1.4083014e+02   1.2840372e+02   1.7653401e+02   2.1957975e+02   1.1629413e+02   1.4232953e+02
   1.4086001e+02   1.2822765e+02   1.7669168e+02   2.1915781e+02   1.1653406e+02   1.4251922e+02
   1.4081727e+02   1.2824258e+02   1.7689680e+02   2.1956465e+02   1.1661689e+02   1.4252136e+02
   1.4100208e+02   1.2857121e+02   1.7697295e+02   2.1967554e+02   1.1652514e+02   1.4266864e+02
   1.4095786e+02   1.2834233e+02   1.7701932e+02   2.1986011e+02   1.1659396e+02   1.4312308e+02
   1.4104408e+02   1.2866246e+02   1.7704654e+02   2.1953379e+02   1.1701185e+02   1.4301393e+02
   1.4108360e+02   1.2906757e+02   1.7682996e+02   2.1977166e+02   1.1665188e+02   1.4282004e+02
   1.4081215e+02   1.2884455e+02   1.7673442e+02   2.1968626e+02   1.1663958e+02   1.4284801e+02
   1.4104680e+02   1.2854901e+02   1.7669779e+02   2.1999253e+02   1.1622598e+02   1.4283736e+02
   1.4103451e+02   1.2852723e+02   1.7653657e+02   2.1980342e+02   1.1612094e+02   1.4273217e+02
   1.4072527e+02   1.2846543e+02   1.7632725e+02   2.1923875e+02   1.1608621e+02   1.4225825e+02
   1.4065597e+02   1.2830298e+02   1.7635456e+02   2.1930632e+02   1.1585189e+02   1.4218581e+02
   1.4079252e+02   1.2842798e+02   1.7660984e+02   2.1961688e+02   1.1610387e+02   1.4284413e+02
   1.4085522e+02   1.2880701e+02   1.7675761e+02   2.1946275e+02   1.1618918e+02   1.4268695e+02
   1.4100497e+02   1.2879035e+02   1.7710488e+02   2.1962339e+02   1.1628926e+02   1.4247879e+02
   1.4041232e+02   1.2859555e+02   1.7674870e+02   2.1960582e+02   1.1592177e+02   1.4214414e+02
   1.3989526e+02   1.2778937e+02   1.7583700e+02   2.1875963e+02   1.1566551e+02   1.4176197e+02
   1.4023106e+02   1.2781454e+02   1.7575317e+02   2.1856624e+02   1.1567764e+02   1.4195784e+02
   1.3996448e+02   1.2765703e+02   1.7559179e+02   2.1892365e+02   1.1569249e+02   1.4136552e+02
   1.4022404e+02   1.2800389e+02   1.7619574e+02   2.1926622e+02   1.1576815e+02   1.4198919e+02
   1.4053023e+02   1.2834960e+02   1.7693227e+02   2.1954972e+02   1.1612928e+02   1.4266385e+02
   1.4055069e+02   1.2804440e+02   1.7683541e+02   2.1934155e+02   1.1596344e+02   1.4258456e+02
   1.4034054e+02   1.2808755e+02   1.7676437e+02   2.1963057e+02   1.1601327e+02   1.4243770e+02
   1.4041843e+02   1.2786825e+02   1.7653657e+02   2.1953849e+02   1.1591658e+02   1.4249001e+02
   1.4021489e+02   1.2776231e+02   1.7665431e+02   2.1895509e+02   1.1598308e+02   1.4234133e+02
   1.4028922e+02   1.2781710e+02   1.7659532e+02   2.1939964e+02   1.1613481e+02   1.4273538e+02
   1.4029558e+02   1.2820001e+02   1.7672139e+02   2.1956778e+02   1.1605123e+02   1.4306318e+02
   1.4087387e+02   1.2858028e+02   1.7630704e+02   2.1977232e+02   1.1605428e+02   1.4300172e+02
   1.4094251e+02   1.2846519e+02   1.7615910e+02   2.1996241e+02   1.1612012e+02   1.4271236e+02
   1.4059631e+02   1.2839217e+02   1.7624095e+02   2.2018419e+02   1.1616665e+02   1.4266187e+02
   1.4067536e+02   1.2887706e+02   1.7578114e+02   2.1982125e+02   1.1643777e+02   1.4207046e+02
   1.4034030e+02   1.2846651e+02   1.7566142e+02   2.1931020e+02   1.1587087e+02   1.4213053e+02
   1.4013089e+02   1.2814943e+02   1.7613584e+02   2.1899263e+02   1.1554092e+02   1.4240519e+02
   1.4023419e+02   1.2815034e+02   1.7623666e+02   2.1931828e+02   1.1555949e+02   1.4228514e+02
   1.4000326e+02   1.2803392e+02   1.7614450e+02   2.1925616e+02   1.1526617e+02   1.4246534e+02
   1.4012586e+02   1.2797609e+02   1.7624813e+02   2.1918768e+02   1.1561163e+02   1.4227442e+02
   1.3987537e+02   1.2820463e+02   1.7632271e+02   2.1934634e+02   1.1571460e+02   1.4215214e+02
   1.4022479e+02   1.2803566e+02   1.7659787e+02   2.1917679e+02   1.1587945e+02   1.4228308e+02
   1.4015754e+02   1.2821082e+02   1.7686610e+02   2.1939889e+02   1.1587103e+02   1.4270312e+02
   1.4052536e+02   1.2839671e+02   1.7648459e+02   2.1939287e+02   1.1612837e+02   1.4262515e+02
   1.4011794e+02   1.2788483e+02   1.7631917e+02   2.1909255e+02   1.1609826e+02   1.4194695e+02
   1.4018601e+02   1.2806206e+02   1.7660555e+02   2.1947645e+02   1.1627061e+02   1.4300452e+02
   1.4030581e+02   1.2745811e+02   1.7677254e+02   2.1884305e+02   1.1613811e+02   1.4300180e+02
   1.4033122e+02   1.2776322e+02   1.7663929e+02   2.1916532e+02   1.1628398e+02   1.4264908e+02
   1.4010268e+02   1.2816090e+02   1.7666693e+02   2.1933652e+02   1.1606187e+02   1.4302548e+02
   1.4027479e+02   1.2844068e+02   1.7689135e+02   2.1936309e+02   1.1610395e+02   1.4307259e+02
   1.4016018e+02   1.2852096e+02   1.7672312e+02   2.1951052e+02   1.1609586e+02   1.4296244e+02
   1.4041249e+02   1.2828169e+02   1.7654507e+02   2.1962595e+02   1.1596204e+02   1.4259463e+02
   1.4055044e+02   1.2781198e+02   1.7607643e+02   2.1935203e+02   1.1571930e+02   1.4279858e+02
   1.4041439e+02   1.2779622e+02   1.7583889e+02   2.1911243e+02   1.1587606e+02   1.4255519e+02
   1.4059458e+02   1.2779383e+02   1.7593939e+02   2.1941383e+02   1.1592755e+02   1.4278307e+02
   1.4048675e+02   1.2812996e+02   1.7623187e+02   2.1959790e+02   1.1584644e+02   1.4258283e+02
   1.4007355e+02   1.2773203e+02   1.7608938e+02   2.1926622e+02   1.1579661e+02   1.4252144e+02
   1.4017512e+02   1.2750431e+02   1.7605358e+02   2.1905979e+02   1.1565618e+02   1.4230519e+02
   1.4019038e+02   1.2810711e+02   1.7642840e+02   2.1903446e+02   1.1575643e+02   1.4260007e+02
   1.4068394e+02   1.2856981e+02   1.7664589e+02   2.1923834e+02   1.1629371e+02   1.4260370e+02
   1.4079598e+02   1.2854481e+02   1.7692229e+02   2.1983321e+02   1.1607169e+02   1.4275626e+02
   1.4075869e+02   1.2871980e+02   1.7696404e+02   2.1981308e+02   1.1593464e+02   1.4316005e+02
   1.4058419e+02   1.2878771e+02   1.7680810e+02   2.1968610e+02   1.1601426e+02   1.4290345e+02
   1.4066108e+02   1.2871543e+02   1.7672370e+02   2.1976242e+02   1.1609627e+02   1.4271063e+02
   1.4084392e+02   1.2862517e+02   1.7652188e+02   2.2004385e+02   1.1642737e+02   1.4286178e+02
   1.4090010e+02   1.2828433e+02   1.7595498e+02   2.1936663e+02   1.1618522e+02   1.4258019e+02
   1.4053138e+02   1.2817047e+02   1.7530780e+02   2.1899214e+02   1.1568778e+02   1.4216873e+02
   1.4036835e+02   1.2801742e+02   1.7580309e+02   2.1904873e+02   1.1543787e+02   1.4208094e+02
   1.4014921e+02   1.2794845e+02   1.7607470e+02   2.1846376e+02   1.1576996e+02   1.4285906e+02
   1.4018287e+02   1.2833441e+02   1.7611422e+02   2.1896474e+02   1.1569108e+02   1.4254389e+02
   1.4052189e+02   1.2848961e+02   1.7587388e+02   2.1905261e+02   1.1535520e+02   1.4252936e+02
   1.4067527e+02   1.2810521e+02   1.7592503e+02   2.1899964e+02   1.1557987e+02   1.4236600e+02
   1.4035507e+02   1.2807642e+02   1.7623385e+02   2.1919164e+02   1.1526065e+02   1.4272499e+02
   1.4037610e+02   1.2772683e+02   1.7605118e+02   2.1891945e+02   1.1575098e+02   1.4242367e+02
   1.4051604e+02   1.2805472e+02   1.7565375e+02   2.1921507e+02   1.1588300e+02   1.4244447e+02
   1.4039896e+02   1.2794374e+02   1.7583081e+02   2.1932843e+02   1.1576707e+02   1.4216633e+02
   1.4021357e+02   1.2762931e+02   1.7576282e+02   2.1930739e+02   1.1639676e+02   1.4213259e+02
   1.4002141e+02   1.2745192e+02   1.7557372e+02   2.1902984e+02   1.1646590e+02   1.4187839e+02
   1.4003337e+02   1.2771677e+02   1.7525920e+02   2.1863142e+02   1.1591847e+02   1.4193738e+02
   1.4006555e+02   1.2793071e+02   1.7536473e+02   2.1866937e+02   1.1623951e+02   1.4175388e+02
   1.4011786e+02   1.2784581e+02   1.7572058e+02   2.1942447e+02   1.1591072e+02   1.4282622e+02
   1.4055556e+02   1.2833466e+02   1.7648104e+02   2.1981365e+02   1.1612787e+02   1.4314280e+02
   1.3996563e+02   1.2745555e+02   1.7608056e+02   2.1930360e+02   1.1575536e+02   1.4284660e+02
   1.3985210e+02   1.2686043e+02   1.7547314e+02   2.1862193e+02   1.1574645e+02   1.4302473e+02
   1.3962818e+02   1.2713435e+02   1.7533329e+02   2.1829875e+02   1.1559232e+02   1.4299544e+02
   1.3956350e+02   1.2721670e+02   1.7505912e+02   2.1841954e+02   1.1539992e+02   1.4214942e+02
   1.3977339e+02   1.2716835e+02   1.7548081e+02   2.1882209e+02   1.1545924e+02   1.4269108e+02
   1.3983643e+02   1.2745811e+02   1.7610613e+02   2.1933050e+02   1.1546865e+02   1.4324065e+02
   1.3992760e+02   1.2795208e+02   1.7632247e+02   2.1949625e+02   1.1594157e+02   1.4340930e+02
   1.4025515e+02   1.2814927e+02   1.7669564e+02   2.1957257e+02   1.1616789e+02   1.4312638e+02
   1.4041076e+02   1.2800958e+02   1.7638987e+02   2.1983403e+02   1.1624149e+02   1.4316203e+02
   1.4033172e+02   1.2768913e+02   1.7523338e+02   2.1912274e+02   1.1569207e+02   1.4257029e+02
   1.3966019e+02   1.2739970e+02   1.7506614e+02   2.1856747e+02   1.1540866e+02   1.4235792e+02
   1.3993090e+02   1.2722973e+02   1.7539501e+02   2.1878306e+02   1.1575313e+02   1.4264537e+02
   1.3984295e+02   1.2735861e+02   1.7522744e+02   2.1876235e+02   1.1576122e+02   1.4269314e+02
   1.4009830e+02   1.2726521e+02   1.7574558e+02   2.1905666e+02   1.1563019e+02   1.4297416e+02
   1.4016621e+02   1.2700952e+02   1.7536316e+02   2.1808572e+02   1.1530322e+02   1.4259999e+02
   1.3967636e+02   1.2713625e+02   1.7483338e+02   2.1807738e+02   1.1535388e+02   1.4219942e+02
   1.3983420e+02   1.2755060e+02   1.7518264e+02   2.1847886e+02   1.1552129e+02   1.4248828e+02
   1.4047899e+02   1.2765967e+02   1.7590968e+02   2.1904667e+02   1.1545338e+02   1.4315939e+02
   1.4000515e+02   1.2793879e+02   1.7536357e+02   2.1876739e+02   1.1576014e+02   1.4256616e+02
   1.3913289e+02   1.2749582e+02   1.7496564e+02   2.1814298e+02   1.1548317e+02   1.4182385e+02
   1.3937711e+02   1.2664327e+02   1.7477060e+02   2.1813043e+02   1.1538168e+02   1.4262647e+02
   1.3951152e+02   1.2708518e+02   1.7527636e+02   2.1865518e+02   1.1557665e+02   1.4282301e+02
   1.3988997e+02   1.2734928e+02   1.7519138e+02   2.1858364e+02   1.1564216e+02   1.4254595e+02
   1.3997223e+02   1.2721439e+02   1.7548923e+02   2.1894412e+02   1.1598332e+02   1.4302110e+02
   1.3984138e+02   1.2743913e+02   1.7581794e+02   2.1941424e+02   1.1633563e+02   1.4311343e+02
   1.4042693e+02   1.2774061e+02   1.7553659e+02   2.1903025e+02   1.1619438e+02   1.4295106e+02
   1.4061554e+02   1.2781231e+02   1.7592841e+02   2.1949559e+02   1.1626500e+02   1.4348372e+02
   1.4090712e+02   1.2807303e+02   1.7643930e+02   2.1996934e+02   1.1649321e+02   1.4393998e+02
   1.4063699e+02   1.2806321e+02   1.7628443e+02   2.1931053e+02   1.1635196e+02   1.4365088e+02
   1.4091306e+02   1.2792518e+02   1.7604112e+02   2.1912720e+02   1.1612358e+02   1.4376697e+02
   1.4090076e+02   1.2835537e+02   1.7646132e+02   2.1929188e+02   1.1634173e+02   1.4432545e+02
   1.4043056e+02   1.2834695e+02   1.7587874e+02   2.1922621e+02   1.1644676e+02   1.4404732e+02
   1.3977207e+02   1.2776446e+02   1.7559954e+02   2.1915129e+02   1.1627977e+02   1.4360855e+02
   1.3926664e+02   1.2744384e+02   1.7549253e+02   2.1876120e+02   1.1597235e+02   1.4358174e+02
   1.3982545e+02   1.2738517e+02   1.7520326e+02   2.1841591e+02   1.1559513e+02   1.4299553e+02
   1.3944947e+02   1.2757552e+02   1.7513825e+02   2.1855031e+02   1.1578564e+02   1.4333521e+02
   1.3935277e+02   1.2762156e+02   1.7536217e+02   2.1913083e+02   1.1616657e+02   1.4355080e+02
   1.4026076e+02   1.2772799e+02   1.7585597e+02   2.1935698e+02   1.1632630e+02   1.4326970e+02
   1.3997834e+02   1.2789886e+02   1.7605036e+02   2.1926837e+02   1.1626492e+02   1.4335542e+02
   1.3988065e+02   1.2813079e+02   1.7587239e+02   2.1972694e+02   1.1644866e+02   1.4362918e+02
   1.4017817e+02   1.2785942e+02   1.7600878e+02   2.1960285e+02   1.1615708e+02   1.4366202e+02
   1.4021018e+02   1.2804779e+02   1.7607024e+02   2.1960095e+02   1.1648274e+02   1.4366218e+02
   1.4072271e+02   1.2845801e+02   1.7619293e+02   2.1987100e+02   1.1650072e+02   1.4388412e+02
   1.4041860e+02   1.2850751e+02   1.7551860e+02   2.1975384e+02   1.1628885e+02   1.4339750e+02
   1.3997512e+02   1.2812163e+02   1.7550309e+02   2.2001802e+02   1.1642077e+02   1.4382068e+02
   1.4002619e+02   1.2786693e+02   1.7564542e+02   2.1930756e+02   1.1662523e+02   1.4349667e+02
   1.3956927e+02   1.2786347e+02   1.7565185e+02   2.1937719e+02   1.1632152e+02   1.4318348e+02
   1.3988964e+02   1.2802699e+02   1.7565532e+02   2.1941597e+02   1.1604545e+02   1.4382142e+02
   1.3977917e+02   1.2796412e+02   1.7579434e+02   2.1899659e+02   1.1577640e+02   1.4336276e+02
   1.3963066e+02   1.2800975e+02   1.7581266e+02   2.1910995e+02   1.1614388e+02   1.4349379e+02
   1.3986597e+02   1.2813343e+02   1.7585168e+02   2.1953519e+02   1.1605189e+02   1.4360063e+02
   1.4004509e+02   1.2806833e+02   1.7607222e+02   2.1956506e+02   1.1643769e+02   1.4421151e+02
   1.3966473e+02   1.2832971e+02   1.7622626e+02   2.1964551e+02   1.1635840e+02   1.4366210e+02
   1.3951589e+02   1.2824951e+02   1.7567116e+02   2.1904304e+02   1.1639742e+02   1.4312226e+02
   1.3960706e+02   1.2817089e+02   1.7593798e+02   2.1935764e+02   1.1627284e+02   1.4348248e+02
   1.3983156e+02   1.2842327e+02   1.7594038e+02   2.1922480e+02   1.1599611e+02   1.4350113e+02
   1.4034690e+02   1.2870231e+02   1.7597470e+02   2.1948313e+02   1.1661747e+02   1.4388759e+02
   1.4003667e+02   1.2867046e+02   1.7620762e+02   2.2019698e+02   1.1687184e+02   1.4391548e+02
   1.4034096e+02   1.2850949e+02   1.7599425e+02   2.1989113e+02   1.1641178e+02   1.4349552e+02
   1.3999303e+02   1.2848482e+02   1.7574665e+02   2.2008098e+02   1.1660278e+02   1.4335757e+02
   1.4016934e+02   1.2851717e+02   1.7567330e+02   2.2010078e+02   1.1632738e+02   1.4373182e+02
   1.4025581e+02   1.2850545e+02   1.7553395e+02   2.2006588e+02   1.1606038e+02   1.4309124e+02
   1.3973973e+02   1.2834827e+02   1.7530722e+02   2.1980689e+02   1.1636970e+02   1.4323537e+02
   1.3999270e+02   1.2838243e+02   1.7555235e+02   2.1979451e+02   1.1623414e+02   1.4330707e+02
   1.3989393e+02   1.2821453e+02   1.7571365e+02   2.1968371e+02   1.1615362e+02   1.4337316e+02
   1.3973057e+02   1.2827022e+02   1.7607783e+02   2.1929205e+02   1.1616896e+02   1.4363116e+02
   1.3972999e+02   1.2836337e+02   1.7547265e+02   2.1901103e+02   1.1624454e+02   1.4324742e+02
   1.3987323e+02   1.2865660e+02   1.7541407e+02   2.1876574e+02   1.1617829e+02   1.4346400e+02
   1.4014352e+02   1.2854076e+02   1.7580267e+02   2.1919593e+02   1.1631269e+02   1.4398256e+02
   1.4042800e+02   1.2898292e+02   1.7596571e+02   2.1954955e+02   1.1640997e+02   1.4377183e+02
   1.4046678e+02   1.2924323e+02   1.7641545e+02   2.1985375e+02   1.1587903e+02   1.4388396e+02
   1.4051067e+02   1.2958761e+02   1.7645151e+02   2.2015127e+02   1.1614941e+02   1.4360624e+02
   1.4005227e+02   1.2888869e+02   1.7559327e+02   2.1943231e+02   1.1638010e+02   1.4303769e+02
   1.3967636e+02   1.2848383e+02   1.7541407e+02   2.1916573e+02   1.1604347e+02   1.4322655e+02
   1.3985186e+02   1.2828747e+02   1.7568312e+02   2.1960054e+02   1.1630865e+02   1.4379469e+02
   1.3983626e+02   1.2806156e+02   1.7582635e+02   2.1932125e+02   1.1666466e+02   1.4373198e+02
   1.4000458e+02   1.2840570e+02   1.7571885e+02   2.1964674e+02   1.1669494e+02   1.4406448e+02
   1.4007273e+02   1.2838161e+02   1.7622395e+02   2.1933363e+02   1.1639528e+02   1.4383297e+02
   1.4022668e+02   1.2843425e+02   1.7611504e+02   2.1960103e+02   1.1671054e+02   1.4404708e+02
   1.4008560e+02   1.2825034e+02   1.7641603e+02   2.1997793e+02   1.1663669e+02   1.4378330e+02
   1.4026414e+02   1.2853598e+02   1.7639004e+02   2.1981514e+02   1.1625634e+02   1.4413585e+02
   1.4029863e+02   1.2878762e+02   1.7647502e+02   2.1980524e+02   1.1653001e+02   1.4368627e+02
   1.4073014e+02   1.2894760e+02   1.7633129e+02   2.1988989e+02   1.1619000e+02   1.4425194e+02
   1.4015515e+02   1.2874109e+02   1.7612428e+02   2.1991299e+02   1.1575899e+02   1.4408767e+02
   1.4019830e+02   1.2870817e+02   1.7649424e+02   2.1971159e+02   1.1580140e+02   1.4387315e+02
   1.4010457e+02   1.2868886e+02   1.7625052e+02   2.1909898e+02   1.1582780e+02   1.4338347e+02
   1.3998453e+02   1.2822765e+02   1.7594937e+02   2.1946011e+02   1.1615964e+02   1.4356845e+02
   1.4004434e+02   1.2866023e+02   1.7598963e+02   2.1932670e+02   1.1608984e+02   1.4329923e+02
   1.3991324e+02   1.2870033e+02   1.7571645e+02   2.1896705e+02   1.1609198e+02   1.4319957e+02
   1.4023560e+02   1.2873705e+02   1.7569178e+02   2.1906532e+02   1.1600543e+02   1.4350575e+02
   1.4061925e+02   1.2876130e+02   1.7613287e+02   2.1965574e+02   1.1633356e+02   1.4387860e+02
   1.4045663e+02   1.2876254e+02   1.7615753e+02   2.1979567e+02   1.1639891e+02   1.4369716e+02
   1.4024673e+02   1.2854967e+02   1.7592140e+02   2.1975474e+02   1.1667687e+02   1.4408247e+02
   1.4027074e+02   1.2816825e+02   1.7613551e+02   2.1963247e+02   1.1637680e+02   1.4387761e+02
   1.4021621e+02   1.2888168e+02   1.7569401e+02   2.1973511e+02   1.1599496e+02   1.4318628e+02
   1.4035820e+02   1.2885602e+02   1.7590968e+02   2.1940335e+02   1.1606905e+02   1.4346821e+02
   1.4024772e+02   1.2865627e+02   1.7621743e+02   2.1935409e+02   1.1637044e+02   1.4420417e+02
   1.4017776e+02   1.2898011e+02   1.7597148e+02   2.1961151e+02   1.1638563e+02   1.4384304e+02
   1.3986110e+02   1.2874233e+02   1.7601323e+02   2.1917324e+02   1.1607837e+02   1.4409493e+02
   1.4001217e+02   1.2854448e+02   1.7603171e+02   2.1915385e+02   1.1636211e+02   1.4374155e+02
   1.4009146e+02   1.2883869e+02   1.7605960e+02   2.1915245e+02   1.1668620e+02   1.4401284e+02
   1.4010457e+02   1.2904678e+02   1.7620720e+02   2.1971110e+02   1.1655542e+02   1.4400236e+02
   1.4011547e+02   1.2893069e+02   1.7631611e+02   2.1963148e+02   1.1635823e+02   1.4372018e+02
   1.4023551e+02   1.2885916e+02   1.7596934e+02   2.2032701e+02   1.1676474e+02   1.4366342e+02
   1.4002974e+02   1.2891386e+02   1.7603229e+02   2.2032800e+02   1.1675097e+02   1.4375236e+02
   1.4022833e+02   1.2872583e+02   1.7632758e+02   2.1947851e+02   1.1664593e+02   1.4416382e+02
   1.4022223e+02   1.2844786e+02   1.7583188e+02   2.1873199e+02   1.1665848e+02   1.4378800e+02
   1.4029904e+02   1.2863424e+02   1.7545606e+02   2.1872556e+02   1.1624767e+02   1.4381564e+02
   1.3960021e+02   1.2820488e+02   1.7521704e+02   2.1875955e+02   1.1612020e+02   1.4371466e+02
   1.3977183e+02   1.2819126e+02   1.7548015e+02   2.1882456e+02   1.1628456e+02   1.4379997e+02
   1.3990606e+02   1.2866799e+02   1.7584714e+02   2.1899940e+02   1.1632490e+02   1.4373594e+02
   1.3998255e+02   1.2885775e+02   1.7596876e+02   2.1956721e+02   1.1624487e+02   1.4374543e+02
   1.4004385e+02   1.2868548e+02   1.7627618e+02   2.1960433e+02   1.1656178e+02   1.4422727e+02
   1.4050622e+02   1.2867591e+02   1.7596298e+02   2.1949452e+02   1.1672465e+02   1.4399072e+02
   1.4003279e+02   1.2864192e+02   1.7600102e+02   2.1975483e+02   1.1668150e+02   1.4380764e+02
   1.3978849e+02   1.2844299e+02   1.7643575e+02   2.2002957e+02   1.1672745e+02   1.4441662e+02
   1.4040737e+02   1.2843482e+02   1.7672535e+02   2.1967438e+02   1.1688553e+02   1.4412859e+02
   1.4066389e+02   1.2892227e+02   1.7676520e+02   2.2000936e+02   1.1709865e+02   1.4467487e+02
   1.4070357e+02   1.2907046e+02   1.7668236e+02   2.2002652e+02   1.1663183e+02   1.4493955e+02
   1.4018667e+02   1.2855157e+02   1.7670530e+02   2.1980862e+02   1.1664445e+02   1.4518946e+02
   1.4004368e+02   1.2879604e+02   1.7601001e+02   2.1902324e+02   1.1629116e+02   1.4376284e+02
   1.4017512e+02   1.2866906e+02   1.7571951e+02   2.1904180e+02   1.1623967e+02   1.4285931e+02
   1.4044343e+02   1.2885619e+02   1.7620201e+02   2.1973313e+02   1.1630262e+02   1.4380195e+02
   1.4074408e+02   1.2932169e+02   1.7641339e+02   2.2028163e+02   1.1615370e+02   1.4384584e+02
   1.4058023e+02   1.2922879e+02   1.7563040e+02   2.1963585e+02   1.1603398e+02   1.4330419e+02
   1.3983725e+02   1.2894381e+02   1.7520211e+02   2.1840221e+02   1.1560536e+02   1.4369345e+02
   1.3978981e+02   1.2843029e+02   1.7523651e+02   2.1813959e+02   1.1567970e+02   1.4321236e+02
   1.3982966e+02   1.2793978e+02   1.7535870e+02   2.1800445e+02   1.1632144e+02   1.4335971e+02
   1.3957694e+02   1.2803962e+02   1.7551679e+02   2.1840180e+02   1.1577235e+02   1.4349329e+02
   1.3990813e+02   1.2756743e+02   1.7524518e+02   2.1882580e+02   1.1592557e+02   1.4343017e+02
   1.4036505e+02   1.2826148e+02   1.7566588e+02   2.1912340e+02   1.1635403e+02   1.4364329e+02
   1.4009212e+02   1.2812823e+02   1.7565284e+02   2.1889065e+02   1.1613497e+02   1.4344403e+02
   1.3981712e+02   1.2797699e+02   1.7575515e+02   2.1889989e+02   1.1610411e+02   1.4328496e+02
   1.3980021e+02   1.2797493e+02   1.7543948e+02   2.1833662e+02   1.1589314e+02   1.4279124e+02
   1.3970169e+02   1.2780703e+02   1.7532306e+02   2.1818448e+02   1.1582475e+02   1.4317440e+02
   1.3973296e+02   1.2779606e+02   1.7562215e+02   2.1849091e+02   1.1607062e+02   1.4326087e+02
   1.3993544e+02   1.2837072e+02   1.7569360e+02   2.1865972e+02   1.1594851e+02   1.4354865e+02
   1.4026959e+02   1.2834836e+02   1.7576365e+02   2.1885641e+02   1.1614776e+02   1.4342828e+02
   1.4045028e+02   1.2869332e+02   1.7584822e+02   2.1926581e+02   1.1647234e+02   1.4378033e+02
   1.4052701e+02   1.2897227e+02   1.7521160e+02   2.1969204e+02   1.1621426e+02   1.4315551e+02
   1.4039888e+02   1.2881840e+02   1.7523610e+02   2.1970211e+02   1.1660402e+02   1.4402571e+02
   1.4011621e+02   1.2868177e+02   1.7569459e+02   2.2003246e+02   1.1677407e+02   1.4395756e+02
   1.4012050e+02   1.2850784e+02   1.7558255e+02   2.1971176e+02   1.1642218e+02   1.4349354e+02
   1.3994171e+02   1.2840669e+02   1.7532892e+02   2.1984897e+02   1.1660658e+02   1.4319107e+02
   1.3989162e+02   1.2828738e+02   1.7489634e+02   2.1907670e+02   1.1643356e+02   1.4295196e+02
   1.4012627e+02   1.2823235e+02   1.7519699e+02   2.1930781e+02   1.1614033e+02   1.4331904e+02
   1.4026695e+02   1.2828202e+02   1.7522529e+02   2.1950549e+02   1.1669684e+02   1.4306673e+02
   1.4055886e+02   1.2857327e+02   1.7511935e+02   2.1922282e+02   1.1640138e+02   1.4324940e+02
   1.4021497e+02   1.2840182e+02   1.7520235e+02   2.1921688e+02   1.1622763e+02   1.4277243e+02
   1.3969336e+02   1.2853053e+02   1.7516564e+02   2.1917200e+02   1.1610519e+02   1.4312935e+02
   1.4015457e+02   1.2841940e+02   1.7489526e+02   2.1915822e+02   1.1637259e+02   1.4337679e+02
   1.4040341e+02   1.2894447e+02   1.7505483e+02   2.1951160e+02   1.1624701e+02   1.4356111e+02
   1.4072387e+02   1.2887310e+02   1.7576769e+02   2.1917018e+02   1.1586600e+02   1.4368768e+02
   1.4066026e+02   1.2842228e+02   1.7603691e+02   2.1970277e+02   1.1644214e+02   1.4454632e+02
   1.4037907e+02   1.2863837e+02   1.7614409e+02   2.1913066e+02   1.1609561e+02   1.4399559e+02
   1.4005408e+02   1.2862409e+02   1.7561811e+02   2.1895542e+02   1.1622202e+02   1.4373396e+02
   1.4018865e+02   1.2834126e+02   1.7489064e+02   2.1865311e+02   1.1598572e+02   1.4291863e+02
   1.3984509e+02   1.2835785e+02   1.7515483e+02   2.1844157e+02   1.1636822e+02   1.4300246e+02
   1.4016596e+02   1.2862310e+02   1.7535970e+02   2.1914956e+02   1.1648117e+02   1.4347885e+02
   1.4034384e+02   1.2876799e+02   1.7565400e+02   2.1919560e+02   1.1649825e+02   1.4392381e+02
   1.4085992e+02   1.2869373e+02   1.7556390e+02   2.1917662e+02   1.1640964e+02   1.4374139e+02
   1.4056810e+02   1.2873754e+02   1.7589120e+02   2.1892077e+02   1.1628662e+02   1.4376474e+02
   1.4104853e+02   1.2907961e+02   1.7581744e+02   2.1978824e+02   1.1660971e+02   1.4427075e+02
   1.4094268e+02   1.2925544e+02   1.7610094e+02   2.1965409e+02   1.1691845e+02   1.4415194e+02
   1.4072585e+02   1.2899480e+02   1.7561101e+02   2.1947373e+02   1.1663983e+02   1.4359428e+02
   1.4001885e+02   1.2912607e+02   1.7513750e+02   2.1983494e+02   1.1685154e+02   1.4374197e+02
   1.4045498e+02   1.2907021e+02   1.7529187e+02   2.1989212e+02   1.1681128e+02   1.4385137e+02
   1.4042025e+02   1.2879332e+02   1.7515962e+02   2.1961424e+02   1.1656236e+02   1.4369716e+02
   1.4047478e+02   1.2872294e+02   1.7544468e+02   2.1948940e+02   1.1695839e+02   1.4406968e+02
   1.4091438e+02   1.2902153e+02   1.7566299e+02   2.1913735e+02   1.1660773e+02   1.4390582e+02
   1.4075159e+02   1.2907755e+02   1.7539097e+02   2.1896631e+02   1.1623984e+02   1.4394081e+02
   1.4055036e+02   1.2892343e+02   1.7553873e+02   2.1911986e+02   1.1655806e+02   1.4422397e+02
   1.4055564e+02   1.2883597e+02   1.7559797e+02   2.1903298e+02   1.1624322e+02   1.4426861e+02
   1.4074573e+02   1.2885627e+02   1.7533948e+02   2.1879346e+02   1.1624099e+02   1.4424072e+02
   1.4053287e+02   1.2855108e+02   1.7535062e+02   2.1862968e+02   1.1625857e+02   1.4379188e+02
   1.4056092e+02   1.2841205e+02   1.7518107e+02   2.1891186e+02   1.1648422e+02   1.4327597e+02
   1.4008972e+02   1.2860000e+02   1.7542191e+02   2.1896243e+02   1.1635856e+02   1.4351945e+02
   1.4070011e+02   1.2884068e+02   1.7592033e+02   2.1913743e+02   1.1666829e+02   1.4395904e+02
   1.4058765e+02   1.2896543e+02   1.7584508e+02   2.1894865e+02   1.1648727e+02   1.4411415e+02
   1.4046298e+02   1.2924785e+02   1.7572668e+02   2.1869453e+02   1.1631434e+02   1.4419600e+02
   1.4084532e+02   1.2907796e+02   1.7562207e+02   2.1865278e+02   1.1598126e+02   1.4400186e+02
   1.4060704e+02   1.2869654e+02   1.7510194e+02   2.1828769e+02   1.1616872e+02   1.4388478e+02
   1.4033807e+02   1.2816594e+02   1.7507257e+02   2.1820791e+02   1.1597507e+02   1.4377769e+02
   1.4019343e+02   1.2831634e+02   1.7553832e+02   2.1857366e+02   1.1622466e+02   1.4381185e+02
   1.4062602e+02   1.2846799e+02   1.7527009e+02   2.1880550e+02   1.1575701e+02   1.4297193e+02
   1.4044698e+02   1.2886666e+02   1.7553131e+02   2.1886276e+02   1.1558399e+02   1.4327861e+02
   1.4107139e+02   1.2835438e+02   1.7554492e+02   2.1925558e+02   1.1571080e+02   1.4356062e+02
   1.4102081e+02   1.2872690e+02   1.7602569e+02   2.1948206e+02   1.1566650e+02   1.4366977e+02
   1.4116512e+02   1.2936476e+02   1.7607033e+02   2.2002000e+02   1.1573820e+02   1.4416877e+02
   1.4100926e+02   1.2916715e+02   1.7643162e+02   2.1974055e+02   1.1605288e+02   1.4397727e+02
   1.4129787e+02   1.2898234e+02   1.7658121e+02   2.2011043e+02   1.1649214e+02   1.4469418e+02
   1.4091611e+02   1.2911848e+02   1.7662205e+02   2.2017652e+02   1.1641409e+02   1.4473510e+02
   1.4137774e+02   1.2894595e+02   1.7629549e+02   2.1991869e+02   1.1658232e+02   1.4407480e+02
   1.4003180e+02   1.2845718e+02   1.7560103e+02   2.1928033e+02   1.1596822e+02   1.4343026e+02
   1.4022124e+02   1.2773657e+02   1.7555631e+02   2.1874321e+02   1.1604256e+02   1.4318265e+02
   1.4064277e+02   1.2759961e+02   1.7569409e+02   2.1898223e+02   1.1591517e+02   1.4267441e+02
   1.4118822e+02   1.2860660e+02   1.7555251e+02   2.1958849e+02   1.1597747e+02   1.4298084e+02
   1.4102147e+02   1.2869852e+02   1.7533371e+02   2.1936028e+02   1.1625972e+02   1.4238003e+02
   1.4078996e+02   1.2817790e+02   1.7576802e+02   2.2006753e+02   1.1602878e+02   1.4330014e+02
   1.4051736e+02   1.2797914e+02   1.7518759e+02   2.1969658e+02   1.1585775e+02   1.4313579e+02
   1.3999806e+02   1.2737511e+02   1.7559954e+02   2.1934097e+02   1.1567937e+02   1.4258506e+02
   1.4040539e+02   1.2736578e+02   1.7598988e+02   2.1950780e+02   1.1550247e+02   1.4326664e+02
   1.4034368e+02   1.2724475e+02   1.7547710e+02   2.1942158e+02   1.1508309e+02   1.4252128e+02
   1.3987545e+02   1.2730696e+02   1.7554047e+02   2.1893875e+02   1.1558011e+02   1.4210437e+02
   1.4014294e+02   1.2713518e+02   1.7501754e+02   2.1864973e+02   1.1527179e+02   1.4192063e+02
   1.4018089e+02   1.2744771e+02   1.7463685e+02   2.1861120e+02   1.1542426e+02   1.4281938e+02
   1.4047684e+02   1.2736628e+02   1.7578700e+02   2.1953024e+02   1.1530685e+02   1.4331755e+02
   1.3980153e+02   1.2703551e+02   1.7498000e+02   2.1863488e+02   1.1511362e+02   1.4193490e+02
   1.4014896e+02   1.2691117e+02   1.7396253e+02   2.1779678e+02   1.1504885e+02   1.4093789e+02
   1.3959015e+02   1.2699079e+02   1.7394338e+02   2.1703178e+02   1.1479036e+02   1.4063740e+02
   1.3927084e+02   1.2721472e+02   1.7420939e+02   2.1759208e+02   1.1504803e+02   1.4099243e+02
