   8.0593273e+01   1.1701134e+02   1.4447201e+02   1.7825558e+02   1.3382885e+02   1.6002924e+02
   8.0588473e+01   1.1699837e+02   1.4526766e+02   1.7885132e+02   1.3418841e+02   1.6063206e+02
   8.0692044e+01   1.1701959e+02   1.4603973e+02   1.7857505e+02   1.3411751e+02   1.6000659e+02
   8.0849422e+01   1.1825983e+02   1.4735407e+02   1.7870565e+02   1.3395112e+02   1.5986302e+02
   8.1190196e+01   1.1912251e+02   1.4791992e+02   1.7939444e+02   1.3414571e+02   1.6004171e+02
   8.1219499e+01   1.1959354e+02   1.4892262e+02   1.8009435e+02   1.3470138e+02   1.6071307e+02
   8.1513372e+01   1.1944021e+02   1.4923469e+02   1.7996779e+02   1.3449988e+02   1.6043519e+02
   8.1188428e+01   1.1880918e+02   1.4818895e+02   1.7907396e+02   1.3380334e+02   1.6029727e+02
   8.0720758e+01   1.1818927e+02   1.4704714e+02   1.7854709e+02   1.3314419e+02   1.5970304e+02
   8.0651374e+01   1.1833014e+02   1.4749520e+02   1.7871483e+02   1.3337971e+02   1.6032109e+02
   8.0934300e+01   1.1835389e+02   1.4761914e+02   1.7942105e+02   1.3315732e+02   1.6080923e+02
   8.0897503e+01   1.1767234e+02   1.4699022e+02   1.7923563e+02   1.3322065e+02   1.6016709e+02
   8.1011515e+01   1.1824543e+02   1.4736619e+02   1.7936135e+02   1.3360285e+02   1.6020641e+02
   8.0811783e+01   1.1850504e+02   1.4791580e+02   1.7933769e+02   1.3389327e+02   1.6031343e+02
   8.1044102e+01   1.1851219e+02   1.4771665e+02   1.7947873e+02   1.3448438e+02   1.6002108e+02
   8.1246613e+01   1.1839153e+02   1.4778267e+02   1.7956571e+02   1.3473944e+02   1.6047216e+02
   8.0802436e+01   1.1880194e+02   1.4822920e+02   1.8042586e+02   1.3521014e+02   1.6109224e+02
   8.0870726e+01   1.1864684e+02   1.4824234e+02   1.8002909e+02   1.3465877e+02   1.6100121e+02
   8.0965371e+01   1.1832240e+02   1.4805414e+02   1.7960024e+02   1.3439664e+02   1.6055106e+02
   8.0588136e+01   1.1800966e+02   1.4805136e+02   1.7935983e+02   1.3449154e+02   1.5933431e+02
   8.0931521e+01   1.1786197e+02   1.4726616e+02   1.7937802e+02   1.3450173e+02   1.5936672e+02
   8.0701475e+01   1.1780151e+02   1.4714928e+02   1.7962230e+02   1.3460808e+02   1.5996474e+02
   8.0902555e+01   1.1806827e+02   1.4758883e+02   1.8000955e+02   1.3438014e+02   1.6049127e+02
   8.0849506e+01   1.1868389e+02   1.4813649e+02   1.8016735e+02   1.3456918e+02   1.6053683e+02
   8.1041408e+01   1.1872700e+02   1.4820377e+02   1.7997427e+02   1.3456236e+02   1.5989056e+02
   8.1073910e+01   1.1860953e+02   1.4822600e+02   1.7903497e+02   1.3432911e+02   1.5996180e+02
   8.1266906e+01   1.1874148e+02   1.4792228e+02   1.7887835e+02   1.3395886e+02   1.5990285e+02
   8.1209732e+01   1.1847733e+02   1.4720376e+02   1.7851484e+02   1.3395600e+02   1.5894545e+02
   8.0964782e+01   1.1790028e+02   1.4723888e+02   1.7858793e+02   1.3384830e+02   1.5970236e+02
   8.0398172e+01   1.1829629e+02   1.4787016e+02   1.7950155e+02   1.3431741e+02   1.5987389e+02
   8.0786353e+01   1.1804671e+02   1.4770629e+02   1.7906899e+02   1.3422495e+02   1.5921533e+02
   8.0241299e+01   1.1748970e+02   1.4677727e+02   1.7865050e+02   1.3385723e+02   1.5859718e+02
   8.0863316e+01   1.1740819e+02   1.4626893e+02   1.7833566e+02   1.3365573e+02   1.5921490e+02
   8.1090246e+01   1.1795754e+02   1.4692084e+02   1.7870220e+02   1.3402859e+02   1.6037802e+02
   8.0958298e+01   1.1844618e+02   1.4778065e+02   1.7910259e+02   1.3415068e+02   1.6052638e+02
   8.0937668e+01   1.1870005e+02   1.4837260e+02   1.7922140e+02   1.3419422e+02   1.6021971e+02
   8.1491142e+01   1.1893936e+02   1.4844670e+02   1.7942534e+02   1.3416163e+02   1.6019125e+02
   8.1274906e+01   1.1879866e+02   1.4791260e+02   1.7917416e+02   1.3404172e+02   1.5983650e+02
   8.0323146e+01   1.1840374e+02   1.4738312e+02   1.7901409e+02   1.3398817e+02   1.5916657e+02
   8.0467893e+01   1.1812317e+02   1.4719939e+02   1.7925820e+02   1.3373833e+02   1.5908430e+02
   8.0702401e+01   1.1865046e+02   1.4746084e+02   1.7972402e+02   1.3445087e+02   1.5939064e+02
   8.0571043e+01   1.1818051e+02   1.4736038e+02   1.7921618e+02   1.3445921e+02   1.5920699e+02
   8.0887903e+01   1.1784504e+02   1.4680270e+02   1.7827503e+02   1.3433383e+02   1.5914948e+02
   8.0124424e+01   1.1875756e+02   1.4752702e+02   1.7949431e+02   1.3465405e+02   1.5917305e+02
   8.0361374e+01   1.1868473e+02   1.4756525e+02   1.7997730e+02   1.3433719e+02   1.5964165e+02
   8.1508657e+01   1.1852735e+02   1.4733630e+02   1.7940311e+02   1.3431564e+02   1.6001720e+02
   8.1670329e+01   1.1851514e+02   1.4685482e+02   1.7831932e+02   1.3389773e+02   1.5971474e+02
   8.1451145e+01   1.1926826e+02   1.4749856e+02   1.7865513e+02   1.3442039e+02   1.5910510e+02
   8.1757733e+01   1.1958723e+02   1.4793828e+02   1.7964124e+02   1.3462871e+02   1.5889451e+02
   8.1860630e+01   1.1934548e+02   1.4808934e+02   1.7989655e+02   1.3442586e+02   1.6007909e+02
   8.1786615e+01   1.1927736e+02   1.4769467e+02   1.7955224e+02   1.3431421e+02   1.6026064e+02
   8.1502762e+01   1.1958824e+02   1.4794805e+02   1.7943772e+02   1.3431488e+02   1.6007084e+02
   8.1619469e+01   1.1949957e+02   1.4789744e+02   1.7934754e+02   1.3404004e+02   1.5936698e+02
   8.1171587e+01   1.1904453e+02   1.4694896e+02   1.7886993e+02   1.3399398e+02   1.5905652e+02
   8.0800584e+01   1.1832004e+02   1.4628855e+02   1.7841203e+02   1.3410706e+02   1.5901484e+02
   8.0801762e+01   1.1808881e+02   1.4638210e+02   1.7891288e+02   1.3382666e+02   1.5957555e+02
   8.0448526e+01   1.1822472e+02   1.4685331e+02   1.7903118e+02   1.3432482e+02   1.5931772e+02
   8.1180766e+01   1.1848373e+02   1.4708327e+02   1.7917391e+02   1.3445752e+02   1.5904540e+02
   8.1062964e+01   1.1808081e+02   1.4647952e+02   1.7909653e+02   1.3417089e+02   1.5943224e+02
   8.0322640e+01   1.1813959e+02   1.4611408e+02   1.7899102e+02   1.3391516e+02   1.5923705e+02
   8.0412907e+01   1.1752751e+02   1.4586896e+02   1.7895035e+02   1.3394051e+02   1.5887017e+02
   8.0437327e+01   1.1674694e+02   1.4518286e+02   1.7837717e+02   1.3378414e+02   1.5849647e+02
   8.0773638e+01   1.1716282e+02   1.4583031e+02   1.7854364e+02   1.3408256e+02   1.5869477e+02
   8.0510753e+01   1.1706582e+02   1.4596167e+02   1.7906293e+02   1.3398985e+02   1.5892331e+02
   8.1168135e+01   1.1736415e+02   1.4577701e+02   1.7821390e+02   1.3320355e+02   1.5880054e+02
   8.0847654e+01   1.1802423e+02   1.4582703e+02   1.7874093e+02   1.3338636e+02   1.5873410e+02
   8.0824834e+01   1.1820038e+02   1.4515061e+02   1.7866565e+02   1.3294833e+02   1.5861259e+02
   8.1013199e+01   1.1776067e+02   1.4577532e+02   1.7894294e+02   1.3319160e+02   1.5907226e+02
   8.0801510e+01   1.1768329e+02   1.4584597e+02   1.7818005e+02   1.3367905e+02   1.5927587e+02
   8.0414928e+01   1.1711845e+02   1.4526858e+02   1.7805964e+02   1.3389958e+02   1.5875052e+02
   8.0376700e+01   1.1738512e+02   1.4542882e+02   1.7833052e+02   1.3378077e+02   1.5852620e+02
   8.0314473e+01   1.1680445e+02   1.4462030e+02   1.7790975e+02   1.3368874e+02   1.5809954e+02
   8.0109688e+01   1.1672866e+02   1.4433501e+02   1.7831772e+02   1.3359620e+02   1.5750497e+02
   8.0439853e+01   1.1743547e+02   1.4553315e+02   1.7873537e+02   1.3384350e+02   1.5862480e+02
   8.0543424e+01   1.1750654e+02   1.4613791e+02   1.7891625e+02   1.3334788e+02   1.5886192e+02
   8.0992822e+01   1.1723860e+02   1.4549282e+02   1.7850895e+02   1.3319867e+02   1.5903622e+02
   8.0999221e+01   1.1766064e+02   1.4557904e+02   1.7817196e+02   1.3348505e+02   1.5835518e+02
   8.1399191e+01   1.1823474e+02   1.4606153e+02   1.7864856e+02   1.3366373e+02   1.5914914e+02
   8.1568021e+01   1.1807854e+02   1.4603316e+02   1.7907320e+02   1.3372419e+02   1.6038315e+02
   8.1381340e+01   1.1824771e+02   1.4632686e+02   1.7882530e+02   1.3306108e+02   1.5995203e+02
   8.0902218e+01   1.1813361e+02   1.4648508e+02   1.7851383e+02   1.3323917e+02   1.5926871e+02
   8.0813972e+01   1.1771293e+02   1.4597885e+02   1.7837970e+02   1.3369312e+02   1.5855171e+02
   8.0495259e+01   1.1751926e+02   1.4555058e+02   1.7838736e+02   1.3333912e+02   1.5872223e+02
   8.0327777e+01   1.1715945e+02   1.4557719e+02   1.7787540e+02   1.3346416e+02   1.5898056e+02
   8.0092426e+01   1.1753374e+02   1.4544583e+02   1.7807993e+02   1.3369707e+02   1.5835737e+02
   8.1509751e+01   1.1758005e+02   1.4478862e+02   1.7832825e+02   1.3328447e+02   1.5880921e+02
   8.1388160e+01   1.1729275e+02   1.4496402e+02   1.7766059e+02   1.3272519e+02   1.5887430e+02
   8.1214868e+01   1.1799004e+02   1.4551783e+02   1.7860006e+02   1.3376713e+02   1.5881510e+02
   8.0963182e+01   1.1782113e+02   1.4529292e+02   1.7800086e+02   1.3340126e+02   1.5882226e+02
   8.1113065e+01   1.1752852e+02   1.4504123e+02   1.7773225e+02   1.3360782e+02   1.5904927e+02
   8.1006463e+01   1.1737704e+02   1.4504847e+02   1.7803286e+02   1.3336464e+02   1.5895749e+02
   8.0774564e+01   1.1752338e+02   1.4575360e+02   1.7879474e+02   1.3398724e+02   1.5911546e+02
   8.0410550e+01   1.1743505e+02   1.4596807e+02   1.7880644e+02   1.3394767e+02   1.5881367e+02
   8.0580390e+01   1.1743943e+02   1.4555631e+02   1.7866734e+02   1.3386792e+02   1.5940049e+02
   8.0555886e+01   1.1715979e+02   1.4508308e+02   1.7879701e+02   1.3356740e+02   1.5941640e+02
   8.0993916e+01   1.1749635e+02   1.4586273e+02   1.7955190e+02   1.3368950e+02   1.5992432e+02
   8.1169735e+01   1.1779233e+02   1.4633553e+02   1.7904920e+02   1.3375652e+02   1.5922366e+02
   8.0459388e+01   1.1735354e+02   1.4601463e+02   1.7833018e+02   1.3400417e+02   1.5875675e+02
   8.0400698e+01   1.1744086e+02   1.4567436e+02   1.7854928e+02   1.3384308e+02   1.5887969e+02
   8.0592010e+01   1.1720290e+02   1.4521781e+02   1.7823613e+02   1.3351014e+02   1.5825607e+02
   8.1255539e+01   1.1720349e+02   1.4471250e+02   1.7771448e+02   1.3350787e+02   1.5901484e+02
   8.1096561e+01   1.1778854e+02   1.4561736e+02   1.7770808e+02   1.3360529e+02   1.5826222e+02
   8.0898176e+01   1.1801690e+02   1.4564464e+02   1.7795295e+02   1.3386632e+02   1.5822239e+02
   8.1142284e+01   1.1849855e+02   1.4561525e+02   1.7864022e+02   1.3411641e+02   1.5791353e+02
   8.1425968e+01   1.1867412e+02   1.4620308e+02   1.7861303e+02   1.3432574e+02   1.5894301e+02
   8.1322313e+01   1.1847270e+02   1.4618405e+02   1.7893570e+02   1.3370145e+02   1.5906763e+02
   8.0710738e+01   1.1803425e+02   1.4567638e+02   1.7848243e+02   1.3297519e+02   1.5872686e+02
   8.1201396e+01   1.1787990e+02   1.4583696e+02   1.7827191e+02   1.3278068e+02   1.5896591e+02
   8.1270527e+01   1.1850554e+02   1.4651262e+02   1.7901746e+02   1.3281285e+02   1.5981444e+02
   8.1562968e+01   1.1846773e+02   1.4641679e+02   1.7907581e+02   1.3252680e+02   1.6034855e+02
   8.1142705e+01   1.1762999e+02   1.4555210e+02   1.7875281e+02   1.3288796e+02   1.5918771e+02
   8.1145147e+01   1.1724408e+02   1.4504729e+02   1.7777705e+02   1.3321147e+02   1.5831510e+02
   8.0719158e+01   1.1722589e+02   1.4485354e+02   1.7818266e+02   1.3289806e+02   1.5898309e+02
   8.0800668e+01   1.1763950e+02   1.4571352e+02   1.7865664e+02   1.3367358e+02   1.5894520e+02
   8.0806983e+01   1.1766148e+02   1.4516914e+02   1.7804886e+02   1.3369733e+02   1.5851264e+02
   8.0600009e+01   1.1651201e+02   1.4362677e+02   1.7744840e+02   1.3326864e+02   1.5808960e+02
   7.9919134e+01   1.1691585e+02   1.4389749e+02   1.7724984e+02   1.3312718e+02   1.5775851e+02
   8.0425622e+01   1.1715853e+02   1.4484066e+02   1.7774025e+02   1.3314057e+02   1.5877123e+02
   8.0960151e+01   1.1732171e+02   1.4455874e+02   1.7796600e+02   1.3273201e+02   1.5893964e+02
   8.0785090e+01   1.1757222e+02   1.4417351e+02   1.7711049e+02   1.3250104e+02   1.5763347e+02
   8.0573822e+01   1.1725292e+02   1.4370592e+02   1.7677081e+02   1.3223495e+02   1.5813204e+02
   8.0212165e+01   1.1665835e+02   1.4363738e+02   1.7711941e+02   1.3234888e+02   1.5847104e+02
   7.9945490e+01   1.1646350e+02   1.4354989e+02   1.7778884e+02   1.3233313e+02   1.5873620e+02
   8.0722779e+01   1.1661987e+02   1.4403154e+02   1.7823512e+02   1.3247342e+02   1.5865082e+02
   8.1074668e+01   1.1683560e+02   1.4490507e+02   1.7839940e+02   1.3254221e+02   1.5934626e+02
   8.0936237e+01   1.1709276e+02   1.4482525e+02   1.7827613e+02   1.3247695e+02   1.5929178e+02
   8.1179923e+01   1.1798710e+02   1.4479115e+02   1.7858583e+02   1.3242104e+02   1.5822104e+02
   8.1103887e+01   1.1790820e+02   1.4471359e+02   1.7863610e+02   1.3232303e+02   1.5920202e+02
   8.1310272e+01   1.1816359e+02   1.4561441e+02   1.7931798e+02   1.3307489e+02   1.5999826e+02
   8.1269854e+01   1.1819289e+02   1.4585894e+02   1.7976393e+02   1.3305232e+02   1.5982446e+02
   8.0612724e+01   1.1768758e+02   1.4523675e+02   1.7885604e+02   1.3290454e+02   1.5911352e+02
   8.0934805e+01   1.1720981e+02   1.4459722e+02   1.7807572e+02   1.3287987e+02   1.5867676e+02
   8.0538793e+01   1.1717293e+02   1.4465120e+02   1.7786285e+02   1.3302293e+02   1.5915596e+02
   8.1199290e+01   1.1702355e+02   1.4437964e+02   1.7778446e+02   1.3278304e+02   1.5943072e+02
   8.1148768e+01   1.1832989e+02   1.4511550e+02   1.7780197e+02   1.3326477e+02   1.5842995e+02
   8.1210321e+01   1.1791737e+02   1.4524989e+02   1.7828926e+02   1.3344050e+02   1.5883455e+02
   8.1217479e+01   1.1809833e+02   1.4551850e+02   1.7841068e+02   1.3291280e+02   1.5953833e+02
   8.1186660e+01   1.1794297e+02   1.4551067e+02   1.7856798e+02   1.3288812e+02   1.5953463e+02
   8.0855906e+01   1.1702068e+02   1.4444195e+02   1.7804178e+02   1.3270801e+02   1.5944040e+02
   8.0814309e+01   1.1695837e+02   1.4452119e+02   1.7788340e+02   1.3300879e+02   1.5919124e+02
   8.0781806e+01   1.1735994e+02   1.4499475e+02   1.7887970e+02   1.3325146e+02   1.5976703e+02
   8.0593525e+01   1.1748111e+02   1.4528778e+02   1.7921812e+02   1.3298690e+02   1.5955804e+02
   8.0691034e+01   1.1721259e+02   1.4510632e+02   1.7841186e+02   1.3305476e+02   1.5897880e+02
   8.1557664e+01   1.1720770e+02   1.4557104e+02   1.7813028e+02   1.3338333e+02   1.5908043e+02
   8.0735915e+01   1.1736297e+02   1.4554966e+02   1.7822392e+02   1.3393613e+02   1.5904557e+02
   8.0719495e+01   1.1721267e+02   1.4567352e+02   1.7809778e+02   1.3377404e+02   1.5869267e+02
   8.0582916e+01   1.1705125e+02   1.4493901e+02   1.7711369e+02   1.3276965e+02   1.5865419e+02
   8.1735419e+01   1.1685025e+02   1.4418555e+02   1.7681400e+02   1.3252158e+02   1.5943325e+02
   8.0933458e+01   1.1718236e+02   1.4499702e+02   1.7808928e+02   1.3305342e+02   1.5946373e+02
   8.1524824e+01   1.1778113e+02   1.4588117e+02   1.7869967e+02   1.3343570e+02   1.5936748e+02
   8.1352710e+01   1.1686575e+02   1.4508687e+02   1.7812995e+02   1.3263299e+02   1.5888550e+02
   8.1216552e+01   1.1676689e+02   1.4421569e+02   1.7690073e+02   1.3220607e+02   1.5876643e+02
   8.0401203e+01   1.1663334e+02   1.4360243e+02   1.7634002e+02   1.3238155e+02   1.5779615e+02
   8.0241215e+01   1.1638166e+02   1.4463613e+02   1.7676853e+02   1.3205130e+02   1.5805364e+02
   8.0594367e+01   1.1610202e+02   1.4492065e+02   1.7756965e+02   1.3260958e+02   1.5874538e+02
   8.0652384e+01   1.1704258e+02   1.4455925e+02   1.7664214e+02   1.3258937e+02   1.5754631e+02
   8.0880662e+01   1.1676176e+02   1.4351469e+02   1.7605659e+02   1.3237035e+02   1.5764635e+02
   8.0443305e+01   1.1706422e+02   1.4364260e+02   1.7613624e+02   1.3195910e+02   1.5750733e+02
   8.0994590e+01   1.1720315e+02   1.4427893e+02   1.7662084e+02   1.3240387e+02   1.5755726e+02
   8.2036364e+01   1.1745619e+02   1.4530134e+02   1.7730929e+02   1.3257312e+02   1.5885291e+02
   8.1215373e+01   1.1676967e+02   1.4541611e+02   1.7722046e+02   1.3217702e+02   1.5940681e+02
   8.1128475e+01   1.1705243e+02   1.4517107e+02   1.7692709e+02   1.3242744e+02   1.5921760e+02
   8.0743156e+01   1.1732533e+02   1.4535456e+02   1.7718728e+02   1.3269597e+02   1.5832268e+02
   8.1658372e+01   1.1809462e+02   1.4590769e+02   1.7816329e+02   1.3310554e+02   1.5914291e+02
   8.1428999e+01   1.1868456e+02   1.4693204e+02   1.7916616e+02   1.3373236e+02   1.5954827e+02
   8.1069953e+01   1.1836366e+02   1.4598432e+02   1.7851047e+02   1.3371114e+02   1.5890764e+02
   8.0911480e+01   1.1797143e+02   1.4507483e+02   1.7755037e+02   1.3337870e+02   1.5824563e+02
   8.1628142e+01   1.1866216e+02   1.4587738e+02   1.7750818e+02   1.3249506e+02   1.5923974e+02
   8.1310356e+01   1.1880303e+02   1.4646327e+02   1.7788272e+02   1.3255518e+02   1.5931064e+02
   8.1085783e+01   1.1827524e+02   1.4575815e+02   1.7770253e+02   1.3316878e+02   1.5861781e+02
   8.0774228e+01   1.1774711e+02   1.4418530e+02   1.7701618e+02   1.3286286e+02   1.5763456e+02
   8.1288715e+01   1.1772792e+02   1.4483089e+02   1.7744629e+02   1.3292896e+02   1.5828015e+02
   8.1369636e+01   1.1781170e+02   1.4510472e+02   1.7744537e+02   1.3295650e+02   1.5802417e+02
   8.0751829e+01   1.1750444e+02   1.4479401e+02   1.7737885e+02   1.3322376e+02   1.5796565e+02
   8.1478512e+01   1.1849030e+02   1.4485354e+02   1.7717036e+02   1.3317206e+02   1.5811966e+02
   8.1529960e+01   1.1841687e+02   1.4518396e+02   1.7702224e+02   1.3246567e+02   1.5837067e+02
   8.1574841e+01   1.1878762e+02   1.4595232e+02   1.7806646e+02   1.3326165e+02   1.5907597e+02
   8.1665445e+01   1.1849998e+02   1.4676489e+02   1.7842087e+02   1.3351469e+02   1.5916000e+02
   8.1534676e+01   1.1895359e+02   1.4696462e+02   1.7829979e+02   1.3335436e+02   1.5933852e+02
   8.1455271e+01   1.1874215e+02   1.4700193e+02   1.7836766e+02   1.3313922e+02   1.5938264e+02
   8.1014631e+01   1.1827162e+02   1.4660162e+02   1.7834121e+02   1.3342973e+02   1.5926475e+02
   8.1180344e+01   1.1848979e+02   1.4623971e+02   1.7826164e+02   1.3323513e+02   1.5855525e+02
   8.1019009e+01   1.1769811e+02   1.4524896e+02   1.7760510e+02   1.3286337e+02   1.5893653e+02
   8.0966129e+01   1.1716341e+02   1.4465069e+02   1.7728883e+02   1.3303910e+02   1.5880778e+02
   8.0306894e+01   1.1761424e+02   1.4542546e+02   1.7791859e+02   1.3335116e+02   1.5814728e+02
   8.1238951e+01   1.1785237e+02   1.4503610e+02   1.7744284e+02   1.3330022e+02   1.5847433e+02
   8.1299578e+01   1.1744794e+02   1.4415086e+02   1.7693543e+02   1.3273336e+02   1.5902174e+02
   8.1424705e+01   1.1824215e+02   1.4501210e+02   1.7728024e+02   1.3248100e+02   1.5918257e+02
   8.1622332e+01   1.1817765e+02   1.4514093e+02   1.7686217e+02   1.3211302e+02   1.5857184e+02
   8.1368120e+01   1.1694911e+02   1.4489303e+02   1.7701011e+02   1.3233069e+02   1.5922947e+02
   8.1506467e+01   1.1688048e+02   1.4442115e+02   1.7739594e+02   1.3216372e+02   1.5878555e+02
   8.1499647e+01   1.1783317e+02   1.4469069e+02   1.7740966e+02   1.3259063e+02   1.5841084e+02
   8.1372330e+01   1.1775520e+02   1.4476479e+02   1.7788407e+02   1.3305460e+02   1.5868863e+02
   8.1198448e+01   1.1794297e+02   1.4557517e+02   1.7854432e+02   1.3360394e+02   1.5931452e+02
   8.1191712e+01   1.1823339e+02   1.4652659e+02   1.7890538e+02   1.3399869e+02   1.5941607e+02
   8.1492321e+01   1.1824990e+02   1.4632989e+02   1.7795564e+02   1.3328708e+02   1.5899092e+02
   8.0784922e+01   1.1714960e+02   1.4501050e+02   1.7668576e+02   1.3289814e+02   1.5911377e+02
   8.0009148e+01   1.1724374e+02   1.4461347e+02   1.7702780e+02   1.3275946e+02   1.5845151e+02
   8.0960151e+01   1.1748802e+02   1.4554999e+02   1.7775894e+02   1.3263720e+02   1.5946861e+02
   8.1505962e+01   1.1754427e+02   1.4618557e+02   1.7848672e+02   1.3241448e+02   1.6030055e+02
   8.1564231e+01   1.1833831e+02   1.4700892e+02   1.7804886e+02   1.3238568e+02   1.5937346e+02
   8.1274148e+01   1.1803172e+02   1.4621950e+02   1.7746002e+02   1.3245051e+02   1.5944495e+02
   8.0779617e+01   1.1798002e+02   1.4600579e+02   1.7703765e+02   1.3270262e+02   1.5858733e+02
   8.1035345e+01   1.1825192e+02   1.4625866e+02   1.7786243e+02   1.3354433e+02   1.5931528e+02
   8.1010757e+01   1.1806204e+02   1.4590104e+02   1.7745556e+02   1.3332295e+02   1.5944183e+02
   8.0642785e+01   1.1719903e+02   1.4508679e+02   1.7709407e+02   1.3295119e+02   1.5887211e+02
   8.0524141e+01   1.1683274e+02   1.4470349e+02   1.7717642e+02   1.3267298e+02   1.5815376e+02
   8.1061701e+01   1.1725359e+02   1.4584412e+02   1.7800659e+02   1.3263458e+02   1.5908312e+02
   8.1321050e+01   1.1719549e+02   1.4588521e+02   1.7757647e+02   1.3212187e+02   1.5904321e+02
   8.1045618e+01   1.1746680e+02   1.4584353e+02   1.7794318e+02   1.3265067e+02   1.5951981e+02
   8.0788121e+01   1.1740861e+02   1.4530269e+02   1.7786925e+02   1.3300289e+02   1.5875523e+02
   8.1135716e+01   1.1791342e+02   1.4629453e+02   1.7809685e+02   1.3336666e+02   1.5927738e+02
   8.1461502e+01   1.1828147e+02   1.4657223e+02   1.7790142e+02   1.3364731e+02   1.5925911e+02
   8.1205101e+01   1.1762645e+02   1.4604646e+02   1.7771583e+02   1.3352917e+02   1.5942457e+02
   8.1458050e+01   1.1768581e+02   1.4568203e+02   1.7729683e+02   1.3271289e+02   1.5880618e+02
   8.0821971e+01   1.1749913e+02   1.4554208e+02   1.7686048e+02   1.3287431e+02   1.5850068e+02
   8.0543003e+01   1.1749551e+02   1.4555606e+02   1.7690915e+02   1.3245658e+02   1.5816336e+02
   8.0614745e+01   1.1718421e+02   1.4559210e+02   1.7736680e+02   1.3275946e+02   1.5890571e+02
   8.1161567e+01   1.1749652e+02   1.4574653e+02   1.7752149e+02   1.3285907e+02   1.5977747e+02
   8.0991222e+01   1.1700746e+02   1.4475359e+02   1.7755130e+02   1.3295288e+02   1.5940925e+02
   8.0793847e+01   1.1673919e+02   1.4491720e+02   1.7820826e+02   1.3380991e+02   1.5945682e+02
   8.0735831e+01   1.1710666e+02   1.4664659e+02   1.7921770e+02   1.3416466e+02   1.5970093e+02
   8.0418296e+01   1.1701732e+02   1.4677415e+02   1.7820455e+02   1.3365068e+02   1.5871802e+02
   8.0274560e+01   1.1688596e+02   1.4590845e+02   1.7741640e+02   1.3316650e+02   1.5938626e+02
   8.0728589e+01   1.1720097e+02   1.4586626e+02   1.7798074e+02   1.3309459e+02   1.5937186e+02
   8.1292673e+01   1.1669069e+02   1.4534622e+02   1.7756569e+02   1.3263854e+02   1.5912826e+02
   8.1112139e+01   1.1692646e+02   1.4505117e+02   1.7694073e+02   1.3183818e+02   1.5974396e+02
   8.0718484e+01   1.1733771e+02   1.4554292e+02   1.7720395e+02   1.3170640e+02   1.5939636e+02
   8.0472692e+01   1.1688040e+02   1.4551699e+02   1.7750616e+02   1.3198992e+02   1.5925566e+02
   8.0525657e+01   1.1711642e+02   1.4626009e+02   1.7842862e+02   1.3250146e+02   1.5987936e+02
   8.0372489e+01   1.1749947e+02   1.4703856e+02   1.7870405e+02   1.3327883e+02   1.6015243e+02
   8.1040313e+01   1.1724012e+02   1.4697431e+02   1.7827074e+02   1.3320254e+02   1.6021449e+02
   8.1084352e+01   1.1788453e+02   1.4646454e+02   1.7784761e+02   1.3270456e+02   1.5990092e+02
   8.1188428e+01   1.1821546e+02   1.4673037e+02   1.7829052e+02   1.3277049e+02   1.5965546e+02
   8.1382771e+01   1.1824653e+02   1.4747650e+02   1.7878817e+02   1.3364697e+02   1.6055064e+02
   8.1038797e+01   1.1779503e+02   1.4777223e+02   1.7883406e+02   1.3407751e+02   1.6044024e+02
   8.0613482e+01   1.1732272e+02   1.4713413e+02   1.7826712e+02   1.3435210e+02   1.6001973e+02
   8.1570799e+01   1.1759454e+02   1.4685154e+02   1.7831284e+02   1.3396981e+02   1.5987001e+02
   8.0858684e+01   1.1829107e+02   1.4675395e+02   1.7826872e+02   1.3377202e+02   1.5873907e+02
   8.0730357e+01   1.1795796e+02   1.4682072e+02   1.7829869e+02   1.3377193e+02   1.5961260e+02
   8.1053954e+01   1.1813471e+02   1.4718701e+02   1.7889553e+02   1.3427076e+02   1.6018738e+02
   8.1301514e+01   1.1862183e+02   1.4816176e+02   1.7978018e+02   1.3448295e+02   1.6107203e+02
   8.0857674e+01   1.1711179e+02   1.4703923e+02   1.7812127e+02   1.3385849e+02   1.5975600e+02
   8.0371226e+01   1.1659335e+02   1.4552743e+02   1.7658547e+02   1.3315901e+02   1.5864686e+02
   8.0673351e+01   1.1653348e+02   1.4496974e+02   1.7607090e+02   1.3264031e+02   1.5835594e+02
   8.0469324e+01   1.1746166e+02   1.4535801e+02   1.7698250e+02   1.3304710e+02   1.5818947e+02
   8.0551339e+01   1.1769541e+02   1.4641822e+02   1.7790100e+02   1.3311809e+02   1.5902326e+02
   8.0408108e+01   1.1752658e+02   1.4654765e+02   1.7866220e+02   1.3395272e+02   1.5991767e+02
   8.0255193e+01   1.1694557e+02   1.4612502e+02   1.7879617e+02   1.3386018e+02   1.5967112e+02
   8.0888240e+01   1.1734782e+02   1.4655127e+02   1.7838357e+02   1.3370979e+02   1.6053817e+02
   8.0782480e+01   1.1707912e+02   1.4647515e+02   1.7786041e+02   1.3337297e+02   1.6019496e+02
   8.0681098e+01   1.1722345e+02   1.4689591e+02   1.7770648e+02   1.3283617e+02   1.5968156e+02
   8.1167124e+01   1.1715305e+02   1.4681373e+02   1.7745412e+02   1.3255636e+02   1.5984416e+02
   8.0566075e+01   1.1754805e+02   1.4683899e+02   1.7746271e+02   1.3291810e+02   1.5908001e+02
   8.0509321e+01   1.1698717e+02   1.4651952e+02   1.7763449e+02   1.3276350e+02   1.5891606e+02
   8.0480608e+01   1.1646123e+02   1.4613008e+02   1.7782008e+02   1.3315876e+02   1.5941632e+02
   8.0229090e+01   1.1642797e+02   1.4554157e+02   1.7729127e+02   1.3289983e+02   1.5904515e+02
   7.9877790e+01   1.1578785e+02   1.4499467e+02   1.7704262e+02   1.3299885e+02   1.5805145e+02
   8.0102278e+01   1.1611877e+02   1.4563218e+02   1.7757193e+02   1.3273075e+02   1.5908110e+02
   7.9885789e+01   1.1639682e+02   1.4586003e+02   1.7798360e+02   1.3295237e+02   1.5914451e+02
   7.9959636e+01   1.1573809e+02   1.4556262e+02   1.7763491e+02   1.3298925e+02   1.5918990e+02
   7.9934796e+01   1.1577227e+02   1.4517234e+02   1.7732420e+02   1.3239250e+02   1.5858211e+02
   8.0575506e+01   1.1653146e+02   1.4547606e+02   1.7694477e+02   1.3253708e+02   1.5769914e+02
   8.0671751e+01   1.1650510e+02   1.4583006e+02   1.7758784e+02   1.3277217e+02   1.5959374e+02
   8.0654573e+01   1.1685632e+02   1.4662217e+02   1.7910301e+02   1.3363156e+02   1.6033103e+02
   8.0802015e+01   1.1662459e+02   1.4735853e+02   1.7913332e+02   1.3416879e+02   1.6025339e+02
   8.0623334e+01   1.1659377e+02   1.4749646e+02   1.7914014e+02   1.3387997e+02   1.6069597e+02
   8.0123413e+01   1.1642393e+02   1.4625933e+02   1.7767533e+02   1.3306723e+02   1.5949354e+02
   8.0885209e+01   1.1597041e+02   1.4534007e+02   1.7651575e+02   1.3259594e+02   1.5928808e+02
   8.0633522e+01   1.1572377e+02   1.4489421e+02   1.7710223e+02   1.3273058e+02   1.5965184e+02
   8.1157273e+01   1.1664833e+02   1.4645544e+02   1.7827284e+02   1.3309628e+02   1.5999666e+02
   8.1063637e+01   1.1727565e+02   1.4690113e+02   1.7845683e+02   1.3310259e+02   1.6059307e+02
   8.1314987e+01   1.1735944e+02   1.4725892e+02   1.7791691e+02   1.3297906e+02   1.6064284e+02
   8.1094372e+01   1.1706051e+02   1.4668397e+02   1.7768830e+02   1.3299077e+02   1.6029112e+02
   8.0034410e+01   1.1642292e+02   1.4598238e+02   1.7694924e+02   1.3268561e+02   1.5895716e+02
   7.9801080e+01   1.1512803e+02   1.4502927e+02   1.7570108e+02   1.3192239e+02   1.5826533e+02
   8.0053103e+01   1.1456756e+02   1.4445803e+02   1.7611006e+02   1.3196440e+02   1.5868358e+02
   8.0660384e+01   1.1612686e+02   1.4504527e+02   1.7712135e+02   1.3258112e+02   1.5903572e+02
   8.0391267e+01   1.1679485e+02   1.4584690e+02   1.7775423e+02   1.3337769e+02   1.5918097e+02
   8.0418549e+01   1.1646645e+02   1.4536171e+02   1.7856949e+02   1.3366701e+02   1.5950019e+02
   8.0013106e+01   1.1549238e+02   1.4525267e+02   1.7855644e+02   1.3420735e+02   1.5971743e+02
   8.0202902e+01   1.1599592e+02   1.4514716e+02   1.7854053e+02   1.3386540e+02   1.5951711e+02
   8.0144549e+01   1.1610252e+02   1.4559706e+02   1.7757681e+02   1.3401848e+02   1.5987565e+02
   8.0923101e+01   1.1723305e+02   1.4665408e+02   1.7808288e+02   1.3391432e+02   1.6020321e+02
   8.1459481e+01   1.1804553e+02   1.4758900e+02   1.7787733e+02   1.3355384e+02   1.6080300e+02
   8.0763618e+01   1.1727776e+02   1.4675479e+02   1.7748738e+02   1.3323092e+02   1.6090985e+02
   8.0550665e+01   1.1670062e+02   1.4648382e+02   1.7819529e+02   1.3332498e+02   1.6062558e+02
   8.0873083e+01   1.1732230e+02   1.4738270e+02   1.7913897e+02   1.3410033e+02   1.6128776e+02
   8.0955772e+01   1.1761289e+02   1.4794872e+02   1.7967728e+02   1.3404029e+02   1.6176654e+02
   8.1158030e+01   1.1735076e+02   1.4779766e+02   1.7940648e+02   1.3350458e+02   1.6103270e+02
   8.0663920e+01   1.1718825e+02   1.4676245e+02   1.7875222e+02   1.3318183e+02   1.5990656e+02
   8.0284412e+01   1.1654560e+02   1.4570990e+02   1.7858970e+02   1.3359098e+02   1.5985755e+02
   8.0014706e+01   1.1617519e+02   1.4548575e+02   1.7899456e+02   1.3387104e+02   1.5957252e+02
   8.0440105e+01   1.1638688e+02   1.4552280e+02   1.7901864e+02   1.3482928e+02   1.5971053e+02
   8.0490628e+01   1.1679300e+02   1.4619542e+02   1.7955839e+02   1.3546351e+02   1.5991380e+02
   8.0904660e+01   1.1671662e+02   1.4674746e+02   1.7920793e+02   1.3511187e+02   1.6001282e+02
   8.0765302e+01   1.1702094e+02   1.4716107e+02   1.7876510e+02   1.3421047e+02   1.6054550e+02
   8.0650111e+01   1.1760195e+02   1.4680169e+02   1.7782673e+02   1.3345398e+02   1.6033044e+02
   8.0017821e+01   1.1704536e+02   1.4633267e+02   1.7713676e+02   1.3300946e+02   1.5961437e+02
   7.9679910e+01   1.1659949e+02   1.4620359e+02   1.7740402e+02   1.3290269e+02   1.5952149e+02
   7.9470073e+01   1.1633366e+02   1.4575486e+02   1.7755609e+02   1.3281756e+02   1.5954684e+02
   7.9159191e+01   1.1591155e+02   1.4536129e+02   1.7771305e+02   1.3336935e+02   1.5860687e+02
   8.0285506e+01   1.1591988e+02   1.4595308e+02   1.7858002e+02   1.3413283e+02   1.6046391e+02
   8.0573737e+01   1.1586338e+02   1.4624560e+02   1.7890075e+02   1.3387096e+02   1.6088627e+02
   8.0205849e+01   1.1664909e+02   1.4645334e+02   1.7879188e+02   1.3405183e+02   1.6024700e+02
   8.0060092e+01   1.1690406e+02   1.4660086e+02   1.7808574e+02   1.3340169e+02   1.6026358e+02
   7.9331641e+01   1.1575989e+02   1.4583654e+02   1.7724471e+02   1.3297519e+02   1.5918745e+02
   7.9251142e+01   1.1614496e+02   1.4580640e+02   1.7813087e+02   1.3345128e+02   1.5992929e+02
   7.9673510e+01   1.1699003e+02   1.4708723e+02   1.7905055e+02   1.3380326e+02   1.6071172e+02
   8.0355228e+01   1.1662164e+02   1.4741150e+02   1.7871424e+02   1.3338097e+02   1.6074784e+02
   8.0430927e+01   1.1651874e+02   1.4664120e+02   1.7822013e+02   1.3277891e+02   1.5951947e+02
   8.0565317e+01   1.1674862e+02   1.4656482e+02   1.7834433e+02   1.3296189e+02   1.5934298e+02
   8.0454841e+01   1.1641138e+02   1.4618203e+02   1.7948816e+02   1.3396585e+02   1.6038736e+02
   8.0241720e+01   1.1587492e+02   1.4686408e+02   1.8035833e+02   1.3460884e+02   1.6020776e+02
   8.0484902e+01   1.1619094e+02   1.4810618e+02   1.8042948e+02   1.3484292e+02   1.6084746e+02
   7.9919302e+01   1.1606303e+02   1.4694711e+02   1.7901199e+02   1.3381226e+02   1.6000516e+02
   8.0553697e+01   1.1523530e+02   1.4583528e+02   1.7702746e+02   1.3315589e+02   1.5993906e+02
   8.0367100e+01   1.1620887e+02   1.4638151e+02   1.7768973e+02   1.3360605e+02   1.6000230e+02
   8.0960993e+01   1.1637021e+02   1.4613563e+02   1.7766800e+02   1.3279575e+02   1.6082388e+02
   8.0528604e+01   1.1646536e+02   1.4513243e+02   1.7734474e+02   1.3201669e+02   1.5980408e+02
   8.0210817e+01   1.1561203e+02   1.4519339e+02   1.7703192e+02   1.3239359e+02   1.5971221e+02
   7.9300317e+01   1.1573371e+02   1.4532172e+02   1.7718703e+02   1.3256225e+02   1.5939628e+02
   7.9911387e+01   1.1587483e+02   1.4629427e+02   1.7763533e+02   1.3283373e+02   1.5974859e+02
   7.9898504e+01   1.1583778e+02   1.4653308e+02   1.7832160e+02   1.3309400e+02   1.6047216e+02
   8.0496438e+01   1.1682693e+02   1.4653333e+02   1.7778311e+02   1.3299329e+02   1.5985140e+02
   8.0325756e+01   1.1704157e+02   1.4672683e+02   1.7776770e+02   1.3328304e+02   1.6033112e+02
   8.0186061e+01   1.1631918e+02   1.4616308e+02   1.7772753e+02   1.3342627e+02   1.6037111e+02
   7.9934880e+01   1.1573244e+02   1.4550537e+02   1.7767726e+02   1.3362499e+02   1.5992542e+02
   8.0440779e+01   1.1607254e+02   1.4598263e+02   1.7820152e+02   1.3432237e+02   1.6021997e+02
   8.0496438e+01   1.1616475e+02   1.4647725e+02   1.7867273e+02   1.3459595e+02   1.6047654e+02
   8.0802352e+01   1.1609351e+02   1.4652011e+02   1.7793872e+02   1.3373429e+02   1.5996247e+02
   8.0246183e+01   1.1621990e+02   1.4620999e+02   1.7735838e+02   1.3324161e+02   1.5967542e+02
   7.9653301e+01   1.1626798e+02   1.4604116e+02   1.7785325e+02   1.3332969e+02   1.5921431e+02
   7.9332483e+01   1.1550332e+02   1.4565685e+02   1.7797568e+02   1.3384822e+02   1.5899749e+02
   7.9948353e+01   1.1575442e+02   1.4626859e+02   1.7806789e+02   1.3387517e+02   1.5951021e+02
   8.0228669e+01   1.1645988e+02   1.4680876e+02   1.7846011e+02   1.3351940e+02   1.6019209e+02
   8.0466377e+01   1.1667881e+02   1.4630497e+02   1.7750692e+02   1.3396905e+02   1.5951585e+02
   7.9868106e+01   1.1624744e+02   1.4632198e+02   1.7805366e+02   1.3396501e+02   1.6029785e+02
   8.0113140e+01   1.1634941e+02   1.4705220e+02   1.7886227e+02   1.3385647e+02   1.6079180e+02
   8.0350680e+01   1.1588713e+02   1.4639263e+02   1.7863096e+02   1.3360984e+02   1.6017896e+02
   8.0265129e+01   1.1611086e+02   1.4582964e+02   1.7841254e+02   1.3357801e+02   1.5995514e+02
   8.0373416e+01   1.1672403e+02   1.4625495e+02   1.7942433e+02   1.3430629e+02   1.6002268e+02
   8.0667541e+01   1.1688806e+02   1.4703258e+02   1.8033534e+02   1.3469270e+02   1.6064090e+02
   8.0275991e+01   1.1707213e+02   1.4726784e+02   1.8036927e+02   1.3498169e+02   1.6023588e+02
   8.0023042e+01   1.1694869e+02   1.4752568e+02   1.8019548e+02   1.3505613e+02   1.6033347e+02
   8.0608261e+01   1.1750671e+02   1.4846506e+02   1.7982835e+02   1.3422116e+02   1.6140042e+02
   8.0683287e+01   1.1707340e+02   1.4734186e+02   1.7828598e+02   1.3319345e+02   1.6105241e+02
   8.0372826e+01   1.1651731e+02   1.4631827e+02   1.7725532e+02   1.3310512e+02   1.6072014e+02
   8.0203407e+01   1.1667427e+02   1.4682636e+02   1.7777553e+02   1.3320271e+02   1.6124094e+02
   8.0191366e+01   1.1680041e+02   1.4697936e+02   1.7895001e+02   1.3365337e+02   1.6099237e+02
   8.0733389e+01   1.1724340e+02   1.4789163e+02   1.7934106e+02   1.3385462e+02   1.6144497e+02
   8.0491723e+01   1.1676748e+02   1.4757435e+02   1.7966305e+02   1.3361455e+02   1.6146585e+02
   7.9691025e+01   1.1628348e+02   1.4730051e+02   1.7951106e+02   1.3391676e+02   1.6058230e+02
   8.0092005e+01   1.1618167e+02   1.4669862e+02   1.7913408e+02   1.3363375e+02   1.6047510e+02
   7.9558403e+01   1.1587424e+02   1.4671883e+02   1.7942753e+02   1.3395120e+02   1.6070271e+02
   8.0631080e+01   1.1614563e+02   1.4684708e+02   1.7930106e+02   1.3372452e+02   1.6069244e+02
   8.0470924e+01   1.1626992e+02   1.4655531e+02   1.7896205e+02   1.3381370e+02   1.5981368e+02
   8.0464188e+01   1.1648910e+02   1.4661678e+02   1.7938114e+02   1.3404037e+02   1.6003750e+02
   8.0671077e+01   1.1626984e+02   1.4733815e+02   1.7996661e+02   1.3420339e+02   1.6048841e+02
   8.0377963e+01   1.1651251e+02   1.4767564e+02   1.8027227e+02   1.3458728e+02   1.6084299e+02
   8.0795110e+01   1.1727793e+02   1.4808917e+02   1.7969513e+02   1.3445348e+02   1.6107119e+02
   8.0152548e+01   1.1686617e+02   1.4719610e+02   1.7888509e+02   1.3339630e+02   1.6065791e+02
