   1.0400163e+02   1.1366544e+02   1.3542774e+02   1.6243946e+02   8.6846367e+01   1.1031258e+02
   1.0437190e+02   1.1374356e+02   1.3540784e+02   1.6252587e+02   8.7129563e+01   1.1058291e+02
   1.0479359e+02   1.1409438e+02   1.3579276e+02   1.6274322e+02   8.7238832e+01   1.1058350e+02
   1.0479292e+02   1.1397586e+02   1.3581962e+02   1.6301414e+02   8.7342404e+01   1.1134586e+02
   1.0474299e+02   1.1385734e+02   1.3613781e+02   1.6302191e+02   8.7693662e+01   1.1168765e+02
   1.0528312e+02   1.1407159e+02   1.3637980e+02   1.6323623e+02   8.7510117e+01   1.1142724e+02
   1.0472279e+02   1.1368719e+02   1.3586401e+02   1.6334957e+02   8.7726657e+01   1.1102731e+02
   1.0489132e+02   1.1406545e+02   1.3588864e+02   1.6318895e+02   8.7609472e+01   1.1071415e+02
   1.0401939e+02   1.1342079e+02   1.3576102e+02   1.6301207e+02   8.7588980e+01   1.1100667e+02
   1.0474313e+02   1.1349284e+02   1.3599007e+02   1.6229431e+02   8.7351578e+01   1.1107118e+02
   1.0523555e+02   1.1392245e+02   1.3613862e+02   1.6222359e+02   8.7543038e+01   1.1131021e+02
   1.0501915e+02   1.1393125e+02   1.3619684e+02   1.6264809e+02   8.7404325e+01   1.1134069e+02
   1.0472471e+02   1.1384765e+02   1.3583930e+02   1.6289015e+02   8.7208648e+01   1.1068840e+02
   1.0472530e+02   1.1397963e+02   1.3616096e+02   1.6348769e+02   8.7592901e+01   1.1092433e+02
   1.0483332e+02   1.1375185e+02   1.3616037e+02   1.6349937e+02   8.7666437e+01   1.1121240e+02
   1.0474543e+02   1.1385498e+02   1.3590743e+02   1.6283577e+02   8.7118836e+01   1.1089370e+02
   1.0435600e+02   1.1382753e+02   1.3557748e+02   1.6269654e+02   8.7105667e+01   1.1055901e+02
   1.0482718e+02   1.1415467e+02   1.3552185e+02   1.6287409e+02   8.7297794e+01   1.1109226e+02
   1.0472863e+02   1.1425040e+02   1.3557164e+02   1.6313428e+02   8.7099157e+01   1.1080463e+02
   1.0458171e+02   1.1401995e+02   1.3581259e+02   1.6284931e+02   8.7265095e+01   1.1100053e+02
   1.0429038e+02   1.1377745e+02   1.3554892e+02   1.6262241e+02   8.7026583e+01   1.1077807e+02
   1.0448161e+02   1.1337063e+02   1.3574934e+02   1.6295547e+02   8.7194074e+01   1.1093106e+02
   1.0447658e+02   1.1323584e+02   1.3567402e+02   1.6295836e+02   8.7549622e+01   1.1113177e+02
   1.0449966e+02   1.1354345e+02   1.3597927e+02   1.6312385e+02   8.7282924e+01   1.1115588e+02
   1.0433905e+02   1.1303801e+02   1.3601996e+02   1.6178777e+02   8.7063129e+01   1.1070512e+02
   1.0438389e+02   1.1299607e+02   1.3606042e+02   1.6168612e+02   8.7149538e+01   1.1089096e+02
   1.0440135e+02   1.1309172e+02   1.3574394e+02   1.6210810e+02   8.6827280e+01   1.1054762e+02
   1.0379737e+02   1.1276007e+02   1.3519959e+02   1.6268766e+02   8.7150499e+01   1.1015848e+02
   1.0366909e+02   1.1248901e+02   1.3536545e+02   1.6263654e+02   8.7269164e+01   1.1041867e+02
   1.0441777e+02   1.1304223e+02   1.3580423e+02   1.6236045e+02   8.7375325e+01   1.1071607e+02
   1.0449449e+02   1.1327186e+02   1.3638963e+02   1.6207148e+02   8.7738568e+01   1.1082275e+02
   1.0496308e+02   1.1355950e+02   1.3582413e+02   1.6192330e+02   8.7518255e+01   1.1125258e+02
   1.0477435e+02   1.1320425e+02   1.3595278e+02   1.6196614e+02   8.7329605e+01   1.1124688e+02
   1.0481282e+02   1.1333904e+02   1.3579794e+02   1.6224867e+02   8.7594824e+01   1.1103907e+02
   1.0451557e+02   1.1300176e+02   1.3585158e+02   1.6265430e+02   8.7458109e+01   1.1090324e+02
   1.0429363e+02   1.1325633e+02   1.3574364e+02   1.6271334e+02   8.7308965e+01   1.1086965e+02
   1.0419154e+02   1.1293311e+02   1.3580453e+02   1.6299350e+02   8.7558426e+01   1.1126685e+02
   1.0471976e+02   1.1328866e+02   1.3595249e+02   1.6270978e+02   8.7617092e+01   1.1110513e+02
   1.0445587e+02   1.1354707e+02   1.3591276e+02   1.6232827e+02   8.7686264e+01   1.1096635e+02
   1.0480986e+02   1.1395344e+02   1.3614446e+02   1.6283230e+02   8.7819650e+01   1.1131753e+02
   1.0486239e+02   1.1392422e+02   1.3610644e+02   1.6320205e+02   8.7701208e+01   1.1170459e+02
   1.0538854e+02   1.1389086e+02   1.3607884e+02   1.6311298e+02   8.7750331e+01   1.1152778e+02
   1.0506916e+02   1.1370206e+02   1.3582768e+02   1.6246521e+02   8.7093165e+01   1.1129948e+02
   1.0472567e+02   1.1389145e+02   1.3581703e+02   1.6255443e+02   8.7198956e+01   1.1142140e+02
   1.0414382e+02   1.1324915e+02   1.3536560e+02   1.6236578e+02   8.6917388e+01   1.1105276e+02
   1.0399808e+02   1.1329931e+02   1.3503972e+02   1.6200520e+02   8.6579742e+01   1.1074663e+02
   1.0372450e+02   1.1311680e+02   1.3485965e+02   1.6164994e+02   8.6795838e+01   1.1024526e+02
   1.0391330e+02   1.1327941e+02   1.3535162e+02   1.6210463e+02   8.7099601e+01   1.1056463e+02
   1.0405253e+02   1.1346118e+02   1.3571782e+02   1.6315315e+02   8.7425706e+01   1.1130362e+02
   1.0452785e+02   1.1358783e+02   1.3577908e+02   1.6332900e+02   8.7257623e+01   1.1102435e+02
   1.0411867e+02   1.1375732e+02   1.3552991e+02   1.6371991e+02   8.7520326e+01   1.1104758e+02
   1.0380677e+02   1.1356305e+02   1.3527645e+02   1.6285530e+02   8.7398259e+01   1.1076268e+02
   1.0380100e+02   1.1325899e+02   1.3498386e+02   1.6242807e+02   8.7286475e+01   1.1041142e+02
   1.0305698e+02   1.1259813e+02   1.3499607e+02   1.6246336e+02   8.7318582e+01   1.1069306e+02
   1.0337953e+02   1.1257956e+02   1.3479595e+02   1.6260414e+02   8.7316733e+01   1.1057899e+02
   1.0339063e+02   1.1289642e+02   1.3488562e+02   1.6297796e+02   8.7161670e+01   1.1084694e+02
   1.0375387e+02   1.1302751e+02   1.3522400e+02   1.6314257e+02   8.7471277e+01   1.1053142e+02
   1.0398898e+02   1.1284722e+02   1.3555092e+02   1.6362018e+02   8.7782512e+01   1.1110343e+02
   1.0457165e+02   1.1289471e+02   1.3561795e+02   1.6332330e+02   8.7796420e+01   1.1113169e+02
   1.0435392e+02   1.1259021e+02   1.3551171e+02   1.6249724e+02   8.7687448e+01   1.1096553e+02
   1.0426729e+02   1.1292763e+02   1.3559538e+02   1.6246743e+02   8.7424226e+01   1.1087476e+02
   1.0418880e+02   1.1294672e+02   1.3521165e+02   1.6230489e+02   8.7274712e+01   1.1075351e+02
   1.0375750e+02   1.1323266e+02   1.3535643e+02   1.6231873e+02   8.7185788e+01   1.1064986e+02
   1.0386255e+02   1.1345363e+02   1.3523821e+02   1.6209175e+02   8.6927079e+01   1.1041860e+02
   1.0352527e+02   1.1284278e+02   1.3504993e+02   1.6225532e+02   8.6954822e+01   1.1056693e+02
   1.0360828e+02   1.1228822e+02   1.3473218e+02   1.6173990e+02   8.6587436e+01   1.1047342e+02
   1.0336903e+02   1.1196560e+02   1.3446504e+02   1.6161665e+02   8.6521890e+01   1.1023979e+02
   1.0363683e+02   1.1226729e+02   1.3476762e+02   1.6206963e+02   8.6709873e+01   1.1012652e+02
   1.0333758e+02   1.1253443e+02   1.3498253e+02   1.6185842e+02   8.6913097e+01   1.1075965e+02
   1.0354332e+02   1.1257312e+02   1.3479795e+02   1.6204056e+02   8.6910804e+01   1.1088068e+02
   1.0326198e+02   1.1247976e+02   1.3494517e+02   1.6242585e+02   8.6930186e+01   1.1072414e+02
   1.0298655e+02   1.1230332e+02   1.3503927e+02   1.6253334e+02   8.7287141e+01   1.1049901e+02
   1.0330947e+02   1.1252703e+02   1.3512509e+02   1.6270305e+02   8.7369629e+01   1.1032546e+02
   1.0390383e+02   1.1331707e+02   1.3520876e+02   1.6296080e+02   8.7434435e+01   1.1041564e+02
   1.0397263e+02   1.1327660e+02   1.3513242e+02   1.6315359e+02   8.7483484e+01   1.1112577e+02
   1.0427351e+02   1.1293696e+02   1.3528030e+02   1.6218793e+02   8.7505752e+01   1.1108960e+02
   1.0433469e+02   1.1314676e+02   1.3535502e+02   1.6160844e+02   8.7402106e+01   1.1119273e+02
   1.0395791e+02   1.1282266e+02   1.3527017e+02   1.6147380e+02   8.7574036e+01   1.1097974e+02
   1.0378687e+02   1.1285647e+02   1.3519885e+02   1.6216204e+02   8.7296980e+01   1.1095984e+02
   1.0386129e+02   1.1304645e+02   1.3495109e+02   1.6290605e+02   8.7283516e+01   1.1105697e+02
   1.0410321e+02   1.1288044e+02   1.3503676e+02   1.6273760e+02   8.7387754e+01   1.1062463e+02
   1.0391944e+02   1.1279122e+02   1.3517429e+02   1.6317120e+02   8.7745300e+01   1.1130377e+02
   1.0341408e+02   1.1272323e+02   1.3500524e+02   1.6278754e+02   8.7445088e+01   1.1100141e+02
   1.0334979e+02   1.1239979e+02   1.3496137e+02   1.6295599e+02   8.7639656e+01   1.1064069e+02
   1.0286034e+02   1.1194496e+02   1.3474269e+02   1.6264091e+02   8.7308521e+01   1.1059474e+02
   1.0271630e+02   1.1164349e+02   1.3481297e+02   1.6212867e+02   8.6885502e+01   1.1036600e+02
   1.0281218e+02   1.1156455e+02   1.3447621e+02   1.6215516e+02   8.7247339e+01   1.0963396e+02
   1.0292352e+02   1.1120782e+02   1.3485662e+02   1.6227456e+02   8.7088726e+01   1.1000401e+02
   1.0299291e+02   1.1114738e+02   1.3476111e+02   1.6228159e+02   8.7527206e+01   1.1035756e+02
   1.0300157e+02   1.1130170e+02   1.3493689e+02   1.6238893e+02   8.7541707e+01   1.1048880e+02
   1.0364512e+02   1.1184397e+02   1.3495139e+02   1.6244101e+02   8.7453966e+01   1.1022410e+02
   1.0389858e+02   1.1177362e+02   1.3554478e+02   1.6239522e+02   8.7564123e+01   1.1025902e+02
   1.0439106e+02   1.1254264e+02   1.3538868e+02   1.6219451e+02   8.7528834e+01   1.1063033e+02
   1.0480579e+02   1.1275230e+02   1.3561728e+02   1.6230334e+02   8.7789910e+01   1.1053726e+02
   1.0469616e+02   1.1267958e+02   1.3533423e+02   1.6282919e+02   8.7574258e+01   1.1095088e+02
   1.0442879e+02   1.1284544e+02   1.3545874e+02   1.6294578e+02   8.7818836e+01   1.1090457e+02
   1.0504889e+02   1.1321586e+02   1.3567143e+02   1.6299661e+02   8.7668879e+01   1.1085404e+02
   1.0557534e+02   1.1383308e+02   1.3562261e+02   1.6294985e+02   8.7699506e+01   1.1130717e+02
   1.0552370e+02   1.1391475e+02   1.3585542e+02   1.6312060e+02   8.7917230e+01   1.1149590e+02
   1.0525411e+02   1.1392222e+02   1.3552251e+02   1.6315167e+02   8.7821500e+01   1.1165133e+02
   1.0425412e+02   1.1323051e+02   1.3512628e+02   1.6319583e+02   8.7640470e+01   1.1129001e+02
   1.0408242e+02   1.1294339e+02   1.3488384e+02   1.6268249e+02   8.7601335e+01   1.1099601e+02
   1.0363920e+02   1.1278012e+02   1.3463749e+02   1.6235172e+02   8.6793249e+01   1.1049065e+02
   1.0287817e+02   1.1172620e+02   1.3458163e+02   1.6144983e+02   8.6450425e+01   1.0909221e+02
   1.0271475e+02   1.1121403e+02   1.3467278e+02   1.6118779e+02   8.6110116e+01   1.0963603e+02
   1.0185251e+02   1.1068988e+02   1.3431967e+02   1.6174693e+02   8.6208880e+01   1.0931725e+02
   1.0166933e+02   1.1046905e+02   1.3405223e+02   1.6206882e+02   8.6808637e+01   1.0906284e+02
   1.0236963e+02   1.1048658e+02   1.3393046e+02   1.6176306e+02   8.6604378e+01   1.0920244e+02
   1.0273953e+02   1.1017232e+02   1.3416165e+02   1.6142623e+02   8.6572936e+01   1.0914015e+02
   1.0347770e+02   1.1091057e+02   1.3491943e+02   1.6144546e+02   8.6623243e+01   1.0980656e+02
   1.0343812e+02   1.1081824e+02   1.3455130e+02   1.6169907e+02   8.6565982e+01   1.0974604e+02
   1.0320065e+02   1.1092077e+02   1.3440756e+02   1.6186752e+02   8.6433631e+01   1.0958632e+02
   1.0289748e+02   1.1110994e+02   1.3432226e+02   1.6199728e+02   8.6971319e+01   1.0989297e+02
   1.0276949e+02   1.1134180e+02   1.3414485e+02   1.6174005e+02   8.6678284e+01   1.0963322e+02
   1.0293506e+02   1.1098114e+02   1.3422564e+02   1.6215626e+02   8.6792287e+01   1.0952677e+02
   1.0307858e+02   1.1122402e+02   1.3432196e+02   1.6264757e+02   8.7193408e+01   1.0995119e+02
   1.0277023e+02   1.1110462e+02   1.3418177e+02   1.6170476e+02   8.6634562e+01   1.0962716e+02
   1.0231385e+02   1.1092181e+02   1.3408856e+02   1.6164210e+02   8.6597424e+01   1.0951567e+02
   1.0261687e+02   1.1098107e+02   1.3423008e+02   1.6224659e+02   8.6794729e+01   1.0943940e+02
   1.0219444e+02   1.1077932e+02   1.3395362e+02   1.6152122e+02   8.6698702e+01   1.0929721e+02
   1.0242193e+02   1.1052735e+02   1.3367723e+02   1.6080746e+02   8.6423496e+01   1.0942297e+02
   1.0233168e+02   1.1025288e+02   1.3410195e+02   1.6105662e+02   8.6292107e+01   1.0925829e+02
   1.0265578e+02   1.1049273e+02   1.3437959e+02   1.6178052e+02   8.6389835e+01   1.0932591e+02
   1.0278266e+02   1.1059149e+02   1.3437183e+02   1.6226368e+02   8.6853173e+01   1.0929343e+02
   1.0336836e+02   1.1109012e+02   1.3452755e+02   1.6242060e+02   8.7157897e+01   1.0977882e+02
   1.0378820e+02   1.1131553e+02   1.3491987e+02   1.6198892e+02   8.7092425e+01   1.1026945e+02
   1.0433972e+02   1.1158845e+02   1.3533749e+02   1.6147335e+02   8.7098343e+01   1.1047638e+02
   1.0433188e+02   1.1183132e+02   1.3509861e+02   1.6156080e+02   8.6854505e+01   1.1089540e+02
   1.0342029e+02   1.1148702e+02   1.3422024e+02   1.6151915e+02   8.6890977e+01   1.1034277e+02
   1.0297708e+02   1.1099217e+02   1.3414042e+02   1.6109065e+02   8.6775420e+01   1.0934914e+02
   1.0281025e+02   1.1065274e+02   1.3392698e+02   1.6114695e+02   8.6679098e+01   1.0958558e+02
   1.0256020e+02   1.1047771e+02   1.3396996e+02   1.6187203e+02   8.7060022e+01   1.0946995e+02
   1.0282150e+02   1.1053297e+02   1.3379781e+02   1.6210581e+02   8.7158711e+01   1.0947831e+02
   1.0243221e+02   1.1066798e+02   1.3386610e+02   1.6193477e+02   8.7058468e+01   1.0954445e+02
   1.0306408e+02   1.1125983e+02   1.3386247e+02   1.6133938e+02   8.7035312e+01   1.0990554e+02
   1.0354059e+02   1.1175017e+02   1.3429244e+02   1.6124402e+02   8.6957855e+01   1.1034410e+02
   1.0418547e+02   1.1204808e+02   1.3463423e+02   1.6152840e+02   8.7567822e+01   1.1072177e+02
   1.0508448e+02   1.1277250e+02   1.3499659e+02   1.6177771e+02   8.7832375e+01   1.1111749e+02
   1.0486550e+02   1.1284818e+02   1.3541554e+02   1.6205358e+02   8.7762611e+01   1.1157469e+02
   1.0515927e+02   1.1320462e+02   1.3521365e+02   1.6197886e+02   8.7777703e+01   1.1152290e+02
   1.0494473e+02   1.1340407e+02   1.3496389e+02   1.6202776e+02   8.7848650e+01   1.1131871e+02
   1.0521054e+02   1.1339038e+02   1.3492024e+02   1.6217372e+02   8.7844433e+01   1.1109300e+02
   1.0504150e+02   1.1351385e+02   1.3518206e+02   1.6289814e+02   8.8235493e+01   1.1153363e+02
   1.0515617e+02   1.1354086e+02   1.3513715e+02   1.6310550e+02   8.8086349e+01   1.1169224e+02
   1.0429829e+02   1.1352355e+02   1.3482199e+02   1.6262937e+02   8.8065560e+01   1.1126034e+02
   1.0457246e+02   1.1360677e+02   1.3457527e+02   1.6274004e+02   8.7566046e+01   1.1123993e+02
   1.0422076e+02   1.1274387e+02   1.3465916e+02   1.6264276e+02   8.7948302e+01   1.1117527e+02
   1.0408715e+02   1.1264252e+02   1.3462595e+02   1.6294482e+02   8.7348396e+01   1.1129511e+02
   1.0409418e+02   1.1242376e+02   1.3414685e+02   1.6268300e+02   8.7413499e+01   1.1069691e+02
   1.0382223e+02   1.1192217e+02   1.3458023e+02   1.6253194e+02   8.7734943e+01   1.1099002e+02
   1.0406200e+02   1.1224620e+02   1.3468624e+02   1.6226775e+02   8.7691073e+01   1.1128698e+02
   1.0405334e+02   1.1263660e+02   1.3466479e+02   1.6236718e+02   8.7519069e+01   1.1096272e+02
   1.0420456e+02   1.1276680e+02   1.3497691e+02   1.6226642e+02   8.7917970e+01   1.1146697e+02
   1.0405031e+02   1.1255285e+02   1.3487090e+02   1.6240188e+02   8.8134954e+01   1.1190841e+02
   1.0467263e+02   1.1298638e+02   1.3510519e+02   1.6269366e+02   8.7982998e+01   1.1162344e+02
   1.0475497e+02   1.1331211e+02   1.3503565e+02   1.6305216e+02   8.7886676e+01   1.1127433e+02
   1.0409292e+02   1.1325603e+02   1.3506998e+02   1.6324762e+02   8.7513446e+01   1.1100541e+02
   1.0382726e+02   1.1265309e+02   1.3455322e+02   1.6319480e+02   8.7614503e+01   1.1089947e+02
   1.0410861e+02   1.1253265e+02   1.3446852e+02   1.6322313e+02   8.7428073e+01   1.1046787e+02
   1.0416683e+02   1.1231700e+02   1.3453621e+02   1.6334846e+02   8.7499982e+01   1.1021781e+02
   1.0409551e+02   1.1225900e+02   1.3489228e+02   1.6382430e+02   8.7785323e+01   1.1066244e+02
   1.0417060e+02   1.1222246e+02   1.3519116e+02   1.6368876e+02   8.8126668e+01   1.1122173e+02
   1.0395502e+02   1.1254072e+02   1.3498786e+02   1.6326545e+02   8.8069703e+01   1.1132892e+02
   1.0456299e+02   1.1241214e+02   1.3475445e+02   1.6261598e+02   8.7917230e+01   1.1100748e+02
   1.0458822e+02   1.1248553e+02   1.3513279e+02   1.6193477e+02   8.7703131e+01   1.1131790e+02
   1.0382304e+02   1.1204564e+02   1.3524191e+02   1.6132236e+02   8.7852349e+01   1.1102020e+02
   1.0394119e+02   1.1236709e+02   1.3461655e+02   1.6128670e+02   8.7623307e+01   1.1077126e+02
   1.0422498e+02   1.1204956e+02   1.3433202e+02   1.6147942e+02   8.7823275e+01   1.1059711e+02
   1.0446467e+02   1.1190035e+02   1.3486054e+02   1.6173191e+02   8.7572852e+01   1.1109093e+02
   1.0400252e+02   1.1164445e+02   1.3443989e+02   1.6116123e+02   8.7127344e+01   1.1032679e+02
   1.0398062e+02   1.1140549e+02   1.3411452e+02   1.6131363e+02   8.7205023e+01   1.1020309e+02
   1.0375099e+02   1.1141356e+02   1.3408678e+02   1.6160615e+02   8.7002613e+01   1.1010973e+02
   1.0332974e+02   1.1133928e+02   1.3382511e+02   1.6149688e+02   8.7198808e+01   1.0977985e+02
   1.0357610e+02   1.1166331e+02   1.3413605e+02   1.6172370e+02   8.7315623e+01   1.1002813e+02
   1.0336636e+02   1.1147170e+02   1.3447207e+02   1.6169470e+02   8.7265539e+01   1.1042466e+02
   1.0406340e+02   1.1191485e+02   1.3440097e+02   1.6123773e+02   8.7295870e+01   1.1052321e+02
   1.0428964e+02   1.1220736e+02   1.3485070e+02   1.6093433e+02   8.7673465e+01   1.1075706e+02
   1.0393986e+02   1.1203026e+02   1.3475896e+02   1.6184584e+02   8.7534900e+01   1.1100326e+02
   1.0430865e+02   1.1228482e+02   1.3465576e+02   1.6170817e+02   8.7494211e+01   1.1098432e+02
   1.0463342e+02   1.1219597e+02   1.3463786e+02   1.6101993e+02   8.7554653e+01   1.1067250e+02
   1.0421810e+02   1.1234452e+02   1.3480764e+02   1.6138584e+02   8.7519439e+01   1.1107924e+02
   1.0402442e+02   1.1268498e+02   1.3472893e+02   1.6161599e+02   8.7771415e+01   1.1077548e+02
   1.0429896e+02   1.1237079e+02   1.3446645e+02   1.6199839e+02   8.7835926e+01   1.1077148e+02
   1.0450462e+02   1.1215240e+02   1.3445150e+02   1.6250982e+02   8.7786803e+01   1.1114072e+02
   1.0437782e+02   1.1186713e+02   1.3458896e+02   1.6220502e+02   8.7673687e+01   1.1117083e+02
   1.0408330e+02   1.1194296e+02   1.3437530e+02   1.6180294e+02   8.7731836e+01   1.1097855e+02
   1.0422032e+02   1.1212428e+02   1.3448923e+02   1.6193462e+02   8.7937649e+01   1.1116432e+02
   1.0368381e+02   1.1224176e+02   1.3448827e+02   1.6216359e+02   8.8175051e+01   1.1121181e+02
   1.0421447e+02   1.1238514e+02   1.3441769e+02   1.6232124e+02   8.7808035e+01   1.1120552e+02
   1.0437863e+02   1.1216305e+02   1.3425471e+02   1.6159520e+02   8.8034932e+01   1.1092640e+02
   1.0461493e+02   1.1222482e+02   1.3459850e+02   1.6185013e+02   8.7831339e+01   1.1101244e+02
   1.0384657e+02   1.1156744e+02   1.3446312e+02   1.6185265e+02   8.7758173e+01   1.1067109e+02
   1.0402434e+02   1.1180713e+02   1.3420027e+02   1.6152618e+02   8.7440280e+01   1.1022743e+02
   1.0378228e+02   1.1196885e+02   1.3410343e+02   1.6136416e+02   8.7230842e+01   1.1011335e+02
   1.0399068e+02   1.1181320e+02   1.3434031e+02   1.6179495e+02   8.7448344e+01   1.1011239e+02
   1.0410313e+02   1.1182614e+02   1.3434823e+02   1.6248348e+02   8.7343662e+01   1.1018105e+02
   1.0388112e+02   1.1189332e+02   1.3443796e+02   1.6296982e+02   8.7408024e+01   1.1015338e+02
   1.0384435e+02   1.1152652e+02   1.3440682e+02   1.6274648e+02   8.7485334e+01   1.1000357e+02
   1.0411830e+02   1.1210971e+02   1.3442568e+02   1.6248673e+02   8.7493028e+01   1.0998500e+02
   1.0441111e+02   1.1232551e+02   1.3483620e+02   1.6188380e+02   8.7486739e+01   1.1013518e+02
   1.0437027e+02   1.1201065e+02   1.3522060e+02   1.6200068e+02   8.7901398e+01   1.1097530e+02
   1.0449641e+02   1.1190094e+02   1.3528592e+02   1.6196051e+02   8.7764165e+01   1.1094252e+02
   1.0454886e+02   1.1202478e+02   1.3508351e+02   1.6199536e+02   8.8142500e+01   1.1081513e+02
   1.0458252e+02   1.1234008e+02   1.3544025e+02   1.6226694e+02   8.8342172e+01   1.1082948e+02
   1.0459229e+02   1.1239291e+02   1.3508707e+02   1.6249598e+02   8.8250437e+01   1.1122306e+02
   1.0453362e+02   1.1198232e+02   1.3498423e+02   1.6245477e+02   8.8423624e+01   1.1122772e+02
   1.0509010e+02   1.1285195e+02   1.3497195e+02   1.6181766e+02   8.8310287e+01   1.1141052e+02
   1.0523732e+02   1.1248257e+02   1.3529192e+02   1.6285530e+02   8.8296082e+01   1.1143716e+02
   1.0476784e+02   1.1255019e+02   1.3486646e+02   1.6232161e+02   8.7935429e+01   1.1128786e+02
   1.0408375e+02   1.1226470e+02   1.3431664e+02   1.6166800e+02   8.7318656e+01   1.1078865e+02
   1.0406333e+02   1.1179433e+02   1.3439313e+02   1.6150679e+02   8.7415940e+01   1.1077281e+02
   1.0335800e+02   1.1061316e+02   1.3393260e+02   1.6065565e+02   8.6744200e+01   1.0972947e+02
   1.0216522e+02   1.0947202e+02   1.3330496e+02   1.5963687e+02   8.5788524e+01   1.0795047e+02
   1.0115021e+02   1.0909835e+02   1.3293128e+02   1.5991245e+02   8.5555635e+01   1.0668807e+02
   1.0072956e+02   1.0825527e+02   1.3289969e+02   1.5999183e+02   8.5379118e+01   1.0680230e+02
   1.0082159e+02   1.0862939e+02   1.3265319e+02   1.6023145e+02   8.5537362e+01   1.0685268e+02
   1.0111167e+02   1.0872933e+02   1.3295133e+02   1.6044222e+02   8.5578199e+01   1.0696616e+02
   1.0193818e+02   1.0903665e+02   1.3336481e+02   1.6070825e+02   8.5882183e+01   1.0785659e+02
   1.0257211e+02   1.0951219e+02   1.3353185e+02   1.6099041e+02   8.5923242e+01   1.0870314e+02
   1.0305195e+02   1.1003020e+02   1.3364845e+02   1.6133035e+02   8.6196303e+01   1.0856695e+02
   1.0336067e+02   1.1050811e+02   1.3380861e+02   1.6215708e+02   8.6669850e+01   1.0896015e+02
   1.0403714e+02   1.1112681e+02   1.3396545e+02   1.6237776e+02   8.6698998e+01   1.0929299e+02
   1.0421943e+02   1.1165673e+02   1.3421698e+02   1.6275343e+02   8.6950161e+01   1.0935743e+02
   1.0443345e+02   1.1255403e+02   1.3415336e+02   1.6271748e+02   8.7102042e+01   1.0934551e+02
   1.0444958e+02   1.1242856e+02   1.3409322e+02   1.6269166e+02   8.7216934e+01   1.0999787e+02
   1.0498076e+02   1.1297935e+02   1.3444521e+02   1.6193455e+02   8.7028210e+01   1.0985953e+02
   1.0527993e+02   1.1316385e+02   1.3470104e+02   1.6208339e+02   8.7618276e+01   1.1061213e+02
   1.0543078e+02   1.1358243e+02   1.3504712e+02   1.6222115e+02   8.7612654e+01   1.1068374e+02
   1.0513760e+02   1.1355595e+02   1.3546148e+02   1.6257551e+02   8.7998460e+01   1.1127536e+02
   1.0484641e+02   1.1312168e+02   1.3477938e+02   1.6272081e+02   8.7431328e+01   1.1138419e+02
   1.0459377e+02   1.1254124e+02   1.3430236e+02   1.6257758e+02   8.7549327e+01   1.1054451e+02
   1.0447348e+02   1.1251113e+02   1.3435725e+02   1.6219133e+02   8.7567008e+01   1.1031288e+02
   1.0395377e+02   1.1203610e+02   1.3434246e+02   1.6227219e+02   8.7454410e+01   1.1080307e+02
   1.0451838e+02   1.1260560e+02   1.3436842e+02   1.6233737e+02   8.7256587e+01   1.1063802e+02
   1.0445713e+02   1.1232788e+02   1.3452800e+02   1.6229313e+02   8.7768456e+01   1.1071481e+02
   1.0498904e+02   1.1287208e+02   1.3501456e+02   1.6231947e+02   8.8200352e+01   1.1084628e+02
   1.0531803e+02   1.1309024e+02   1.3544713e+02   1.6269750e+02   8.8435535e+01   1.1132811e+02
   1.0533061e+02   1.1290477e+02   1.3545379e+02   1.6234506e+02   8.8100331e+01   1.1108701e+02
   1.0491166e+02   1.1281163e+02   1.3510497e+02   1.6194786e+02   8.7960582e+01   1.1090139e+02
   1.0481741e+02   1.1257423e+02   1.3482007e+02   1.6134352e+02   8.7714450e+01   1.1053918e+02
   1.0459658e+02   1.1226033e+02   1.3463053e+02   1.6209072e+02   8.7700246e+01   1.1065556e+02
   1.0454538e+02   1.1218436e+02   1.3470451e+02   1.6230312e+02   8.7663996e+01   1.1076127e+02
   1.0459614e+02   1.1198439e+02   1.3480409e+02   1.6241527e+02   8.7339667e+01   1.1077881e+02
   1.0462358e+02   1.1228297e+02   1.3488303e+02   1.6221619e+02   8.7610360e+01   1.1084361e+02
   1.0457557e+02   1.1217555e+02   1.3449567e+02   1.6231377e+02   8.7692848e+01   1.1064446e+02
   1.0451727e+02   1.1235451e+02   1.3447932e+02   1.6207363e+02   8.7718001e+01   1.1061013e+02
   1.0422675e+02   1.1205792e+02   1.3487356e+02   1.6203257e+02   8.7879722e+01   1.1069129e+02
   1.0428283e+02   1.1209987e+02   1.3484337e+02   1.6210293e+02   8.7857676e+01   1.1108412e+02
   1.0473411e+02   1.1289693e+02   1.3501264e+02   1.6218919e+02   8.7390417e+01   1.1090198e+02
   1.0451594e+02   1.1269881e+02   1.3462809e+02   1.6202155e+02   8.7564936e+01   1.1080241e+02
   1.0439328e+02   1.1251305e+02   1.3472922e+02   1.6268115e+02   8.7561237e+01   1.1128720e+02
   1.0472797e+02   1.1275415e+02   1.3476621e+02   1.6271208e+02   8.7432956e+01   1.1091301e+02
   1.0448553e+02   1.1282081e+02   1.3472227e+02   1.6234743e+02   8.7718371e+01   1.1049931e+02
   1.0496604e+02   1.1335805e+02   1.3494954e+02   1.6246602e+02   8.7451303e+01   1.1047896e+02
   1.0495997e+02   1.1306324e+02   1.3493970e+02   1.6219015e+02   8.7370516e+01   1.1050545e+02
   1.0510149e+02   1.1302455e+02   1.3488628e+02   1.6199440e+02   8.7252296e+01   1.1077459e+02
   1.0512043e+02   1.1305688e+02   1.3519256e+02   1.6226524e+02   8.7598523e+01   1.1085930e+02
   1.0507079e+02   1.1289501e+02   1.3521046e+02   1.6263233e+02   8.7882385e+01   1.1136236e+02
   1.0528430e+02   1.1304978e+02   1.3529036e+02   1.6238753e+02   8.7862633e+01   1.1132145e+02
   1.0505947e+02   1.1301885e+02   1.3510504e+02   1.6226220e+02   8.7966205e+01   1.1094571e+02
   1.0478937e+02   1.1274002e+02   1.3518701e+02   1.6263862e+02   8.8416374e+01   1.1185056e+02
   1.0529562e+02   1.1274365e+02   1.3532291e+02   1.6269795e+02   8.8075622e+01   1.1178523e+02
   1.0511207e+02   1.1291602e+02   1.3526195e+02   1.6217535e+02   8.8107951e+01   1.1186624e+02
   1.0522364e+02   1.1289782e+02   1.3523022e+02   1.6181744e+02   8.7978560e+01   1.1126567e+02
   1.0475157e+02   1.1242834e+02   1.3522541e+02   1.6195866e+02   8.8094708e+01   1.1125317e+02
   1.0487918e+02   1.1228741e+02   1.3495827e+02   1.6197324e+02   8.7800859e+01   1.1096435e+02
   1.0487571e+02   1.1247347e+02   1.3512827e+02   1.6217335e+02   8.7691295e+01   1.1105335e+02
   1.0475956e+02   1.1240911e+02   1.3499770e+02   1.6209686e+02   8.7916786e+01   1.1122180e+02
   1.0467374e+02   1.1227069e+02   1.3537189e+02   1.6243569e+02   8.7919301e+01   1.1145602e+02
   1.0541850e+02   1.1248227e+02   1.3523325e+02   1.6272843e+02   8.8193250e+01   1.1124954e+02
   1.0487223e+02   1.1221587e+02   1.3516474e+02   1.6270335e+02   8.8096262e+01   1.1084480e+02
   1.0471783e+02   1.1242627e+02   1.3517976e+02   1.6273479e+02   8.7802191e+01   1.1114937e+02
   1.0463091e+02   1.1223377e+02   1.3471990e+02   1.6268434e+02   8.7379986e+01   1.1088948e+02
   1.0391182e+02   1.1213730e+02   1.3411141e+02   1.6233766e+02   8.7083029e+01   1.1015123e+02
   1.0413946e+02   1.1218643e+02   1.3390508e+02   1.6234255e+02   8.6962220e+01   1.0989800e+02
   1.0373108e+02   1.1172916e+02   1.3395924e+02   1.6213474e+02   8.6763213e+01   1.0959579e+02
   1.0368470e+02   1.1166524e+02   1.3413531e+02   1.6191746e+02   8.7114027e+01   1.0985672e+02
   1.0389673e+02   1.1194007e+02   1.3465621e+02   1.6144835e+02   8.7057728e+01   1.1020909e+02
   1.0366976e+02   1.1200347e+02   1.3433313e+02   1.6064256e+02   8.6575599e+01   1.0973583e+02
   1.0377636e+02   1.1206399e+02   1.3388799e+02   1.6025579e+02   8.6283304e+01   1.0947868e+02
   1.0350678e+02   1.1164955e+02   1.3416320e+02   1.6033317e+02   8.6424310e+01   1.0972341e+02
   1.0359977e+02   1.1146897e+02   1.3389843e+02   1.6046966e+02   8.6418614e+01   1.0944080e+02
   1.0385426e+02   1.1188881e+02   1.3421210e+02   1.6055607e+02   8.6587214e+01   1.0932081e+02
   1.0437974e+02   1.1248583e+02   1.3436605e+02   1.6072386e+02   8.6660677e+01   1.0996539e+02
   1.0420863e+02   1.1264340e+02   1.3458001e+02   1.6074428e+02   8.6736284e+01   1.1021160e+02
   1.0421832e+02   1.1239831e+02   1.3436605e+02   1.6107571e+02   8.6947424e+01   1.0997686e+02
   1.0458689e+02   1.1300753e+02   1.3462550e+02   1.6122271e+02   8.6868339e+01   1.0968094e+02
   1.0422009e+02   1.1290056e+02   1.3461744e+02   1.6158225e+02   8.7238684e+01   1.1035919e+02
   1.0473248e+02   1.1298046e+02   1.3500746e+02   1.6152048e+02   8.7138737e+01   1.1051048e+02
   1.0475149e+02   1.1334496e+02   1.3516778e+02   1.6198012e+02   8.7491474e+01   1.1082408e+02
   1.0466849e+02   1.1303690e+02   1.3477354e+02   1.6200209e+02   8.7566712e+01   1.1096575e+02
   1.0412954e+02   1.1263438e+02   1.3441325e+02   1.6201067e+02   8.7330567e+01   1.1041490e+02
   1.0365385e+02   1.1274520e+02   1.3418014e+02   1.6211158e+02   8.7187416e+01   1.0985820e+02
   1.0357232e+02   1.1251978e+02   1.3427476e+02   1.6225932e+02   8.7255847e+01   1.1021234e+02
   1.0369631e+02   1.1244972e+02   1.3412954e+02   1.6252114e+02   8.7099971e+01   1.1032782e+02
   1.0371947e+02   1.1262520e+02   1.3435681e+02   1.6271489e+02   8.7540079e+01   1.1018852e+02
   1.0354636e+02   1.1286150e+02   1.3417977e+02   1.6274308e+02   8.7632036e+01   1.1042903e+02
   1.0342155e+02   1.1279477e+02   1.3424155e+02   1.6253534e+02   8.7244898e+01   1.1042274e+02
   1.0334380e+02   1.1258193e+02   1.3407494e+02   1.6226191e+02   8.7256291e+01   1.1031998e+02
   1.0308050e+02   1.1205778e+02   1.3381061e+02   1.6189785e+02   8.7058320e+01   1.0982964e+02
   1.0338367e+02   1.1182533e+02   1.3414471e+02   1.6182476e+02   8.7066458e+01   1.1011025e+02
   1.0332109e+02   1.1211615e+02   1.3440231e+02   1.6192086e+02   8.7434065e+01   1.1039951e+02
   1.0364778e+02   1.1286016e+02   1.3477169e+02   1.6257936e+02   8.7408616e+01   1.1110277e+02
   1.0340002e+02   1.1199341e+02   1.3438766e+02   1.6237724e+02   8.7418826e+01   1.1082956e+02
   1.0295178e+02   1.1161508e+02   1.3426944e+02   1.6174116e+02   8.7336190e+01   1.1042503e+02
   1.0285161e+02   1.1166672e+02   1.3445298e+02   1.6191220e+02   8.7242161e+01   1.1016226e+02
   1.0290421e+02   1.1201317e+02   1.3452023e+02   1.6242200e+02   8.7481117e+01   1.1024637e+02
   1.0312467e+02   1.1164378e+02   1.3463971e+02   1.6253060e+02   8.7310445e+01   1.0978400e+02
   1.0336636e+02   1.1128720e+02   1.3454043e+02   1.6231947e+02   8.7119502e+01   1.0982165e+02
   1.0319414e+02   1.1132915e+02   1.3434808e+02   1.6166585e+02   8.7072524e+01   1.0971519e+02
   1.0293506e+02   1.1095296e+02   1.3432832e+02   1.6160667e+02   8.7232248e+01   1.0984052e+02
   1.0317882e+02   1.1105882e+02   1.3427365e+02   1.6111055e+02   8.7194148e+01   1.0974353e+02
   1.0336695e+02   1.1122861e+02   1.3454819e+02   1.6116582e+02   8.6926635e+01   1.0927901e+02
   1.0345714e+02   1.1118570e+02   1.3442287e+02   1.6113415e+02   8.7212643e+01   1.1003005e+02
   1.0306430e+02   1.1098048e+02   1.3445846e+02   1.6119230e+02   8.7163446e+01   1.0996576e+02
   1.0315315e+02   1.1078687e+02   1.3432292e+02   1.6100328e+02   8.7220781e+01   1.0970609e+02
   1.0335364e+02   1.1155131e+02   1.3441407e+02   1.6102873e+02   8.7072006e+01   1.1018896e+02
   1.0362241e+02   1.1127277e+02   1.3450166e+02   1.6087722e+02   8.7259398e+01   1.1010825e+02
   1.0341341e+02   1.1170297e+02   1.3429555e+02   1.6090097e+02   8.7094940e+01   1.1014724e+02
   1.0342710e+02   1.1187808e+02   1.3410616e+02   1.6097199e+02   8.6845553e+01   1.0945360e+02
   1.0316011e+02   1.1175431e+02   1.3435651e+02   1.6112261e+02   8.7292097e+01   1.0968656e+02
   1.0398040e+02   1.1230139e+02   1.3497188e+02   1.6112594e+02   8.7168846e+01   1.1028869e+02
   1.0411134e+02   1.1246748e+02   1.3512628e+02   1.6138332e+02   8.7386200e+01   1.1068759e+02
   1.0435622e+02   1.1258799e+02   1.3514255e+02   1.6168938e+02   8.7639952e+01   1.1060399e+02
   1.0412229e+02   1.1244255e+02   1.3493370e+02   1.6219414e+02   8.7733981e+01   1.1103101e+02
   1.0419464e+02   1.1233860e+02   1.3514677e+02   1.6237791e+02   8.7779331e+01   1.1110299e+02
   1.0436872e+02   1.1250432e+02   1.3509217e+02   1.6221101e+02   8.8046177e+01   1.1115810e+02
   1.0481549e+02   1.1315742e+02   1.3529340e+02   1.6231769e+02   8.7882977e+01   1.1171702e+02
   1.0447296e+02   1.1254516e+02   1.3543603e+02   1.6220524e+02   8.7949115e+01   1.1133188e+02
   1.0434261e+02   1.1222934e+02   1.3498542e+02   1.6229727e+02   8.7851536e+01   1.1128261e+02
   1.0414020e+02   1.1192942e+02   1.3480076e+02   1.6185376e+02   8.7432882e+01   1.1072613e+02
   1.0380388e+02   1.1198172e+02   1.3458259e+02   1.6193862e+02   8.7545110e+01   1.1043199e+02
   1.0360310e+02   1.1215306e+02   1.3456092e+02   1.6180900e+02   8.7190597e+01   1.0998788e+02
   1.0320057e+02   1.1191758e+02   1.3420234e+02   1.6166282e+02   8.7213383e+01   1.0997716e+02
   1.0304803e+02   1.1154901e+02   1.3431974e+02   1.6204271e+02   8.7323391e+01   1.1063196e+02
   1.0335171e+02   1.1198757e+02   1.3412303e+02   1.6182432e+02   8.7254664e+01   1.1018356e+02
   1.0328025e+02   1.1226855e+02   1.3403714e+02   1.6210855e+02   8.7259398e+01   1.0980256e+02
   1.0369765e+02   1.1250550e+02   1.3447555e+02   1.6272251e+02   8.7946970e+01   1.1076549e+02
   1.0376097e+02   1.1232166e+02   1.3453081e+02   1.6250597e+02   8.7534457e+01   1.1080470e+02
   1.0325502e+02   1.1264925e+02   1.3410905e+02   1.6146300e+02   8.7484298e+01   1.1025207e+02
   1.0373907e+02   1.1288931e+02   1.3448894e+02   1.6134515e+02   8.7319100e+01   1.1143738e+02
   1.0368455e+02   1.1256099e+02   1.3439801e+02   1.6120214e+02   8.7486443e+01   1.1143301e+02
   1.0366184e+02   1.1251778e+02   1.3422727e+02   1.6120710e+02   8.7293281e+01   1.1130673e+02
   1.0396116e+02   1.1297957e+02   1.3435511e+02   1.6147328e+02   8.7373846e+01   1.1137930e+02
   1.0372864e+02   1.1283390e+02   1.3394570e+02   1.6102437e+02   8.7251852e+01   1.1089614e+02
   1.0347970e+02   1.1283664e+02   1.3399083e+02   1.6083283e+02   8.7354833e+01   1.1085974e+02
   1.0379419e+02   1.1296670e+02   1.3460523e+02   1.6097746e+02   8.7669988e+01   1.1148428e+02
   1.0388134e+02   1.1261507e+02   1.3478005e+02   1.6118039e+02   8.7495469e+01   1.1177562e+02
   1.0424562e+02   1.1285092e+02   1.3463993e+02   1.6090245e+02   8.7443609e+01   1.1173611e+02
   1.0442058e+02   1.1334703e+02   1.3475593e+02   1.6069464e+02   8.7326054e+01   1.1057344e+02
   1.0379308e+02   1.1289937e+02   1.3464511e+02   1.6100794e+02   8.7550584e+01   1.1101503e+02
   1.0369358e+02   1.1258918e+02   1.3458060e+02   1.6138524e+02   8.7329531e+01   1.1126885e+02
   1.0326568e+02   1.1252984e+02   1.3395591e+02   1.6101764e+02   8.7183347e+01   1.1072828e+02
   1.0319991e+02   1.1235074e+02   1.3442435e+02   1.6124712e+02   8.7581508e+01   1.1087002e+02
   1.0324918e+02   1.1272249e+02   1.3423289e+02   1.6104930e+02   8.7187194e+01   1.1063410e+02
   1.0339788e+02   1.1262920e+02   1.3415595e+02   1.6099781e+02   8.7211385e+01   1.1100489e+02
   1.0309552e+02   1.1223518e+02   1.3406754e+02   1.6061474e+02   8.7108257e+01   1.1105083e+02
   1.0325465e+02   1.1268912e+02   1.3400326e+02   1.6077979e+02   8.7052180e+01   1.1046831e+02
   1.0325458e+02   1.1302351e+02   1.3419916e+02   1.6143733e+02   8.7243566e+01   1.1059326e+02
   1.0298292e+02   1.1233698e+02   1.3418939e+02   1.6114629e+02   8.7099897e+01   1.1037243e+02
   1.0301370e+02   1.1236849e+02   1.3407546e+02   1.6126170e+02   8.7561459e+01   1.1023113e+02
   1.0325613e+02   1.1311162e+02   1.3466538e+02   1.6197516e+02   8.7555023e+01   1.1067908e+02
