   1.1395344e+02   1.1237319e+02   1.2640665e+02   1.9676104e+02   1.0671776e+02   1.2150857e+02
   1.1390235e+02   1.1224667e+02   1.2663322e+02   1.9670086e+02   1.0718978e+02   1.2101649e+02
   1.1431451e+02   1.1250484e+02   1.2756282e+02   1.9666611e+02   1.0764996e+02   1.2108149e+02
   1.1480130e+02   1.1331953e+02   1.2836842e+02   1.9683883e+02   1.0766252e+02   1.2116891e+02
   1.1278282e+02   1.1340426e+02   1.2892976e+02   1.9888242e+02   1.0750915e+02   1.2108559e+02
   1.1348134e+02   1.1444861e+02   1.2847077e+02   1.9894883e+02   1.0770943e+02   1.2188504e+02
   1.1315739e+02   1.1275558e+02   1.2749040e+02   1.9739669e+02   1.0716601e+02   1.2093641e+02
   1.1285256e+02   1.1215349e+02   1.2701640e+02   1.9593190e+02   1.0694078e+02   1.2022897e+02
   1.1192083e+02   1.1179526e+02   1.2677822e+02   1.9669225e+02   1.0698003e+02   1.1951450e+02
   1.1369338e+02   1.1305457e+02   1.2797427e+02   1.9736005e+02   1.0803243e+02   1.2173546e+02
   1.1372979e+02   1.1269327e+02   1.2800838e+02   1.9705742e+02   1.0724435e+02   1.2135655e+02
   1.1327846e+02   1.1277382e+02   1.2810457e+02   1.9747677e+02   1.0751879e+02   1.2119465e+02
   1.1361639e+02   1.1318235e+02   1.2819555e+02   1.9785932e+02   1.0751839e+02   1.2130616e+02
   1.1330492e+02   1.1336549e+02   1.2837656e+02   1.9774923e+02   1.0731022e+02   1.2136105e+02
   1.1299676e+02   1.1321418e+02   1.2850434e+02   1.9776960e+02   1.0758489e+02   1.2163051e+02
   1.1339360e+02   1.1342519e+02   1.2913201e+02   1.9810722e+02   1.0769442e+02   1.2191647e+02
   1.1370334e+02   1.1326606e+02   1.2906189e+02   1.9761900e+02   1.0779369e+02   1.2178095e+02
   1.1431751e+02   1.1254298e+02   1.2896554e+02   1.9721790e+02   1.0739906e+02   1.2151197e+02
   1.1381674e+02   1.1276956e+02   1.2817368e+02   1.9669881e+02   1.0798307e+02   1.2135608e+02
   1.1365540e+02   1.1208873e+02   1.2836313e+02   1.9708846e+02   1.0744716e+02   1.2118984e+02
   1.1366377e+02   1.1210768e+02   1.2750983e+02   1.9655136e+02   1.0736984e+02   1.2105148e+02
   1.1364458e+02   1.1249307e+02   1.2765940e+02   1.9691559e+02   1.0743531e+02   1.2078542e+02
   1.1339550e+02   1.1271783e+02   1.2794386e+02   1.9665332e+02   1.0698809e+02   1.2125657e+02
   1.1292703e+02   1.1273149e+02   1.2827737e+02   1.9637873e+02   1.0706532e+02   1.2073708e+02
   1.1333879e+02   1.1296304e+02   1.2833320e+02   1.9601379e+02   1.0756577e+02   1.2097140e+02
   1.1316940e+02   1.1260877e+02   1.2827184e+02   1.9649916e+02   1.0754414e+02   1.2114680e+02
   1.1344746e+02   1.1256723e+02   1.2841620e+02   1.9773786e+02   1.0791705e+02   1.2127979e+02
   1.1377820e+02   1.1281512e+02   1.2847970e+02   1.9740356e+02   1.0774149e+02   1.2120555e+02
   1.1318464e+02   1.1236371e+02   1.2813403e+02   1.9619369e+02   1.0715914e+02   1.2142233e+02
   1.1297970e+02   1.1256825e+02   1.2846264e+02   1.9663523e+02   1.0774702e+02   1.2130190e+02
   1.1286748e+02   1.1283637e+02   1.2830722e+02   1.9699764e+02   1.0774457e+02   1.2126139e+02
   1.1241173e+02   1.1283684e+02   1.2810663e+02   1.9673348e+02   1.0781659e+02   1.2108851e+02
   1.1298444e+02   1.1294685e+02   1.2865028e+02   1.9721450e+02   1.0744155e+02   1.2104737e+02
   1.1336738e+02   1.1356695e+02   1.2848207e+02   1.9838015e+02   1.0739993e+02   1.2166920e+02
   1.1288154e+02   1.1378634e+02   1.2786528e+02   1.9788633e+02   1.0695223e+02   1.2115003e+02
   1.1337109e+02   1.1401607e+02   1.2822303e+02   1.9642493e+02   1.0712542e+02   1.2125112e+02
   1.1259495e+02   1.1341492e+02   1.2810299e+02   1.9599989e+02   1.0771851e+02   1.2086613e+02
   1.1209663e+02   1.1268663e+02   1.2836519e+02   1.9658911e+02   1.0784234e+02   1.2106743e+02
   1.1217860e+02   1.1242429e+02   1.2868787e+02   1.9711926e+02   1.0790591e+02   1.2136153e+02
   1.1275068e+02   1.1248423e+02   1.2844029e+02   1.9683117e+02   1.0789738e+02   1.2151521e+02
   1.1245508e+02   1.1211645e+02   1.2741474e+02   1.9593403e+02   1.0715322e+02   1.2125057e+02
   1.1228482e+02   1.1179029e+02   1.2707611e+02   1.9570801e+02   1.0723306e+02   1.2153748e+02
   1.1334567e+02   1.1214590e+02   1.2758548e+02   1.9678457e+02   1.0816510e+02   1.2237451e+02
   1.1247167e+02   1.1236276e+02   1.2817952e+02   1.9754564e+02   1.0839657e+02   1.2185345e+02
   1.1263625e+02   1.1269216e+02   1.2812992e+02   1.9783318e+02   1.0816510e+02   1.2142786e+02
   1.1244924e+02   1.1270148e+02   1.2771287e+02   1.9731954e+02   1.0773004e+02   1.2157041e+02
   1.1304580e+02   1.1185165e+02   1.2820384e+02   1.9722074e+02   1.0716601e+02   1.2165333e+02
   1.1372916e+02   1.1251605e+02   1.2769139e+02   1.9684696e+02   1.0716996e+02   1.2213728e+02
   1.1297362e+02   1.1191001e+02   1.2671117e+02   1.9619354e+02   1.0641608e+02   1.2155446e+02
   1.1272904e+02   1.1206275e+02   1.2685506e+02   1.9618548e+02   1.0626919e+02   1.2103379e+02
   1.1265955e+02   1.1200849e+02   1.2655164e+02   1.9567050e+02   1.0647121e+02   1.2052425e+02
   1.1204119e+02   1.1163645e+02   1.2652835e+02   1.9528969e+02   1.0679523e+02   1.2085562e+02
   1.1239522e+02   1.1193931e+02   1.2737154e+02   1.9698035e+02   1.0751728e+02   1.2130972e+02
   1.1227171e+02   1.1239198e+02   1.2764282e+02   1.9771124e+02   1.0781659e+02   1.2159055e+02
   1.1189888e+02   1.1230077e+02   1.2786378e+02   1.9798141e+02   1.0822820e+02   1.2159315e+02
   1.1274879e+02   1.1280715e+02   1.2804061e+02   1.9781241e+02   1.0849876e+02   1.2190004e+02
   1.1355100e+02   1.1241426e+02   1.2758690e+02   1.9748743e+02   1.0813675e+02   1.2168816e+02
   1.1459471e+02   1.1254188e+02   1.2764274e+02   1.9774070e+02   1.0818271e+02   1.2163074e+02
   1.1488083e+02   1.1290176e+02   1.2787192e+02   1.9704368e+02   1.0837928e+02   1.2194387e+02
   1.1434483e+02   1.1271080e+02   1.2790114e+02   1.9784629e+02   1.0805754e+02   1.2156843e+02
   1.1434365e+02   1.1266192e+02   1.2770979e+02   1.9790425e+02   1.0855389e+02   1.2168697e+02
   1.1440406e+02   1.1304170e+02   1.2730758e+02   1.9840352e+02   1.0839247e+02   1.2185313e+02
   1.1428608e+02   1.1278661e+02   1.2733917e+02   1.9783673e+02   1.0782165e+02   1.2151726e+02
   1.1405413e+02   1.1291360e+02   1.2714118e+02   1.9769490e+02   1.0773904e+02   1.2124314e+02
   1.1392312e+02   1.1339763e+02   1.2724416e+02   1.9820198e+02   1.0792400e+02   1.2156512e+02
   1.1386847e+02   1.1358796e+02   1.2706742e+02   1.9863926e+02   1.0716664e+02   1.2145914e+02
   1.1357358e+02   1.1337773e+02   1.2723942e+02   1.9769687e+02   1.0742189e+02   1.2120547e+02
   1.1367064e+02   1.1332047e+02   1.2725719e+02   1.9734741e+02   1.0763551e+02   1.2100536e+02
   1.1299810e+02   1.1326788e+02   1.2703306e+02   1.9747622e+02   1.0732143e+02   1.2126091e+02
   1.1281994e+02   1.1299036e+02   1.2734690e+02   1.9714350e+02   1.0790362e+02   1.2124338e+02
   1.1359104e+02   1.1301106e+02   1.2753849e+02   1.9678710e+02   1.0827211e+02   1.2129456e+02
   1.1304304e+02   1.1232675e+02   1.2733293e+02   1.9706888e+02   1.0830694e+02   1.2123319e+02
   1.1293516e+02   1.1236237e+02   1.2745589e+02   1.9715725e+02   1.0827606e+02   1.2122079e+02
   1.1460979e+02   1.1254796e+02   1.2756424e+02   1.9731527e+02   1.0838599e+02   1.2110968e+02
   1.1466862e+02   1.1270432e+02   1.2727275e+02   1.9676878e+02   1.0769561e+02   1.2106853e+02
   1.1451700e+02   1.1273528e+02   1.2728649e+02   1.9722643e+02   1.0810026e+02   1.2150376e+02
   1.1431198e+02   1.1292916e+02   1.2736175e+02   1.9798054e+02   1.0866484e+02   1.2144247e+02
   1.1389714e+02   1.1285414e+02   1.2687583e+02   1.9703658e+02   1.0803077e+02   1.2118012e+02
   1.1345402e+02   1.1266539e+02   1.2580851e+02   1.9611764e+02   1.0778911e+02   1.2131209e+02
   1.1297449e+02   1.1213398e+02   1.2601715e+02   1.9566299e+02   1.0745032e+02   1.2111592e+02
   1.1304020e+02   1.1232928e+02   1.2662951e+02   1.9594209e+02   1.0742125e+02   1.2107059e+02
   1.1258705e+02   1.1281757e+02   1.2688499e+02   1.9644475e+02   1.0776534e+02   1.2105835e+02
   1.1233805e+02   1.1291692e+02   1.2675145e+02   1.9745971e+02   1.0746074e+02   1.2121756e+02
   1.1316497e+02   1.1336801e+02   1.2709253e+02   1.9728416e+02   1.0763456e+02   1.2123043e+02
   1.1457386e+02   1.1335104e+02   1.2729802e+02   1.9746856e+02   1.0811045e+02   1.2128626e+02
   1.1435068e+02   1.1289268e+02   1.2777960e+02   1.9701778e+02   1.0796514e+02   1.2147264e+02
   1.1445887e+02   1.1308884e+02   1.2792341e+02   1.9841371e+02   1.0881979e+02   1.2178893e+02
   1.1426942e+02   1.1348963e+02   1.2794923e+02   1.9948735e+02   1.0940553e+02   1.2230186e+02
   1.1420947e+02   1.1314563e+02   1.2753186e+02   1.9890864e+02   1.0921837e+02   1.2206368e+02
   1.1410081e+02   1.1314847e+02   1.2719283e+02   1.9804072e+02   1.0900514e+02   1.2162056e+02
   1.1399467e+02   1.1331313e+02   1.2769297e+02   1.9855507e+02   1.0896826e+02   1.2172172e+02
   1.1348308e+02   1.1329149e+02   1.2742232e+02   1.9853162e+02   1.0772862e+02   1.2173728e+02
   1.1359870e+02   1.1304557e+02   1.2749751e+02   1.9792115e+02   1.0836301e+02   1.2190454e+02
   1.1396118e+02   1.1330499e+02   1.2750864e+02   1.9810177e+02   1.0870836e+02   1.2155351e+02
   1.1356221e+02   1.1367664e+02   1.2741680e+02   1.9800652e+02   1.0885327e+02   1.2136342e+02
   1.1340071e+02   1.1374724e+02   1.2744096e+02   1.9800629e+02   1.0885035e+02   1.2123785e+02
   1.1350480e+02   1.1396726e+02   1.2771824e+02   1.9747203e+02   1.0875551e+02   1.2146285e+02
   1.1342045e+02   1.1399435e+02   1.2731484e+02   1.9753237e+02   1.0825189e+02   1.2104761e+02
   1.1271562e+02   1.1359380e+02   1.2712815e+02   1.9822836e+02   1.0831041e+02   1.2086494e+02
   1.1381982e+02   1.1391427e+02   1.2725316e+02   1.9849932e+02   1.0861375e+02   1.2157049e+02
   1.1463111e+02   1.1420403e+02   1.2743915e+02   1.9857308e+02   1.0874911e+02   1.2115509e+02
   1.1481101e+02   1.1453942e+02   1.2755745e+02   1.9948759e+02   1.0883448e+02   1.2072318e+02
   1.1504580e+02   1.1439838e+02   1.2772455e+02   1.9887855e+02   1.0859124e+02   1.2150739e+02
   1.1464556e+02   1.1358409e+02   1.2739682e+02   1.9766568e+02   1.0844704e+02   1.2142305e+02
   1.1455530e+02   1.1295151e+02   1.2690616e+02   1.9694734e+02   1.0830354e+02   1.2139856e+02
   1.1416256e+02   1.1257844e+02   1.2618805e+02   1.9656029e+02   1.0751318e+02   1.2099154e+02
   1.1347052e+02   1.1230906e+02   1.2587153e+02   1.9576874e+02   1.0723732e+02   1.2068749e+02
   1.1357366e+02   1.1230985e+02   1.2607307e+02   1.9629462e+02   1.0759626e+02   1.2066001e+02
   1.1332521e+02   1.1298594e+02   1.2628937e+02   1.9698224e+02   1.0766876e+02   1.2119963e+02
   1.1320336e+02   1.1300071e+02   1.2601044e+02   1.9661715e+02   1.0773715e+02   1.2084536e+02
   1.1303633e+02   1.1271348e+02   1.2560736e+02   1.9653462e+02   1.0783302e+02   1.2048611e+02
   1.1239356e+02   1.1256857e+02   1.2570797e+02   1.9589802e+02   1.0759784e+02   1.2052520e+02
   1.1353283e+02   1.1239641e+02   1.2591749e+02   1.9534868e+02   1.0808052e+02   1.2038360e+02
   1.1428505e+02   1.1244174e+02   1.2652471e+02   1.9584179e+02   1.0814481e+02   1.2077183e+02
   1.1419289e+02   1.1294693e+02   1.2694714e+02   1.9755345e+02   1.0854544e+02   1.2119150e+02
   1.1442847e+02   1.1320967e+02   1.2718556e+02   1.9819274e+02   1.0860325e+02   1.2120145e+02
   1.1355550e+02   1.1330065e+02   1.2710754e+02   1.9818019e+02   1.0851511e+02   1.2141254e+02
   1.1306152e+02   1.1358108e+02   1.2730726e+02   1.9820727e+02   1.0847957e+02   1.2145132e+02
   1.1372118e+02   1.1386081e+02   1.2753360e+02   1.9766631e+02   1.0849229e+02   1.2120476e+02
   1.1334440e+02   1.1382535e+02   1.2702067e+02   1.9737813e+02   1.0791365e+02   1.2109436e+02
   1.1333327e+02   1.1378041e+02   1.2663307e+02   1.9678473e+02   1.0792566e+02   1.2086826e+02
   1.1327356e+02   1.1380410e+02   1.2697423e+02   1.9735176e+02   1.0865237e+02   1.2097116e+02
   1.1326266e+02   1.1338823e+02   1.2718533e+02   1.9770200e+02   1.0874161e+02   1.2083872e+02
   1.1390408e+02   1.1311214e+02   1.2707587e+02   1.9748988e+02   1.0833489e+02   1.2085807e+02
   1.1494566e+02   1.1344628e+02   1.2707919e+02   1.9683164e+02   1.0826824e+02   1.2059098e+02
   1.1479546e+02   1.1343340e+02   1.2680617e+02   1.9662607e+02   1.0792881e+02   1.2089464e+02
   1.1460663e+02   1.1346871e+02   1.2725893e+02   1.9708017e+02   1.0776692e+02   1.2099319e+02
   1.1514483e+02   1.1407601e+02   1.2737455e+02   1.9792092e+02   1.0840321e+02   1.2144421e+02
   1.1462598e+02   1.1399372e+02   1.2717948e+02   1.9856905e+02   1.0852443e+02   1.2166194e+02
   1.1461927e+02   1.1351949e+02   1.2739405e+02   1.9786951e+02   1.0825355e+02   1.2146901e+02
   1.1469927e+02   1.1356482e+02   1.2731492e+02   1.9743010e+02   1.0857718e+02   1.2163825e+02
   1.1464335e+02   1.1388797e+02   1.2706544e+02   1.9753284e+02   1.0782094e+02   1.2139612e+02
   1.1426120e+02   1.1421366e+02   1.2642489e+02   1.9678852e+02   1.0800384e+02   1.2123509e+02
   1.1438377e+02   1.1417939e+02   1.2602260e+02   1.9645091e+02   1.0811756e+02   1.2101112e+02
   1.1345623e+02   1.1355637e+02   1.2617518e+02   1.9613691e+02   1.0751902e+02   1.2069523e+02
   1.1354547e+02   1.1329362e+02   1.2604811e+02   1.9536250e+02   1.0768660e+02   1.2074056e+02
   1.1340095e+02   1.1290523e+02   1.2616941e+02   1.9528511e+02   1.0787014e+02   1.2074372e+02
   1.1302101e+02   1.1257062e+02   1.2611626e+02   1.9629754e+02   1.0769900e+02   1.2047426e+02
   1.1313686e+02   1.1307826e+02   1.2595871e+02   1.9618264e+02   1.0789873e+02   1.2031418e+02
   1.1288422e+02   1.1310653e+02   1.2597309e+02   1.9653281e+02   1.0772246e+02   1.2012946e+02
   1.1290539e+02   1.1345370e+02   1.2596037e+02   1.9645067e+02   1.0740830e+02   1.2000398e+02
   1.1424533e+02   1.1328438e+02   1.2617834e+02   1.9642524e+02   1.0779590e+02   1.2045436e+02
   1.1472841e+02   1.1365706e+02   1.2648799e+02   1.9630892e+02   1.0772143e+02   1.2059999e+02
   1.1476284e+02   1.1389808e+02   1.2703820e+02   1.9741865e+02   1.0860261e+02   1.2084583e+02
   1.1409386e+02   1.1396324e+02   1.2711156e+02   1.9805722e+02   1.0828625e+02   1.2098901e+02
   1.1374487e+02   1.1380316e+02   1.2728365e+02   1.9827606e+02   1.0872731e+02   1.2112002e+02
   1.1356829e+02   1.1329425e+02   1.2771571e+02   1.9854133e+02   1.0901130e+02   1.2143110e+02
   1.1362547e+02   1.1395305e+02   1.2750011e+02   1.9809055e+02   1.0861651e+02   1.2155169e+02
   1.1373113e+02   1.1421058e+02   1.2667089e+02   1.9811377e+02   1.0803409e+02   1.2143939e+02
   1.1415222e+02   1.1477532e+02   1.2646043e+02   1.9859093e+02   1.0787598e+02   1.2155248e+02
   1.1369402e+02   1.1475439e+02   1.2659619e+02   1.9855010e+02   1.0802058e+02   1.2143923e+02
   1.1350314e+02   1.1464446e+02   1.2692756e+02   1.9822299e+02   1.0859906e+02   1.2121819e+02
   1.1334709e+02   1.1405864e+02   1.2736475e+02   1.9784329e+02   1.0885612e+02   1.2170490e+02
   1.1313370e+02   1.1283044e+02   1.2709680e+02   1.9739906e+02   1.0846212e+02   1.2165894e+02
   1.1265662e+02   1.1268592e+02   1.2657320e+02   1.9577395e+02   1.0852751e+02   1.2105037e+02
   1.1315558e+02   1.1257497e+02   1.2604440e+02   1.9496874e+02   1.0827630e+02   1.2063908e+02
   1.1397548e+02   1.1260505e+02   1.2595437e+02   1.9620254e+02   1.0782615e+02   1.2072966e+02
   1.1397334e+02   1.1292703e+02   1.2616152e+02   1.9574118e+02   1.0780419e+02   1.1974842e+02
   1.1409465e+02   1.1340513e+02   1.2626789e+02   1.9506272e+02   1.0756443e+02   1.2059896e+02
   1.1402341e+02   1.1305662e+02   1.2643326e+02   1.9624139e+02   1.0761798e+02   1.2085926e+02
   1.1430653e+02   1.1342835e+02   1.2681257e+02   1.9687894e+02   1.0802966e+02   1.2093586e+02
   1.1366377e+02   1.1334803e+02   1.2702572e+02   1.9699559e+02   1.0825916e+02   1.2124567e+02
   1.1311704e+02   1.1308956e+02   1.2719109e+02   1.9757501e+02   1.0840644e+02   1.2065858e+02
   1.1321804e+02   1.1363408e+02   1.2715958e+02   1.9644317e+02   1.0856186e+02   1.2064058e+02
   1.1252829e+02   1.1357524e+02   1.2677459e+02   1.9672566e+02   1.0856613e+02   1.2054731e+02
   1.1229295e+02   1.1326503e+02   1.2649494e+02   1.9610990e+02   1.0845604e+02   1.2062676e+02
   1.1487380e+02   1.1381287e+02   1.2637032e+02   1.9650185e+02   1.0880447e+02   1.2117128e+02
   1.1447340e+02   1.1366085e+02   1.2630114e+02   1.9647689e+02   1.0796870e+02   1.2108062e+02
   1.1494156e+02   1.1361520e+02   1.2623646e+02   1.9595472e+02   1.0748325e+02   1.2093302e+02
   1.1450325e+02   1.1369852e+02   1.2570150e+02   1.9538043e+02   1.0738587e+02   1.2113669e+02
   1.1408422e+02   1.1386262e+02   1.2569526e+02   1.9517328e+02   1.0759484e+02   1.2080026e+02
   1.1450515e+02   1.1408793e+02   1.2579082e+02   1.9513482e+02   1.0782536e+02   1.2081006e+02
   1.1421548e+02   1.1423790e+02   1.2610260e+02   1.9527824e+02   1.0767049e+02   1.2081061e+02
   1.1415664e+02   1.1394152e+02   1.2626908e+02   1.9595417e+02   1.0767681e+02   1.2090395e+02
   1.1449362e+02   1.1402436e+02   1.2625921e+02   1.9574149e+02   1.0765020e+02   1.2065590e+02
   1.1397737e+02   1.1341879e+02   1.2610987e+02   1.9538422e+02   1.0719713e+02   1.2050617e+02
   1.1374859e+02   1.1312130e+02   1.2604456e+02   1.9537221e+02   1.0694165e+02   1.2069815e+02
   1.1349824e+02   1.1310188e+02   1.2612053e+02   1.9517565e+02   1.0740609e+02   1.2109902e+02
   1.1283913e+02   1.1287617e+02   1.2631607e+02   1.9508373e+02   1.0720929e+02   1.2089195e+02
   1.1302709e+02   1.1292111e+02   1.2644069e+02   1.9527453e+02   1.0773604e+02   1.2085389e+02
   1.1325382e+02   1.1363968e+02   1.2608428e+02   1.9585079e+02   1.0769521e+02   1.2072271e+02
   1.1261050e+02   1.1302472e+02   1.2532788e+02   1.9529537e+02   1.0742718e+02   1.2109775e+02
   1.1255925e+02   1.1279625e+02   1.2540195e+02   1.9447066e+02   1.0745529e+02   1.2096792e+02
   1.1234831e+02   1.1297686e+02   1.2532361e+02   1.9484933e+02   1.0798528e+02   1.2084709e+02
   1.1230069e+02   1.1346136e+02   1.2573024e+02   1.9599926e+02   1.0779732e+02   1.2036931e+02
   1.1252087e+02   1.1400035e+02   1.2574248e+02   1.9587401e+02   1.0768629e+02   1.2000453e+02
   1.1391167e+02   1.1418365e+02   1.2524148e+02   1.9568195e+02   1.0780680e+02   1.1997326e+02
   1.1395510e+02   1.1364411e+02   1.2546087e+02   1.9546232e+02   1.0746500e+02   1.2012875e+02
   1.1385086e+02   1.1306918e+02   1.2546466e+02   1.9536929e+02   1.0771053e+02   1.2026585e+02
   1.1392114e+02   1.1294330e+02   1.2567030e+02   1.9612775e+02   1.0800976e+02   1.2104666e+02
   1.1394452e+02   1.1320896e+02   1.2533680e+02   1.9659053e+02   1.0854354e+02   1.2117238e+02
   1.1357137e+02   1.1370634e+02   1.2545013e+02   1.9603022e+02   1.0823104e+02   1.2120847e+02
   1.1317113e+02   1.1341603e+02   1.2531619e+02   1.9556246e+02   1.0799926e+02   1.2092204e+02
   1.1285469e+02   1.1292419e+02   1.2515303e+02   1.9581099e+02   1.0835464e+02   1.2078739e+02
   1.1298642e+02   1.1327799e+02   1.2587263e+02   1.9629928e+02   1.0820783e+02   1.2082956e+02
   1.1238780e+02   1.1345528e+02   1.2595777e+02   1.9693059e+02   1.0781501e+02   1.2085926e+02
   1.1272438e+02   1.1403976e+02   1.2551275e+02   1.9739006e+02   1.0834224e+02   1.2072326e+02
   1.1211384e+02   1.1418665e+02   1.2561810e+02   1.9733738e+02   1.0805904e+02   1.2046242e+02
   1.1227210e+02   1.1429153e+02   1.2574027e+02   1.9758481e+02   1.0760510e+02   1.2083683e+02
   1.1183870e+02   1.1411218e+02   1.2583931e+02   1.9722508e+02   1.0767428e+02   1.2053641e+02
   1.1279040e+02   1.1464517e+02   1.2576910e+02   1.9719389e+02   1.0781312e+02   1.2078968e+02
   1.1209268e+02   1.1472778e+02   1.2594939e+02   1.9724743e+02   1.0769521e+02   1.2095031e+02
   1.1259352e+02   1.1440517e+02   1.2624002e+02   1.9652767e+02   1.0786635e+02   1.2032524e+02
   1.1370547e+02   1.1386191e+02   1.2592262e+02   1.9539812e+02   1.0779164e+02   1.1987391e+02
   1.1329394e+02   1.1319317e+02   1.2575615e+02   1.9479855e+02   1.0726346e+02   1.1999079e+02
   1.1369860e+02   1.1333500e+02   1.2618552e+02   1.9550805e+02   1.0784265e+02   1.1982755e+02
   1.1364292e+02   1.1379731e+02   1.2637830e+02   1.9557794e+02   1.0782291e+02   1.2085610e+02
   1.1339258e+02   1.1384762e+02   1.2540882e+02   1.9672100e+02   1.0762974e+02   1.2092125e+02
   1.1357113e+02   1.1393030e+02   1.2520713e+02   1.9701217e+02   1.0751626e+02   1.2084607e+02
   1.1285753e+02   1.1419131e+02   1.2573246e+02   1.9673711e+02   1.0745063e+02   1.2077491e+02
   1.1274823e+02   1.1449946e+02   1.2573940e+02   1.9630054e+02   1.0745103e+02   1.2068093e+02
   1.1275913e+02   1.1450902e+02   1.2624981e+02   1.9581249e+02   1.0782923e+02   1.2092022e+02
   1.1258571e+02   1.1400833e+02   1.2643224e+02   1.9480021e+02   1.0815705e+02   1.2089898e+02
   1.1228040e+02   1.1252656e+02   1.2598604e+02   1.9450225e+02   1.0779598e+02   1.2021862e+02
   1.1148308e+02   1.1234973e+02   1.2558880e+02   1.9487958e+02   1.0783752e+02   1.1995628e+02
   1.1172585e+02   1.1263743e+02   1.2555484e+02   1.9508720e+02   1.0817608e+02   1.2059248e+02
   1.1108861e+02   1.1178792e+02   1.2533380e+02   1.9504448e+02   1.0766781e+02   1.2112832e+02
   1.1277737e+02   1.1313070e+02   1.2723050e+02   1.9616195e+02   1.0807792e+02   1.2245696e+02
   1.1306357e+02   1.1254140e+02   1.2597095e+02   1.9532570e+02   1.0799871e+02   1.2191623e+02
   1.1266381e+02   1.1222693e+02   1.2555105e+02   1.9482225e+02   1.0751152e+02   1.2130135e+02
   1.1248659e+02   1.1216225e+02   1.2564661e+02   1.9444610e+02   1.0744194e+02   1.2138838e+02
   1.1227676e+02   1.1227226e+02   1.2598272e+02   1.9429083e+02   1.0771622e+02   1.2121100e+02
   1.1265228e+02   1.1297449e+02   1.2616847e+02   1.9455034e+02   1.0773541e+02   1.2128366e+02
   1.1224952e+02   1.1353947e+02   1.2615465e+02   1.9615176e+02   1.0743744e+02   1.2131912e+02
   1.1247428e+02   1.1406432e+02   1.2623307e+02   1.9697024e+02   1.0747827e+02   1.2128847e+02
   1.1231167e+02   1.1488564e+02   1.2640704e+02   1.9786477e+02   1.0788143e+02   1.2194877e+02
   1.1249963e+02   1.1483234e+02   1.2654027e+02   1.9826350e+02   1.0787645e+02   1.2173270e+02
   1.1236956e+02   1.1423443e+02   1.2585210e+02   1.9687452e+02   1.0756720e+02   1.2153227e+02
   1.1209615e+02   1.1348584e+02   1.2558383e+02   1.9495216e+02   1.0755227e+02   1.2138411e+02
   1.1157122e+02   1.1292395e+02   1.2580448e+02   1.9495279e+02   1.0804364e+02   1.2088879e+02
   1.1319325e+02   1.1372908e+02   1.2606398e+02   1.9501052e+02   1.0812538e+02   1.2054897e+02
   1.1306736e+02   1.1310259e+02   1.2570710e+02   1.9425214e+02   1.0729490e+02   1.2058727e+02
   1.1326819e+02   1.1298594e+02   1.2568562e+02   1.9361127e+02   1.0721063e+02   1.2067809e+02
   1.1329109e+02   1.1341643e+02   1.2549664e+02   1.9479460e+02   1.0785742e+02   1.2092765e+02
   1.1305102e+02   1.1342140e+02   1.2582778e+02   1.9476341e+02   1.0788625e+02   1.2094297e+02
   1.1302022e+02   1.1331645e+02   1.2634655e+02   1.9550276e+02   1.0784889e+02   1.2128350e+02
   1.1314215e+02   1.1408312e+02   1.2689384e+02   1.9652199e+02   1.0807610e+02   1.2178869e+02
   1.1277919e+02   1.1422551e+02   1.2681352e+02   1.9675669e+02   1.0822954e+02   1.2111410e+02
   1.1251471e+02   1.1382029e+02   1.2608270e+02   1.9525336e+02   1.0780830e+02   1.2086810e+02
   1.1218081e+02   1.1346610e+02   1.2544136e+02   1.9400140e+02   1.0732420e+02   1.2067146e+02
   1.1128004e+02   1.1319633e+02   1.2536926e+02   1.9411796e+02   1.0777268e+02   1.2047355e+02
   1.1185599e+02   1.1345797e+02   1.2646185e+02   1.9506414e+02   1.0797778e+02   1.2096619e+02
   1.1360249e+02   1.1349492e+02   1.2655986e+02   1.9615421e+02   1.0768258e+02   1.2082293e+02
   1.1386168e+02   1.1391293e+02   1.2631836e+02   1.9634319e+02   1.0811843e+02   1.2057061e+02
   1.1370002e+02   1.1446164e+02   1.2682284e+02   1.9537774e+02   1.0811361e+02   1.2088003e+02
   1.1327262e+02   1.1418689e+02   1.2617952e+02   1.9404009e+02   1.0704218e+02   1.2083667e+02
   1.1345836e+02   1.1393875e+02   1.2628258e+02   1.9467030e+02   1.0738856e+02   1.2079410e+02
   1.1332537e+02   1.1371565e+02   1.2655654e+02   1.9526118e+02   1.0781170e+02   1.2117894e+02
   1.1347100e+02   1.1380971e+02   1.2677917e+02   1.9608108e+02   1.0830528e+02   1.2145606e+02
   1.1337410e+02   1.1390693e+02   1.2637885e+02   1.9634509e+02   1.0845746e+02   1.2113890e+02
   1.1278969e+02   1.1348403e+02   1.2613703e+02   1.9503808e+02   1.0781533e+02   1.2070439e+02
   1.1208257e+02   1.1253485e+02   1.2601810e+02   1.9459796e+02   1.0766552e+02   1.2043012e+02
   1.1153560e+02   1.1262377e+02   1.2577850e+02   1.9387212e+02   1.0794184e+02   1.2024682e+02
   1.1204758e+02   1.1339597e+02   1.2579066e+02   1.9464511e+02   1.0789699e+02   1.2011864e+02
   1.1310148e+02   1.1364821e+02   1.2599109e+02   1.9503650e+02   1.0767792e+02   1.2049472e+02
   1.1325753e+02   1.1367751e+02   1.2588171e+02   1.9613699e+02   1.0782789e+02   1.2026135e+02
   1.1325935e+02   1.1390701e+02   1.2610805e+02   1.9656574e+02   1.0832573e+02   1.2045760e+02
   1.1257639e+02   1.1348213e+02   1.2585605e+02   1.9591792e+02   1.0727578e+02   1.2039774e+02
   1.1274231e+02   1.1323645e+02   1.2604021e+02   1.9595630e+02   1.0769150e+02   1.2060204e+02
   1.1233236e+02   1.1336683e+02   1.2661056e+02   1.9666422e+02   1.0807957e+02   1.2092551e+02
   1.1240430e+02   1.1381177e+02   1.2644732e+02   1.9673340e+02   1.0831223e+02   1.2037420e+02
   1.1212979e+02   1.1381800e+02   1.2654256e+02   1.9655128e+02   1.0887286e+02   1.2025551e+02
   1.1210808e+02   1.1376328e+02   1.2602639e+02   1.9565778e+02   1.0850263e+02   1.2020172e+02
   1.1349161e+02   1.1315660e+02   1.2619042e+02   1.9552076e+02   1.0832115e+02   1.2019091e+02
   1.1403202e+02   1.1373840e+02   1.2651042e+02   1.9589589e+02   1.0757233e+02   1.2056287e+02
   1.1402460e+02   1.1387787e+02   1.2628977e+02   1.9639437e+02   1.0850935e+02   1.2085839e+02
   1.1364308e+02   1.1384264e+02   1.2626355e+02   1.9649624e+02   1.0827906e+02   1.2125049e+02
   1.1342298e+02   1.1347913e+02   1.2610173e+02   1.9678339e+02   1.0791049e+02   1.2093554e+02
   1.1293595e+02   1.1343546e+02   1.2628069e+02   1.9738035e+02   1.0843519e+02   1.2094573e+02
   1.1244877e+02   1.1348174e+02   1.2641747e+02   1.9722706e+02   1.0847839e+02   1.2080429e+02
   1.1269082e+02   1.1318259e+02   1.2657360e+02   1.9551958e+02   1.0826453e+02   1.2003635e+02
   1.1395234e+02   1.1383806e+02   1.2535094e+02   1.9525115e+02   1.0753545e+02   1.2003920e+02
   1.1377054e+02   1.1378010e+02   1.2527030e+02   1.9561040e+02   1.0722587e+02   1.1995596e+02
   1.1423664e+02   1.1386405e+02   1.2517956e+02   1.9554990e+02   1.0746706e+02   1.1993953e+02
   1.1357714e+02   1.1338239e+02   1.2499793e+02   1.9494726e+02   1.0714761e+02   1.2064050e+02
   1.1347984e+02   1.1296604e+02   1.2494241e+02   1.9362320e+02   1.0774844e+02   1.2083280e+02
   1.1306057e+02   1.1251044e+02   1.2498426e+02   1.9361822e+02   1.0751239e+02   1.2092157e+02
   1.1296217e+02   1.1248762e+02   1.2561099e+02   1.9335066e+02   1.0722145e+02   1.2059612e+02
   1.1236924e+02   1.1235202e+02   1.2585992e+02   1.9358300e+02   1.0736408e+02   1.2042790e+02
   1.1252000e+02   1.1283131e+02   1.2586371e+02   1.9390529e+02   1.0748269e+02   1.2000350e+02
   1.1450025e+02   1.1352722e+02   1.2552507e+02   1.9491772e+02   1.0760652e+02   1.2021420e+02
   1.1413319e+02   1.1380189e+02   1.2531153e+02   1.9565352e+02   1.0805825e+02   1.2029965e+02
   1.1488612e+02   1.1396624e+02   1.2599125e+02   1.9636072e+02   1.0823768e+02   1.2023023e+02
   1.1441307e+02   1.1375111e+02   1.2677506e+02   1.9573170e+02   1.0740570e+02   1.2054091e+02
   1.1451265e+02   1.1388024e+02   1.2630612e+02   1.9605210e+02   1.0792226e+02   1.2067406e+02
   1.1374464e+02   1.1378499e+02   1.2593794e+02   1.9575595e+02   1.0768265e+02   1.2039347e+02
   1.1322152e+02   1.1373082e+02   1.2584657e+02   1.9605423e+02   1.0790875e+02   1.2044583e+02
   1.1279270e+02   1.1388284e+02   1.2567946e+02   1.9615689e+02   1.0797888e+02   1.2069381e+02
   1.1316268e+02   1.1361117e+02   1.2605901e+02   1.9633940e+02   1.0803946e+02   1.2025029e+02
   1.1467858e+02   1.1426997e+02   1.2567931e+02   1.9709952e+02   1.0810319e+02   1.2023466e+02
   1.1405058e+02   1.1424588e+02   1.2546489e+02   1.9614647e+02   1.0759191e+02   1.2064445e+02
   1.1449504e+02   1.1464643e+02   1.2552491e+02   1.9583721e+02   1.0742631e+02   1.2084172e+02
   1.1430401e+02   1.1450570e+02   1.2561573e+02   1.9632834e+02   1.0740814e+02   1.2114403e+02
   1.1445169e+02   1.1454503e+02   1.2590098e+02   1.9602295e+02   1.0791721e+02   1.2114790e+02
   1.1393986e+02   1.1394120e+02   1.2608839e+02   1.9498225e+02   1.0782346e+02   1.2157223e+02
   1.1406203e+02   1.1326543e+02   1.2655196e+02   1.9533344e+02   1.0771938e+02   1.2143781e+02
   1.1381224e+02   1.1387423e+02   1.2692503e+02   1.9630726e+02   1.0816731e+02   1.2149704e+02
   1.1361465e+02   1.1438756e+02   1.2641944e+02   1.9711397e+02   1.0772712e+02   1.2119829e+02
   1.1392975e+02   1.1473551e+02   1.2597482e+02   1.9620420e+02   1.0787219e+02   1.2133404e+02
   1.1307945e+02   1.1442357e+02   1.2549585e+02   1.9518300e+02   1.0743468e+02   1.2121416e+02
   1.1328975e+02   1.1506317e+02   1.2571690e+02   1.9509518e+02   1.0771030e+02   1.2089416e+02
   1.1271886e+02   1.1473062e+02   1.2571745e+02   1.9564744e+02   1.0784542e+02   1.2131493e+02
   1.1209378e+02   1.1376430e+02   1.2589609e+02   1.9668712e+02   1.0829778e+02   1.2103900e+02
   1.1280509e+02   1.1401180e+02   1.2647330e+02   1.9785482e+02   1.0866753e+02   1.2108307e+02
   1.1219542e+02   1.1385615e+02   1.2626055e+02   1.9771598e+02   1.0823760e+02   1.2093009e+02
   1.1271388e+02   1.1416359e+02   1.2614154e+02   1.9693059e+02   1.0781659e+02   1.2105645e+02
   1.1412008e+02   1.1434183e+02   1.2575409e+02   1.9669960e+02   1.0779851e+02   1.2085033e+02
   1.1379139e+02   1.1442294e+02   1.2592397e+02   1.9647318e+02   1.0750710e+02   1.2068101e+02
   1.1336596e+02   1.1489733e+02   1.2636242e+02   1.9714990e+02   1.0788806e+02   1.2069278e+02
   1.1427921e+02   1.1494140e+02   1.2620827e+02   1.9743563e+02   1.0776605e+02   1.2101467e+02
   1.1415080e+02   1.1495214e+02   1.2545242e+02   1.9667985e+02   1.0757004e+02   1.2094834e+02
   1.1447751e+02   1.1440162e+02   1.2612266e+02   1.9590015e+02   1.0777608e+02   1.2076796e+02
   1.1422108e+02   1.1381248e+02   1.2618537e+02   1.9609553e+02   1.0746951e+02   1.2105874e+02
   1.1421287e+02   1.1378855e+02   1.2599559e+02   1.9701691e+02   1.0808376e+02   1.2107548e+02
   1.1363131e+02   1.1366527e+02   1.2575970e+02   1.9683764e+02   1.0779701e+02   1.2128911e+02
   1.1330934e+02   1.1384588e+02   1.2569305e+02   1.9642524e+02   1.0783689e+02   1.2117041e+02
   1.1344351e+02   1.1440312e+02   1.2530671e+02   1.9603622e+02   1.0786587e+02   1.2105922e+02
   1.1258318e+02   1.1386586e+02   1.2552081e+02   1.9622844e+02   1.0792897e+02   1.2096705e+02
   1.1309951e+02   1.1359546e+02   1.2648491e+02   1.9628404e+02   1.0828988e+02   1.2125973e+02
   1.1402807e+02   1.1407475e+02   1.2667737e+02   1.9688471e+02   1.0866295e+02   1.2135529e+02
   1.1444031e+02   1.1349951e+02   1.2632547e+02   1.9598655e+02   1.0827851e+02   1.2106024e+02
   1.1495245e+02   1.1347281e+02   1.2680333e+02   1.9506264e+02   1.0820151e+02   1.2075272e+02
   1.1480714e+02   1.1362223e+02   1.2664325e+02   1.9514224e+02   1.0762729e+02   1.2134747e+02
   1.1440936e+02   1.1378191e+02   1.2659934e+02   1.9584447e+02   1.0805944e+02   1.2123422e+02
   1.1436324e+02   1.1423198e+02   1.2658576e+02   1.9645754e+02   1.0854946e+02   1.2119181e+02
   1.1394412e+02   1.1433204e+02   1.2615544e+02   1.9636830e+02   1.0777229e+02   1.2078518e+02
   1.1311467e+02   1.1431285e+02   1.2604021e+02   1.9669012e+02   1.0777805e+02   1.2068259e+02
   1.1335238e+02   1.1494013e+02   1.2652874e+02   1.9681995e+02   1.0796064e+02   1.2140046e+02
   1.1379573e+02   1.1461366e+02   1.2648926e+02   1.9669612e+02   1.0799136e+02   1.2097408e+02
   1.1503956e+02   1.1456177e+02   1.2678375e+02   1.9654955e+02   1.0811803e+02   1.2107762e+02
   1.1490941e+02   1.1417251e+02   1.2641605e+02   1.9591847e+02   1.0758196e+02   1.2145400e+02
   1.1457781e+02   1.1385646e+02   1.2622856e+02   1.9613036e+02   1.0788562e+02   1.2132243e+02
   1.1445761e+02   1.1392880e+02   1.2655164e+02   1.9691543e+02   1.0799752e+02   1.2137756e+02
   1.1416493e+02   1.1441315e+02   1.2641739e+02   1.9732048e+02   1.0745087e+02   1.2123896e+02
   1.1352241e+02   1.1458333e+02   1.2617068e+02   1.9641087e+02   1.0758402e+02   1.2115864e+02
   1.1349129e+02   1.1478724e+02   1.2613064e+02   1.9599350e+02   1.0776289e+02   1.2131146e+02
   1.1315092e+02   1.1436592e+02   1.2639449e+02   1.9695642e+02   1.0771519e+02   1.2149294e+02
   1.1485587e+02   1.1455877e+02   1.2683429e+02   1.9702734e+02   1.0812001e+02   1.2120153e+02
   1.1492173e+02   1.1433836e+02   1.2693443e+02   1.9602698e+02   1.0760147e+02   1.2115920e+02
   1.1437982e+02   1.1411005e+02   1.2671638e+02   1.9583500e+02   1.0823831e+02   1.2120350e+02
   1.1450697e+02   1.1415522e+02   1.2668527e+02   1.9582955e+02   1.0758125e+02   1.2143916e+02
   1.1445998e+02   1.1426649e+02   1.2610995e+02   1.9512692e+02   1.0709201e+02   1.2133689e+02
   1.1404474e+02   1.1390172e+02   1.2603034e+02   1.9592187e+02   1.0760163e+02   1.2156117e+02
   1.1373485e+02   1.1365319e+02   1.2616246e+02   1.9687334e+02   1.0813936e+02   1.2197104e+02
   1.1339795e+02   1.1377931e+02   1.2622849e+02   1.9752392e+02   1.0818958e+02   1.2181191e+02
   1.1338476e+02   1.1383301e+02   1.2641597e+02   1.9745608e+02   1.0810137e+02   1.2149531e+02
   1.1307700e+02   1.1372095e+02   1.2650134e+02   1.9708546e+02   1.0801797e+02   1.2137021e+02
   1.1306594e+02   1.1353781e+02   1.2625881e+02   1.9673545e+02   1.0760471e+02   1.2152247e+02
   1.1404995e+02   1.1380687e+02   1.2641589e+02   1.9696534e+02   1.0798212e+02   1.2140693e+02
   1.1476876e+02   1.1409670e+02   1.2671962e+02   1.9731867e+02   1.0805351e+02   1.2087181e+02
   1.1492094e+02   1.1404450e+02   1.2678114e+02   1.9729616e+02   1.0797264e+02   1.2126518e+02
   1.1494558e+02   1.1453887e+02   1.2686880e+02   1.9813185e+02   1.0842058e+02   1.2161408e+02
   1.1450175e+02   1.1450428e+02   1.2680412e+02   1.9854962e+02   1.0831033e+02   1.2206383e+02
   1.1470487e+02   1.1482515e+02   1.2643247e+02   1.9872708e+02   1.0854844e+02   1.2195706e+02
   1.1422574e+02   1.1442333e+02   1.2627066e+02   1.9864107e+02   1.0831610e+02   1.2208318e+02
   1.1391198e+02   1.1430219e+02   1.2645514e+02   1.9871768e+02   1.0870852e+02   1.2170672e+02
   1.1382748e+02   1.1465994e+02   1.2640128e+02   1.9837951e+02   1.0844854e+02   1.2134526e+02
   1.1351111e+02   1.1392027e+02   1.2612495e+02   1.9811337e+02   1.0829999e+02   1.2128887e+02
   1.1305481e+02   1.1355202e+02   1.2633850e+02   1.9758023e+02   1.0845580e+02   1.2094897e+02
   1.1447901e+02   1.1363550e+02   1.2599623e+02   1.9721261e+02   1.0830062e+02   1.2092599e+02
   1.1415933e+02   1.1353773e+02   1.2628582e+02   1.9720637e+02   1.0792021e+02   1.2118960e+02
   1.1463617e+02   1.1394736e+02   1.2667816e+02   1.9736455e+02   1.0819432e+02   1.2152460e+02
