   8.8858986e+01   1.0704977e+02   1.1611271e+02   1.7062838e+02   7.0826786e+01   1.4148328e+02
   8.8977232e+01   1.0709881e+02   1.1641467e+02   1.7073150e+02   7.0835569e+01   1.4227579e+02
   8.9096048e+01   1.0795166e+02   1.1951991e+02   1.7180133e+02   7.1540088e+01   1.4337457e+02
   8.8840932e+01   1.0756220e+02   1.1972094e+02   1.7193536e+02   7.1836843e+01   1.4317801e+02
   8.9134840e+01   1.0757009e+02   1.1938434e+02   1.7134184e+02   7.1589940e+01   1.4306846e+02
   8.9254388e+01   1.0769760e+02   1.1921144e+02   1.7122213e+02   7.1169815e+01   1.4299316e+02
   8.9123780e+01   1.0752715e+02   1.1888305e+02   1.7129045e+02   7.1320998e+01   1.4269299e+02
   8.9444851e+01   1.0811171e+02   1.1906310e+02   1.7155849e+02   7.1357188e+01   1.4293916e+02
   8.9656296e+01   1.0836764e+02   1.2101124e+02   1.7292842e+02   7.2251113e+01   1.4339539e+02
   8.9526746e+01   1.0854940e+02   1.2022532e+02   1.7232523e+02   7.2149456e+01   1.4357927e+02
   8.9565863e+01   1.0796216e+02   1.1927439e+02   1.7132338e+02   7.1264396e+01   1.4274471e+02
   8.9289602e+01   1.0744086e+02   1.1831093e+02   1.7101248e+02   7.1160056e+01   1.4248976e+02
   8.8998133e+01   1.0753593e+02   1.1925040e+02   1.7162998e+02   7.1351902e+01   1.4277423e+02
   8.8924371e+01   1.0739304e+02   1.2050101e+02   1.7165617e+02   7.1477793e+01   1.4269112e+02
   8.9437369e+01   1.0803445e+02   1.2018872e+02   1.7175969e+02   7.1997704e+01   1.4336034e+02
   8.9206081e+01   1.0811431e+02   1.2056680e+02   1.7187843e+02   7.1857011e+01   1.4348103e+02
   8.9675245e+01   1.0796313e+02   1.2074133e+02   1.7170992e+02   7.1718678e+01   1.4316418e+02
   9.0097159e+01   1.0801323e+02   1.1952495e+02   1.7138934e+02   7.1265697e+01   1.4223008e+02
   8.9684110e+01   1.0803909e+02   1.1945639e+02   1.7160835e+02   7.1531142e+01   1.4294705e+02
   8.9803332e+01   1.0852200e+02   1.2038919e+02   1.7193771e+02   7.2075288e+01   1.4335302e+02
   8.9090274e+01   1.0789970e+02   1.1975038e+02   1.7147741e+02   7.1234794e+01   1.4261516e+02
   8.9315707e+01   1.0771745e+02   1.1954495e+02   1.7090098e+02   7.1235607e+01   1.4212160e+02
   8.9687119e+01   1.0748445e+02   1.1939076e+02   1.7072369e+02   7.1038963e+01   1.4223643e+02
   8.9214702e+01   1.0697503e+02   1.2004063e+02   1.7125157e+02   7.0796940e+01   1.4232873e+02
   8.9249183e+01   1.0789026e+02   1.2009862e+02   1.7228448e+02   7.1514470e+01   1.4268803e+02
   8.9812115e+01   1.0819694e+02   1.2023573e+02   1.7153393e+02   7.1390612e+01   1.4315874e+02
   8.9134190e+01   1.0751503e+02   1.1988872e+02   1.7147530e+02   7.1319290e+01   1.4229409e+02
   8.9058232e+01   1.0760709e+02   1.1950567e+02   1.7123458e+02   7.1388254e+01   1.4242998e+02
   8.9295213e+01   1.0735051e+02   1.2022353e+02   1.7135616e+02   7.1247155e+01   1.4276333e+02
   8.9854974e+01   1.0747795e+02   1.2077410e+02   1.7173481e+02   7.1306604e+01   1.4238037e+02
   8.9597336e+01   1.0802689e+02   1.1993377e+02   1.7180572e+02   7.1528702e+01   1.4312832e+02
   8.9755350e+01   1.0779219e+02   1.1972013e+02   1.7167487e+02   7.1543910e+01   1.4280391e+02
   8.9189572e+01   1.0738475e+02   1.1991954e+02   1.7148457e+02   7.1327585e+01   1.4210346e+02
   8.9160620e+01   1.0719811e+02   1.1927561e+02   1.7101337e+02   7.1055553e+01   1.4241152e+02
   8.9609372e+01   1.0737401e+02   1.1954260e+02   1.7065196e+02   7.0843701e+01   1.4247048e+02
   8.8985121e+01   1.0702448e+02   1.1940727e+02   1.7073931e+02   7.0777910e+01   1.4238216e+02
   8.8963732e+01   1.0755065e+02   1.1908612e+02   1.7081941e+02   7.1100201e+01   1.4255278e+02
   8.9642634e+01   1.0808902e+02   1.2120895e+02   1.7206466e+02   7.1851969e+01   1.4324258e+02
   9.0107650e+01   1.0832381e+02   1.2066317e+02   1.7175083e+02   7.1595226e+01   1.4288979e+02
   8.9552119e+01   1.0694828e+02   1.1953837e+02   1.7082299e+02   7.1025463e+01   1.4206223e+02
   8.9252192e+01   1.0716078e+02   1.1914923e+02   1.7123872e+02   7.0956987e+01   1.4201531e+02
   8.9570092e+01   1.0724519e+02   1.1885833e+02   1.7083470e+02   7.1429892e+01   1.4241925e+02
   8.9354581e+01   1.0689850e+02   1.1976917e+02   1.7120327e+02   7.1353772e+01   1.4282124e+02
   8.9491044e+01   1.0725886e+02   1.1908937e+02   1.7103810e+02   7.1259923e+01   1.4246772e+02
   8.9517637e+01   1.0731082e+02   1.1828743e+02   1.7073402e+02   7.0686500e+01   1.4184574e+02
   8.9011714e+01   1.0692331e+02   1.1827197e+02   1.7124767e+02   7.0985939e+01   1.4271185e+02
   8.9801543e+01   1.0770232e+02   1.1956146e+02   1.7111674e+02   7.1424362e+01   1.4268461e+02
   8.9634583e+01   1.0781488e+02   1.2041107e+02   1.7173733e+02   7.1874334e+01   1.4281286e+02
   8.9980377e+01   1.0857648e+02   1.2051126e+02   1.7169610e+02   7.1564811e+01   1.4285889e+02
   8.9526990e+01   1.0717745e+02   1.1909425e+02   1.7087203e+02   7.0642015e+01   1.4182135e+02
   8.9554965e+01   1.0705872e+02   1.1861110e+02   1.7074126e+02   7.0590618e+01   1.4200815e+02
   8.9708182e+01   1.0703554e+02   1.1808452e+02   1.7038188e+02   7.0581591e+01   1.4207109e+02
   8.9340023e+01   1.0681726e+02   1.1858532e+02   1.7098597e+02   7.0648115e+01   1.4264671e+02
   8.9379791e+01   1.0674212e+02   1.1884743e+02   1.7069222e+02   7.0335095e+01   1.4207793e+02
   8.9803088e+01   1.0735588e+02   1.1892729e+02   1.7113341e+02   7.0627296e+01   1.4239469e+02
   8.9695983e+01   1.0739467e+02   1.1824538e+02   1.7025071e+02   7.0973334e+01   1.4222073e+02
   9.0390824e+01   1.0745160e+02   1.1905115e+02   1.7104777e+02   7.1158267e+01   1.4244324e+02
   9.0018762e+01   1.0757911e+02   1.1984716e+02   1.7117537e+02   7.0898515e+01   1.4202019e+02
   9.0684001e+01   1.0852143e+02   1.2096554e+02   1.7186672e+02   7.1752021e+01   1.4276862e+02
   9.0147744e+01   1.0808203e+02   1.1987351e+02   1.7115455e+02   7.1065719e+01   1.4263362e+02
   9.0134325e+01   1.0746241e+02   1.1862232e+02   1.7083893e+02   7.0601028e+01   1.4211997e+02
   9.0085367e+01   1.0742313e+02   1.1822391e+02   1.7056698e+02   7.0877533e+01   1.4269779e+02
   8.9834805e+01   1.0767776e+02   1.1866973e+02   1.7134990e+02   7.1549603e+01   1.4337376e+02
   8.9658248e+01   1.0774973e+02   1.1884775e+02   1.7151360e+02   7.1109797e+01   1.4287922e+02
   8.9872865e+01   1.0752609e+02   1.1898406e+02   1.7098019e+02   7.0739768e+01   1.4213388e+02
   8.9741769e+01   1.0671097e+02   1.1838453e+02   1.7065083e+02   7.0527347e+01   1.4215331e+02
   8.9898726e+01   1.0711117e+02   1.1843023e+02   1.7062147e+02   7.1204053e+01   1.4244812e+02
   9.0392369e+01   1.0734961e+02   1.1804459e+02   1.7072662e+02   7.0851265e+01   1.4204906e+02
   8.9548134e+01   1.0686890e+02   1.1748873e+02   1.7050347e+02   7.0204975e+01   1.4204881e+02
   9.0116027e+01   1.0696340e+02   1.1867177e+02   1.7140227e+02   7.0601272e+01   1.4313873e+02
   8.9660281e+01   1.0718485e+02   1.1810322e+02   1.7111357e+02   7.0782138e+01   1.4214941e+02
   9.0017461e+01   1.0682832e+02   1.1772954e+02   1.7036334e+02   7.0613714e+01   1.4203881e+02
   9.0200036e+01   1.0723926e+02   1.1840592e+02   1.7097149e+02   7.1016111e+01   1.4269282e+02
   9.0567299e+01   1.0846743e+02   1.1961156e+02   1.7148563e+02   7.1693467e+01   1.4260377e+02
   9.0985148e+01   1.0825663e+02   1.2028566e+02   1.7143805e+02   7.1511705e+01   1.4278277e+02
   9.0516715e+01   1.0789327e+02   1.2057673e+02   1.7141569e+02   7.2018198e+01   1.4334310e+02
   9.0215813e+01   1.0736255e+02   1.1972883e+02   1.7125588e+02   7.1337507e+01   1.4321583e+02
   9.0042184e+01   1.0763734e+02   1.1983431e+02   1.7188038e+02   7.1641500e+01   1.4287792e+02
   9.0292990e+01   1.0815986e+02   1.2008707e+02   1.7263800e+02   7.2691569e+01   1.4415627e+02
   9.0422948e+01   1.0839139e+02   1.2048231e+02   1.7232059e+02   7.1893852e+01   1.4340613e+02
   9.0221749e+01   1.0772379e+02   1.1962604e+02   1.7165137e+02   7.0836545e+01   1.4162657e+02
   9.0657733e+01   1.0793662e+02   1.1997370e+02   1.7169000e+02   7.1143547e+01   1.4228937e+02
   9.1056795e+01   1.0854680e+02   1.1983862e+02   1.7189217e+02   7.1582458e+01   1.4312905e+02
   9.0836729e+01   1.0836292e+02   1.2031510e+02   1.7198586e+02   7.1639223e+01   1.4277935e+02
   9.0172060e+01   1.0762905e+02   1.1938661e+02   1.7142545e+02   7.1214869e+01   1.4186990e+02
   9.0419776e+01   1.0789392e+02   1.1918241e+02   1.7161046e+02   7.1682244e+01   1.4318842e+02
   9.0688962e+01   1.0819239e+02   1.1914362e+02   1.7169276e+02   7.1178191e+01   1.4290069e+02
   9.0534282e+01   1.0779438e+02   1.1903179e+02   1.7143342e+02   7.1124192e+01   1.4259068e+02
   9.0385294e+01   1.0768996e+02   1.1863306e+02   1.7076427e+02   7.1021478e+01   1.4206304e+02
   8.9710378e+01   1.0705652e+02   1.1815909e+02   1.7045516e+02   7.0772949e+01   1.4248219e+02
   9.0602839e+01   1.0735035e+02   1.1870592e+02   1.7058788e+02   7.0477901e+01   1.4247113e+02
   8.9840904e+01   1.0681328e+02   1.1882661e+02   1.7074833e+02   7.0511733e+01   1.4212298e+02
   8.9839684e+01   1.0725609e+02   1.1800433e+02   1.7044589e+02   7.0276866e+01   1.4222342e+02
   9.0116759e+01   1.0739174e+02   1.1750801e+02   1.7001064e+02   7.0112101e+01   1.4194528e+02
   8.9239180e+01   1.0690891e+02   1.1746027e+02   1.7026746e+02   7.0905183e+01   1.4184574e+02
   9.0290144e+01   1.0795020e+02   1.1886988e+02   1.7107990e+02   7.1181688e+01   1.4251911e+02
   9.0385213e+01   1.0737629e+02   1.1873788e+02   1.7101411e+02   7.0912421e+01   1.4182582e+02
   9.0552417e+01   1.0734758e+02   1.1850635e+02   1.7079371e+02   7.0702765e+01   1.4192430e+02
   9.0428722e+01   1.0706221e+02   1.1939475e+02   1.7114016e+02   7.1324414e+01   1.4275829e+02
   9.0503378e+01   1.0716403e+02   1.1883011e+02   1.7046662e+02   7.0777015e+01   1.4255612e+02
   9.0376836e+01   1.0706921e+02   1.1948396e+02   1.7126572e+02   7.1167131e+01   1.4253408e+02
   9.0716287e+01   1.0749820e+02   1.1973713e+02   1.7135413e+02   7.1584003e+01   1.4253823e+02
   9.0583239e+01   1.0801453e+02   1.1947420e+02   1.7086495e+02   7.1112237e+01   1.4225985e+02
   8.9914991e+01   1.0698756e+02   1.1850367e+02   1.7034317e+02   7.0302809e+01   1.4158908e+02
   9.0378707e+01   1.0733091e+02   1.1846683e+02   1.7044223e+02   7.1369061e+01   1.4271478e+02
   9.0371794e+01   1.0769996e+02   1.2044831e+02   1.7132412e+02   7.1958505e+01   1.4303179e+02
   9.0450923e+01   1.0793223e+02   1.2051004e+02   1.7195398e+02   7.2007544e+01   1.4267217e+02
   9.1119903e+01   1.0866334e+02   1.2082184e+02   1.7169813e+02   7.2322272e+01   1.4326649e+02
   9.0523791e+01   1.0808642e+02   1.2055859e+02   1.7133827e+02   7.1243007e+01   1.4271584e+02
   9.0401152e+01   1.0760644e+02   1.1982666e+02   1.7091619e+02   7.1413302e+01   1.4257417e+02
   9.0644802e+01   1.0793418e+02   1.1924706e+02   1.7049948e+02   7.0530925e+01   1.4221081e+02
   9.0001359e+01   1.0713280e+02   1.1844804e+02   1.6996656e+02   7.0713907e+01   1.4211810e+02
   9.0008515e+01   1.0790718e+02   1.1910572e+02   1.7100670e+02   7.1040020e+01   1.4195667e+02
   9.0732877e+01   1.0792475e+02   1.1933562e+02   1.7025632e+02   7.0510106e+01   1.4209216e+02
   9.0025105e+01   1.0733864e+02   1.1846024e+02   1.7047240e+02   7.0361932e+01   1.4188112e+02
   9.0047714e+01   1.0711426e+02   1.1855222e+02   1.7070125e+02   7.1107683e+01   1.4247951e+02
   9.0049015e+01   1.0676440e+02   1.1985253e+02   1.7097417e+02   7.1156884e+01   1.4301609e+02
   9.0357644e+01   1.0731619e+02   1.2030233e+02   1.7086008e+02   7.1562859e+01   1.4284466e+02
   8.9866278e+01   1.0735059e+02   1.1948819e+02   1.7041173e+02   7.1023023e+01   1.4233442e+02
   9.0464342e+01   1.0773778e+02   1.1944110e+02   1.7111145e+02   7.1212673e+01   1.4289622e+02
   9.0217439e+01   1.0771737e+02   1.1894624e+02   1.7040831e+02   7.0626076e+01   1.4255433e+02
   8.9628727e+01   1.0675773e+02   1.1891298e+02   1.7031487e+02   7.0991876e+01   1.4241201e+02
   8.9664185e+01   1.0693486e+02   1.1881986e+02   1.7086544e+02   7.1259110e+01   1.4269339e+02
   9.0450435e+01   1.0824598e+02   1.2018653e+02   1.7204945e+02   7.2303892e+01   1.4346696e+02
   9.1070295e+01   1.0872848e+02   1.2059738e+02   1.7167227e+02   7.2138884e+01   1.4324380e+02
   9.0646591e+01   1.0807373e+02   1.2012358e+02   1.7154613e+02   7.1497555e+01   1.4275455e+02
   9.0913907e+01   1.0832161e+02   1.1983252e+02   1.7135339e+02   7.1209989e+01   1.4247935e+02
   9.0080407e+01   1.0716720e+02   1.1876806e+02   1.6975316e+02   7.0279956e+01   1.4187998e+02
   8.9528128e+01   1.0645024e+02   1.1830987e+02   1.7054925e+02   7.1023918e+01   1.4243234e+02
   9.0520050e+01   1.0782455e+02   1.1971915e+02   1.7170122e+02   7.1835460e+01   1.4316264e+02
   9.0538998e+01   1.0791019e+02   1.1999192e+02   1.7124230e+02   7.1637027e+01   1.4303691e+02
   9.0351219e+01   1.0748453e+02   1.1916069e+02   1.7104005e+02   7.1215926e+01   1.4227286e+02
   9.0707504e+01   1.0837984e+02   1.1842324e+02   1.7074573e+02   7.0729358e+01   1.4205694e+02
   8.9924588e+01   1.0757293e+02   1.1850749e+02   1.7124295e+02   7.1217227e+01   1.4273113e+02
   9.0338044e+01   1.0797964e+02   1.1910003e+02   1.7029397e+02   7.0797509e+01   1.4193439e+02
   8.9450869e+01   1.0707034e+02   1.1778630e+02   1.7020907e+02   7.0674545e+01   1.4156883e+02
   8.9428586e+01   1.0719225e+02   1.1811225e+02   1.7059780e+02   7.0893879e+01   1.4213363e+02
   9.0291364e+01   1.0727341e+02   1.1917533e+02   1.7051046e+02   7.1053927e+01   1.4264086e+02
   8.9797883e+01   1.0707246e+02   1.1909067e+02   1.7076761e+02   7.1459820e+01   1.4306912e+02
   8.9712004e+01   1.0702993e+02   1.1825270e+02   1.7035350e+02   7.0988216e+01   1.4198001e+02
   8.9818703e+01   1.0692599e+02   1.1865225e+02   1.7039392e+02   7.0934460e+01   1.4229872e+02
   9.0012419e+01   1.0704180e+02   1.1935083e+02   1.7128825e+02   7.1801629e+01   1.4319818e+02
   9.0205078e+01   1.0785546e+02   1.1982943e+02   1.7173725e+02   7.2496145e+01   1.4370589e+02
   9.0171247e+01   1.0769435e+02   1.2011228e+02   1.7153117e+02   7.2525503e+01   1.4339385e+02
   9.0523059e+01   1.0813668e+02   1.1990718e+02   1.7143260e+02   7.2262498e+01   1.4318362e+02
   8.9965006e+01   1.0753447e+02   1.1974087e+02   1.7161558e+02   7.1886776e+01   1.4292566e+02
   9.0775980e+01   1.0798005e+02   1.1981772e+02   1.7134762e+02   7.1742506e+01   1.4324421e+02
   9.0342598e+01   1.0753357e+02   1.1997321e+02   1.7153987e+02   7.1615069e+01   1.4338295e+02
   9.0033807e+01   1.0793093e+02   1.2023614e+02   1.7138275e+02   7.1484299e+01   1.4262305e+02
   8.9952564e+01   1.0764824e+02   1.1880856e+02   1.7036407e+02   7.0651368e+01   1.4176051e+02
   8.9973952e+01   1.0779235e+02   1.1904952e+02   1.7071507e+02   7.1141676e+01   1.4223936e+02
   9.0607799e+01   1.0860365e+02   1.1901081e+02   1.7056609e+02   7.1340597e+01   1.4272511e+02
   9.0795579e+01   1.0906134e+02   1.1974794e+02   1.7156939e+02   7.1446320e+01   1.4274682e+02
   9.1400556e+01   1.0928100e+02   1.1958887e+02   1.7130997e+02   7.1533094e+01   1.4242161e+02
   9.0178241e+01   1.0835113e+02   1.1950323e+02   1.7071239e+02   7.1427127e+01   1.4246877e+02
   9.0574700e+01   1.0799956e+02   1.1934555e+02   1.7043979e+02   7.1302212e+01   1.4256457e+02
   9.0522164e+01   1.0776234e+02   1.1924674e+02   1.7093010e+02   7.1264965e+01   1.4171587e+02
   9.0009816e+01   1.0743671e+02   1.1908880e+02   1.7057731e+02   7.0618025e+01   1.4244381e+02
   9.0267861e+01   1.0752430e+02   1.1863143e+02   1.7053103e+02   7.0876801e+01   1.4254977e+02
   9.0341379e+01   1.0783553e+02   1.1858231e+02   1.7066685e+02   7.0888918e+01   1.4242819e+02
   8.9363852e+01   1.0707205e+02   1.1898284e+02   1.7031455e+02   7.0927873e+01   1.4269006e+02
   8.9818540e+01   1.0769077e+02   1.1923275e+02   1.7094099e+02   7.1288875e+01   1.4274967e+02
   9.0117003e+01   1.0829063e+02   1.1905473e+02   1.7080079e+02   7.1140782e+01   1.4245113e+02
   9.0353903e+01   1.0804177e+02   1.1844113e+02   1.7074158e+02   7.0955035e+01   1.4209899e+02
   8.9731766e+01   1.0773209e+02   1.1893941e+02   1.7088594e+02   7.1195026e+01   1.4241290e+02
   8.9620432e+01   1.0799103e+02   1.1892640e+02   1.7056958e+02   7.0898840e+01   1.4252269e+02
   8.9745998e+01   1.0730228e+02   1.1865835e+02   1.7000535e+02   7.0874442e+01   1.4195472e+02
   8.9562610e+01   1.0725365e+02   1.1790609e+02   1.6994232e+02   7.0597205e+01   1.4211607e+02
   9.0033645e+01   1.0755577e+02   1.1934164e+02   1.7032943e+02   7.0878671e+01   1.4219861e+02
   8.9518207e+01   1.0719176e+02   1.1864111e+02   1.7053689e+02   7.1165261e+01   1.4188397e+02
   8.9421918e+01   1.0699675e+02   1.1767301e+02   1.6974112e+02   7.0758392e+01   1.4191926e+02
   8.9773323e+01   1.0702179e+02   1.1764642e+02   1.6982277e+02   7.0689997e+01   1.4182322e+02
   8.9331159e+01   1.0739841e+02   1.1851538e+02   1.7101500e+02   7.1118011e+01   1.4214624e+02
   8.9515767e+01   1.0706612e+02   1.1889728e+02   1.7056942e+02   7.1533094e+01   1.4242779e+02
   8.9916943e+01   1.0784139e+02   1.1866705e+02   1.7065375e+02   7.1384188e+01   1.4238493e+02
   8.9714769e+01   1.0769655e+02   1.1900178e+02   1.7077737e+02   7.1479907e+01   1.4253440e+02
   8.9912552e+01   1.0762571e+02   1.1849220e+02   1.7029218e+02   7.1238860e+01   1.4274447e+02
   8.9607095e+01   1.0747055e+02   1.1856499e+02   1.7108567e+02   7.1392239e+01   1.4269429e+02
   8.9574646e+01   1.0778389e+02   1.1895519e+02   1.7088008e+02   7.1664271e+01   1.4304163e+02
   8.9892383e+01   1.0826151e+02   1.1987164e+02   1.7137779e+02   7.1782924e+01   1.4334586e+02
   8.9999488e+01   1.0819922e+02   1.1935514e+02   1.7090562e+02   7.1912312e+01   1.4329666e+02
   8.9977205e+01   1.0771403e+02   1.1909352e+02   1.7056153e+02   7.0856876e+01   1.4202506e+02
   8.9392722e+01   1.0695096e+02   1.1816511e+02   1.7004683e+02   7.0199363e+01   1.4112162e+02
   8.9460872e+01   1.0719892e+02   1.1783819e+02   1.6963093e+02   7.0508398e+01   1.4126012e+02
   8.9448674e+01   1.0721283e+02   1.1843235e+02   1.7017402e+02   7.0688208e+01   1.4175742e+02
   8.9024564e+01   1.0677733e+02   1.1764691e+02   1.6959409e+02   7.0120478e+01   1.4173620e+02
   8.9033184e+01   1.0648017e+02   1.1746775e+02   1.6973738e+02   7.0329158e+01   1.4154728e+02
   8.9503812e+01   1.0659199e+02   1.1774165e+02   1.6968647e+02   7.0363558e+01   1.4218048e+02
   8.9432409e+01   1.0703944e+02   1.1782761e+02   1.7004666e+02   7.0915186e+01   1.4227050e+02
   8.9687200e+01   1.0774819e+02   1.1914174e+02   1.7080347e+02   7.0680157e+01   1.4234353e+02
   8.9229340e+01   1.0690802e+02   1.1857158e+02   1.7031284e+02   7.0350709e+01   1.4143928e+02
   8.9501128e+01   1.0678880e+02   1.1777605e+02   1.6950154e+02   7.0180658e+01   1.4144676e+02
   8.9335632e+01   1.0656556e+02   1.1707902e+02   1.6966785e+02   7.0115436e+01   1.4131827e+02
   8.9460710e+01   1.0693014e+02   1.1806777e+02   1.6994517e+02   7.0811090e+01   1.4239517e+02
   8.9445095e+01   1.0707831e+02   1.1925999e+02   1.7052559e+02   7.1588232e+01   1.4340922e+02
   8.9432734e+01   1.0712166e+02   1.1906709e+02   1.7066083e+02   7.1419889e+01   1.4219422e+02
   8.9988265e+01   1.0735344e+02   1.1903204e+02   1.7055486e+02   7.1478037e+01   1.4194602e+02
   8.9768606e+01   1.0760067e+02   1.1851302e+02   1.7014124e+02   7.0971707e+01   1.4188372e+02
   8.9931582e+01   1.0820296e+02   1.1891997e+02   1.7104680e+02   7.1102803e+01   1.4268323e+02
   9.0322267e+01   1.0842034e+02   1.1959790e+02   1.7163396e+02   7.2244281e+01   1.4384642e+02
   9.0635369e+01   1.0868148e+02   1.1907734e+02   1.7118790e+02   7.2785987e+01   1.4292655e+02
   9.0788585e+01   1.0874808e+02   1.1986245e+02   1.7117741e+02   7.2346100e+01   1.4307286e+02
   9.0655131e+01   1.0878508e+02   1.2042139e+02   1.7099223e+02   7.2241354e+01   1.4325250e+02
   9.0936271e+01   1.0903874e+02   1.2143145e+02   1.7189608e+02   7.2486955e+01   1.4343866e+02
   9.0102852e+01   1.0824614e+02   1.2037333e+02   1.7119139e+02   7.2021125e+01   1.4268412e+02
   9.0388710e+01   1.0818149e+02   1.1929439e+02   1.7065758e+02   7.1372477e+01   1.4237509e+02
   8.9930443e+01   1.0812960e+02   1.1814950e+02   1.6992614e+02   7.0758636e+01   1.4183785e+02
   8.9741769e+01   1.0758497e+02   1.1818675e+02   1.7020061e+02   7.1512356e+01   1.4253871e+02
   8.9734125e+01   1.0731871e+02   1.1813193e+02   1.7030316e+02   7.0854274e+01   1.4236045e+02
   8.9539676e+01   1.0746827e+02   1.1835793e+02   1.7079420e+02   7.0639169e+01   1.4239973e+02
   8.9888805e+01   1.0792328e+02   1.1878294e+02   1.7067474e+02   7.0651612e+01   1.4263712e+02
   8.9401180e+01   1.0716436e+02   1.1892697e+02   1.7044491e+02   7.0622253e+01   1.4196651e+02
   8.9198843e+01   1.0670048e+02   1.1834443e+02   1.7047663e+02   7.0936412e+01   1.4201913e+02
   8.9374180e+01   1.0696470e+02   1.1872414e+02   1.7080591e+02   7.0765304e+01   1.4201498e+02
   9.0034295e+01   1.0780699e+02   1.1909921e+02   1.7078200e+02   7.1170791e+01   1.4236354e+02
   9.0380577e+01   1.0798769e+02   1.2009561e+02   1.7126483e+02   7.1885231e+01   1.4366401e+02
   8.9651336e+01   1.0754073e+02   1.1846618e+02   1.7069108e+02   7.1393377e+01   1.4292541e+02
   8.9799916e+01   1.0752292e+02   1.1829930e+02   1.7009830e+02   7.1146231e+01   1.4247390e+02
   9.0311776e+01   1.0838895e+02   1.1881287e+02   1.7054193e+02   7.1368736e+01   1.4260589e+02
   9.0646754e+01   1.0874125e+02   1.1885085e+02   1.7105013e+02   7.1615801e+01   1.4307367e+02
   9.0627887e+01   1.0870221e+02   1.1957163e+02   1.7124377e+02   7.1508615e+01   1.4274552e+02
   9.0004612e+01   1.0741093e+02   1.1811355e+02   1.6997941e+02   7.0352986e+01   1.4175913e+02
   9.0254767e+01   1.0730960e+02   1.1750248e+02   1.6986311e+02   7.0278411e+01   1.4175450e+02
   9.0637727e+01   1.0797151e+02   1.1838941e+02   1.7063684e+02   7.1269438e+01   1.4255465e+02
   9.0719865e+01   1.0860446e+02   1.1939808e+02   1.7084820e+02   7.1777801e+01   1.4302658e+02
   9.0317306e+01   1.0792719e+02   1.1961774e+02   1.7111405e+02   7.1700542e+01   1.4252042e+02
   8.9452577e+01   1.0690517e+02   1.1908108e+02   1.7037139e+02   7.1082472e+01   1.4229205e+02
   8.9909136e+01   1.0707140e+02   1.1911214e+02   1.7074768e+02   7.0993828e+01   1.4272121e+02
   9.0451167e+01   1.0795231e+02   1.1944346e+02   1.7085503e+02   7.2172634e+01   1.4318777e+02
   9.0719215e+01   1.0818043e+02   1.1944354e+02   1.7070442e+02   7.1975990e+01   1.4324836e+02
   8.9865871e+01   1.0763539e+02   1.1980495e+02   1.7077452e+02   7.2113592e+01   1.4321347e+02
   9.0214593e+01   1.0783244e+02   1.1917265e+02   1.7025835e+02   7.1483160e+01   1.4266900e+02
   9.0373339e+01   1.0789856e+02   1.1920485e+02   1.7052737e+02   7.1395167e+01   1.4262532e+02
   9.0500288e+01   1.0827005e+02   1.2004917e+02   1.7080974e+02   7.1294893e+01   1.4240209e+02
   9.0577465e+01   1.0800184e+02   1.1985903e+02   1.7096067e+02   7.1276107e+01   1.4220992e+02
   9.0479550e+01   1.0781235e+02   1.1977397e+02   1.7022777e+02   7.0741069e+01   1.4214884e+02
   9.0148638e+01   1.0752471e+02   1.1884141e+02   1.7007098e+02   7.0928930e+01   1.4210533e+02
   9.0281361e+01   1.0741866e+02   1.1831117e+02   1.7073394e+02   7.1060107e+01   1.4211778e+02
   9.0120418e+01   1.0739361e+02   1.1877066e+02   1.7055925e+02   7.1005213e+01   1.4244080e+02
   9.0013720e+01   1.0789181e+02   1.2037089e+02   1.7133046e+02   7.2019255e+01   1.4335156e+02
   9.0817781e+01   1.0858974e+02   1.2053460e+02   1.7145293e+02   7.2433769e+01   1.4344939e+02
   9.0523384e+01   1.0886657e+02   1.2002575e+02   1.7093197e+02   7.2090577e+01   1.4361643e+02
   9.0531679e+01   1.0847507e+02   1.1895209e+02   1.7081616e+02   7.1900683e+01   1.4368662e+02
   8.9867498e+01   1.0799509e+02   1.1946086e+02   1.7084072e+02   7.1920445e+01   1.4343459e+02
   8.9986801e+01   1.0798899e+02   1.1994182e+02   1.7063171e+02   7.1845463e+01   1.4300015e+02
   9.0946193e+01   1.0869538e+02   1.1973639e+02   1.7020159e+02   7.1281718e+01   1.4316215e+02
   8.9423300e+01   1.0707579e+02   1.1921250e+02   1.6996639e+02   7.0845084e+01   1.4245991e+02
   8.9948497e+01   1.0722381e+02   1.1823578e+02   1.7044776e+02   7.0640470e+01   1.4196797e+02
   9.0197515e+01   1.0798281e+02   1.1976177e+02   1.7084373e+02   7.1754623e+01   1.4328690e+02
   8.9637022e+01   1.0767435e+02   1.2053427e+02   1.7096474e+02   7.2144333e+01   1.4420937e+02
   9.0460032e+01   1.0791930e+02   1.2055875e+02   1.7084292e+02   7.1749093e+01   1.4282709e+02
   9.0332839e+01   1.0791255e+02   1.2008877e+02   1.7147684e+02   7.1871731e+01   1.4250171e+02
   9.0865356e+01   1.0883079e+02   1.1962742e+02   1.7029121e+02   7.1115652e+01   1.4208191e+02
   9.0700591e+01   1.0858795e+02   1.1947274e+02   1.7019614e+02   7.1025951e+01   1.4229571e+02
   9.0292340e+01   1.0798720e+02   1.1949453e+02   1.7080477e+02   7.1321405e+01   1.4244446e+02
   9.0611784e+01   1.0841652e+02   1.2007885e+02   1.7107339e+02   7.2085779e+01   1.4241079e+02
   9.0922039e+01   1.0859478e+02   1.2048434e+02   1.7160087e+02   7.2242817e+01   1.4295233e+02
   9.0664158e+01   1.0809032e+02   1.1973664e+02   1.7115154e+02   7.2114324e+01   1.4279936e+02
   9.0553312e+01   1.0795215e+02   1.1994434e+02   1.7107404e+02   7.2054631e+01   1.4320151e+02
   9.0622194e+01   1.0813757e+02   1.2075824e+02   1.7134575e+02   7.2467762e+01   1.4368198e+02
   9.1124295e+01   1.0834080e+02   1.2067505e+02   1.7143854e+02   7.2605283e+01   1.4320696e+02
   9.1199683e+01   1.0837171e+02   1.2049150e+02   1.7160583e+02   7.2664976e+01   1.4342906e+02
   9.1651444e+01   1.0872938e+02   1.1963954e+02   1.7057397e+02   7.1617509e+01   1.4263508e+02
   9.1455450e+01   1.0845433e+02   1.1986676e+02   1.7054860e+02   7.1312215e+01   1.4253530e+02
   9.0325276e+01   1.0829412e+02   1.1898446e+02   1.7016751e+02   7.1014403e+01   1.4202238e+02
   9.0835509e+01   1.0812790e+02   1.1957651e+02   1.7055982e+02   7.1435016e+01   1.4211997e+02
   9.0868121e+01   1.0806462e+02   1.1973029e+02   1.7055486e+02   7.1625560e+01   1.4213014e+02
   9.1809377e+01   1.0901336e+02   1.2061674e+02   1.7120611e+02   7.2253959e+01   1.4289183e+02
   9.1796690e+01   1.0917300e+02   1.2087519e+02   1.7131940e+02   7.2153604e+01   1.4248349e+02
   9.1130394e+01   1.0857063e+02   1.1926845e+02   1.7062781e+02   7.1140701e+01   1.4198578e+02
   9.1054274e+01   1.0842262e+02   1.1853953e+02   1.6978894e+02   7.0449926e+01   1.4142415e+02
   9.0880889e+01   1.0809138e+02   1.1792252e+02   1.7008277e+02   7.0954791e+01   1.4183045e+02
   9.1860612e+01   1.0845848e+02   1.1898284e+02   1.7009757e+02   7.0723991e+01   1.4158754e+02
   9.0763699e+01   1.0743753e+02   1.1839079e+02   1.6966647e+02   7.0572564e+01   1.4138024e+02
   9.0940337e+01   1.0782097e+02   1.1912231e+02   1.7004699e+02   7.1155420e+01   1.4169619e+02
   9.1244086e+01   1.0835772e+02   1.1977819e+02   1.6983798e+02   7.0844108e+01   1.4208622e+02
   9.1306707e+01   1.0795630e+02   1.1987180e+02   1.7015385e+02   7.1039695e+01   1.4212688e+02
   9.1230424e+01   1.0802933e+02   1.1817154e+02   1.6945161e+02   7.0466841e+01   1.4160705e+02
   9.1177969e+01   1.0780764e+02   1.1855458e+02   1.7031699e+02   7.0820199e+01   1.4223618e+02
   9.1493917e+01   1.0827062e+02   1.1919591e+02   1.7051176e+02   7.1759909e+01   1.4276390e+02
   9.1106728e+01   1.0784440e+02   1.1913443e+02   1.7030495e+02   7.1018225e+01   1.4153028e+02
   9.0370574e+01   1.0760587e+02   1.1800604e+02   1.6999209e+02   7.0989599e+01   1.4131892e+02
   9.1058747e+01   1.0846946e+02   1.1880132e+02   1.7070149e+02   7.1413383e+01   1.4235093e+02
   9.1649736e+01   1.0896188e+02   1.1943256e+02   1.7070336e+02   7.1923779e+01   1.4244356e+02
   9.1470089e+01   1.0874694e+02   1.1903017e+02   1.7062521e+02   7.1849611e+01   1.4229132e+02
   9.1044352e+01   1.0806690e+02   1.1865998e+02   1.7059203e+02   7.1914996e+01   1.4255221e+02
   9.1161867e+01   1.0798322e+02   1.1949974e+02   1.7072898e+02   7.1275781e+01   1.4175848e+02
   9.1478140e+01   1.0828648e+02   1.1907986e+02   1.7025656e+02   7.1275863e+01   1.4114643e+02
   9.1648028e+01   1.0847288e+02   1.1949486e+02   1.7047817e+02   7.1355805e+01   1.4178800e+02
   9.0981732e+01   1.0782846e+02   1.1851871e+02   1.6990825e+02   7.1197465e+01   1.4183078e+02
   9.0636995e+01   1.0714435e+02   1.1871129e+02   1.6987230e+02   7.0706425e+01   1.4149295e+02
   9.0504679e+01   1.0687378e+02   1.1830662e+02   1.6991898e+02   7.0676172e+01   1.4153036e+02
   9.0439213e+01   1.0672789e+02   1.1783949e+02   1.6966948e+02   7.0692762e+01   1.4166935e+02
   9.0681480e+01   1.0743403e+02   1.1805410e+02   1.7004650e+02   7.0369902e+01   1.4050429e+02
   9.0405869e+01   1.0710588e+02   1.1799051e+02   1.6953594e+02   7.0307770e+01   1.4115375e+02
   9.0573887e+01   1.0703139e+02   1.1893168e+02   1.7029340e+02   7.0960484e+01   1.4253774e+02
   9.1057771e+01   1.0758318e+02   1.1987253e+02   1.7083381e+02   7.1145173e+01   1.4235899e+02
   9.1154060e+01   1.0818572e+02   1.1942459e+02   1.7032276e+02   7.0957313e+01   1.4178540e+02
   9.0598366e+01   1.0706441e+02   1.1833004e+02   1.6968086e+02   7.0416257e+01   1.4153386e+02
   9.0264445e+01   1.0685475e+02   1.1789633e+02   1.6987385e+02   7.0799461e+01   1.4187518e+02
   9.0834940e+01   1.0770297e+02   1.1909490e+02   1.7072125e+02   7.1409642e+01   1.4242372e+02
   9.1073954e+01   1.0775624e+02   1.1945249e+02   1.7048647e+02   7.1490317e+01   1.4195090e+02
   9.1016946e+01   1.0790807e+02   1.1946485e+02   1.7055047e+02   7.1263989e+01   1.4181817e+02
   9.1024265e+01   1.0735897e+02   1.1899699e+02   1.7066408e+02   7.1370688e+01   1.4243421e+02
   9.0474264e+01   1.0686093e+02   1.1872569e+02   1.6972706e+02   7.0364860e+01   1.4103192e+02
   9.0918705e+01   1.0792963e+02   1.1892274e+02   1.7075866e+02   7.0740175e+01   1.4156306e+02
   9.0941232e+01   1.0818881e+02   1.1921567e+02   1.7092058e+02   7.0891114e+01   1.4205125e+02
   9.0574131e+01   1.0727618e+02   1.1843137e+02   1.7011392e+02   7.0295001e+01   1.4134681e+02
   9.0288192e+01   1.0697056e+02   1.1853530e+02   1.7069133e+02   7.0873548e+01   1.4214892e+02
   9.1148286e+01   1.0831722e+02   1.1966255e+02   1.7129964e+02   7.1905644e+01   1.4211867e+02
   9.1185044e+01   1.0845320e+02   1.1961717e+02   1.7126532e+02   7.1815373e+01   1.4193780e+02
   9.1728377e+01   1.0903060e+02   1.2014318e+02   1.7088301e+02   7.1439163e+01   1.4198603e+02
   9.1039879e+01   1.0814644e+02   1.1967263e+02   1.7022973e+02   7.1059538e+01   1.4227514e+02
   9.1144707e+01   1.0777649e+02   1.1852099e+02   1.7028185e+02   7.1360441e+01   1.4213477e+02
   9.1040530e+01   1.0788465e+02   1.1868006e+02   1.7023306e+02   7.1521790e+01   1.4270592e+02
   9.1158532e+01   1.0803201e+02   1.1862826e+02   1.6995550e+02   7.0995617e+01   1.4171432e+02
   9.0560387e+01   1.0783927e+02   1.1842340e+02   1.6981033e+02   7.0513034e+01   1.4043939e+02
   9.0625691e+01   1.0711231e+02   1.1799352e+02   1.6952480e+02   6.9842590e+01   1.4073135e+02
   8.9948009e+01   1.0671666e+02   1.1691141e+02   1.6915461e+02   7.0218068e+01   1.4079201e+02
   9.0201906e+01   1.0701195e+02   1.1737236e+02   1.6986612e+02   7.0223679e+01   1.4097191e+02
   9.0545992e+01   1.0722722e+02   1.1767163e+02   1.6991768e+02   7.0746843e+01   1.4158323e+02
   9.0509965e+01   1.0792662e+02   1.1900959e+02   1.7040197e+02   7.0988623e+01   1.4198944e+02
   9.0268511e+01   1.0744737e+02   1.1969410e+02   1.7070344e+02   7.1342956e+01   1.4194415e+02
   9.0298602e+01   1.0721893e+02   1.1981569e+02   1.7056617e+02   7.1172580e+01   1.4193894e+02
   9.0460520e+01   1.0757781e+02   1.1901008e+02   1.7053047e+02   7.1288549e+01   1.4164959e+02
   9.1192608e+01   1.0864935e+02   1.1964921e+02   1.7094400e+02   7.1407447e+01   1.4214477e+02
   9.1695196e+01   1.0875670e+02   1.2032860e+02   1.7131623e+02   7.1967044e+01   1.4244112e+02
   9.1320207e+01   1.0832332e+02   1.1979958e+02   1.7048102e+02   7.1438187e+01   1.4245983e+02
   9.0748004e+01   1.0709612e+02   1.1928504e+02   1.7078932e+02   7.1208932e+01   1.4215372e+02
   9.0832663e+01   1.0742801e+02   1.1952698e+02   1.7099792e+02   7.1142652e+01   1.4196822e+02
   9.0879588e+01   1.0750137e+02   1.1974461e+02   1.7116138e+02   7.1135252e+01   1.4241331e+02
   9.1438128e+01   1.0808211e+02   1.1988888e+02   1.7140967e+02   7.1634669e+01   1.4254815e+02
   9.1390146e+01   1.0830893e+02   1.2017758e+02   1.7171984e+02   7.1986156e+01   1.4246300e+02
   9.1493022e+01   1.0815937e+02   1.2038618e+02   1.7139706e+02   7.1763569e+01   1.4274512e+02
   9.1048500e+01   1.0723820e+02   1.1995190e+02   1.7063440e+02   7.1247399e+01   1.4243445e+02
   9.1044271e+01   1.0750104e+02   1.1961847e+02   1.7107396e+02   7.1512844e+01   1.4219536e+02
   9.0982220e+01   1.0782081e+02   1.1951405e+02   1.7081575e+02   7.0622172e+01   1.4187575e+02
   9.0560793e+01   1.0754480e+02   1.1953942e+02   1.7070523e+02   7.0700732e+01   1.4159038e+02
   9.1236605e+01   1.0837594e+02   1.1996890e+02   1.7113089e+02   7.1578311e+01   1.4174059e+02
   9.1348833e+01   1.0858055e+02   1.2000680e+02   1.7080778e+02   7.1553506e+01   1.4184672e+02
   9.0780452e+01   1.0790254e+02   1.1915329e+02   1.7038766e+02   7.1382236e+01   1.4253416e+02
   9.0881865e+01   1.0811342e+02   1.1872560e+02   1.7091204e+02   7.1558711e+01   1.4298803e+02
   9.0350324e+01   1.0716159e+02   1.1861248e+02   1.7052461e+02   7.1571398e+01   1.4189763e+02
   9.0409854e+01   1.0759310e+02   1.1933579e+02   1.7068246e+02   7.1588639e+01   1.4195350e+02
   9.0881133e+01   1.0827363e+02   1.2015253e+02   1.7153873e+02   7.2360332e+01   1.4303423e+02
   9.1096075e+01   1.0863504e+02   1.2024167e+02   1.7104062e+02   7.2543964e+01   1.4337384e+02
   9.0490366e+01   1.0770834e+02   1.1927894e+02   1.7048053e+02   7.1403055e+01   1.4196033e+02
   9.0521432e+01   1.0786245e+02   1.1929854e+02   1.7084910e+02   7.1002448e+01   1.4122743e+02
   9.0785495e+01   1.0827778e+02   1.1931668e+02   1.7041051e+02   7.1114839e+01   1.4061635e+02
   9.1433818e+01   1.0857429e+02   1.2056436e+02   1.7089683e+02   7.1725265e+01   1.4189795e+02
   9.1576381e+01   1.0861503e+02   1.1992531e+02   1.7074972e+02   7.1370769e+01   1.4155923e+02
   9.1499691e+01   1.0896156e+02   1.1960188e+02   1.7056909e+02   7.1829524e+01   1.4157851e+02
   9.1294101e+01   1.0837439e+02   1.2087559e+02   1.7134925e+02   7.1347673e+01   1.4162608e+02
   9.0953024e+01   1.0822418e+02   1.2018978e+02   1.7061586e+02   7.0883632e+01   1.4178605e+02
   9.0248505e+01   1.0699300e+02   1.1790756e+02   1.6980521e+02   7.0396983e+01   1.4072948e+02
   8.9978344e+01   1.0652961e+02   1.1717653e+02   1.6986832e+02   6.9724262e+01   1.3978993e+02
   8.9925157e+01   1.0697471e+02   1.1782680e+02   1.7062236e+02   7.0840774e+01   1.4142741e+02
   9.0287135e+01   1.0784236e+02   1.1945428e+02   1.7171065e+02   7.2330242e+01   1.4251562e+02
   9.1087617e+01   1.0874841e+02   1.2022605e+02   1.7183638e+02   7.2275022e+01   1.4229815e+02
   9.1059072e+01   1.0876109e+02   1.2003892e+02   1.7155980e+02   7.2252983e+01   1.4137568e+02
   9.1275397e+01   1.0902768e+02   1.2037162e+02   1.7063456e+02   7.1882954e+01   1.4130347e+02
   9.1327689e+01   1.0895961e+02   1.1984155e+02   1.7086723e+02   7.1873032e+01   1.4174344e+02
