   8.5988495e+01   1.1556704e+02   1.0938510e+02   2.0785891e+02   1.0477680e+02   1.2840556e+02
   8.6520266e+01   1.1586689e+02   1.1164349e+02   2.0890541e+02   1.0551166e+02   1.2893409e+02
   8.6373773e+01   1.1623582e+02   1.1369963e+02   2.0881898e+02   1.0649741e+02   1.2846693e+02
   8.7468926e+01   1.1641392e+02   1.1548493e+02   2.0946240e+02   1.0825972e+02   1.2896015e+02
   8.7078637e+01   1.1678201e+02   1.1520119e+02   2.0885329e+02   1.0725578e+02   1.2837287e+02
   8.6742319e+01   1.1660622e+02   1.1464544e+02   2.0872237e+02   1.0637304e+02   1.2817225e+02
   8.6732682e+01   1.1614576e+02   1.1413194e+02   2.0750370e+02   1.0493671e+02   1.2783817e+02
   8.6929599e+01   1.1608192e+02   1.1338267e+02   2.0775590e+02   1.0464203e+02   1.2725813e+02
   8.6278706e+01   1.1663320e+02   1.1313525e+02   2.0758636e+02   1.0484774e+02   1.2708658e+02
   8.6307234e+01   1.1611901e+02   1.1359316e+02   2.0750856e+02   1.0538660e+02   1.2744194e+02
   8.6596366e+01   1.1608748e+02   1.1296732e+02   2.0729969e+02   1.0540565e+02   1.2813339e+02
   8.6268066e+01   1.1585170e+02   1.1271828e+02   2.0831219e+02   1.0535059e+02   1.2886246e+02
   8.6267681e+01   1.1622433e+02   1.1345183e+02   2.0887827e+02   1.0649694e+02   1.2889978e+02
   8.6340079e+01   1.1608185e+02   1.1307804e+02   2.0832391e+02   1.0593788e+02   1.2754557e+02
   8.6579403e+01   1.1623065e+02   1.1303779e+02   2.0849862e+02   1.0626718e+02   1.2782807e+02
   8.6818187e+01   1.1631986e+02   1.1365345e+02   2.0696815e+02   1.0541729e+02   1.2711518e+02
   8.6174388e+01   1.1640367e+02   1.1329446e+02   2.0797749e+02   1.0582030e+02   1.2717309e+02
   8.6614870e+01   1.1612587e+02   1.1317997e+02   2.0821181e+02   1.0579647e+02   1.2850610e+02
   8.6322886e+01   1.1556781e+02   1.1332839e+02   2.0729514e+02   1.0509932e+02   1.2762321e+02
   8.6475316e+01   1.1608624e+02   1.1321574e+02   2.0683778e+02   1.0435043e+02   1.2637069e+02
   8.6134757e+01   1.1607367e+02   1.1246855e+02   2.0877164e+02   1.0532592e+02   1.2652104e+02
   8.6661439e+01   1.1630159e+02   1.1365330e+02   2.0782884e+02   1.0588267e+02   1.2672459e+02
   8.6676706e+01   1.1608478e+02   1.1325468e+02   2.0757155e+02   1.0517688e+02   1.2791111e+02
   8.6335068e+01   1.1611084e+02   1.1339732e+02   2.0727294e+02   1.0508058e+02   1.2696322e+02
   8.6836460e+01   1.1626373e+02   1.1284465e+02   2.0779522e+02   1.0546648e+02   1.2724086e+02
   8.6891280e+01   1.1657252e+02   1.1342299e+02   2.0727170e+02   1.0543749e+02   1.2822699e+02
   8.6588810e+01   1.1587653e+02   1.1344759e+02   2.0784966e+02   1.0459924e+02   1.2806924e+02
   8.6161280e+01   1.1601222e+02   1.1325830e+02   2.0715505e+02   1.0453517e+02   1.2739722e+02
   8.7019115e+01   1.1671100e+02   1.1388799e+02   2.0870279e+02   1.0574458e+02   1.2826184e+02
   8.6704231e+01   1.1637800e+02   1.1445994e+02   2.0838906e+02   1.0504735e+02   1.2641441e+02
   8.6884572e+01   1.1636381e+02   1.1329678e+02   2.0897904e+02   1.0501659e+02   1.2675836e+02
   8.6589426e+01   1.1635841e+02   1.1352176e+02   2.0819646e+02   1.0623117e+02   1.2732174e+02
   8.6889275e+01   1.1679959e+02   1.1351999e+02   2.0782784e+02   1.0611652e+02   1.2791912e+02
   8.6372848e+01   1.1603867e+02   1.1379671e+02   2.0714001e+02   1.0542777e+02   1.2774164e+02
   8.6045319e+01   1.1584237e+02   1.1291883e+02   2.0653168e+02   1.0356800e+02   1.2710123e+02
   8.6252106e+01   1.1563319e+02   1.1188882e+02   2.0697070e+02   1.0365937e+02   1.2804619e+02
   8.6272924e+01   1.1577228e+02   1.1290518e+02   2.0822915e+02   1.0476454e+02   1.2876855e+02
   8.6477321e+01   1.1604646e+02   1.1331258e+02   2.0834157e+02   1.0546478e+02   1.2857565e+02
   8.7123279e+01   1.1631477e+02   1.1420835e+02   2.0705250e+02   1.0648183e+02   1.2790918e+02
   8.7452118e+01   1.1665741e+02   1.1450003e+02   2.0750201e+02   1.0535946e+02   1.2822360e+02
   8.6512864e+01   1.1569672e+02   1.1300001e+02   2.0759422e+02   1.0462954e+02   1.2819507e+02
   8.5939690e+01   1.1529340e+02   1.1171534e+02   2.0639351e+02   1.0420201e+02   1.2891674e+02
   8.5847245e+01   1.1537845e+02   1.1186777e+02   2.0749345e+02   1.0483902e+02   1.2912207e+02
   8.5844007e+01   1.1548693e+02   1.1236246e+02   2.0878267e+02   1.0591205e+02   1.2892222e+02
   8.6255730e+01   1.1574622e+02   1.1303163e+02   2.0747934e+02   1.0550750e+02   1.2842422e+02
   8.5807615e+01   1.1549017e+02   1.1304681e+02   2.0640462e+02   1.0415945e+02   1.2750385e+02
   8.5916868e+01   1.1530620e+02   1.1242553e+02   2.0719877e+02   1.0461319e+02   1.2792969e+02
   8.6808935e+01   1.1598586e+02   1.1251065e+02   2.0746500e+02   1.0568144e+02   1.2770625e+02
   8.7130064e+01   1.1653251e+02   1.1335383e+02   2.0723254e+02   1.0571960e+02   1.2875737e+02
   8.6578015e+01   1.1616535e+02   1.1344458e+02   2.0679938e+02   1.0466863e+02   1.2803246e+02
   8.6832682e+01   1.1587884e+02   1.1332376e+02   2.0625874e+02   1.0448235e+02   1.2798659e+02
   8.5872226e+01   1.1525370e+02   1.1275707e+02   2.0572404e+02   1.0386747e+02   1.2754433e+02
   8.6413095e+01   1.1566558e+02   1.1275545e+02   2.0690023e+02   1.0457834e+02   1.2765999e+02
   8.6342855e+01   1.1578963e+02   1.1276578e+02   2.0702752e+02   1.0478197e+02   1.2765066e+02
   8.6315484e+01   1.1598963e+02   1.1281088e+02   2.0770000e+02   1.0524080e+02   1.2816963e+02
   8.6743938e+01   1.1616396e+02   1.1368298e+02   2.0853101e+02   1.0558244e+02   1.2877310e+02
   8.7123664e+01   1.1633821e+02   1.1397651e+02   2.0698882e+02   1.0594119e+02   1.2870564e+02
   8.6869846e+01   1.1644677e+02   1.1343117e+02   2.0650763e+02   1.0590758e+02   1.2806824e+02
   8.7092438e+01   1.1629588e+02   1.1344281e+02   2.0633692e+02   1.0568499e+02   1.2916008e+02
   8.6340465e+01   1.1596411e+02   1.1352431e+02   2.0649113e+02   1.0534859e+02   1.2886100e+02
   8.7356743e+01   1.1652865e+02   1.1393618e+02   2.0752074e+02   1.0617913e+02   1.2897133e+02
   8.7032607e+01   1.1617059e+02   1.1354844e+02   2.0736461e+02   1.0491266e+02   1.2821866e+02
   8.6283949e+01   1.1569071e+02   1.1324882e+02   2.0796824e+02   1.0546710e+02   1.2853293e+02
   8.6468068e+01   1.1566226e+02   1.1220509e+02   2.0638920e+02   1.0415906e+02   1.2831558e+02
   8.6839699e+01   1.1538739e+02   1.1187741e+02   2.0570638e+02   1.0380162e+02   1.2833740e+02
   8.6234604e+01   1.1553389e+02   1.1215567e+02   2.0700462e+02   1.0426392e+02   1.2782313e+02
   8.6327358e+01   1.1561939e+02   1.1244180e+02   2.0778142e+02   1.0478235e+02   1.2833208e+02
   8.6199137e+01   1.1555887e+02   1.1254789e+02   2.0735698e+02   1.0445514e+02   1.2875984e+02
   8.6398754e+01   1.1613320e+02   1.1348344e+02   2.0776415e+02   1.0586417e+02   1.2857202e+02
   8.6822659e+01   1.1605278e+02   1.1473079e+02   2.0764357e+02   1.0629293e+02   1.2860803e+02
   8.6735457e+01   1.1595108e+02   1.1410534e+02   2.0649167e+02   1.0518529e+02   1.2781211e+02
   8.6487498e+01   1.1571068e+02   1.1338861e+02   2.0690740e+02   1.0411365e+02   1.2786207e+02
   8.6905467e+01   1.1582587e+02   1.1343672e+02   2.0720239e+02   1.0464349e+02   1.2730169e+02
   8.7319580e+01   1.1681408e+02   1.1444066e+02   2.0773593e+02   1.0567396e+02   1.2792128e+02
   8.7426983e+01   1.1693197e+02   1.1465038e+02   2.0824519e+02   1.0668476e+02   1.2766708e+02
   8.7669622e+01   1.1697800e+02   1.1526133e+02   2.0834095e+02   1.0723943e+02   1.2846192e+02
   8.7903086e+01   1.1719065e+02   1.1538570e+02   2.0824234e+02   1.0737652e+02   1.2822175e+02
   8.6956354e+01   1.1667923e+02   1.1486225e+02   2.0797564e+02   1.0733273e+02   1.2778728e+02
   8.7542867e+01   1.1709813e+02   1.1431861e+02   2.0928892e+02   1.0723542e+02   1.2838066e+02
   8.7629144e+01   1.1701940e+02   1.1526318e+02   2.0950565e+02   1.0733797e+02   1.2880464e+02
   8.7563838e+01   1.1693313e+02   1.1469741e+02   2.0842769e+02   1.0657042e+02   1.2787502e+02
   8.7599151e+01   1.1698933e+02   1.1474783e+02   2.0871351e+02   1.0700157e+02   1.2823570e+02
   8.7619737e+01   1.1687993e+02   1.1475207e+02   2.0844704e+02   1.0667767e+02   1.2922631e+02
   8.7351346e+01   1.1634592e+02   1.1514614e+02   2.0700077e+02   1.0624505e+02   1.2850672e+02
   8.7452195e+01   1.1638671e+02   1.1533111e+02   2.0771512e+02   1.0656171e+02   1.2741280e+02
   8.7456127e+01   1.1669334e+02   1.1492085e+02   2.0858791e+02   1.0705323e+02   1.2771912e+02
   8.7254198e+01   1.1658794e+02   1.1423989e+02   2.0807025e+02   1.0684922e+02   1.2755428e+02
   8.6954118e+01   1.1616250e+02   1.1305591e+02   2.0709653e+02   1.0565106e+02   1.2795937e+02
   8.6633760e+01   1.1609549e+02   1.1307927e+02   2.0615943e+02   1.0399491e+02   1.2769938e+02
   8.7131914e+01   1.1652649e+02   1.1408067e+02   2.0663723e+02   1.0498074e+02   1.2727132e+02
   8.6663984e+01   1.1639827e+02   1.1412593e+02   2.0660570e+02   1.0527303e+02   1.2785760e+02
   8.6479634e+01   1.1646766e+02   1.1374582e+02   2.0636745e+02   1.0603927e+02   1.2760285e+02
   8.7017572e+01   1.1629604e+02   1.1269230e+02   2.0543368e+02   1.0471204e+02   1.2729229e+02
   8.7238469e+01   1.1659650e+02   1.1352793e+02   2.0704672e+02   1.0548622e+02   1.2756184e+02
   8.7370467e+01   1.1719419e+02   1.1448361e+02   2.0775575e+02   1.0601999e+02   1.2845999e+02
   8.7683269e+01   1.1708833e+02   1.1519225e+02   2.0795005e+02   1.0670982e+02   1.2897912e+02
   8.7479026e+01   1.1684816e+02   1.1507613e+02   2.0696538e+02   1.0650519e+02   1.2839137e+02
   8.7604779e+01   1.1674978e+02   1.1526866e+02   2.0698273e+02   1.0558529e+02   1.2768196e+02
   8.6712404e+01   1.1581970e+02   1.1370727e+02   2.0630346e+02   1.0443555e+02   1.2707008e+02
   8.7344407e+01   1.1654168e+02   1.1304227e+02   2.0756677e+02   1.0513163e+02   1.2738697e+02
   8.7200766e+01   1.1620336e+02   1.1323417e+02   2.0777464e+02   1.0589046e+02   1.2830564e+02
   8.7118036e+01   1.1624977e+02   1.1363017e+02   2.0657231e+02   1.0516362e+02   1.2803077e+02
   8.6327126e+01   1.1599387e+02   1.1309570e+02   2.0721449e+02   1.0537912e+02   1.2750254e+02
   8.7348879e+01   1.1669596e+02   1.1472324e+02   2.0874196e+02   1.0733273e+02   1.2826477e+02
   8.6785882e+01   1.1615355e+02   1.1475801e+02   2.0741457e+02   1.0656572e+02   1.2747702e+02
   8.7054967e+01   1.1633937e+02   1.1388992e+02   2.0653160e+02   1.0579578e+02   1.2686090e+02
   8.6851418e+01   1.1632988e+02   1.1354065e+02   2.0588248e+02   1.0552870e+02   1.2756137e+02
   8.7451578e+01   1.1646196e+02   1.1382377e+02   2.0639976e+02   1.0561775e+02   1.2804118e+02
   8.6934842e+01   1.1664908e+02   1.1375569e+02   2.0679221e+02   1.0556679e+02   1.2721542e+02
   8.7434539e+01   1.1702542e+02   1.1478183e+02   2.0722583e+02   1.0601259e+02   1.2850440e+02
   8.6282099e+01   1.1639210e+02   1.1441128e+02   2.0682413e+02   1.0533086e+02   1.2856462e+02
   8.6778172e+01   1.1620999e+02   1.1348136e+02   2.0605203e+02   1.0464519e+02   1.2718720e+02
   8.7316959e+01   1.1630930e+02   1.1346810e+02   2.0664009e+02   1.0513510e+02   1.2781110e+02
   8.7137851e+01   1.1659473e+02   1.1357026e+02   2.0594725e+02   1.0527211e+02   1.2763331e+02
   8.7394831e+01   1.1677800e+02   1.1482540e+02   2.0770147e+02   1.0653280e+02   1.2839307e+02
   8.7433613e+01   1.1655641e+02   1.1513003e+02   2.0754341e+02   1.0644922e+02   1.2848251e+02
   8.7659753e+01   1.1652796e+02   1.1439201e+02   2.0628503e+02   1.0644760e+02   1.2879970e+02
   8.7717271e+01   1.1663282e+02   1.1451637e+02   2.0689475e+02   1.0643426e+02   1.2840548e+02
   8.7915731e+01   1.1710977e+02   1.1544900e+02   2.0878760e+02   1.0723673e+02   1.2859562e+02
   8.8015577e+01   1.1757091e+02   1.1503666e+02   2.0846940e+02   1.0673897e+02   1.2828798e+02
   8.7510021e+01   1.1673135e+02   1.1377782e+02   2.0607300e+02   1.0471080e+02   1.2819515e+02
   8.6738541e+01   1.1586866e+02   1.1306771e+02   2.0672097e+02   1.0474982e+02   1.2889423e+02
   8.7109092e+01   1.1586912e+02   1.1382323e+02   2.0622435e+02   1.0504974e+02   1.2825768e+02
   8.7251114e+01   1.1626866e+02   1.1422238e+02   2.0579035e+02   1.0436693e+02   1.2769553e+02
   8.7142092e+01   1.1618794e+02   1.1324520e+02   2.0613484e+02   1.0481173e+02   1.2770016e+02
   8.7925137e+01   1.1692480e+02   1.1420573e+02   2.0795783e+02   1.0553155e+02   1.2840610e+02
   8.7706399e+01   1.1746498e+02   1.1598131e+02   2.0870479e+02   1.0704028e+02   1.2962608e+02
   8.7291592e+01   1.1682804e+02   1.1512016e+02   2.0748898e+02   1.0557272e+02   1.2930765e+02
   8.7532381e+01   1.1654615e+02   1.1421198e+02   2.0627601e+02   1.0559848e+02   1.2818567e+02
   8.7540785e+01   1.1643690e+02   1.1448962e+02   2.0800949e+02   1.0563572e+02   1.2742860e+02
   8.7727448e+01   1.1690206e+02   1.1463264e+02   2.0795328e+02   1.0584597e+02   1.2743308e+02
   8.7507785e+01   1.1656651e+02   1.1412624e+02   2.0712799e+02   1.0573140e+02   1.2726283e+02
   8.7583576e+01   1.1696890e+02   1.1397072e+02   2.0774742e+02   1.0620403e+02   1.2781496e+02
   8.7085422e+01   1.1651894e+02   1.1427589e+02   2.0786261e+02   1.0603634e+02   1.2785089e+02
   8.7382187e+01   1.1627383e+02   1.1414459e+02   2.0764002e+02   1.0544466e+02   1.2780632e+02
   8.6845173e+01   1.1586720e+02   1.1360750e+02   2.0722498e+02   1.0513556e+02   1.2731457e+02
   8.6702766e+01   1.1585771e+02   1.1320163e+02   2.0716600e+02   1.0515468e+02   1.2707008e+02
   8.7278485e+01   1.1612510e+02   1.1347380e+02   2.0691665e+02   1.0535499e+02   1.2701002e+02
   8.7382341e+01   1.1668170e+02   1.1401467e+02   2.0674741e+02   1.0592238e+02   1.2757101e+02
   8.7167073e+01   1.1624661e+02   1.1409301e+02   2.0798698e+02   1.0608823e+02   1.2738782e+02
   8.7564995e+01   1.1654353e+02   1.1509040e+02   2.0760062e+02   1.0527881e+02   1.2669899e+02
   8.7394523e+01   1.1643436e+02   1.1432693e+02   2.0622412e+02   1.0525776e+02   1.2721866e+02
   8.6961751e+01   1.1589804e+02   1.1341667e+02   2.0671850e+02   1.0555121e+02   1.2723986e+02
   8.7444947e+01   1.1680259e+02   1.1385523e+02   2.0811813e+02   1.0652092e+02   1.2771642e+02
   8.7707016e+01   1.1724716e+02   1.1543149e+02   2.0834851e+02   1.0655207e+02   1.2860078e+02
   8.7485888e+01   1.1612279e+02   1.1514375e+02   2.0713415e+02   1.0576972e+02   1.2811681e+02
   8.7190897e+01   1.1641994e+02   1.1427890e+02   2.0744726e+02   1.0556332e+02   1.2806477e+02
   8.7065915e+01   1.1589441e+02   1.1392901e+02   2.0638403e+02   1.0433717e+02   1.2753377e+02
   8.6725357e+01   1.1615841e+02   1.1338969e+02   2.0712968e+02   1.0553710e+02   1.2822314e+02
   8.7127905e+01   1.1590174e+02   1.1344558e+02   2.0655651e+02   1.0530017e+02   1.2768474e+02
   8.7030603e+01   1.1639010e+02   1.1316301e+02   2.0605041e+02   1.0555067e+02   1.2828729e+02
   8.7722360e+01   1.1659774e+02   1.1438707e+02   2.0729375e+02   1.0630758e+02   1.2816107e+02
   8.7811258e+01   1.1720437e+02   1.1556342e+02   2.0746438e+02   1.0668762e+02   1.2782645e+02
   8.7431609e+01   1.1722272e+02   1.1540651e+02   2.0726399e+02   1.0629725e+02   1.2875529e+02
   8.6689505e+01   1.1634530e+02   1.1514175e+02   2.0712197e+02   1.0601460e+02   1.2796354e+02
   8.6858126e+01   1.1603312e+02   1.1327635e+02   2.0658951e+02   1.0524543e+02   1.2779052e+02
   8.6498678e+01   1.1605956e+02   1.1268127e+02   2.0703986e+02   1.0551513e+02   1.2772483e+02
   8.6903153e+01   1.1565062e+02   1.1352338e+02   2.0770926e+02   1.0501243e+02   1.2790262e+02
   8.6244242e+01   1.1575386e+02   1.1307480e+02   2.0629028e+02   1.0451273e+02   1.2653546e+02
   8.6870617e+01   1.1603597e+02   1.1323887e+02   2.0590731e+02   1.0455367e+02   1.2680739e+02
   8.6704308e+01   1.1571492e+02   1.1309577e+02   2.0554779e+02   1.0507349e+02   1.2686746e+02
   8.6817802e+01   1.1607560e+02   1.1302646e+02   2.0624294e+02   1.0481281e+02   1.2662883e+02
   8.7456281e+01   1.1661400e+02   1.1391698e+02   2.0758589e+02   1.0541428e+02   1.2745135e+02
   8.7089277e+01   1.1619156e+02   1.1496480e+02   2.0654109e+02   1.0514936e+02   1.2748735e+02
   8.6867995e+01   1.1612117e+02   1.1441737e+02   2.0675651e+02   1.0466686e+02   1.2697656e+02
   8.6685495e+01   1.1577159e+02   1.1479687e+02   2.0692559e+02   1.0399314e+02   1.2628588e+02
   8.6662442e+01   1.1587213e+02   1.1293162e+02   2.0603700e+02   1.0417819e+02   1.2654448e+02
   8.6792512e+01   1.1579464e+02   1.1318066e+02   2.0644887e+02   1.0439345e+02   1.2703323e+02
   8.6710091e+01   1.1579125e+02   1.1360626e+02   2.0656221e+02   1.0552554e+02   1.2769059e+02
   8.6200448e+01   1.1504028e+02   1.1281327e+02   2.0615820e+02   1.0440995e+02   1.2782753e+02
   8.6493974e+01   1.1539495e+02   1.1226809e+02   2.0539489e+02   1.0369769e+02   1.2634810e+02
   8.6207927e+01   1.1565278e+02   1.1250363e+02   2.0587077e+02   1.0419538e+02   1.2651055e+02
   8.6555270e+01   1.1579565e+02   1.1255367e+02   2.0624417e+02   1.0492954e+02   1.2654594e+02
   8.6865528e+01   1.1615802e+02   1.1326093e+02   2.0733793e+02   1.0531775e+02   1.2660315e+02
   8.6759436e+01   1.1646157e+02   1.1353726e+02   2.0713608e+02   1.0464558e+02   1.2714564e+02
   8.6596828e+01   1.1563689e+02   1.1335545e+02   2.0564810e+02   1.0485907e+02   1.2800818e+02
   8.6384721e+01   1.1513943e+02   1.1270047e+02   2.0617547e+02   1.0440502e+02   1.2800263e+02
   8.6698294e+01   1.1589835e+02   1.1308683e+02   2.0741480e+02   1.0583294e+02   1.2805613e+02
   8.7175400e+01   1.1663297e+02   1.1488901e+02   2.0666692e+02   1.0674483e+02   1.2843555e+02
   8.6963678e+01   1.1629974e+02   1.1482200e+02   2.0534038e+02   1.0548575e+02   1.2832383e+02
   8.6690276e+01   1.1602942e+02   1.1353510e+02   2.0525048e+02   1.0377664e+02   1.2859878e+02
   8.6583798e+01   1.1546642e+02   1.1310017e+02   2.0457229e+02   1.0380748e+02   1.2846570e+02
   8.7113179e+01   1.1599141e+02   1.1336578e+02   2.0647285e+02   1.0566039e+02   1.2831712e+02
   8.6730677e+01   1.1606943e+02   1.1402439e+02   2.0614054e+02   1.0641229e+02   1.2798404e+02
   8.6855427e+01   1.1594260e+02   1.1360094e+02   2.0699321e+02   1.0521544e+02   1.2851196e+02
   8.6723198e+01   1.1580528e+02   1.1319269e+02   2.0821620e+02   1.0581267e+02   1.2913086e+02
   8.7072546e+01   1.1611562e+02   1.1349385e+02   2.0898151e+02   1.0633326e+02   1.2925584e+02
   8.6810323e+01   1.1606997e+02   1.1428707e+02   2.0818351e+02   1.0531158e+02   1.2775598e+02
   8.6468454e+01   1.1603721e+02   1.1316902e+02   2.0594902e+02   1.0498906e+02   1.2689699e+02
   8.6494746e+01   1.1542756e+02   1.1273324e+02   2.0657648e+02   1.0554427e+02   1.2752752e+02
   8.6236455e+01   1.1538662e+02   1.1288714e+02   2.0643931e+02   1.0544767e+02   1.2784056e+02
   8.6320496e+01   1.1566010e+02   1.1287287e+02   2.0606044e+02   1.0540881e+02   1.2703585e+02
   8.6470690e+01   1.1583728e+02   1.1256107e+02   2.0596707e+02   1.0563209e+02   1.2705443e+02
   8.6631832e+01   1.1595941e+02   1.1331605e+02   2.0653199e+02   1.0633973e+02   1.2764526e+02
   8.6657353e+01   1.1601184e+02   1.1439309e+02   2.0676831e+02   1.0707482e+02   1.2723053e+02
   8.6579018e+01   1.1577984e+02   1.1404821e+02   2.0568541e+02   1.0556147e+02   1.2702667e+02
   8.6443087e+01   1.1587082e+02   1.1324743e+02   2.0579798e+02   1.0500287e+02   1.2734795e+02
   8.6653190e+01   1.1581153e+02   1.1325776e+02   2.0624178e+02   1.0557188e+02   1.2697324e+02
   8.6943632e+01   1.1636219e+02   1.1359262e+02   2.0729468e+02   1.0630989e+02   1.2751766e+02
   8.7048567e+01   1.1616743e+02   1.1349285e+02   2.0715274e+02   1.0633996e+02   1.2739144e+02
   8.7130604e+01   1.1650159e+02   1.1426865e+02   2.0682405e+02   1.0664136e+02   1.2799954e+02
   8.6881950e+01   1.1672619e+02   1.1457119e+02   2.0794927e+02   1.0780467e+02   1.2808096e+02
   8.7645566e+01   1.1680159e+02   1.1610683e+02   2.0769067e+02   1.0782155e+02   1.2948367e+02
   8.6853346e+01   1.1617475e+02   1.1509834e+02   2.0656576e+02   1.0575422e+02   1.2787695e+02
   8.6538000e+01   1.1566665e+02   1.1400704e+02   2.0545480e+02   1.0434095e+02   1.2754364e+02
   8.7173164e+01   1.1592865e+02   1.1350534e+02   2.0638897e+02   1.0515329e+02   1.2750594e+02
   8.7272933e+01   1.1662017e+02   1.1424814e+02   2.0708697e+02   1.0600812e+02   1.2795498e+02
   8.7105623e+01   1.1663004e+02   1.1415014e+02   2.0824103e+02   1.0621514e+02   1.2790509e+02
   8.7242247e+01   1.1621971e+02   1.1428476e+02   2.0697849e+02   1.0570588e+02   1.2733307e+02
   8.6938543e+01   1.1666265e+02   1.1457474e+02   2.0663315e+02   1.0647859e+02   1.2801650e+02
   8.6797601e+01   1.1623104e+02   1.1379948e+02   2.0655921e+02   1.0667412e+02   1.2771049e+02
   8.6972314e+01   1.1671084e+02   1.1386772e+02   2.0622389e+02   1.0600288e+02   1.2812954e+02
   8.6535687e+01   1.1601168e+02   1.1416672e+02   2.0696476e+02   1.0562508e+02   1.2909207e+02
   8.6601454e+01   1.1572556e+02   1.1351390e+02   2.0684803e+02   1.0562724e+02   1.2885051e+02
   8.6727439e+01   1.1578763e+02   1.1309246e+02   2.0638334e+02   1.0482083e+02   1.2818767e+02
   8.6609627e+01   1.1596064e+02   1.1322361e+02   2.0638341e+02   1.0477279e+02   1.2706815e+02
   8.6385647e+01   1.1565185e+02   1.1319431e+02   2.0715651e+02   1.0516509e+02   1.2812977e+02
   8.6419032e+01   1.1593589e+02   1.1337488e+02   2.0651765e+02   1.0478413e+02   1.2766962e+02
   8.6667916e+01   1.1573828e+02   1.1353749e+02   2.0458093e+02   1.0343508e+02   1.2714202e+02
   8.6189577e+01   1.1528963e+02   1.1277896e+02   2.0590384e+02   1.0417834e+02   1.2743516e+02
   8.6088959e+01   1.1596111e+02   1.1319362e+02   2.0692953e+02   1.0481643e+02   1.2823725e+02
   8.6799452e+01   1.1607776e+02   1.1400295e+02   2.0653831e+02   1.0546817e+02   1.2792838e+02
   8.7057974e+01   1.1620282e+02   1.1392539e+02   2.0640593e+02   1.0622431e+02   1.2796153e+02
   8.7228908e+01   1.1659673e+02   1.1476888e+02   2.0705381e+02   1.0640727e+02   1.2819453e+02
   8.7323744e+01   1.1666458e+02   1.1492771e+02   2.0649167e+02   1.0723820e+02   1.2837557e+02
   8.6870925e+01   1.1627661e+02   1.1503905e+02   2.0628935e+02   1.0707498e+02   1.2934396e+02
   8.7255663e+01   1.1634207e+02   1.1474991e+02   2.0667517e+02   1.0613773e+02   1.2879361e+02
   8.7268230e+01   1.1633690e+02   1.1465770e+02   2.0666607e+02   1.0607743e+02   1.2809006e+02
   8.7206549e+01   1.1659781e+02   1.1461537e+02   2.0640292e+02   1.0675601e+02   1.2846624e+02
   8.7449111e+01   1.1602017e+02   1.1449995e+02   2.0577446e+02   1.0666387e+02   1.2762799e+02
   8.7308632e+01   1.1638748e+02   1.1463203e+02   2.0668049e+02   1.0728832e+02   1.2875267e+02
   8.6803924e+01   1.1621369e+02   1.1433858e+02   2.0691519e+02   1.0665415e+02   1.2846678e+02
   8.7416497e+01   1.1622325e+02   1.1527444e+02   2.0631387e+02   1.0659548e+02   1.2852175e+02
   8.6900532e+01   1.1608856e+02   1.1507313e+02   2.0624841e+02   1.0605623e+02   1.2849662e+02
   8.6532371e+01   1.1543967e+02   1.1387273e+02   2.0564100e+02   1.0567111e+02   1.2805714e+02
   8.7224128e+01   1.1592680e+02   1.1365044e+02   2.0569520e+02   1.0505954e+02   1.2746939e+02
   8.7131529e+01   1.1621816e+02   1.1339138e+02   2.0546004e+02   1.0543772e+02   1.2765251e+02
   8.7008937e+01   1.1612926e+02   1.1423727e+02   2.0601872e+02   1.0597859e+02   1.2796554e+02
   8.6974935e+01   1.1590104e+02   1.1463311e+02   2.0624409e+02   1.0601035e+02   1.2856778e+02
   8.6869152e+01   1.1631585e+02   1.1435253e+02   2.0711866e+02   1.0714036e+02   1.2837487e+02
   8.7532612e+01   1.1681871e+02   1.1496572e+02   2.0731789e+02   1.0726657e+02   1.2841820e+02
   8.7693061e+01   1.1742951e+02   1.1551978e+02   2.0868305e+02   1.0818385e+02   1.2874966e+02
   8.7650038e+01   1.1735580e+02   1.1503604e+02   2.0921228e+02   1.0799642e+02   1.2840625e+02
   8.7750039e+01   1.1736035e+02   1.1581369e+02   2.0809731e+02   1.0807082e+02   1.2805251e+02
   8.7623824e+01   1.1690121e+02   1.1602865e+02   2.0769438e+02   1.0715038e+02   1.2855545e+02
   8.6931450e+01   1.1683004e+02   1.1507582e+02   2.0710940e+02   1.0735277e+02   1.2819052e+02
   8.6992206e+01   1.1650853e+02   1.1461946e+02   2.0576390e+02   1.0671198e+02   1.2680369e+02
   8.6257426e+01   1.1600336e+02   1.1413665e+02   2.0562682e+02   1.0665439e+02   1.2724687e+02
   8.6776784e+01   1.1674577e+02   1.1442000e+02   2.0566806e+02   1.0552700e+02   1.2811435e+02
   8.6676166e+01   1.1593497e+02   1.1369655e+02   2.0607724e+02   1.0488182e+02   1.2817248e+02
   8.7140704e+01   1.1612741e+02   1.1400372e+02   2.0660693e+02   1.0573433e+02   1.2774973e+02
   8.7808791e+01   1.1678725e+02   1.1480712e+02   2.0650516e+02   1.0652987e+02   1.2806724e+02
   8.7570392e+01   1.1683004e+02   1.1427705e+02   2.0572928e+02   1.0612439e+02   1.2753724e+02
   8.7298300e+01   1.1660961e+02   1.1325530e+02   2.0641742e+02   1.0610388e+02   1.2741742e+02
   8.7515650e+01   1.1699689e+02   1.1400650e+02   2.0729599e+02   1.0671807e+02   1.2670061e+02
   8.7609637e+01   1.1707600e+02   1.1453295e+02   2.0757471e+02   1.0715300e+02   1.2739237e+02
   8.7400228e+01   1.1696513e+02   1.1511283e+02   2.0699198e+02   1.0678268e+02   1.2753099e+02
   8.7289048e+01   1.1675240e+02   1.1419201e+02   2.0719560e+02   1.0698477e+02   1.2716746e+02
   8.7369234e+01   1.1678054e+02   1.1450365e+02   2.0727594e+02   1.0637605e+02   1.2743901e+02
   8.7092207e+01   1.1593427e+02   1.1363880e+02   2.0594355e+02   1.0470780e+02   1.2753338e+02
   8.7068922e+01   1.1596496e+02   1.1376294e+02   2.0618711e+02   1.0575484e+02   1.2777302e+02
   8.7302001e+01   1.1593373e+02   1.1432424e+02   2.0714086e+02   1.0613803e+02   1.2855421e+02
   8.7622127e+01   1.1599704e+02   1.1425831e+02   2.0690401e+02   1.0673195e+02   1.2889785e+02
   8.7810333e+01   1.1704038e+02   1.1567036e+02   2.0737348e+02   1.0778393e+02   1.2896686e+02
   8.7574864e+01   1.1671393e+02   1.1667283e+02   2.0737988e+02   1.0745663e+02   1.2883980e+02
   8.7415109e+01   1.1609388e+02   1.1600313e+02   2.0715412e+02   1.0639255e+02   1.2841142e+02
   8.7158360e+01   1.1613112e+02   1.1508091e+02   2.0797055e+02   1.0719549e+02   1.2880394e+02
   8.6937772e+01   1.1602525e+02   1.1504174e+02   2.0798705e+02   1.0677351e+02   1.2842422e+02
   8.7118422e+01   1.1579526e+02   1.1435469e+02   2.0656869e+02   1.0623164e+02   1.2705821e+02
   8.7257128e+01   1.1612865e+02   1.1399833e+02   2.0611880e+02   1.0594328e+02   1.2821265e+02
   8.6648949e+01   1.1549202e+02   1.1328136e+02   2.0531926e+02   1.0449669e+02   1.2798967e+02
   8.6670537e+01   1.1525138e+02   1.1328236e+02   2.0586837e+02   1.0419600e+02   1.2739969e+02
   8.7074165e+01   1.1581739e+02   1.1337858e+02   2.0755837e+02   1.0546717e+02   1.2849407e+02
   8.6317951e+01   1.1515732e+02   1.1296339e+02   2.0731966e+02   1.0501906e+02   1.2848297e+02
   8.6606003e+01   1.1571500e+02   1.1315383e+02   2.0646699e+02   1.0534682e+02   1.2903695e+02
   8.6099599e+01   1.1454120e+02   1.1246940e+02   2.0485580e+02   1.0383477e+02   1.2720293e+02
   8.6167603e+01   1.1538014e+02   1.1133824e+02   2.0515942e+02   1.0425621e+02   1.2665157e+02
   8.6182406e+01   1.1537359e+02   1.1269708e+02   2.0448463e+02   1.0408651e+02   1.2712683e+02
   8.5777622e+01   1.1458823e+02   1.1205112e+02   2.0360791e+02   1.0296854e+02   1.2584100e+02
   8.5732672e+01   1.1488214e+02   1.1163285e+02   2.0363181e+02   1.0360216e+02   1.2611541e+02
   8.6050100e+01   1.1510034e+02   1.1123862e+02   2.0514331e+02   1.0435629e+02   1.2665350e+02
   8.6649257e+01   1.1600937e+02   1.1184272e+02   2.0645142e+02   1.0529339e+02   1.2723870e+02
   8.7719892e+01   1.1686944e+02   1.1415878e+02   2.0738242e+02   1.0683280e+02   1.2801103e+02
   8.7571163e+01   1.1697638e+02   1.1523219e+02   2.0702436e+02   1.0690797e+02   1.2789707e+02
   8.7992910e+01   1.1705495e+02   1.1459833e+02   2.0717995e+02   1.0651445e+02   1.2842291e+02
   8.7266842e+01   1.1658247e+02   1.1435847e+02   2.0764711e+02   1.0609285e+02   1.2905692e+02
   8.6694131e+01   1.1590767e+02   1.1419509e+02   2.0757787e+02   1.0641483e+02   1.2932955e+02
   8.7013717e+01   1.1584067e+02   1.1404999e+02   2.0647131e+02   1.0561529e+02   1.2833971e+02
   8.7380105e+01   1.1672102e+02   1.1425191e+02   2.0661148e+02   1.0615515e+02   1.2826994e+02
   8.7117342e+01   1.1608223e+02   1.1390627e+02   2.0709530e+02   1.0664976e+02   1.2740355e+02
   8.7146949e+01   1.1633636e+02   1.1357211e+02   2.0697301e+02   1.0710782e+02   1.2733917e+02
   8.7198607e+01   1.1677892e+02   1.1420951e+02   2.0694541e+02   1.0722147e+02   1.2861026e+02
   8.7622281e+01   1.1679566e+02   1.1426494e+02   2.0762606e+02   1.0712039e+02   1.2844874e+02
   8.8008638e+01   1.1757970e+02   1.1490134e+02   2.0718897e+02   1.0662200e+02   1.2860548e+02
   8.7528834e+01   1.1683012e+02   1.1459085e+02   2.0689059e+02   1.0717235e+02   1.2820695e+02
   8.7725983e+01   1.1667923e+02   1.1553281e+02   2.0669498e+02   1.0708608e+02   1.2880572e+02
   8.7860295e+01   1.1664669e+02   1.1583304e+02   2.0568865e+02   1.0675855e+02   1.2923417e+02
   8.7020657e+01   1.1622865e+02   1.1485385e+02   2.0579104e+02   1.0660666e+02   1.2876933e+02
   8.7047873e+01   1.1624908e+02   1.1413033e+02   2.0700593e+02   1.0573425e+02   1.2873370e+02
   8.7171082e+01   1.1579503e+02   1.1437720e+02   2.0680663e+02   1.0559555e+02   1.2895830e+02
   8.6911866e+01   1.1554183e+02   1.1423495e+02   2.0523861e+02   1.0507102e+02   1.2820556e+02
   8.6707932e+01   1.1561114e+02   1.1360094e+02   2.0635188e+02   1.0561074e+02   1.2884280e+02
   8.6966146e+01   1.1591616e+02   1.1422917e+02   2.0727070e+02   1.0688153e+02   1.2870148e+02
   8.7576483e+01   1.1637838e+02   1.1535671e+02   2.0793586e+02   1.0790205e+02   1.2930171e+02
   8.7632922e+01   1.1695256e+02   1.1599064e+02   2.0860402e+02   1.0879311e+02   1.2933417e+02
   8.7748034e+01   1.1697391e+02   1.1471298e+02   2.0863617e+02   1.0777352e+02   1.2931043e+02
   8.8140559e+01   1.1683513e+02   1.1548269e+02   2.0752930e+02   1.0730451e+02   1.2879153e+02
   8.7945415e+01   1.1707553e+02   1.1537637e+02   2.0795328e+02   1.0795717e+02   1.2891798e+02
   8.8264693e+01   1.1716598e+02   1.1623728e+02   2.0832322e+02   1.0865602e+02   1.2894573e+02
   8.8196767e+01   1.1737060e+02   1.1611415e+02   2.0843579e+02   1.0761369e+02   1.2829075e+02
   8.7220967e+01   1.1679943e+02   1.1465261e+02   2.0843694e+02   1.0795178e+02   1.2758944e+02
   8.8210491e+01   1.1716775e+02   1.1502309e+02   2.0817796e+02   1.0750050e+02   1.2849184e+02
   8.7875946e+01   1.1707137e+02   1.1541006e+02   2.0786539e+02   1.0781508e+02   1.2886223e+02
   8.7848267e+01   1.1703598e+02   1.1551461e+02   2.0796415e+02   1.0780166e+02   1.2857279e+02
   8.7679722e+01   1.1691524e+02   1.1537552e+02   2.0784149e+02   1.0770089e+02   1.2878690e+02
   8.7581803e+01   1.1703429e+02   1.1464197e+02   2.0662883e+02   1.0683596e+02   1.2802468e+02
   8.7462450e+01   1.1657792e+02   1.1385515e+02   2.0677748e+02   1.0635238e+02   1.2746500e+02
   8.7277945e+01   1.1681370e+02   1.1399046e+02   2.0665689e+02   1.0640581e+02   1.2778535e+02
   8.7632459e+01   1.1739396e+02   1.1426232e+02   2.0731604e+02   1.0712933e+02   1.2933733e+02
   8.7927065e+01   1.1733622e+02   1.1529294e+02   2.0837989e+02   1.0743558e+02   1.2991236e+02
   8.7972478e+01   1.1731625e+02   1.1626304e+02   2.0698257e+02   1.0739186e+02   1.2968637e+02
   8.8278032e+01   1.1707083e+02   1.1612880e+02   2.0643908e+02   1.0649771e+02   1.2891775e+02
   8.7437391e+01   1.1663721e+02   1.1588670e+02   2.0649367e+02   1.0534342e+02   1.2844026e+02
   8.7952971e+01   1.1678494e+02   1.1546526e+02   2.0679491e+02   1.0634266e+02   1.2786785e+02
   8.7780186e+01   1.1666504e+02   1.1527236e+02   2.0669059e+02   1.0679186e+02   1.2847310e+02
   8.7374939e+01   1.1667607e+02   1.1466834e+02   2.0683330e+02   1.0660103e+02   1.2803763e+02
   8.7973326e+01   1.1681123e+02   1.1470419e+02   2.0612227e+02   1.0626001e+02   1.2862353e+02
   8.7190512e+01   1.1578470e+02   1.1430789e+02   2.0629729e+02   1.0596779e+02   1.2837988e+02
   8.7515341e+01   1.1614361e+02   1.1465978e+02   2.0669660e+02   1.0591159e+02   1.2841096e+02
   8.7507091e+01   1.1603890e+02   1.1365908e+02   2.0704811e+02   1.0551282e+02   1.2886632e+02
   8.7301153e+01   1.1577190e+02   1.1425168e+02   2.0635473e+02   1.0547812e+02   1.2828597e+02
   8.7043247e+01   1.1618825e+02   1.1493766e+02   2.0736415e+02   1.0667543e+02   1.2904095e+02
   8.7788667e+01   1.1657908e+02   1.1528307e+02   2.0769723e+02   1.0750559e+02   1.2845336e+02
   8.7886895e+01   1.1707106e+02   1.1566665e+02   2.0652235e+02   1.0556471e+02   1.2849461e+02
   8.7481956e+01   1.1596604e+02   1.1507613e+02   2.0550808e+02   1.0546494e+02   1.2851682e+02
   8.7741327e+01   1.1647699e+02   1.1432131e+02   2.0665682e+02   1.0640234e+02   1.2907110e+02
   8.7871089e+01   1.1659349e+02   1.1451121e+02   2.0684965e+02   1.0695485e+02   1.2921243e+02
   8.7720355e+01   1.1634924e+02   1.1520559e+02   2.0654887e+02   1.0666541e+02   1.2857780e+02
   8.7463143e+01   1.1640498e+02   1.1571130e+02   2.0598588e+02   1.0580434e+02   1.2866185e+02
   8.7636391e+01   1.1593805e+02   1.1500620e+02   2.0732205e+02   1.0677204e+02   1.2866161e+02
   8.7457823e+01   1.1601161e+02   1.1492193e+02   2.0736160e+02   1.0648792e+02   1.2874512e+02
   8.7086347e+01   1.1618216e+02   1.1487382e+02   2.0668897e+02   1.0654883e+02   1.2908876e+02
   8.7288585e+01   1.1614345e+02   1.1454937e+02   2.0746076e+02   1.0678831e+02   1.2927203e+02
   8.7174320e+01   1.1599010e+02   1.1455361e+02   2.0725875e+02   1.0655916e+02   1.2889485e+02
   8.6883107e+01   1.1556018e+02   1.1366926e+02   2.0651988e+02   1.0592069e+02   1.2863501e+02
   8.7469543e+01   1.1618894e+02   1.1425176e+02   2.0666854e+02   1.0672964e+02   1.2922947e+02
   8.7003463e+01   1.1583674e+02   1.1448970e+02   2.0632389e+02   1.0551976e+02   1.2959616e+02
   8.6898219e+01   1.1547614e+02   1.1315946e+02   2.0515842e+02   1.0455059e+02   1.2778620e+02
   8.7634695e+01   1.1632888e+02   1.1432547e+02   2.0579667e+02   1.0553479e+02   1.2842198e+02
   8.7263913e+01   1.1648123e+02   1.1473025e+02   2.0700424e+02   1.0713249e+02   1.2837734e+02
   8.7831227e+01   1.1685340e+02   1.1516896e+02   2.0752799e+02   1.0716480e+02   1.2833177e+02
   8.7544794e+01   1.1699011e+02   1.1534159e+02   2.0823632e+02   1.0782572e+02   1.2895391e+02
   8.7825599e+01   1.1707870e+02   1.1601415e+02   2.0813817e+02   1.0786781e+02   1.2896994e+02
   8.7661758e+01   1.1639534e+02   1.1613435e+02   2.0708743e+02   1.0698608e+02   1.2896925e+02
   8.6823662e+01   1.1592880e+02   1.1449556e+02   2.0592952e+02   1.0621437e+02   1.2885260e+02
   8.6871310e+01   1.1588038e+02   1.1382585e+02   2.0645990e+02   1.0486393e+02   1.2836716e+02
   8.6897756e+01   1.1605856e+02   1.1328899e+02   2.0771758e+02   1.0679972e+02   1.2847094e+02
   8.7480954e+01   1.1656982e+02   1.1502016e+02   2.0735204e+02   1.0715763e+02   1.2935491e+02
   8.7178330e+01   1.1607568e+02   1.1536603e+02   2.0779461e+02   1.0617790e+02   1.2950549e+02
   8.7299611e+01   1.1596619e+02   1.1473280e+02   2.0782152e+02   1.0580603e+02   1.2840471e+02
   8.6780947e+01   1.1575763e+02   1.1390688e+02   2.0646321e+02   1.0579154e+02   1.2887812e+02
   8.7075861e+01   1.1613058e+02   1.1407319e+02   2.0608943e+02   1.0590172e+02   1.2805837e+02
