   1.2038823e+02   1.1535925e+02   1.5085926e+02   1.4220988e+02   1.3894043e+02   1.5165520e+02
   1.2075136e+02   1.1573513e+02   1.5126527e+02   1.4308209e+02   1.3979809e+02   1.5180050e+02
   1.2150433e+02   1.1647845e+02   1.5292611e+02   1.4490017e+02   1.4108565e+02   1.5357521e+02
   1.2154137e+02   1.1698801e+02   1.5335770e+02   1.4466853e+02   1.4073235e+02   1.5344607e+02
   1.2124460e+02   1.1644977e+02   1.5228359e+02   1.4412055e+02   1.4045832e+02   1.5368144e+02
   1.2138933e+02   1.1623601e+02   1.5221829e+02   1.4454589e+02   1.4072090e+02   1.5344371e+02
   1.2180850e+02   1.1701871e+02   1.5215542e+02   1.4464400e+02   1.4062344e+02   1.5373748e+02
   1.2134287e+02   1.1656787e+02   1.5270349e+02   1.4516486e+02   1.4061791e+02   1.5364968e+02
   1.2148728e+02   1.1684555e+02   1.5229561e+02   1.4475884e+02   1.4066202e+02   1.5289411e+02
   1.2192659e+02   1.1687869e+02   1.5289744e+02   1.4507487e+02   1.4080439e+02   1.5332302e+02
   1.2171274e+02   1.1618849e+02   1.5260586e+02   1.4463214e+02   1.4024642e+02   1.5270194e+02
   1.2131745e+02   1.1657875e+02   1.5181609e+02   1.4432766e+02   1.3995346e+02   1.5265370e+02
   1.2122129e+02   1.1620279e+02   1.5215477e+02   1.4470524e+02   1.4020289e+02   1.5316684e+02
   1.2100622e+02   1.1596498e+02   1.5153987e+02   1.4405062e+02   1.4041698e+02   1.5252229e+02
   1.2149905e+02   1.1640242e+02   1.5272964e+02   1.4454621e+02   1.3983919e+02   1.5289589e+02
   1.2108492e+02   1.1591268e+02   1.5197626e+02   1.4414897e+02   1.3949734e+02   1.5322523e+02
   1.2123323e+02   1.1605546e+02   1.5123960e+02   1.4366158e+02   1.3966668e+02   1.5204099e+02
   1.2129633e+02   1.1611085e+02   1.5183225e+02   1.4433407e+02   1.3873056e+02   1.5177061e+02
   1.2132955e+02   1.1601574e+02   1.5149568e+02   1.4351604e+02   1.3942238e+02   1.5210052e+02
   1.2114112e+02   1.1631406e+02   1.5209605e+02   1.4427478e+02   1.3967732e+02   1.5272956e+02
   1.2163371e+02   1.1625185e+02   1.5276960e+02   1.4487052e+02   1.4016536e+02   1.5327494e+02
   1.2155908e+02   1.1594947e+02   1.5241142e+02   1.4418552e+02   1.3999749e+02   1.5272233e+02
   1.2143432e+02   1.1645782e+02   1.5232217e+02   1.4427096e+02   1.3917182e+02   1.5301504e+02
   1.2169828e+02   1.1594589e+02   1.5172342e+02   1.4371697e+02   1.3947509e+02   1.5239843e+02
   1.2165759e+02   1.1621221e+02   1.5175469e+02   1.4449058e+02   1.4013872e+02   1.5253228e+02
   1.2220606e+02   1.1695715e+02   1.5230917e+02   1.4480725e+02   1.4006335e+02   1.5370857e+02
   1.2148297e+02   1.1647739e+02   1.5235977e+02   1.4469549e+02   1.3999351e+02   1.5353622e+02
   1.2178121e+02   1.1631081e+02   1.5176695e+02   1.4417456e+02   1.3942944e+02   1.5320826e+02
   1.2160659e+02   1.1629067e+02   1.5241175e+02   1.4450138e+02   1.3998863e+02   1.5336639e+02
   1.2163648e+02   1.1661952e+02   1.5257037e+02   1.4518013e+02   1.4010737e+02   1.5244334e+02
   1.2149150e+02   1.1640129e+02   1.5188545e+02   1.4383027e+02   1.3885791e+02   1.5210052e+02
   1.2078360e+02   1.1590959e+02   1.5143242e+02   1.4383904e+02   1.3974530e+02   1.5246860e+02
   1.2130202e+02   1.1608868e+02   1.5158730e+02   1.4332209e+02   1.3982993e+02   1.5245561e+02
   1.2071123e+02   1.1559194e+02   1.5138442e+02   1.4349435e+02   1.3836629e+02   1.5148513e+02
   1.2071010e+02   1.1543544e+02   1.5066165e+02   1.4277467e+02   1.3820499e+02   1.5048013e+02
   1.2066575e+02   1.1583649e+02   1.5073946e+02   1.4339250e+02   1.3853774e+02   1.5145223e+02
   1.2144285e+02   1.1589270e+02   1.5182023e+02   1.4401464e+02   1.3990733e+02   1.5225435e+02
   1.2191262e+02   1.1646756e+02   1.5247810e+02   1.4486167e+02   1.4057422e+02   1.5344176e+02
   1.2191238e+02   1.1627970e+02   1.5271770e+02   1.4537968e+02   1.3969015e+02   1.5424234e+02
   1.2154275e+02   1.1619467e+02   1.5247989e+02   1.4473253e+02   1.4020378e+02   1.5322564e+02
   1.2140370e+02   1.1626257e+02   1.5185565e+02   1.4398183e+02   1.3982546e+02   1.5297248e+02
   1.2101930e+02   1.1596230e+02   1.5159282e+02   1.4407125e+02   1.3935894e+02   1.5276659e+02
   1.2071286e+02   1.1588198e+02   1.5175380e+02   1.4425017e+02   1.3906899e+02   1.5262089e+02
   1.2142295e+02   1.1630659e+02   1.5177296e+02   1.4417261e+02   1.3968276e+02   1.5335892e+02
   1.2102084e+02   1.1548847e+02   1.5141853e+02   1.4412794e+02   1.3994283e+02   1.5344826e+02
   1.2086872e+02   1.1584429e+02   1.5122108e+02   1.4391060e+02   1.3976016e+02   1.5253780e+02
   1.2097130e+02   1.1560226e+02   1.5154783e+02   1.4403332e+02   1.3920698e+02   1.5204895e+02
   1.2105552e+02   1.1616186e+02   1.5107546e+02   1.4384432e+02   1.3870180e+02   1.5209735e+02
   1.2122502e+02   1.1653221e+02   1.5138693e+02   1.4399612e+02   1.3890022e+02   1.5250515e+02
   1.2140549e+02   1.1650850e+02   1.5171830e+02   1.4371746e+02   1.3898851e+02   1.5260148e+02
   1.2134295e+02   1.1631609e+02   1.5143558e+02   1.4334759e+02   1.3878514e+02   1.5238746e+02
   1.2122819e+02   1.1648900e+02   1.5137451e+02   1.4425472e+02   1.3959488e+02   1.5330702e+02
   1.2178356e+02   1.1619507e+02   1.5220034e+02   1.4456514e+02   1.4015367e+02   1.5302917e+02
   1.2146372e+02   1.1640738e+02   1.5223494e+02   1.4432936e+02   1.3994380e+02   1.5376168e+02
   1.2121154e+02   1.1587377e+02   1.5163181e+02   1.4444420e+02   1.3970412e+02   1.5305711e+02
   1.2124427e+02   1.1611540e+02   1.5156773e+02   1.4420209e+02   1.3926489e+02   1.5302129e+02
   1.2114803e+02   1.1614415e+02   1.5150470e+02   1.4427421e+02   1.3923021e+02   1.5334235e+02
   1.2119400e+02   1.1577956e+02   1.5166649e+02   1.4441058e+02   1.3891549e+02   1.5240598e+02
   1.2119530e+02   1.1599909e+02   1.5139644e+02   1.4340639e+02   1.3802988e+02   1.5123757e+02
   1.2127660e+02   1.1588441e+02   1.5122807e+02   1.4398483e+02   1.3866323e+02   1.5223534e+02
   1.2200683e+02   1.1658370e+02   1.5164529e+02   1.4451486e+02   1.3959026e+02   1.5282653e+02
   1.2094685e+02   1.1586102e+02   1.5098742e+02   1.4348404e+02   1.3858290e+02   1.5148691e+02
   1.2049365e+02   1.1514134e+02   1.4986814e+02   1.4254458e+02   1.3777534e+02   1.5053714e+02
   1.2052768e+02   1.1496737e+02   1.4986668e+02   1.4264456e+02   1.3824674e+02   1.5085495e+02
   1.2107664e+02   1.1581375e+02   1.4988829e+02   1.4268184e+02   1.3823196e+02   1.5118714e+02
   1.2121844e+02   1.1605229e+02   1.5054851e+02   1.4270840e+02   1.3838741e+02   1.5140821e+02
   1.2149321e+02   1.1592177e+02   1.5097101e+02   1.4303920e+02   1.3892808e+02   1.5137313e+02
   1.2137999e+02   1.1610801e+02   1.5131993e+02   1.4331965e+02   1.3904479e+02   1.5216696e+02
   1.2057771e+02   1.1557952e+02   1.5060553e+02   1.4277248e+02   1.3882761e+02   1.5141723e+02
   1.2068890e+02   1.1579556e+02   1.5108504e+02   1.4223368e+02   1.3823634e+02   1.5135972e+02
   1.2073308e+02   1.1563385e+02   1.5144574e+02   1.4411137e+02   1.3863756e+02   1.5271551e+02
   1.2086807e+02   1.1599674e+02   1.5086640e+02   1.4400700e+02   1.3852540e+02   1.5263697e+02
   1.2132045e+02   1.1605952e+02   1.5125755e+02   1.4404989e+02   1.3875638e+02   1.5244675e+02
   1.2167489e+02   1.1604133e+02   1.5161881e+02   1.4418504e+02   1.3896536e+02   1.5298207e+02
   1.2180078e+02   1.1635183e+02   1.5155311e+02   1.4417042e+02   1.3916053e+02   1.5241817e+02
   1.2190393e+02   1.1655138e+02   1.5151599e+02   1.4435218e+02   1.3948833e+02   1.5226344e+02
   1.2169568e+02   1.1683134e+02   1.5118608e+02   1.4395746e+02   1.3988354e+02   1.5255413e+02
   1.2134604e+02   1.1653952e+02   1.5173642e+02   1.4526679e+02   1.3966530e+02   1.5268416e+02
   1.2132508e+02   1.1617631e+02   1.5145662e+02   1.4438743e+02   1.3953186e+02   1.5274743e+02
   1.2136675e+02   1.1632104e+02   1.5157666e+02   1.4455767e+02   1.3933174e+02   1.5326414e+02
   1.2128504e+02   1.1612506e+02   1.5202344e+02   1.4432798e+02   1.3913105e+02   1.5278901e+02
   1.2148508e+02   1.1633623e+02   1.5171368e+02   1.4446077e+02   1.3954924e+02   1.5333236e+02
   1.2177000e+02   1.1625842e+02   1.5180367e+02   1.4457448e+02   1.3834233e+02   1.5201126e+02
   1.2167229e+02   1.1604904e+02   1.5164545e+02   1.4409716e+02   1.3848942e+02   1.5136915e+02
   1.2158109e+02   1.1643735e+02   1.5195725e+02   1.4432359e+02   1.3936682e+02   1.5271778e+02
   1.2164306e+02   1.1609810e+02   1.5131660e+02   1.4423474e+02   1.3899622e+02   1.5208801e+02
   1.2190563e+02   1.1633022e+02   1.5179433e+02   1.4457269e+02   1.3901896e+02   1.5217963e+02
   1.2216635e+02   1.1666760e+02   1.5182340e+02   1.4466260e+02   1.3947931e+02   1.5247518e+02
   1.2200618e+02   1.1645700e+02   1.5162937e+02   1.4419990e+02   1.3885035e+02   1.5246527e+02
   1.2167562e+02   1.1625136e+02   1.5151810e+02   1.4385578e+02   1.3883005e+02   1.5271697e+02
   1.2168423e+02   1.1650898e+02   1.5096801e+02   1.4331949e+02   1.3843062e+02   1.5224257e+02
   1.2082323e+02   1.1554947e+02   1.5080102e+02   1.4302938e+02   1.3886733e+02   1.5142949e+02
   1.2097901e+02   1.1592673e+02   1.5112119e+02   1.4272050e+02   1.3857657e+02   1.5200354e+02
   1.2107144e+02   1.1602070e+02   1.5089191e+02   1.4377366e+02   1.3818257e+02   1.5210336e+02
   1.2129170e+02   1.1622025e+02   1.5088118e+02   1.4401878e+02   1.3894156e+02   1.5260278e+02
   1.2176903e+02   1.1618419e+02   1.5146214e+02   1.4468193e+02   1.3912390e+02   1.5282060e+02
   1.2208756e+02   1.1669140e+02   1.5157341e+02   1.4441830e+02   1.3954453e+02   1.5244740e+02
   1.2223490e+02   1.1663057e+02   1.5143436e+02   1.4440059e+02   1.3961503e+02   1.5248265e+02
   1.2259331e+02   1.1674963e+02   1.5172894e+02   1.4455953e+02   1.3971931e+02   1.5234361e+02
   1.2211680e+02   1.1761412e+02   1.5225833e+02   1.4460226e+02   1.4001251e+02   1.5326308e+02
   1.2273512e+02   1.1715914e+02   1.5295494e+02   1.4586309e+02   1.4039148e+02   1.5372652e+02
   1.2239425e+02   1.1707711e+02   1.5270276e+02   1.4541477e+02   1.3945308e+02   1.5300529e+02
   1.2223855e+02   1.1668328e+02   1.5162766e+02   1.4454589e+02   1.3947525e+02   1.5197203e+02
   1.2231303e+02   1.1691971e+02   1.5179709e+02   1.4454987e+02   1.3943399e+02   1.5211498e+02
   1.2202356e+02   1.1718813e+02   1.5240160e+02   1.4486695e+02   1.3919253e+02   1.5236164e+02
   1.2234186e+02   1.1705087e+02   1.5258743e+02   1.4516534e+02   1.4048894e+02   1.5295088e+02
   1.2231912e+02   1.1677830e+02   1.5206251e+02   1.4520628e+02   1.4014644e+02   1.5280688e+02
   1.2250259e+02   1.1672543e+02   1.5203335e+02   1.4462207e+02   1.4008439e+02   1.5305687e+02
   1.2238109e+02   1.1669895e+02   1.5188602e+02   1.4404989e+02   1.3935602e+02   1.5239591e+02
   1.2258275e+02   1.1638716e+02   1.5144208e+02   1.4376148e+02   1.3923103e+02   1.5264988e+02
   1.2191920e+02   1.1593956e+02   1.5099749e+02   1.4313821e+02   1.3831959e+02   1.5213926e+02
   1.2089016e+02   1.1558772e+02   1.5043619e+02   1.4318856e+02   1.3818493e+02   1.5094949e+02
   1.2065511e+02   1.1563052e+02   1.4966380e+02   1.4250868e+02   1.3796710e+02   1.5120817e+02
   1.2081779e+02   1.1570646e+02   1.5046600e+02   1.4322300e+02   1.3807861e+02   1.5186092e+02
   1.2076118e+02   1.1578744e+02   1.5044285e+02   1.4325224e+02   1.3852182e+02   1.5240891e+02
   1.2117207e+02   1.1546086e+02   1.5040963e+02   1.4363242e+02   1.3843476e+02   1.5185418e+02
   1.2158498e+02   1.1615113e+02   1.5103160e+02   1.4407295e+02   1.3902376e+02   1.5250036e+02
   1.2223758e+02   1.1617631e+02   1.5192395e+02   1.4485281e+02   1.3980622e+02   1.5264964e+02
   1.2300079e+02   1.1741441e+02   1.5200964e+02   1.4484120e+02   1.4005133e+02   1.5241638e+02
   1.2254661e+02   1.1700369e+02   1.5200826e+02   1.4437923e+02   1.3960325e+02   1.5204748e+02
   1.2186413e+02   1.1685270e+02   1.5165504e+02   1.4345504e+02   1.3915151e+02   1.5302024e+02
   1.2212054e+02   1.1670561e+02   1.5199940e+02   1.4503946e+02   1.3984553e+02   1.5334999e+02
   1.2183408e+02   1.1632705e+02   1.5198446e+02   1.4473399e+02   1.3871724e+02   1.5212432e+02
   1.2174344e+02   1.1616088e+02   1.5096248e+02   1.4386000e+02   1.3855496e+02   1.5202588e+02
   1.2160829e+02   1.1606618e+02   1.5081150e+02   1.4384384e+02   1.3872317e+02   1.5175152e+02
   1.2225699e+02   1.1680689e+02   1.5137402e+02   1.4458463e+02   1.3953803e+02   1.5300903e+02
   1.2229873e+02   1.1683768e+02   1.5200541e+02   1.4500867e+02   1.3932508e+02   1.5254089e+02
   1.2209918e+02   1.1633526e+02   1.5129938e+02   1.4398451e+02   1.3861173e+02   1.5217979e+02
   1.2184285e+02   1.1626378e+02   1.5065337e+02   1.4340046e+02   1.3856113e+02   1.5199331e+02
   1.2176115e+02   1.1592933e+02   1.5044520e+02   1.4300095e+02   1.3811297e+02   1.5108813e+02
   1.2102685e+02   1.1621546e+02   1.4996195e+02   1.4347754e+02   1.3844426e+02   1.5208834e+02
   1.2126766e+02   1.1587710e+02   1.5053568e+02   1.4322008e+02   1.3877011e+02   1.5185158e+02
   1.2186860e+02   1.1681810e+02   1.5089150e+02   1.4410812e+02   1.3869726e+02   1.5234109e+02
   1.2198231e+02   1.1625306e+02   1.5115375e+02   1.4443194e+02   1.3893027e+02   1.5262243e+02
   1.2207424e+02   1.1657144e+02   1.5142454e+02   1.4463068e+02   1.3920837e+02   1.5253398e+02
   1.2209666e+02   1.1668141e+02   1.5129670e+02   1.4449960e+02   1.3847610e+02   1.5256249e+02
   1.2167254e+02   1.1589034e+02   1.5118056e+02   1.4434975e+02   1.3811971e+02   1.5168598e+02
   1.2188306e+02   1.1651808e+02   1.5201889e+02   1.4436940e+02   1.3896926e+02   1.5214032e+02
   1.2151806e+02   1.1609314e+02   1.5111388e+02   1.4331096e+02   1.3803703e+02   1.5171335e+02
   1.2125572e+02   1.1570386e+02   1.5024273e+02   1.4308298e+02   1.3729258e+02   1.5120565e+02
   1.2128456e+02   1.1537915e+02   1.4975119e+02   1.4312359e+02   1.3787151e+02   1.5125284e+02
   1.2111197e+02   1.1547166e+02   1.5018449e+02   1.4366865e+02   1.3794436e+02   1.5135323e+02
   1.2174482e+02   1.1607917e+02   1.5022510e+02   1.4354211e+02   1.3871854e+02   1.5153841e+02
   1.2229963e+02   1.1674639e+02   1.5151290e+02   1.4461647e+02   1.3928893e+02   1.5230730e+02
   1.2224602e+02   1.1667946e+02   1.5224013e+02   1.4524664e+02   1.3995460e+02   1.5232541e+02
   1.2249325e+02   1.1691556e+02   1.5263372e+02   1.4474609e+02   1.3954518e+02   1.5303437e+02
   1.2225358e+02   1.1650249e+02   1.5236862e+02   1.4531885e+02   1.4002746e+02   1.5288014e+02
   1.2238824e+02   1.1654350e+02   1.5229398e+02   1.4515552e+02   1.4004419e+02   1.5327738e+02
   1.2232180e+02   1.1652636e+02   1.5170653e+02   1.4495783e+02   1.3952504e+02   1.5293317e+02
   1.2185439e+02   1.1672957e+02   1.5099944e+02   1.4436948e+02   1.3859013e+02   1.5300489e+02
   1.2206263e+02   1.1629237e+02   1.5123822e+02   1.4463491e+02   1.3868938e+02   1.5264046e+02
   1.2207043e+02   1.1623381e+02   1.5119388e+02   1.4395543e+02   1.3877466e+02   1.5254950e+02
   1.2208911e+02   1.1633282e+02   1.5125698e+02   1.4414508e+02   1.3892556e+02   1.5251555e+02
   1.2202909e+02   1.1612701e+02   1.5160777e+02   1.4429882e+02   1.3944528e+02   1.5214852e+02
   1.2222206e+02   1.1647836e+02   1.5215900e+02   1.4485590e+02   1.3939639e+02   1.5171839e+02
   1.2219420e+02   1.1651386e+02   1.5189268e+02   1.4508632e+02   1.4009698e+02   1.5198389e+02
   1.2227526e+02   1.1703699e+02   1.5145223e+02   1.4450041e+02   1.3955054e+02   1.5182454e+02
   1.2164306e+02   1.1600462e+02   1.5004423e+02   1.4268135e+02   1.3792081e+02   1.5090271e+02
   1.2105065e+02   1.1609136e+02   1.5006559e+02   1.4275729e+02   1.3689518e+02   1.5066864e+02
   1.2118255e+02   1.1512705e+02   1.5010173e+02   1.4310718e+02   1.3751374e+02   1.5098149e+02
   1.2114072e+02   1.1547767e+02   1.5023680e+02   1.4334962e+02   1.3709132e+02   1.5136557e+02
   1.2148135e+02   1.1557854e+02   1.5064167e+02   1.4418439e+02   1.3822538e+02   1.5145702e+02
   1.2204322e+02   1.1636279e+02   1.5119729e+02   1.4440010e+02   1.3887521e+02   1.5243287e+02
   1.2197581e+02   1.1590179e+02   1.5143128e+02   1.4434666e+02   1.3832008e+02   1.5207697e+02
   1.2151432e+02   1.1589919e+02   1.5097987e+02   1.4444429e+02   1.3844182e+02   1.5297727e+02
   1.2130145e+02   1.1611987e+02   1.5064159e+02   1.4403299e+02   1.3825965e+02   1.5263729e+02
   1.2135676e+02   1.1576868e+02   1.5059172e+02   1.4430045e+02   1.3784227e+02   1.5194206e+02
   1.2135985e+02   1.1571377e+02   1.5069211e+02   1.4394211e+02   1.3799658e+02   1.5226588e+02
   1.2125589e+02   1.1528372e+02   1.5019196e+02   1.4339981e+02   1.3814651e+02   1.5132529e+02
   1.2087481e+02   1.1536039e+02   1.4973348e+02   1.4342036e+02   1.3828272e+02   1.5129865e+02
   1.2121966e+02   1.1513298e+02   1.4998453e+02   1.4371973e+02   1.3835549e+02   1.5155749e+02
   1.2099647e+02   1.1542195e+02   1.4960329e+02   1.4318101e+02   1.3808154e+02   1.5055136e+02
   1.2163623e+02   1.1554841e+02   1.4958185e+02   1.4244095e+02   1.3738013e+02   1.5054145e+02
   1.2059201e+02   1.1572799e+02   1.4979724e+02   1.4282584e+02   1.3775268e+02   1.5157780e+02
   1.2098340e+02   1.1546451e+02   1.5013925e+02   1.4248066e+02   1.3743122e+02   1.5183209e+02
   1.2117450e+02   1.1556043e+02   1.5022088e+02   1.4272854e+02   1.3751203e+02   1.5137272e+02
   1.2144707e+02   1.1619377e+02   1.5087087e+02   1.4458845e+02   1.3816860e+02   1.5276148e+02
   1.2151335e+02   1.1600697e+02   1.5115603e+02   1.4511531e+02   1.3927951e+02   1.5262097e+02
   1.2204639e+02   1.1630488e+02   1.5152013e+02   1.4519621e+02   1.3922640e+02   1.5330938e+02
   1.2182003e+02   1.1598285e+02   1.5178052e+02   1.4513968e+02   1.3838083e+02   1.5217427e+02
   1.2153495e+02   1.1619580e+02   1.5078827e+02   1.4438435e+02   1.3784657e+02   1.5056898e+02
   1.2157264e+02   1.1582317e+02   1.5037958e+02   1.4403535e+02   1.3827557e+02   1.5107920e+02
   1.2166547e+02   1.1591357e+02   1.5067984e+02   1.4414240e+02   1.3908621e+02   1.5257240e+02
   1.2175010e+02   1.1597392e+02   1.5115619e+02   1.4454833e+02   1.3941044e+02   1.5314670e+02
   1.2127765e+02   1.1543008e+02   1.5065507e+02   1.4437460e+02   1.3913105e+02   1.5291092e+02
   1.2132159e+02   1.1549562e+02   1.5071858e+02   1.4395470e+02   1.3905974e+02   1.5327738e+02
   1.2167806e+02   1.1552299e+02   1.5072443e+02   1.4416554e+02   1.3838781e+02   1.5246698e+02
   1.2152123e+02   1.1566715e+02   1.5022624e+02   1.4393578e+02   1.3811029e+02   1.5136127e+02
   1.2157345e+02   1.1542236e+02   1.5018433e+02   1.4390077e+02   1.3799463e+02   1.5109844e+02
   1.2216870e+02   1.1606715e+02   1.5019659e+02   1.4407263e+02   1.3843200e+02   1.5113564e+02
   1.2173053e+02   1.1589432e+02   1.5064021e+02   1.4381760e+02   1.3794655e+02   1.5052975e+02
   1.2086457e+02   1.1578443e+02   1.4950104e+02   1.4316404e+02   1.3764588e+02   1.5014421e+02
   1.2087180e+02   1.1560185e+02   1.4915984e+02   1.4255319e+02   1.3784974e+02   1.5066124e+02
   1.2055278e+02   1.1538045e+02   1.4909965e+02   1.4229784e+02   1.3738663e+02   1.5102746e+02
   1.2073097e+02   1.1570711e+02   1.5008646e+02   1.4313366e+02   1.3726618e+02   1.5100594e+02
   1.2072171e+02   1.1522167e+02   1.4976500e+02   1.4302491e+02   1.3771492e+02   1.5133065e+02
   1.2091030e+02   1.1533724e+02   1.4964406e+02   1.4286515e+02   1.3783991e+02   1.5146523e+02
   1.2130689e+02   1.1521314e+02   1.5024955e+02   1.4372047e+02   1.3825567e+02   1.5202596e+02
   1.2149792e+02   1.1597871e+02   1.5018205e+02   1.4407515e+02   1.3865998e+02   1.5167469e+02
   1.2144675e+02   1.1559373e+02   1.5012065e+02   1.4381476e+02   1.3814270e+02   1.5066539e+02
   1.2210787e+02   1.1622236e+02   1.5020650e+02   1.4368034e+02   1.3861303e+02   1.5144695e+02
   1.2195412e+02   1.1631779e+02   1.5124870e+02   1.4482772e+02   1.3942619e+02   1.5188626e+02
   1.2213483e+02   1.1675597e+02   1.5165260e+02   1.4489456e+02   1.4021117e+02   1.5268261e+02
   1.2214564e+02   1.1674330e+02   1.5233565e+02   1.4547958e+02   1.3992877e+02   1.5258085e+02
   1.2179810e+02   1.1609241e+02   1.5095745e+02   1.4418869e+02   1.3877125e+02   1.5210271e+02
   1.2122023e+02   1.1545355e+02   1.5004455e+02   1.4312448e+02   1.3788670e+02   1.5169264e+02
   1.2105788e+02   1.1518276e+02   1.4961190e+02   1.4303937e+02   1.3784820e+02   1.5138685e+02
   1.2106811e+02   1.1560640e+02   1.4899537e+02   1.4242608e+02   1.3774375e+02   1.5116090e+02
   1.2138722e+02   1.1559804e+02   1.4926648e+02   1.4304058e+02   1.3818891e+02   1.5127826e+02
   1.2213199e+02   1.1599820e+02   1.5054510e+02   1.4402966e+02   1.3926441e+02   1.5244927e+02
   1.2203526e+02   1.1637148e+02   1.5071209e+02   1.4427316e+02   1.3928219e+02   1.5246016e+02
   1.2174003e+02   1.1532571e+02   1.5045503e+02   1.4381395e+02   1.3925507e+02   1.5233224e+02
   1.2156167e+02   1.1604726e+02   1.5121248e+02   1.4496498e+02   1.3930575e+02   1.5296395e+02
   1.2091201e+02   1.1514297e+02   1.4968362e+02   1.4310532e+02   1.3792056e+02   1.5047428e+02
   1.2078141e+02   1.1494950e+02   1.4909226e+02   1.4243664e+02   1.3736673e+02   1.4984459e+02
   1.2086661e+02   1.1548863e+02   1.4943452e+02   1.4205760e+02   1.3678228e+02   1.5073077e+02
   1.2103050e+02   1.1529631e+02   1.4994238e+02   1.4358686e+02   1.3789433e+02   1.5161499e+02
   1.2147233e+02   1.1596855e+02   1.5017816e+02   1.4345244e+02   1.3805725e+02   1.5210442e+02
   1.2200497e+02   1.1607771e+02   1.5092667e+02   1.4443356e+02   1.3844442e+02   1.5273126e+02
   1.2181678e+02   1.1600031e+02   1.5054998e+02   1.4439499e+02   1.3928390e+02   1.5244383e+02
   1.2186161e+02   1.1614472e+02   1.5062998e+02   1.4439084e+02   1.3917019e+02   1.5242945e+02
   1.2114811e+02   1.1587548e+02   1.5028033e+02   1.4402235e+02   1.3898233e+02   1.5296834e+02
   1.2131063e+02   1.1606139e+02   1.5095111e+02   1.4513286e+02   1.3888966e+02   1.5306174e+02
   1.2142360e+02   1.1547791e+02   1.5078632e+02   1.4481342e+02   1.3893490e+02   1.5251612e+02
   1.2200529e+02   1.1624933e+02   1.5048013e+02   1.4445809e+02   1.3906989e+02   1.5228310e+02
   1.2198523e+02   1.1580254e+02   1.5036212e+02   1.4403795e+02   1.3882599e+02   1.5183339e+02
   1.2232058e+02   1.1624689e+02   1.5071485e+02   1.4405517e+02   1.3910554e+02   1.5289443e+02
   1.2174620e+02   1.1608762e+02   1.5118226e+02   1.4425285e+02   1.3894059e+02   1.5294268e+02
   1.2162121e+02   1.1630496e+02   1.5106596e+02   1.4464709e+02   1.3844426e+02   1.5254105e+02
   1.2229995e+02   1.1605741e+02   1.5127095e+02   1.4475243e+02   1.3880869e+02   1.5268229e+02
   1.2204103e+02   1.1633631e+02   1.5097589e+02   1.4476372e+02   1.3974644e+02   1.5215883e+02
   1.2273065e+02   1.1672259e+02   1.5109739e+02   1.4451348e+02   1.3968512e+02   1.5187611e+02
   1.2271514e+02   1.1660385e+02   1.5076829e+02   1.4435649e+02   1.3975472e+02   1.5143843e+02
   1.2234438e+02   1.1677075e+02   1.5102291e+02   1.4420981e+02   1.3899947e+02   1.5239201e+02
   1.2200943e+02   1.1616112e+02   1.5120890e+02   1.4436802e+02   1.3809591e+02   1.5204927e+02
   1.2147842e+02   1.1569460e+02   1.5041466e+02   1.4353602e+02   1.3791163e+02   1.5227140e+02
   1.2123794e+02   1.1536413e+02   1.4955050e+02   1.4270856e+02   1.3784462e+02   1.5217313e+02
   1.2140411e+02   1.1555889e+02   1.5004804e+02   1.4331900e+02   1.3812069e+02   1.5173024e+02
   1.2103473e+02   1.1558878e+02   1.4979529e+02   1.4310304e+02   1.3754566e+02   1.5078462e+02
   1.2094068e+02   1.1591130e+02   1.4949763e+02   1.4251348e+02   1.3760414e+02   1.5119225e+02
   1.2129260e+02   1.1541757e+02   1.4995919e+02   1.4349768e+02   1.3754590e+02   1.5181447e+02
   1.2161707e+02   1.1605595e+02   1.5040947e+02   1.4391320e+02   1.3861060e+02   1.5191274e+02
   1.2222279e+02   1.1643727e+02   1.5070283e+02   1.4407027e+02   1.3905706e+02   1.5147376e+02
   1.2193853e+02   1.1683516e+02   1.5097637e+02   1.4405955e+02   1.3963005e+02   1.5220570e+02
   1.2222685e+02   1.1660490e+02   1.5146547e+02   1.4512344e+02   1.3931127e+02   1.5277675e+02
   1.2242032e+02   1.1688608e+02   1.5182568e+02   1.4586992e+02   1.3989751e+02   1.5325512e+02
   1.2212030e+02   1.1684539e+02   1.5175104e+02   1.4543190e+02   1.3976682e+02   1.5349350e+02
   1.2139534e+02   1.1568876e+02   1.5044618e+02   1.4443446e+02   1.3895155e+02   1.5260887e+02
   1.2110953e+02   1.1597400e+02   1.5042961e+02   1.4400376e+02   1.3799520e+02   1.5241402e+02
   1.2119018e+02   1.1584096e+02   1.5029576e+02   1.4390792e+02   1.3796637e+02   1.5220708e+02
   1.2172549e+02   1.1606780e+02   1.5054697e+02   1.4404079e+02   1.3815797e+02   1.5240558e+02
   1.2211185e+02   1.1609452e+02   1.5125057e+02   1.4446467e+02   1.3926002e+02   1.5238154e+02
   1.2237760e+02   1.1640908e+02   1.5163960e+02   1.4519109e+02   1.3985365e+02   1.5246844e+02
   1.2199644e+02   1.1646683e+02   1.5066319e+02   1.4429476e+02   1.3930039e+02   1.5086762e+02
   1.2197215e+02   1.1663309e+02   1.5118681e+02   1.4476680e+02   1.3898721e+02   1.5181942e+02
   1.2229069e+02   1.1666078e+02   1.5141162e+02   1.4530025e+02   1.3950977e+02   1.5312980e+02
   1.2220598e+02   1.1659711e+02   1.5126267e+02   1.4518305e+02   1.4001446e+02   1.5286332e+02
   1.2287400e+02   1.1701684e+02   1.5150909e+02   1.4461655e+02   1.3989856e+02   1.5318966e+02
   1.2239847e+02   1.1683971e+02   1.5170986e+02   1.4483048e+02   1.3986721e+02   1.5297273e+02
   1.2279782e+02   1.1698769e+02   1.5202880e+02   1.4509753e+02   1.4017105e+02   1.5299149e+02
   1.2283339e+02   1.1655162e+02   1.5237301e+02   1.4596673e+02   1.4051542e+02   1.5353703e+02
   1.2273650e+02   1.1694302e+02   1.5143412e+02   1.4554236e+02   1.4085808e+02   1.5292871e+02
   1.2321325e+02   1.1660027e+02   1.5147132e+02   1.4485233e+02   1.4015789e+02   1.5249224e+02
   1.2253077e+02   1.1658216e+02   1.5134567e+02   1.4419706e+02   1.3975911e+02   1.5210239e+02
   1.2248066e+02   1.1645611e+02   1.5149828e+02   1.4473050e+02   1.3948678e+02   1.5272403e+02
   1.2236395e+02   1.1634127e+02   1.5108626e+02   1.4466382e+02   1.3992382e+02   1.5230365e+02
   1.2266105e+02   1.1629603e+02   1.5105329e+02   1.4429297e+02   1.3916126e+02   1.5249646e+02
   1.2204590e+02   1.1636190e+02   1.5085349e+02   1.4386544e+02   1.3878635e+02   1.5269488e+02
   1.2261305e+02   1.1654171e+02   1.5149203e+02   1.4510029e+02   1.3917563e+02   1.5356692e+02
   1.2271693e+02   1.1673851e+02   1.5160468e+02   1.4548323e+02   1.4018729e+02   1.5345752e+02
   1.2274300e+02   1.1671195e+02   1.5139806e+02   1.4455523e+02   1.3989889e+02   1.5243928e+02
   1.2207611e+02   1.1615844e+02   1.5040687e+02   1.4364388e+02   1.3856081e+02   1.5171205e+02
   1.2123664e+02   1.1618614e+02   1.4950892e+02   1.4324266e+02   1.3827671e+02   1.5141089e+02
   1.2144115e+02   1.1572547e+02   1.4988626e+02   1.4379754e+02   1.3788328e+02   1.5189788e+02
   1.2193828e+02   1.1641818e+02   1.5078486e+02   1.4447685e+02   1.3836532e+02   1.5226653e+02
   1.2216074e+02   1.1634630e+02   1.5099262e+02   1.4438118e+02   1.3877084e+02   1.5182665e+02
   1.2200870e+02   1.1648039e+02   1.5060488e+02   1.4362219e+02   1.3800324e+02   1.5163018e+02
   1.2229207e+02   1.1607568e+02   1.5059830e+02   1.4342207e+02   1.3858274e+02   1.5172009e+02
   1.2154348e+02   1.1621920e+02   1.5086185e+02   1.4344440e+02   1.3884759e+02   1.5229130e+02
   1.2165678e+02   1.1626216e+02   1.5038916e+02   1.4330260e+02   1.3841730e+02   1.5231177e+02
   1.2140915e+02   1.1610159e+02   1.5062689e+02   1.4385147e+02   1.3833973e+02   1.5189284e+02
   1.2121455e+02   1.1590374e+02   1.4994839e+02   1.4382353e+02   1.3835183e+02   1.5194848e+02
   1.2130356e+02   1.1561899e+02   1.4962546e+02   1.4295612e+02   1.3821912e+02   1.5109162e+02
   1.2139396e+02   1.1588287e+02   1.4939635e+02   1.4297910e+02   1.3830895e+02   1.5131205e+02
   1.2114462e+02   1.1616259e+02   1.5012212e+02   1.4405484e+02   1.3884280e+02   1.5178320e+02
   1.2165735e+02   1.1658492e+02   1.5110673e+02   1.4417781e+02   1.3857925e+02   1.5269764e+02
   1.2210551e+02   1.1624056e+02   1.5110624e+02   1.4478345e+02   1.3868093e+02   1.5201370e+02
   1.2174368e+02   1.1614943e+02   1.5039119e+02   1.4448741e+02   1.3820605e+02   1.5194417e+02
   1.2168033e+02   1.1571775e+02   1.5023623e+02   1.4369496e+02   1.3811841e+02   1.5115887e+02
   1.2159091e+02   1.1587312e+02   1.4988804e+02   1.4354235e+02   1.3863439e+02   1.5189601e+02
   1.2180403e+02   1.1592007e+02   1.5064183e+02   1.4430727e+02   1.3931297e+02   1.5236302e+02
   1.2201772e+02   1.1621302e+02   1.5013414e+02   1.4360668e+02   1.3864593e+02   1.5224574e+02
   1.2153365e+02   1.1636117e+02   1.5026335e+02   1.4406305e+02   1.3872057e+02   1.5238503e+02
   1.2168854e+02   1.1697810e+02   1.5097020e+02   1.4521107e+02   1.3904406e+02   1.5199688e+02
   1.2210218e+02   1.1657713e+02   1.5150616e+02   1.4555324e+02   1.3974936e+02   1.5232476e+02
   1.2265545e+02   1.1683849e+02   1.5183169e+02   1.4521895e+02   1.4042648e+02   1.5319600e+02
   1.2245898e+02   1.1632324e+02   1.5175307e+02   1.4474171e+02   1.3981710e+02   1.5326991e+02
   1.2224960e+02   1.1649453e+02   1.5127047e+02   1.4503247e+02   1.3931899e+02   1.5286008e+02
   1.2240984e+02   1.1634638e+02   1.5115270e+02   1.4490739e+02   1.3916305e+02   1.5214430e+02
   1.2210032e+02   1.1603426e+02   1.5036894e+02   1.4379364e+02   1.3829157e+02   1.5178482e+02
   1.2222702e+02   1.1581164e+02   1.5033564e+02   1.4415222e+02   1.3910164e+02   1.5197268e+02
   1.2228793e+02   1.1655260e+02   1.5088581e+02   1.4434804e+02   1.3983237e+02   1.5282783e+02
   1.2259226e+02   1.1656048e+02   1.5194474e+02   1.4555860e+02   1.3996289e+02   1.5309407e+02
   1.2258365e+02   1.1640843e+02   1.5170052e+02   1.4488522e+02   1.3954469e+02   1.5254089e+02
   1.2167083e+02   1.1604108e+02   1.5078989e+02   1.4430930e+02   1.3882501e+02   1.5178166e+02
   1.2178356e+02   1.1611597e+02   1.4991363e+02   1.4380469e+02   1.3795126e+02   1.5172334e+02
   1.2218137e+02   1.1636287e+02   1.5021552e+02   1.4361894e+02   1.3846546e+02   1.5145499e+02
   1.2211047e+02   1.1630756e+02   1.5078762e+02   1.4386495e+02   1.3855407e+02   1.5264542e+02
   1.2178649e+02   1.1598821e+02   1.5069056e+02   1.4370909e+02   1.3840974e+02   1.5307287e+02
   1.2179916e+02   1.1606618e+02   1.5064362e+02   1.4411494e+02   1.3847382e+02   1.5225557e+02
   1.2170178e+02   1.1644222e+02   1.5019789e+02   1.4450106e+02   1.3871667e+02   1.5196229e+02
   1.2193089e+02   1.1632348e+02   1.5062754e+02   1.4445403e+02   1.3909531e+02   1.5223226e+02
   1.2184805e+02   1.1647073e+02   1.5051050e+02   1.4427909e+02   1.3847447e+02   1.5165885e+02
   1.2105186e+02   1.1630277e+02   1.4983566e+02   1.4368952e+02   1.3818891e+02   1.5200436e+02
   1.2141451e+02   1.1629619e+02   1.5027042e+02   1.4437882e+02   1.3880844e+02   1.5229138e+02
   1.2199108e+02   1.1595264e+02   1.5085454e+02   1.4450934e+02   1.3932995e+02   1.5212017e+02
   1.2239059e+02   1.1687918e+02   1.5138133e+02   1.4506268e+02   1.3932971e+02   1.5319437e+02
   1.2210300e+02   1.1589473e+02   1.5138466e+02   1.4448238e+02   1.3950579e+02   1.5378938e+02
   1.2169057e+02   1.1609176e+02   1.5066953e+02   1.4414296e+02   1.3913543e+02   1.5330930e+02
   1.2201804e+02   1.1593298e+02   1.5047720e+02   1.4391409e+02   1.3895350e+02   1.5214405e+02
   1.2215693e+02   1.1609574e+02   1.5044398e+02   1.4421346e+02   1.3922047e+02   1.5221983e+02
   1.2220631e+02   1.1653879e+02   1.5144850e+02   1.4459503e+02   1.3916402e+02   1.5263989e+02
   1.2222840e+02   1.1613115e+02   1.5066011e+02   1.4401837e+02   1.3883890e+02   1.5231445e+02
   1.2190174e+02   1.1605741e+02   1.5117609e+02   1.4422638e+02   1.3892930e+02   1.5210190e+02
   1.2170389e+02   1.1569534e+02   1.5077804e+02   1.4385407e+02   1.3866518e+02   1.5117487e+02
   1.2193585e+02   1.1631739e+02   1.5083530e+02   1.4426260e+02   1.3877904e+02   1.5197861e+02
   1.2331429e+02   1.1672762e+02   1.5147229e+02   1.4534727e+02   1.3978754e+02   1.5299368e+02
   1.2292915e+02   1.1618947e+02   1.5138076e+02   1.4484526e+02   1.3936617e+02   1.5300879e+02
   1.2243461e+02   1.1591333e+02   1.5108131e+02   1.4410869e+02   1.3860694e+02   1.5232192e+02
   1.2197370e+02   1.1571215e+02   1.5088858e+02   1.4412558e+02   1.3862513e+02   1.5212700e+02
   1.2236639e+02   1.1623649e+02   1.5097150e+02   1.4434699e+02   1.3915890e+02   1.5204464e+02
   1.2260785e+02   1.1667597e+02   1.5145548e+02   1.4481765e+02   1.3947899e+02   1.5301179e+02
   1.2227226e+02   1.1567040e+02   1.5086973e+02   1.4422443e+02   1.3904975e+02   1.5257264e+02
   1.2225609e+02   1.1611873e+02   1.5070884e+02   1.4379218e+02   1.3843614e+02   1.5196229e+02
   1.2262125e+02   1.1611946e+02   1.5055891e+02   1.4384993e+02   1.3835801e+02   1.5174779e+02
   1.2265666e+02   1.1610338e+02   1.5129499e+02   1.4393976e+02   1.3860345e+02   1.5208281e+02
   1.2213630e+02   1.1609696e+02   1.5057938e+02   1.4368302e+02   1.3792682e+02   1.5146507e+02
   1.2193366e+02   1.1590658e+02   1.5068399e+02   1.4413939e+02   1.3791147e+02   1.5209175e+02
   1.2203372e+02   1.1536291e+02   1.5078405e+02   1.4449773e+02   1.3815366e+02   1.5208233e+02
   1.2212200e+02   1.1610516e+02   1.5120996e+02   1.4484088e+02   1.3925157e+02   1.5300489e+02
   1.2242056e+02   1.1632835e+02   1.5118096e+02   1.4484542e+02   1.3898185e+02   1.5275823e+02
   1.2178925e+02   1.1575146e+02   1.5063314e+02   1.4448912e+02   1.3847139e+02   1.5186645e+02
   1.2259607e+02   1.1635800e+02   1.4995115e+02   1.4401431e+02   1.3823057e+02   1.5142876e+02
   1.2168756e+02   1.1619296e+02   1.5069990e+02   1.4409716e+02   1.3883549e+02   1.5172789e+02
   1.2192350e+02   1.1660636e+02   1.5120533e+02   1.4470378e+02   1.3894384e+02   1.5286917e+02
   1.2200626e+02   1.1617834e+02   1.5124488e+02   1.4537984e+02   1.3950628e+02   1.5308286e+02
   1.2218933e+02   1.1617940e+02   1.5083156e+02   1.4451803e+02   1.3909222e+02   1.5265086e+02
   1.2241285e+02   1.1614114e+02   1.5078835e+02   1.4440359e+02   1.3896861e+02   1.5260432e+02
   1.2257796e+02   1.1672308e+02   1.5080638e+02   1.4497050e+02   1.3944000e+02   1.5261528e+02
   1.2247400e+02   1.1695715e+02   1.5168752e+02   1.4546041e+02   1.3934822e+02   1.5329037e+02
   1.2229207e+02   1.1660758e+02   1.5160842e+02   1.4556413e+02   1.3994023e+02   1.5341707e+02
   1.2267266e+02   1.1671463e+02   1.5120167e+02   1.4542865e+02   1.3965060e+02   1.5279429e+02
   1.2242283e+02   1.1659564e+02   1.5097085e+02   1.4513123e+02   1.3944203e+02   1.5209475e+02
   1.2322885e+02   1.1667361e+02   1.5168850e+02   1.4523194e+02   1.3951984e+02   1.5257776e+02
   1.2267006e+02   1.1683102e+02   1.5148228e+02   1.4493550e+02   1.3971614e+02   1.5268148e+02
   1.2213069e+02   1.1635134e+02   1.5059814e+02   1.4425951e+02   1.3868824e+02   1.5258491e+02
   1.2188793e+02   1.1623089e+02   1.5062283e+02   1.4504668e+02   1.3843094e+02   1.5265800e+02
   1.2236403e+02   1.1618029e+02   1.5077674e+02   1.4521927e+02   1.3933027e+02   1.5228424e+02
   1.2284663e+02   1.1681680e+02   1.5095371e+02   1.4511085e+02   1.3957271e+02   1.5321256e+02
   1.2202088e+02   1.1650606e+02   1.5147660e+02   1.4518021e+02   1.3956638e+02   1.5283271e+02
   1.2207944e+02   1.1652133e+02   1.5125974e+02   1.4515105e+02   1.3975147e+02   1.5270064e+02
   1.2211152e+02   1.1611182e+02   1.5101430e+02   1.4466309e+02   1.3948158e+02   1.5222381e+02
