   1.0278561e+02   9.5323835e+01   1.3148913e+02   2.0081315e+02   1.3729938e+02   1.2875297e+02
   1.0310708e+02   9.5914979e+01   1.3248812e+02   2.0183681e+02   1.3779514e+02   1.2909433e+02
   1.0446488e+02   9.6648884e+01   1.3546898e+02   2.0221384e+02   1.3824526e+02   1.2992188e+02
   1.0512814e+02   9.6776429e+01   1.3724929e+02   2.0194951e+02   1.3775495e+02   1.2939129e+02
   1.0429974e+02   9.6021336e+01   1.3657823e+02   2.0195177e+02   1.3755163e+02   1.2974373e+02
   1.0451028e+02   9.5610873e+01   1.3661155e+02   2.0155293e+02   1.3786463e+02   1.2972703e+02
   1.0480994e+02   9.6146526e+01   1.3659518e+02   2.0185603e+02   1.3829871e+02   1.2997214e+02
   1.0469271e+02   9.5930869e+01   1.3645589e+02   2.0221409e+02   1.3840813e+02   1.2931863e+02
   1.0499740e+02   9.5859404e+01   1.3665879e+02   2.0234029e+02   1.3869126e+02   1.2984560e+02
   1.0529252e+02   9.6213703e+01   1.3680908e+02   2.0232183e+02   1.3866894e+02   1.2960939e+02
   1.0569430e+02   9.6343518e+01   1.3735426e+02   2.0253329e+02   1.3831902e+02   1.2949711e+02
   1.0610355e+02   9.6722535e+01   1.3653779e+02   2.0074225e+02   1.3796792e+02   1.2952833e+02
   1.0638977e+02   9.6699162e+01   1.3669009e+02   2.0239366e+02   1.3849045e+02   1.3015088e+02
   1.0538667e+02   9.6037058e+01   1.3616731e+02   2.0187961e+02   1.3813508e+02   1.2967257e+02
   1.0555601e+02   9.7105169e+01   1.3604781e+02   2.0180283e+02   1.3724778e+02   1.2969112e+02
   1.0532919e+02   9.4098165e+01   1.3441872e+02   1.9912515e+02   1.3722000e+02   1.2909172e+02
   1.0505068e+02   9.6727496e+01   1.3426692e+02   1.9973126e+02   1.3690860e+02   1.2883050e+02
   1.0497306e+02   9.6059675e+01   1.3408399e+02   1.9997393e+02   1.3706082e+02   1.2894269e+02
   1.0501217e+02   9.6407416e+01   1.3434806e+02   2.0048278e+02   1.3736500e+02   1.2913133e+02
   1.0459008e+02   9.7000577e+01   1.3472316e+02   2.0016668e+02   1.3719063e+02   1.2932525e+02
   1.0517622e+02   9.6468119e+01   1.3547024e+02   2.0118615e+02   1.3768757e+02   1.3001150e+02
   1.0510019e+02   9.7083897e+01   1.3541150e+02   2.0148866e+02   1.3767078e+02   1.2956995e+02
   1.0559234e+02   9.7431470e+01   1.3643818e+02   2.0210878e+02   1.3824098e+02   1.2964832e+02
   1.0523168e+02   9.7348234e+01   1.3631315e+02   2.0244477e+02   1.3835241e+02   1.2939633e+02
   1.0589989e+02   9.7239860e+01   1.3679422e+02   2.0274073e+02   1.3793352e+02   1.2978057e+02
   1.0536997e+02   9.7329569e+01   1.3612141e+02   2.0198442e+02   1.3808532e+02   1.3034740e+02
   1.0546530e+02   9.7205052e+01   1.3632053e+02   2.0223700e+02   1.3811947e+02   1.3002107e+02
   1.0571016e+02   9.7297704e+01   1.3632607e+02   2.0178739e+02   1.3760970e+02   1.3031778e+02
   1.0594940e+02   9.7876573e+01   1.3652595e+02   2.0217809e+02   1.3840452e+02   1.2947076e+02
   1.0654325e+02   9.7996046e+01   1.3830207e+02   2.0338124e+02   1.3893561e+02   1.3063481e+02
   1.0656968e+02   9.7738519e+01   1.3843062e+02   2.0407126e+02   1.3893771e+02   1.3077419e+02
   1.0610925e+02   9.7328645e+01   1.3720381e+02   2.0285854e+02   1.3843389e+02   1.3039045e+02
   1.0527448e+02   9.6782314e+01   1.3528806e+02   2.0242891e+02   1.3793377e+02   1.3017119e+02
   1.0580859e+02   9.6701180e+01   1.3581109e+02   2.0141976e+02   1.3708650e+02   1.3101192e+02
   1.0587748e+02   9.6876648e+01   1.3620683e+02   2.0095253e+02   1.3755977e+02   1.3044038e+02
   1.0541118e+02   9.6974766e+01   1.3652109e+02   2.0107169e+02   1.3754643e+02   1.3005471e+02
   1.0525224e+02   9.6895565e+01   1.3659443e+02   2.0231168e+02   1.3786664e+02   1.3006395e+02
   1.0608869e+02   9.7204547e+01   1.3680320e+02   2.0210869e+02   1.3764335e+02   1.2991357e+02
   1.0599429e+02   9.6946936e+01   1.3694032e+02   2.0183480e+02   1.3788972e+02   1.3027574e+02
   1.0605613e+02   9.6994860e+01   1.3726523e+02   2.0258381e+02   1.3847182e+02   1.3035613e+02
   1.0627070e+02   9.7419363e+01   1.3740470e+02   2.0276909e+02   1.3865324e+02   1.2961274e+02
   1.0557640e+02   9.6621643e+01   1.3680698e+02   2.0281424e+02   1.3836970e+02   1.2942822e+02
   1.0547377e+02   9.7194710e+01   1.3622714e+02   2.0249209e+02   1.3821085e+02   1.2938576e+02
   1.0586582e+02   9.7247511e+01   1.3677937e+02   2.0237646e+02   1.3804177e+02   1.3009256e+02
   1.0557640e+02   9.7813263e+01   1.3633169e+02   2.0220586e+02   1.3775117e+02   1.3000093e+02
   1.0556860e+02   9.7602314e+01   1.3677769e+02   2.0204081e+02   1.3794652e+02   1.3058329e+02
   1.0543425e+02   9.6949206e+01   1.3703329e+02   2.0218824e+02   1.3802565e+02   1.3039230e+02
   1.0629663e+02   9.6993767e+01   1.3701668e+02   2.0202923e+02   1.3761893e+02   1.3020240e+02
   1.0566048e+02   9.6643840e+01   1.3644934e+02   2.0164155e+02   1.3794225e+02   1.3054502e+02
   1.0526021e+02   9.6855797e+01   1.3544540e+02   2.0151677e+02   1.3816982e+02   1.3037870e+02
   1.0518301e+02   9.6600624e+01   1.3640931e+02   2.0133031e+02   1.3833093e+02   1.3073123e+02
   1.0501603e+02   9.6525964e+01   1.3617536e+02   2.0145828e+02   1.3827622e+02   1.3096157e+02
   1.0605068e+02   9.6897415e+01   1.3716865e+02   2.0155688e+02   1.3857739e+02   1.3115390e+02
   1.0561584e+02   9.6788620e+01   1.3684113e+02   2.0166823e+02   1.3856119e+02   1.3158404e+02
   1.0556121e+02   9.7298797e+01   1.3696079e+02   2.0192937e+02   1.3858091e+02   1.3138273e+02
   1.0614248e+02   9.7417261e+01   1.3685028e+02   2.0187961e+02   1.3872138e+02   1.3179055e+02
   1.0614282e+02   9.7272902e+01   1.3696054e+02   2.0228046e+02   1.3883332e+02   1.3211932e+02
   1.0608852e+02   9.7564312e+01   1.3711838e+02   2.0275902e+02   1.3920615e+02   1.3165444e+02
   1.0566124e+02   9.7527318e+01   1.3643474e+02   2.0250778e+02   1.3859350e+02   1.3032466e+02
   1.0589938e+02   9.7116099e+01   1.3732598e+02   2.0262778e+02   1.3913709e+02   1.3051783e+02
   1.0519501e+02   9.7599708e+01   1.3711536e+02   2.0284629e+02   1.3919381e+02   1.2991164e+02
   1.0527079e+02   9.7034376e+01   1.3687310e+02   2.0290990e+02   1.3886177e+02   1.3033549e+02
   1.0467962e+02   9.7367320e+01   1.3605319e+02   2.0319739e+02   1.3858720e+02   1.2891651e+02
   1.0515314e+02   9.7379343e+01   1.3641175e+02   2.0286601e+02   1.3876476e+02   1.2947043e+02
   1.0550692e+02   9.7570365e+01   1.3644758e+02   2.0254194e+02   1.3830492e+02   1.2937653e+02
   1.0521222e+02   9.6958118e+01   1.3622865e+02   2.0261696e+02   1.3879044e+02   1.3051062e+02
   1.0516556e+02   9.7117276e+01   1.3608759e+02   2.0281902e+02   1.3859241e+02   1.2982051e+02
   1.0582663e+02   9.7106934e+01   1.3656598e+02   2.0202167e+02   1.3775780e+02   1.3009994e+02
   1.0509885e+02   9.6752215e+01   1.3576435e+02   2.0153338e+02   1.3806233e+02   1.3025594e+02
   1.0495267e+02   9.6622820e+01   1.3653174e+02   2.0189681e+02   1.3824845e+02   1.3061299e+02
   1.0548393e+02   9.6886905e+01   1.3687864e+02   2.0126444e+02   1.3793822e+02   1.3056340e+02
   1.0547159e+02   9.6912297e+01   1.3705813e+02   2.0083312e+02   1.3824324e+02   1.3141109e+02
   1.0523294e+02   9.7682608e+01   1.3651236e+02   2.0134718e+02   1.3826607e+02   1.3084291e+02
   1.0548678e+02   9.7453835e+01   1.3776661e+02   2.0240382e+02   1.3843062e+02   1.3081833e+02
   1.0586406e+02   9.7709848e+01   1.3778759e+02   2.0214209e+02   1.3848298e+02   1.3078770e+02
   1.0640958e+02   9.8126449e+01   1.3851646e+02   2.0260856e+02   1.3858183e+02   1.3104296e+02
   1.0614726e+02   9.7803342e+01   1.3865652e+02   2.0342899e+02   1.3938069e+02   1.3097424e+02
   1.0602827e+02   9.8188497e+01   1.3791346e+02   2.0277530e+02   1.3932371e+02   1.3085903e+02
   1.0609079e+02   9.7331083e+01   1.3725776e+02   2.0184000e+02   1.3861380e+02   1.3148418e+02
   1.0577846e+02   9.7656964e+01   1.3620842e+02   2.0165430e+02   1.3833471e+02   1.3017698e+02
   1.0608735e+02   9.7173439e+01   1.3760676e+02   2.0181894e+02   1.3814926e+02   1.3147126e+02
   1.0615557e+02   9.8075246e+01   1.3809975e+02   2.0229229e+02   1.3849482e+02   1.3069422e+02
   1.0664412e+02   9.7839411e+01   1.3841954e+02   2.0271673e+02   1.3819491e+02   1.3098691e+02
   1.0630838e+02   9.8003360e+01   1.3858502e+02   2.0295018e+02   1.3839252e+02   1.3001804e+02
   1.0634102e+02   9.7770468e+01   1.3928209e+02   2.0332493e+02   1.3856589e+02   1.3046279e+02
   1.0665544e+02   9.7756259e+01   1.3876124e+02   2.0302998e+02   1.3823334e+02   1.3000302e+02
   1.0601871e+02   9.7646623e+01   1.3836148e+02   2.0301160e+02   1.3857134e+02   1.3023857e+02
   1.0704128e+02   9.8342189e+01   1.3912123e+02   2.0334801e+02   1.3810076e+02   1.3038601e+02
   1.0709129e+02   9.7778791e+01   1.3948978e+02   2.0361922e+02   1.3916906e+02   1.3123982e+02
   1.0669362e+02   9.7581463e+01   1.3953979e+02   2.0329028e+02   1.3855095e+02   1.3026190e+02
   1.0565838e+02   9.7719097e+01   1.3773708e+02   2.0285049e+02   1.3802364e+02   1.2983662e+02
   1.0565872e+02   9.6975018e+01   1.3798672e+02   2.0270867e+02   1.3779112e+02   1.2957372e+02
   1.0537518e+02   9.7044549e+01   1.3774060e+02   2.0175407e+02   1.3735703e+02   1.2905329e+02
   1.0558353e+02   9.6707822e+01   1.3749507e+02   2.0184982e+02   1.3751017e+02   1.2947118e+02
   1.0547621e+02   9.6831247e+01   1.3716957e+02   2.0124187e+02   1.3749901e+02   1.2951054e+02
   1.0606822e+02   9.6798625e+01   1.3845294e+02   2.0180795e+02   1.3795534e+02   1.3000915e+02
   1.0531778e+02   9.6544293e+01   1.3794199e+02   2.0172697e+02   1.3789114e+02   1.2969943e+02
   1.0662691e+02   9.6816701e+01   1.3888728e+02   2.0148454e+02   1.3796264e+02   1.3076756e+02
   1.0646848e+02   9.7458375e+01   1.3888157e+02   2.0157727e+02   1.3804554e+02   1.3092951e+02
   1.0627137e+02   9.7408013e+01   1.3995768e+02   2.0264163e+02   1.3888098e+02   1.3065721e+02
   1.0671192e+02   9.7558847e+01   1.4006324e+02   2.0341288e+02   1.3851059e+02   1.2998549e+02
   1.0669715e+02   9.7590628e+01   1.3947190e+02   2.0324429e+02   1.3831801e+02   1.3072342e+02
   1.0724082e+02   9.7998568e+01   1.3947543e+02   2.0291325e+02   1.3786731e+02   1.2986390e+02
   1.0649341e+02   9.7257684e+01   1.3902750e+02   2.0272932e+02   1.3818836e+02   1.3069321e+02
   1.0632029e+02   9.7222708e+01   1.3935325e+02   2.0251844e+02   1.3847946e+02   1.2980625e+02
   1.0654569e+02   9.7180249e+01   1.3823737e+02   2.0209946e+02   1.3794241e+02   1.3042167e+02
   1.0631182e+02   9.6768189e+01   1.3821345e+02   2.0190990e+02   1.3798118e+02   1.2994009e+02
   1.0637349e+02   9.7191347e+01   1.3834276e+02   2.0159565e+02   1.3761540e+02   1.3009608e+02
   1.0620030e+02   9.7233302e+01   1.3914540e+02   2.0261729e+02   1.3838522e+02   1.3029303e+02
   1.0681740e+02   9.7296191e+01   1.4005686e+02   2.0323867e+02   1.3871912e+02   1.3037040e+02
   1.0642435e+02   9.7545563e+01   1.3908414e+02   2.0286366e+02   1.3824274e+02   1.3038861e+02
   1.0622102e+02   9.7015038e+01   1.3852653e+02   2.0224681e+02   1.3762765e+02   1.2966720e+02
   1.0548485e+02   9.6692856e+01   1.3716865e+02   2.0154026e+02   1.3767632e+02   1.2992742e+02
   1.0589208e+02   9.6479638e+01   1.3754147e+02   2.0199340e+02   1.3796826e+02   1.2924638e+02
   1.0617269e+02   9.6401194e+01   1.3831709e+02   2.0250233e+02   1.3845705e+02   1.2978007e+02
   1.0671427e+02   9.7378838e+01   1.3911569e+02   2.0284948e+02   1.3852016e+02   1.2976614e+02
   1.0656775e+02   9.6809975e+01   1.3926380e+02   2.0310751e+02   1.3822671e+02   1.3024310e+02
   1.0644516e+02   9.6609536e+01   1.3912761e+02   2.0239761e+02   1.3785909e+02   1.3014903e+02
   1.0670588e+02   9.6519238e+01   1.3932841e+02   2.0242488e+02   1.3767053e+02   1.3062642e+02
   1.0719904e+02   9.7303758e+01   1.4006954e+02   2.0310491e+02   1.3861397e+02   1.3058463e+02
   1.0700209e+02   9.7101890e+01   1.3967405e+02   2.0288112e+02   1.3874781e+02   1.3127725e+02
   1.0638340e+02   9.7023530e+01   1.3927605e+02   2.0296285e+02   1.3900534e+02   1.3088537e+02
   1.0642988e+02   9.6716902e+01   1.3946007e+02   2.0242773e+02   1.3830542e+02   1.3037132e+02
   1.0654292e+02   9.7021092e+01   1.3908347e+02   2.0213865e+02   1.3767213e+02   1.3078199e+02
   1.0668087e+02   9.7063298e+01   1.3947711e+02   2.0250552e+02   1.3830576e+02   1.3060158e+02
   1.0664831e+02   9.7062962e+01   1.3853660e+02   2.0289144e+02   1.3807617e+02   1.3095569e+02
   1.0715716e+02   9.7046988e+01   1.3963923e+02   2.0260068e+02   1.3778491e+02   1.3119233e+02
   1.0687689e+02   9.6957698e+01   1.4042365e+02   2.0264272e+02   1.3844304e+02   1.3075271e+02
   1.0629529e+02   9.6503011e+01   1.3894694e+02   2.0240860e+02   1.3846368e+02   1.3040984e+02
   1.0620047e+02   9.6572711e+01   1.3810764e+02   2.0250074e+02   1.3829946e+02   1.3070102e+02
   1.0644272e+02   9.6612227e+01   1.3849842e+02   2.0231000e+02   1.3792513e+02   1.3036805e+02
   1.0580943e+02   9.6450379e+01   1.3788955e+02   2.0254924e+02   1.3855322e+02   1.2925821e+02
   1.0615498e+02   9.6850332e+01   1.3717435e+02   2.0252222e+02   1.3793159e+02   1.2998347e+02
   1.0618461e+02   9.6842177e+01   1.3699083e+02   2.0275290e+02   1.3763722e+02   1.2997231e+02
   1.0605630e+02   9.6935838e+01   1.3764251e+02   2.0320108e+02   1.3778625e+02   1.2921130e+02
   1.0544768e+02   9.6815945e+01   1.3781159e+02   2.0316357e+02   1.3808406e+02   1.2909097e+02
   1.0632659e+02   9.7144769e+01   1.3818434e+02   2.0283094e+02   1.3769881e+02   1.2961635e+02
   1.0546463e+02   9.6962406e+01   1.3835569e+02   2.0345114e+02   1.3830265e+02   1.2962852e+02
   1.0686623e+02   9.7425333e+01   1.3970275e+02   2.0354949e+02   1.3823569e+02   1.3083628e+02
   1.0623009e+02   9.7376400e+01   1.3910738e+02   2.0323599e+02   1.3857437e+02   1.3099203e+02
   1.0647025e+02   9.7059515e+01   1.3966742e+02   2.0252734e+02   1.3796893e+02   1.3145179e+02
   1.0606461e+02   9.7278030e+01   1.3942777e+02   2.0162300e+02   1.3812182e+02   1.3200965e+02
   1.0640672e+02   9.7034965e+01   1.3982216e+02   2.0234105e+02   1.3815471e+02   1.3158983e+02
   1.0682428e+02   9.7170076e+01   1.3967011e+02   2.0234197e+02   1.3805318e+02   1.3012822e+02
   1.0636049e+02   9.6795010e+01   1.3978683e+02   2.0306992e+02   1.3812165e+02   1.3069707e+02
   1.0607543e+02   9.6644849e+01   1.3868589e+02   2.0290503e+02   1.3829468e+02   1.2972133e+02
   1.0585533e+02   9.6151907e+01   1.3836752e+02   2.0210089e+02   1.3776343e+02   1.3023001e+02
   1.0557883e+02   9.5848642e+01   1.3813290e+02   2.0246021e+02   1.3799142e+02   1.3000210e+02
   1.0587983e+02   9.6437431e+01   1.3866868e+02   2.0249587e+02   1.3819407e+02   1.2993438e+02
   1.0588319e+02   9.6335110e+01   1.3864720e+02   2.0299071e+02   1.3855053e+02   1.2959227e+02
   1.0568767e+02   9.6647287e+01   1.3882040e+02   2.0331184e+02   1.3848718e+02   1.3002652e+02
   1.0637643e+02   9.7222540e+01   1.3876854e+02   2.0210794e+02   1.3764133e+02   1.3006579e+02
   1.0585231e+02   9.6572459e+01   1.3905385e+02   2.0200338e+02   1.3801810e+02   1.2979584e+02
   1.0589729e+02   9.6262804e+01   1.3856111e+02   2.0192274e+02   1.3785456e+02   1.2948251e+02
   1.0685340e+02   9.6581371e+01   1.3899863e+02   2.0201001e+02   1.3790281e+02   1.3019149e+02
   1.0704623e+02   9.6851425e+01   1.3924878e+02   2.0270884e+02   1.3823712e+02   1.2990946e+02
   1.0698707e+02   9.7017813e+01   1.3939949e+02   2.0325361e+02   1.3897379e+02   1.2982546e+02
   1.0708357e+02   9.7218504e+01   1.4011904e+02   2.0366092e+02   1.3881016e+02   1.3038298e+02
   1.0628799e+02   9.7141910e+01   1.3919784e+02   2.0253069e+02   1.3820145e+02   1.2994428e+02
   1.0618964e+02   9.6856722e+01   1.3836039e+02   2.0206984e+02   1.3771752e+02   1.3073467e+02
   1.0558144e+02   9.7027566e+01   1.3802003e+02   2.0284696e+02   1.3852838e+02   1.2946682e+02
   1.0630871e+02   9.6697649e+01   1.3868337e+02   2.0327131e+02   1.3831457e+02   1.2936469e+02
   1.0554267e+02   9.6855965e+01   1.3844212e+02   2.0308058e+02   1.3858477e+02   1.2921566e+02
   1.0611361e+02   9.6346544e+01   1.3821950e+02   2.0207311e+02   1.3805167e+02   1.2944534e+02
   1.0554762e+02   9.5802400e+01   1.3813583e+02   2.0115460e+02   1.3704294e+02   1.2998112e+02
   1.0533993e+02   9.5853350e+01   1.3781478e+02   2.0092694e+02   1.3734654e+02   1.2952497e+02
   1.0529630e+02   9.5764818e+01   1.3754542e+02   2.0092182e+02   1.3714054e+02   1.3069036e+02
   1.0531375e+02   9.6050342e+01   1.3762228e+02   2.0160060e+02   1.3719491e+02   1.2999648e+02
   1.0619526e+02   9.6336876e+01   1.3808758e+02   2.0180451e+02   1.3738254e+02   1.3009222e+02
   1.0571628e+02   9.6818971e+01   1.3778826e+02   2.0252104e+02   1.3746637e+02   1.2939725e+02
   1.0543769e+02   9.6731027e+01   1.3711897e+02   2.0224782e+02   1.3785850e+02   1.2965201e+02
   1.0546010e+02   9.6542695e+01   1.3732154e+02   2.0143059e+02   1.3721698e+02   1.2981531e+02
   1.0582009e+02   9.6979978e+01   1.3734067e+02   2.0136698e+02   1.3759912e+02   1.3016934e+02
   1.0568373e+02   9.7093398e+01   1.3773464e+02   2.0221560e+02   1.3762354e+02   1.3000521e+02
   1.0577200e+02   9.7140481e+01   1.3688619e+02   2.0194649e+02   1.3715346e+02   1.2997231e+02
   1.0676428e+02   9.7238598e+01   1.3800208e+02   2.0242765e+02   1.3792706e+02   1.3004590e+02
   1.0608139e+02   9.7813263e+01   1.3787335e+02   2.0269181e+02   1.3799259e+02   1.2947076e+02
   1.0629990e+02   9.7602062e+01   1.3882644e+02   2.0246499e+02   1.3794938e+02   1.3078275e+02
   1.0625341e+02   9.7743647e+01   1.3927127e+02   2.0297963e+02   1.3848407e+02   1.3040270e+02
   1.0613862e+02   9.7585163e+01   1.3960272e+02   2.0267091e+02   1.3803715e+02   1.3003634e+02
   1.0598791e+02   9.7422054e+01   1.3911812e+02   2.0184831e+02   1.3755029e+02   1.3035252e+02
   1.0502005e+02   9.7765844e+01   1.3724417e+02   2.0135465e+02   1.3766961e+02   1.2929270e+02
   1.0560384e+02   9.6950467e+01   1.3808968e+02   2.0182783e+02   1.3782250e+02   1.2950676e+02
   1.0496895e+02   9.7302833e+01   1.3699855e+02   2.0195891e+02   1.3740125e+02   1.2851742e+02
   1.0632021e+02   9.7037487e+01   1.3855011e+02   2.0226016e+02   1.3789206e+02   1.2975733e+02
   1.0539305e+02   9.6728000e+01   1.3800249e+02   2.0214284e+02   1.3768681e+02   1.2892683e+02
   1.0568918e+02   9.6613992e+01   1.3765568e+02   2.0249310e+02   1.3845227e+02   1.2938920e+02
   1.0528438e+02   9.6828052e+01   1.3775738e+02   2.0302285e+02   1.3832506e+02   1.2993606e+02
   1.0565796e+02   9.6994103e+01   1.3790658e+02   2.0304794e+02   1.3772650e+02   1.2942948e+02
   1.0595166e+02   9.6918266e+01   1.3842961e+02   2.0274601e+02   1.3787436e+02   1.2966217e+02
   1.0621515e+02   9.6499648e+01   1.3862018e+02   2.0262006e+02   1.3811771e+02   1.3017060e+02
   1.0590131e+02   9.6232452e+01   1.3840964e+02   2.0272302e+02   1.3876325e+02   1.3026551e+02
   1.0587245e+02   9.6573383e+01   1.3825012e+02   2.0294984e+02   1.3881436e+02   1.2977898e+02
   1.0590375e+02   9.6754401e+01   1.3750489e+02   2.0283211e+02   1.3889491e+02   1.2950483e+02
   1.0606662e+02   9.6839066e+01   1.3851227e+02   2.0296436e+02   1.3868211e+02   1.3004574e+02
   1.0617613e+02   9.6447521e+01   1.3878616e+02   2.0304777e+02   1.3886513e+02   1.3087086e+02
   1.0602316e+02   9.7034796e+01   1.3886638e+02   2.0231076e+02   1.3857579e+02   1.3014417e+02
   1.0589880e+02   9.6060179e+01   1.3786681e+02   2.0177765e+02   1.3821664e+02   1.3096358e+02
   1.0563195e+02   9.6848566e+01   1.3816143e+02   2.0229943e+02   1.3784180e+02   1.3061349e+02
   1.0570672e+02   9.6704879e+01   1.3881419e+02   2.0312984e+02   1.3828747e+02   1.3029957e+02
   1.0658890e+02   9.7092809e+01   1.3904478e+02   2.0371102e+02   1.3814934e+02   1.3012965e+02
   1.0686498e+02   9.7043456e+01   1.3974420e+02   2.0308150e+02   1.3840016e+02   1.3033641e+02
   1.0611680e+02   9.6807705e+01   1.3815161e+02   2.0230069e+02   1.3769319e+02   1.2990770e+02
   1.0581555e+02   9.6561613e+01   1.3776334e+02   2.0196470e+02   1.3781738e+02   1.2996946e+02
   1.0614987e+02   9.6697228e+01   1.3829174e+02   2.0203409e+02   1.3764830e+02   1.3044575e+02
   1.0608232e+02   9.6440122e+01   1.3911410e+02   2.0277883e+02   1.3823074e+02   1.3026827e+02
   1.0590081e+02   9.6837721e+01   1.3808590e+02   2.0235993e+02   1.3800191e+02   1.3053764e+02
   1.0540664e+02   9.6803249e+01   1.3784188e+02   2.0277849e+02   1.3836139e+02   1.3009457e+02
   1.0581908e+02   9.7076667e+01   1.3794585e+02   2.0261696e+02   1.3790960e+02   1.3034556e+02
   1.0613451e+02   9.7396242e+01   1.3851705e+02   2.0261293e+02   1.3812451e+02   1.3052681e+02
   1.0578711e+02   9.7109288e+01   1.3861523e+02   2.0238619e+02   1.3805192e+02   1.3051464e+02
   1.0669329e+02   9.7478301e+01   1.3961699e+02   2.0249369e+02   1.3792244e+02   1.3029504e+02
   1.0649735e+02   9.7363873e+01   1.3977810e+02   2.0329003e+02   1.3840922e+02   1.3040774e+02
   1.0584367e+02   9.7162593e+01   1.3899611e+02   2.0301915e+02   1.3816923e+02   1.2984518e+02
   1.0607199e+02   9.6526889e+01   1.3834964e+02   2.0261024e+02   1.3765493e+02   1.3016766e+02
   1.0539842e+02   9.7414235e+01   1.3775176e+02   2.0253371e+02   1.3735619e+02   1.2973417e+02
   1.0596492e+02   9.6806780e+01   1.3905015e+02   2.0278445e+02   1.3798605e+02   1.2969842e+02
   1.0647629e+02   9.6808546e+01   1.3900946e+02   2.0315065e+02   1.3811116e+02   1.2973014e+02
   1.0631677e+02   9.6673687e+01   1.3950320e+02   2.0323590e+02   1.3816495e+02   1.2981120e+02
   1.0613787e+02   9.7127617e+01   1.3904831e+02   2.0330547e+02   1.3789735e+02   1.2883713e+02
   1.0612461e+02   9.6511923e+01   1.3878792e+02   2.0298080e+02   1.3809824e+02   1.2952245e+02
   1.0539045e+02   9.6881104e+01   1.3788426e+02   2.0306581e+02   1.3796415e+02   1.2919871e+02
   1.0566057e+02   9.5925404e+01   1.3793293e+02   2.0316214e+02   1.3777098e+02   1.2993573e+02
   1.0544717e+02   9.6481319e+01   1.3742341e+02   2.0189790e+02   1.3708549e+02   1.3009709e+02
   1.0629890e+02   9.6312661e+01   1.3754005e+02   2.0219588e+02   1.3750287e+02   1.3030847e+02
   1.0612243e+02   9.6550851e+01   1.3865937e+02   2.0209132e+02   1.3790675e+02   1.3069053e+02
   1.0660216e+02   9.6992254e+01   1.3896750e+02   2.0238359e+02   1.3804487e+02   1.3017647e+02
   1.0668188e+02   9.7217831e+01   1.3846444e+02   2.0223397e+02   1.3803010e+02   1.3111706e+02
   1.0717747e+02   9.7672350e+01   1.3932254e+02   2.0316877e+02   1.3816545e+02   1.3104405e+02
   1.0705437e+02   9.7567338e+01   1.3948835e+02   2.0342269e+02   1.3822184e+02   1.3095527e+02
   1.0687169e+02   9.7230107e+01   1.3965131e+02   2.0317263e+02   1.3827740e+02   1.3030696e+02
   1.0664495e+02   9.7440887e+01   1.3804848e+02   2.0258943e+02   1.3765954e+02   1.2979240e+02
   1.0698623e+02   9.7134091e+01   1.3949951e+02   2.0301496e+02   1.3851311e+02   1.3020878e+02
   1.0691986e+02   9.7951401e+01   1.3921723e+02   2.0355368e+02   1.3819096e+02   1.3034245e+02
   1.0706326e+02   9.6594823e+01   1.3956035e+02   2.0322785e+02   1.3852074e+02   1.3082059e+02
   1.0640026e+02   9.7203034e+01   1.3849406e+02   2.0247917e+02   1.3742030e+02   1.2934766e+02
   1.0545901e+02   9.7127449e+01   1.3631432e+02   2.0257961e+02   1.3758351e+02   1.2949619e+02
   1.0662985e+02   9.7075405e+01   1.3832304e+02   2.0258868e+02   1.3781310e+02   1.2980339e+02
   1.0591633e+02   9.6966442e+01   1.3682972e+02   2.0224950e+02   1.3759585e+02   1.2923161e+02
   1.0652823e+02   9.7102899e+01   1.3853669e+02   2.0271119e+02   1.3778348e+02   1.2936251e+02
   1.0611680e+02   9.6982837e+01   1.3790876e+02   2.0237906e+02   1.3739765e+02   1.2921701e+02
   1.0550759e+02   9.6701600e+01   1.3725801e+02   2.0334482e+02   1.3761012e+02   1.2919200e+02
   1.0605756e+02   9.7019915e+01   1.3751907e+02   2.0262409e+02   1.3775033e+02   1.2941462e+02
   1.0570815e+02   9.6700171e+01   1.3797766e+02   2.0245374e+02   1.3744783e+02   1.2932534e+02
   1.0645103e+02   9.6801904e+01   1.3841493e+02   2.0186845e+02   1.3757101e+02   1.3042662e+02
   1.0627985e+02   9.6330822e+01   1.3793763e+02   2.0221820e+02   1.3738942e+02   1.2954259e+02
   1.0645288e+02   9.7272061e+01   1.3826968e+02   2.0241061e+02   1.3712216e+02   1.2936125e+02
   1.0602114e+02   9.7153597e+01   1.3905939e+02   2.0264381e+02   1.3792815e+02   1.3030335e+02
   1.0709431e+02   9.7499404e+01   1.3929929e+02   2.0250543e+02   1.3754055e+02   1.2990342e+02
   1.0583175e+02   9.7043540e+01   1.3809203e+02   2.0257651e+02   1.3760693e+02   1.2913452e+02
   1.0614223e+02   9.6720518e+01   1.3832850e+02   2.0193600e+02   1.3733438e+02   1.2998523e+02
   1.0565696e+02   9.7454087e+01   1.3729645e+02   2.0186417e+02   1.3766768e+02   1.2969531e+02
   1.0647772e+02   9.6897331e+01   1.3852058e+02   2.0256518e+02   1.3790239e+02   1.3021566e+02
   1.0628060e+02   9.7933493e+01   1.3878406e+02   2.0243092e+02   1.3788611e+02   1.2969481e+02
   1.0648057e+02   9.7677899e+01   1.3867112e+02   2.0250636e+02   1.3799822e+02   1.3014375e+02
   1.0687454e+02   9.7611395e+01   1.3866961e+02   2.0276036e+02   1.3755884e+02   1.2960695e+02
   1.0698489e+02   9.7534801e+01   1.3951747e+02   2.0347069e+02   1.3820515e+02   1.2997970e+02
   1.0701006e+02   9.7596177e+01   1.3996355e+02   2.0383068e+02   1.3852402e+02   1.3101124e+02
   1.0694436e+02   9.8178576e+01   1.3992042e+02   2.0356812e+02   1.3845521e+02   1.3092280e+02
   1.0700369e+02   9.7291567e+01   1.3967069e+02   2.0322843e+02   1.3859257e+02   1.3030671e+02
   1.0680036e+02   9.7248351e+01   1.3871014e+02   2.0293390e+02   1.3761062e+02   1.2951616e+02
   1.0665133e+02   9.7599456e+01   1.3882887e+02   2.0341111e+02   1.3864947e+02   1.2977260e+02
   1.0707182e+02   9.7388591e+01   1.3914254e+02   2.0331679e+02   1.3804890e+02   1.3054460e+02
   1.0707719e+02   9.7373205e+01   1.4038572e+02   2.0341690e+02   1.3828981e+02   1.3081262e+02
   1.0675925e+02   9.7448454e+01   1.3875520e+02   2.0322726e+02   1.3753241e+02   1.3019384e+02
   1.0618746e+02   9.6468287e+01   1.3788753e+02   2.0251164e+02   1.3748920e+02   1.3051960e+02
   1.0645816e+02   9.7082552e+01   1.3816680e+02   2.0238468e+02   1.3739891e+02   1.2988865e+02
   1.0681815e+02   9.7090707e+01   1.3887117e+02   2.0255201e+02   1.3809799e+02   1.3060494e+02
   1.0724452e+02   9.7183108e+01   1.3998436e+02   2.0363365e+02   1.3815471e+02   1.3064219e+02
   1.0643836e+02   9.7767021e+01   1.3876166e+02   2.0343176e+02   1.3836315e+02   1.2936604e+02
   1.0710883e+02   9.7516724e+01   1.3982040e+02   2.0339609e+02   1.3808146e+02   1.3034262e+02
   1.0698405e+02   9.7711110e+01   1.3890792e+02   2.0277387e+02   1.3758863e+02   1.2994773e+02
   1.0673365e+02   9.7791991e+01   1.3864401e+02   2.0343721e+02   1.3775084e+02   1.3009877e+02
   1.0716522e+02   9.7928280e+01   1.4006341e+02   2.0366839e+02   1.3819868e+02   1.3012445e+02
   1.0647201e+02   9.7837393e+01   1.3850371e+02   2.0315383e+02   1.3805091e+02   1.2936041e+02
   1.0679650e+02   9.6618953e+01   1.3859115e+02   2.0225487e+02   1.3770553e+02   1.3032760e+02
   1.0641570e+02   9.6827631e+01   1.3821723e+02   2.0158130e+02   1.3670570e+02   1.2910238e+02
   1.0578367e+02   9.7138295e+01   1.3746570e+02   2.0165128e+02   1.3676897e+02   1.2890141e+02
   1.0649777e+02   9.7503020e+01   1.3856690e+02   2.0136186e+02   1.3682704e+02   1.2961459e+02
   1.0633129e+02   9.6834189e+01   1.3833219e+02   2.0142312e+02   1.3712031e+02   1.2974474e+02
   1.0608701e+02   9.7072883e+01   1.3821731e+02   2.0207336e+02   1.3701399e+02   1.2966896e+02
   1.0621263e+02   9.7686980e+01   1.3626045e+02   2.0205306e+02   1.3670779e+02   1.2917186e+02
   1.0600780e+02   9.7548673e+01   1.3683073e+02   2.0303350e+02   1.3786958e+02   1.3031518e+02
   1.0647008e+02   9.7193029e+01   1.3871719e+02   2.0335523e+02   1.3780404e+02   1.3023320e+02
   1.0698673e+02   9.7431302e+01   1.3942063e+02   2.0315367e+02   1.3762950e+02   1.3048880e+02
   1.0648325e+02   9.7342769e+01   1.3787721e+02   2.0217221e+02   1.3717553e+02   1.2999916e+02
   1.0600251e+02   9.6460048e+01   1.3708582e+02   2.0170767e+02   1.3740394e+02   1.2979089e+02
   1.0624209e+02   9.7011928e+01   1.3755733e+02   2.0172336e+02   1.3695928e+02   1.2960997e+02
   1.0599286e+02   9.6992506e+01   1.3741997e+02   2.0225839e+02   1.3740302e+02   1.2969682e+02
   1.0645942e+02   9.7249865e+01   1.3818568e+02   2.0254135e+02   1.3738565e+02   1.2975514e+02
   1.0581052e+02   9.7007051e+01   1.3696734e+02   2.0227828e+02   1.3744951e+02   1.2954763e+02
   1.0608055e+02   9.6380764e+01   1.3775075e+02   2.0239391e+02   1.3779657e+02   1.2985114e+02
   1.0654099e+02   9.7123497e+01   1.3737851e+02   2.0290679e+02   1.3776938e+02   1.2947957e+02
   1.0644868e+02   9.7455853e+01   1.3819726e+02   2.0324639e+02   1.3794543e+02   1.3010615e+02
   1.0661265e+02   9.7938705e+01   1.3853065e+02   2.0288640e+02   1.3729603e+02   1.2983125e+02
   1.0674557e+02   9.7142078e+01   1.3858981e+02   2.0251173e+02   1.3773649e+02   1.2963565e+02
   1.0676495e+02   9.7195551e+01   1.3855305e+02   2.0217742e+02   1.3719374e+02   1.2976907e+02
   1.0687899e+02   9.7114669e+01   1.3886001e+02   2.0277010e+02   1.3740864e+02   1.2999094e+02
   1.0665628e+02   9.7227584e+01   1.3874379e+02   2.0330496e+02   1.3783534e+02   1.3002736e+02
   1.0711412e+02   9.7047072e+01   1.3866071e+02   2.0270666e+02   1.3744716e+02   1.3079903e+02
   1.0708332e+02   9.6982501e+01   1.3873330e+02   2.0228197e+02   1.3748458e+02   1.3041756e+02
   1.0638717e+02   9.6638795e+01   1.3765568e+02   2.0164322e+02   1.3696910e+02   1.3017085e+02
   1.0641654e+02   9.6588433e+01   1.3835837e+02   2.0203779e+02   1.3736610e+02   1.3020643e+02
   1.0668079e+02   9.7114922e+01   1.3897195e+02   2.0328315e+02   1.3813751e+02   1.3031711e+02
   1.0715045e+02   9.7226071e+01   1.3908666e+02   2.0311616e+02   1.3773221e+02   1.3058471e+02
   1.0684383e+02   9.6916753e+01   1.3810881e+02   2.0307084e+02   1.3713877e+02   1.3004423e+02
   1.0625367e+02   9.6646614e+01   1.3774312e+02   2.0278109e+02   1.3751403e+02   1.2947991e+02
   1.0699731e+02   9.6383622e+01   1.3930768e+02   2.0285980e+02   1.3731155e+02   1.2993019e+02
   1.0592582e+02   9.7300227e+01   1.3760038e+02   2.0275961e+02   1.3743507e+02   1.2962625e+02
   1.0657782e+02   9.6676125e+01   1.3831969e+02   2.0307042e+02   1.3734352e+02   1.3006185e+02
   1.0620558e+02   9.7024035e+01   1.3732372e+02   2.0254143e+02   1.3719466e+02   1.2878351e+02
   1.0574616e+02   9.6698405e+01   1.3721169e+02   2.0303745e+02   1.3743641e+02   1.2941597e+02
   1.0658210e+02   9.7078769e+01   1.3778432e+02   2.0286836e+02   1.3718954e+02   1.2985584e+02
   1.0657648e+02   9.6905234e+01   1.3762614e+02   2.0274534e+02   1.3727983e+02   1.3024990e+02
   1.0693488e+02   9.7228089e+01   1.3881058e+02   2.0290159e+02   1.3765207e+02   1.3052169e+02
   1.0691935e+02   9.7012096e+01   1.3849540e+02   2.0205541e+02   1.3748458e+02   1.3012512e+02
   1.0619149e+02   9.6736576e+01   1.3787537e+02   2.0208880e+02   1.3703061e+02   1.3006403e+02
   1.0641562e+02   9.6887242e+01   1.3711477e+02   2.0212581e+02   1.3671149e+02   1.3028858e+02
   1.0644784e+02   9.6834021e+01   1.3779280e+02   2.0209560e+02   1.3722906e+02   1.3005782e+02
   1.0630502e+02   9.7163434e+01   1.3708347e+02   2.0299943e+02   1.3718929e+02   1.2977125e+02
   1.0660552e+02   9.6829733e+01   1.3827261e+02   2.0353774e+02   1.3767985e+02   1.3014819e+02
   1.0583259e+02   9.7230863e+01   1.3830114e+02   2.0333098e+02   1.3751815e+02   1.2915877e+02
   1.0646001e+02   9.6701180e+01   1.3845303e+02   2.0280559e+02   1.3710521e+02   1.2976463e+02
   1.0603264e+02   9.6474005e+01   1.3832279e+02   2.0245718e+02   1.3688091e+02   1.2917505e+02
   1.0574087e+02   9.6606846e+01   1.3708515e+02   2.0278235e+02   1.3661725e+02   1.2870044e+02
   1.0578266e+02   9.6642831e+01   1.3764049e+02   2.0317523e+02   1.3757890e+02   1.2926308e+02
   1.0593941e+02   9.5683431e+01   1.3756119e+02   2.0343620e+02   1.3695022e+02   1.2892029e+02
   1.0622547e+02   9.6014105e+01   1.3739505e+02   2.0289194e+02   1.3642047e+02   1.2864942e+02
   1.0520584e+02   9.5163080e+01   1.3664452e+02   2.0238124e+02   1.3665980e+02   1.2792180e+02
   1.0538315e+02   9.5581614e+01   1.3591498e+02   2.0164121e+02   1.3582989e+02   1.2807830e+02
   1.0483419e+02   9.5213779e+01   1.3455642e+02   2.0138981e+02   1.3604370e+02   1.2791819e+02
   1.0513258e+02   9.4909337e+01   1.3569714e+02   2.0168090e+02   1.3641359e+02   1.2845188e+02
   1.0545070e+02   9.5837796e+01   1.3592656e+02   2.0190117e+02   1.3669496e+02   1.2856466e+02
   1.0569808e+02   9.5416488e+01   1.3633320e+02   2.0188959e+02   1.3639874e+02   1.2922825e+02
   1.0529017e+02   9.6287691e+01   1.3578340e+02   2.0148513e+02   1.3663949e+02   1.2835748e+02
   1.0603935e+02   9.5656863e+01   1.3620801e+02   2.0174568e+02   1.3657924e+02   1.2912437e+02
   1.0585776e+02   9.6535381e+01   1.3631122e+02   2.0205054e+02   1.3669277e+02   1.2836478e+02
   1.0594369e+02   9.6175700e+01   1.3686387e+02   2.0228776e+02   1.3633052e+02   1.2898280e+02
   1.0635143e+02   9.6632237e+01   1.3678885e+02   2.0228181e+02   1.3660508e+02   1.2891886e+02
   1.0666090e+02   9.6824100e+01   1.3801525e+02   2.0208738e+02   1.3631122e+02   1.2952900e+02
   1.0660359e+02   9.7139892e+01   1.3788586e+02   2.0231319e+02   1.3690398e+02   1.2930277e+02
   1.0636804e+02   9.7237926e+01   1.3859946e+02   2.0286375e+02   1.3733849e+02   1.3007452e+02
   1.0683158e+02   9.7556913e+01   1.3873019e+02   2.0243377e+02   1.3707156e+02   1.3040958e+02
   1.0663623e+02   9.7648052e+01   1.3757907e+02   2.0204081e+02   1.3719735e+02   1.3050390e+02
   1.0653637e+02   9.7213544e+01   1.3825969e+02   2.0225521e+02   1.3755448e+02   1.3066275e+02
   1.0684366e+02   9.8214309e+01   1.3901281e+02   2.0236740e+02   1.3777391e+02   1.3059805e+02
   1.0691860e+02   9.7682019e+01   1.3860172e+02   2.0251953e+02   1.3745211e+02   1.3093497e+02
   1.0663405e+02   9.6957362e+01   1.3892957e+02   2.0280551e+02   1.3779775e+02   1.3103667e+02
   1.0706209e+02   9.7859253e+01   1.3828394e+02   2.0270825e+02   1.3748022e+02   1.3034640e+02
   1.0719962e+02   9.7952914e+01   1.3897321e+02   2.0282766e+02   1.3795290e+02   1.3070387e+02
   1.0750339e+02   9.7371692e+01   1.3852418e+02   2.0259640e+02   1.3781470e+02   1.3008400e+02
   1.0683636e+02   9.7564396e+01   1.3875965e+02   2.0340138e+02   1.3832816e+02   1.3050827e+02
   1.0742703e+02   9.7867492e+01   1.3903757e+02   2.0403719e+02   1.3819382e+02   1.3049576e+02
   1.0743626e+02   9.7103992e+01   1.3920237e+02   2.0382825e+02   1.3820951e+02   1.3040237e+02
   1.0758487e+02   9.7489904e+01   1.3917653e+02   2.0326166e+02   1.3743549e+02   1.3022137e+02
   1.0666828e+02   9.7555736e+01   1.3773020e+02   2.0273242e+02   1.3788023e+02   1.2979643e+02
   1.0696106e+02   9.6567498e+01   1.3830098e+02   2.0267528e+02   1.3767750e+02   1.3011681e+02
   1.0680280e+02   9.6994608e+01   1.3833756e+02   2.0231529e+02   1.3751244e+02   1.2980197e+02
   1.0640278e+02   9.6882786e+01   1.3816537e+02   2.0232762e+02   1.3757101e+02   1.2987321e+02
   1.0677678e+02   9.6895481e+01   1.3817359e+02   2.0210013e+02   1.3732691e+02   1.3051330e+02
   1.0696962e+02   9.6507719e+01   1.3799469e+02   2.0237419e+02   1.3740889e+02   1.2993170e+02
   1.0668448e+02   9.6627277e+01   1.3830232e+02   2.0255377e+02   1.3765098e+02   1.3005807e+02
