   8.3775208e+01   8.1862760e+01   1.0828697e+02   2.0680521e+02   8.3873716e+01   1.1711630e+02
   8.3586787e+01   8.1715339e+01   1.0878655e+02   2.0713651e+02   8.3803180e+01   1.1714153e+02
   8.3696345e+01   8.1736681e+01   1.0953508e+02   2.0623985e+02   8.4156353e+01   1.1691346e+02
   8.4185389e+01   8.1461867e+01   1.1095400e+02   2.0652896e+02   8.4345023e+01   1.1830747e+02
   8.3977769e+01   8.1376664e+01   1.1175227e+02   2.0703009e+02   8.4224432e+01   1.1850802e+02
   8.4346794e+01   8.1715914e+01   1.1125155e+02   2.0577723e+02   8.3993161e+01   1.1759965e+02
   8.3765551e+01   8.1122043e+01   1.1023373e+02   2.0487738e+02   8.3684063e+01   1.1736756e+02
   8.3430555e+01   8.1154712e+01   1.0993045e+02   2.0497257e+02   8.3863394e+01   1.1744875e+02
   8.3969607e+01   8.1688006e+01   1.1042486e+02   2.0623887e+02   8.4529188e+01   1.1790932e+02
   8.4098018e+01   8.1841829e+01   1.1089862e+02   2.0699707e+02   8.4360179e+01   1.1876116e+02
   8.4817904e+01   8.2704851e+01   1.1144186e+02   2.0705065e+02   8.4401469e+01   1.1893918e+02
   8.4963215e+01   8.2870823e+01   1.1242510e+02   2.0776011e+02   8.4667885e+01   1.1953411e+02
   8.4668800e+01   8.2802201e+01   1.1324131e+02   2.0803808e+02   8.4457996e+01   1.1956844e+02
   8.5017477e+01   8.2755332e+01   1.1207857e+02   2.0680439e+02   8.4524846e+01   1.1854767e+02
   8.4535330e+01   8.2453348e+01   1.1182436e+02   2.0787636e+02   8.4866795e+01   1.1862632e+02
   8.4703978e+01   8.2942563e+01   1.1280105e+02   2.0804487e+02   8.4677060e+01   1.1928466e+02
   8.5054494e+01   8.2922125e+01   1.1292853e+02   2.0782122e+02   8.4625776e+01   1.1881237e+02
   8.4732029e+01   8.2887486e+01   1.1257396e+02   2.0832538e+02   8.4976901e+01   1.1902438e+02
   8.5035066e+01   8.3090723e+01   1.1247745e+02   2.0761256e+02   8.4744893e+01   1.1892001e+02
   8.4993105e+01   8.3028340e+01   1.1288781e+02   2.0733025e+02   8.4452425e+01   1.1905232e+02
   8.4244594e+01   8.2451542e+01   1.1151485e+02   2.0676351e+02   8.4395898e+01   1.1922854e+02
   8.4613159e+01   8.2410090e+01   1.1127612e+02   2.0649668e+02   8.4352724e+01   1.1918643e+02
   8.4096869e+01   8.1948701e+01   1.1053398e+02   2.0549451e+02   8.4000862e+01   1.1803933e+02
   8.4019270e+01   8.2173773e+01   1.1075673e+02   2.0672771e+02   8.4150782e+01   1.1819663e+02
   8.5105077e+01   8.2843735e+01   1.1194331e+02   2.0756284e+02   8.4335602e+01   1.1850777e+02
   8.4319663e+01   8.2155140e+01   1.1151911e+02   2.0718763e+02   8.3927868e+01   1.1802090e+02
   8.4467848e+01   8.2192242e+01   1.1081203e+02   2.0704393e+02   8.4148406e+01   1.1815190e+02
   8.4537974e+01   8.2423962e+01   1.1042264e+02   2.0596582e+02   8.3907141e+01   1.1811446e+02
   8.4032721e+01   8.2086519e+01   1.1044075e+02   2.0591289e+02   8.4304061e+01   1.1817885e+02
   8.4266436e+01   8.2241574e+01   1.1112022e+02   2.0600727e+02   8.4320364e+01   1.1841299e+02
   8.4648222e+01   8.2781680e+01   1.1127604e+02   2.0633005e+02   8.4518456e+01   1.1875322e+02
   8.4548896e+01   8.2472063e+01   1.1151878e+02   2.0701231e+02   8.4526566e+01   1.1884120e+02
   8.4859980e+01   8.2574831e+01   1.1212068e+02   2.0834734e+02   8.4333636e+01   1.1901005e+02
   8.4192287e+01   8.2291973e+01   1.1187826e+02   2.0669256e+02   8.3723223e+01   1.1780708e+02
   8.4245399e+01   8.2024710e+01   1.1118437e+02   2.0560871e+02   8.3579365e+01   1.1780774e+02
   8.3878443e+01   8.1787408e+01   1.1083488e+02   2.0665012e+02   8.3825463e+01   1.1839939e+02
   8.4222521e+01   8.2237059e+01   1.1143153e+02   2.0671656e+02   8.3462132e+01   1.1844289e+02
   8.4293682e+01   8.1665269e+01   1.1106935e+02   2.0710750e+02   8.3588376e+01   1.1783076e+02
   8.4127793e+01   8.1751702e+01   1.1044108e+02   2.0623854e+02   8.3900178e+01   1.1771344e+02
   8.4235052e+01   8.1906675e+01   1.1155360e+02   2.0673033e+02   8.4002746e+01   1.1834008e+02
   8.4419335e+01   8.1965282e+01   1.1227117e+02   2.0687034e+02   8.3368739e+01   1.1865450e+02
   8.3966158e+01   8.1730196e+01   1.1041814e+02   2.0528396e+02   8.2982305e+01   1.1778267e+02
   8.4177457e+01   8.3679669e+01   1.1063745e+02   2.0707523e+02   8.3528572e+01   1.1763783e+02
   8.4339092e+01   8.3531263e+01   1.1160316e+02   2.0695513e+02   8.3945400e+01   1.1790564e+02
   8.4216428e+01   8.2547415e+01   1.1099447e+02   2.0546756e+02   8.3384550e+01   1.1614780e+02
   8.3823377e+01   8.1477216e+01   1.1025978e+02   2.0538408e+02   8.3471061e+01   1.1797257e+02
   8.3682319e+01   8.0935222e+01   1.1020186e+02   2.0525120e+02   8.3420187e+01   1.1811266e+02
   8.3748192e+01   8.1292940e+01   1.1053095e+02   2.0671869e+02   8.3716505e+01   1.1820990e+02
   8.4501417e+01   8.1207081e+01   1.1114218e+02   2.0697413e+02   8.3907551e+01   1.1862869e+02
   8.4178721e+01   8.1521952e+01   1.1232860e+02   2.0811918e+02   8.4339371e+01   1.1919036e+02
   8.4392549e+01   8.1789460e+01   1.1231311e+02   2.0784482e+02   8.4801830e+01   1.1898809e+02
   8.4475550e+01   8.1710168e+01   1.1271339e+02   2.0664513e+02   8.4044200e+01   1.1862140e+02
   8.4624310e+01   8.2010264e+01   1.1225790e+02   2.0633357e+02   8.3475567e+01   1.1770074e+02
   8.4211255e+01   8.1555195e+01   1.1157531e+02   2.0673164e+02   8.3667514e+01   1.1822964e+02
   8.4338402e+01   8.1662642e+01   1.1105894e+02   2.0615555e+02   8.3581249e+01   1.1791162e+02
   8.3551264e+01   8.1320602e+01   1.1001950e+02   2.0496913e+02   8.3484743e+01   1.1728310e+02
   8.3531720e+01   8.1630876e+01   1.0990939e+02   2.0555251e+02   8.3454841e+01   1.1770672e+02
   8.4514867e+01   8.2203734e+01   1.1104420e+02   2.0640247e+02   8.4210750e+01   1.1773753e+02
   8.4286899e+01   8.2076587e+01   1.1130619e+02   2.0734590e+02   8.4534185e+01   1.1801558e+02
   8.4121471e+01   8.2116725e+01   1.1129849e+02   2.0791150e+02   8.4992548e+01   1.1835581e+02
   8.4385881e+01   8.2322015e+01   1.1161938e+02   2.0790470e+02   8.4699261e+01   1.1882982e+02
   8.4212635e+01   8.2508098e+01   1.1170860e+02   2.0751466e+02   8.4389180e+01   1.1886939e+02
   8.4452558e+01   8.2741542e+01   1.1138959e+02   2.0672853e+02   8.3957524e+01   1.1802868e+02
   8.3796591e+01   8.2265296e+01   1.1119895e+02   2.0680176e+02   8.3719290e+01   1.1786787e+02
   8.3860394e+01   8.2459094e+01   1.1023758e+02   2.0663399e+02   8.3577562e+01   1.1729997e+02
   8.3638404e+01   8.2018390e+01   1.1005522e+02   2.0632792e+02   8.4042643e+01   1.1740025e+02
   8.3541377e+01   8.1944761e+01   1.1064064e+02   2.0690540e+02   8.4594645e+01   1.1818647e+02
   8.4386571e+01   8.2616037e+01   1.1189031e+02   2.0619881e+02   8.4276945e+01   1.1839923e+02
   8.3572876e+01   8.1903309e+01   1.1093745e+02   2.0615703e+02   8.4198380e+01   1.1872594e+02
   8.3378822e+01   8.2006160e+01   1.1070200e+02   2.0619242e+02   8.4057307e+01   1.1821760e+02
   8.3833378e+01   8.2171967e+01   1.1097268e+02   2.0599523e+02   8.3943433e+01   1.1811839e+02
   8.3356750e+01   8.1785356e+01   1.1054537e+02   2.0559953e+02   8.4187976e+01   1.1856299e+02
   8.3877753e+01   8.1655172e+01   1.1071790e+02   2.0533386e+02   8.4263263e+01   1.1835433e+02
   8.3101996e+01   8.1457024e+01   1.1033884e+02   2.0558757e+02   8.4246715e+01   1.1786672e+02
   8.3366406e+01   8.1606333e+01   1.0936501e+02   2.0511037e+02   8.4005532e+01   1.1771262e+02
   8.3742329e+01   8.1889355e+01   1.1061672e+02   2.0739186e+02   8.4445544e+01   1.1836236e+02
   8.3806362e+01   8.2157685e+01   1.1148487e+02   2.0785211e+02   8.4869826e+01   1.1825996e+02
   8.4133541e+01   8.2407053e+01   1.1073100e+02   2.0622879e+02   8.4527222e+01   1.1768026e+02
   8.3726579e+01   8.2254543e+01   1.1001237e+02   2.0633308e+02   8.4578833e+01   1.1789974e+02
   8.4109170e+01   8.2441939e+01   1.1071487e+02   2.0788529e+02   8.5195391e+01   1.1799804e+02
   8.3967078e+01   8.2838072e+01   1.1229231e+02   2.0842820e+02   8.5092495e+01   1.1910803e+02
   8.4466928e+01   8.2851779e+01   1.1279712e+02   2.0790208e+02   8.4557697e+01   1.1892075e+02
   8.3835792e+01   8.2828714e+01   1.1226470e+02   2.0780058e+02   8.4384265e+01   1.1867457e+02
   8.4346449e+01   8.3217706e+01   1.1250473e+02   2.0803119e+02   8.4833534e+01   1.1853071e+02
   8.5107146e+01   8.3574275e+01   1.1410454e+02   2.0850807e+02   8.4318644e+01   1.1884219e+02
   8.4576026e+01   8.3222467e+01   1.1323648e+02   2.0810673e+02   8.4593088e+01   1.1859052e+02
   8.4583269e+01   8.3372761e+01   1.1309909e+02   2.0829261e+02   8.4728344e+01   1.1886914e+02
   8.4675928e+01   8.3324085e+01   1.1292484e+02   2.0832964e+02   8.4723347e+01   1.1862091e+02
   8.4852623e+01   8.3127825e+01   1.1244411e+02   2.0768195e+02   8.4487243e+01   1.1838087e+02
   8.4422324e+01   8.3126593e+01   1.1205284e+02   2.0645801e+02   8.4101382e+01   1.1803352e+02
   8.4098708e+01   8.2986396e+01   1.1156785e+02   2.0659204e+02   8.4475937e+01   1.1793300e+02
   8.4097789e+01   8.3164434e+01   1.1166379e+02   2.0737941e+02   8.4070087e+01   1.1835433e+02
   8.3943626e+01   8.3091626e+01   1.1166330e+02   2.0640231e+02   8.3867162e+01   1.1812699e+02
   8.4542458e+01   8.3081119e+01   1.1169574e+02   2.0649668e+02   8.4096958e+01   1.1842143e+02
   8.4282186e+01   8.3066262e+01   1.1193225e+02   2.0677793e+02   8.4474627e+01   1.1800525e+02
   8.4541423e+01   8.3541113e+01   1.1203957e+02   2.0548214e+02   8.3972762e+01   1.1792456e+02
   8.4230569e+01   8.3216721e+01   1.1180896e+02   2.0663710e+02   8.4775123e+01   1.1805621e+02
   8.4459571e+01   8.3350598e+01   1.1305330e+02   2.0641025e+02   8.5010326e+01   1.1865638e+02
   8.4878259e+01   8.3644209e+01   1.1333618e+02   2.0592068e+02   8.4513786e+01   1.1853759e+02
   8.4169754e+01   8.2964726e+01   1.1209512e+02   2.0615604e+02   8.4031583e+01   1.1808120e+02
   8.4172973e+01   8.2540685e+01   1.1139975e+02   2.0651569e+02   8.4345597e+01   1.1880647e+02
   8.5055529e+01   8.3353553e+01   1.1231869e+02   2.0731682e+02   8.4195676e+01   1.1883186e+02
   8.4609825e+01   8.3447538e+01   1.1323672e+02   2.0733902e+02   8.4275716e+01   1.1820777e+02
   8.4613044e+01   8.3464037e+01   1.1263237e+02   2.0683437e+02   8.3242412e+01   1.1767158e+02
   8.4061691e+01   8.2808604e+01   1.1079695e+02   2.0617456e+02   8.3677099e+01   1.1752698e+02
   8.3411816e+01   8.2431104e+01   1.1075124e+02   2.0642459e+02   8.3750749e+01   1.1785763e+02
   8.3592190e+01   8.2108599e+01   1.0997174e+02   2.0692383e+02   8.3489167e+01   1.1777816e+02
   8.4164926e+01   8.2498904e+01   1.0998304e+02   2.0609263e+02   8.4023719e+01   1.1768354e+02
   8.3982483e+01   8.1894362e+01   1.0995863e+02   2.0575142e+02   8.4098187e+01   1.1773745e+02
   8.3924197e+01   8.1701713e+01   1.1006693e+02   2.0649635e+02   8.4302505e+01   1.1797511e+02
   8.3590580e+01   8.1616675e+01   1.1057289e+02   2.0639518e+02   8.3914760e+01   1.1833025e+02
   8.3331573e+01   8.1820898e+01   1.1001098e+02   2.0610050e+02   8.3317373e+01   1.1767568e+02
   8.3230523e+01   8.1983669e+01   1.1066866e+02   2.0686984e+02   8.3916890e+01   1.1799886e+02
   8.3857520e+01   8.2497263e+01   1.1130685e+02   2.0669485e+02   8.4487816e+01   1.1802311e+02
   8.3762677e+01   8.2219822e+01   1.1132856e+02   2.0687664e+02   8.4096549e+01   1.1832574e+02
   8.3552069e+01   8.2262423e+01   1.1095154e+02   2.0706916e+02   8.4733587e+01   1.1889798e+02
   8.4079395e+01   8.2401636e+01   1.1190677e+02   2.0732173e+02   8.5203338e+01   1.2010430e+02
   8.4439798e+01   8.2646654e+01   1.1359710e+02   2.0781434e+02   8.4992466e+01   1.2068047e+02
   8.4231373e+01   8.2998708e+01   1.1356327e+02   2.0794984e+02   8.5228488e+01   1.2017033e+02
   8.4024328e+01   8.3154748e+01   1.1359842e+02   2.0820225e+02   8.5301155e+01   1.1960793e+02
   8.4673398e+01   8.3548583e+01   1.1383812e+02   2.0801104e+02   8.4914639e+01   1.1995594e+02
   8.5100939e+01   8.3504996e+01   1.1370565e+02   2.0757111e+02   8.4543688e+01   1.1982298e+02
   8.4626034e+01   8.3214094e+01   1.1288863e+02   2.0670002e+02   8.4967725e+01   1.1861165e+02
   8.4295292e+01   8.2826005e+01   1.1284996e+02   2.0708235e+02   8.4937659e+01   1.1926221e+02
   8.3870626e+01   8.3253494e+01   1.1340712e+02   2.0659114e+02   8.4507806e+01   1.1989007e+02
   8.4268966e+01   8.3118385e+01   1.1270954e+02   2.0754514e+02   8.4570969e+01   1.1946251e+02
   8.3996508e+01   8.3123803e+01   1.1269922e+02   2.0793919e+02   8.4900794e+01   1.1930030e+02
   8.4642014e+01   8.3325809e+01   1.1365306e+02   2.0853863e+02   8.4947654e+01   1.1946300e+02
   8.4954478e+01   8.3789989e+01   1.1340671e+02   2.0731264e+02   8.4724330e+01   1.1960391e+02
   8.4256665e+01   8.3212042e+01   1.1272986e+02   2.0656599e+02   8.4774713e+01   1.1880680e+02
   8.4375649e+01   8.3372843e+01   1.1220219e+02   2.0615408e+02   8.4607834e+01   1.1844486e+02
   8.4404275e+01   8.3441957e+01   1.1232696e+02   2.0630449e+02   8.4268179e+01   1.1823734e+02
   8.4330010e+01   8.3108043e+01   1.1226945e+02   2.0594763e+02   8.4157008e+01   1.1880811e+02
   8.4734213e+01   8.3660544e+01   1.1191038e+02   2.0538629e+02   8.3649000e+01   1.1782412e+02
   8.4152395e+01   8.3040570e+01   1.1098235e+02   2.0565614e+02   8.3437391e+01   1.1763602e+02
   8.3604836e+01   8.3062322e+01   1.1110155e+02   2.0684207e+02   8.4015117e+01   1.1817566e+02
   8.4210220e+01   8.3317272e+01   1.1230558e+02   2.0671755e+02   8.4302915e+01   1.1807120e+02
   8.4666731e+01   8.3652089e+01   1.1307935e+02   2.0679488e+02   8.4488226e+01   1.1813002e+02
   8.3711634e+01   8.3267202e+01   1.1263204e+02   2.0643778e+02   8.3619753e+01   1.1815993e+02
   8.3568508e+01   8.3118631e+01   1.1155204e+02   2.0568646e+02   8.3647771e+01   1.1793472e+02
   8.3736581e+01   8.2467466e+01   1.1091099e+02   2.0564230e+02   8.3660551e+01   1.1740852e+02
   8.3601042e+01   8.2616529e+01   1.1114824e+02   2.0571808e+02   8.4307584e+01   1.1802426e+02
   8.4130323e+01   8.3502698e+01   1.1239733e+02   2.0713864e+02   8.4676405e+01   1.1846878e+02
   8.4247583e+01   8.3371694e+01   1.1293295e+02   2.0708342e+02   8.4282516e+01   1.1807464e+02
   8.4270115e+01   8.3196610e+01   1.1204424e+02   2.0612270e+02   8.4286366e+01   1.1767559e+02
   8.4078705e+01   8.2989843e+01   1.1163847e+02   2.0616809e+02   8.4025521e+01   1.1783608e+02
   8.3885111e+01   8.2816073e+01   1.1236866e+02   2.0700903e+02   8.4760704e+01   1.1896393e+02
   8.4508544e+01   8.3610555e+01   1.1279442e+02   2.0622584e+02   8.4189532e+01   1.1866802e+02
   8.4224361e+01   8.3421518e+01   1.1231729e+02   2.0697610e+02   8.4637081e+01   1.1802557e+02
   8.3841196e+01   8.2845131e+01   1.1210658e+02   2.0668961e+02   8.4791098e+01   1.1821957e+02
   8.3916725e+01   8.3396401e+01   1.1177299e+02   2.0629089e+02   8.4258512e+01   1.1846116e+02
   8.4058702e+01   8.3113871e+01   1.1169197e+02   2.0574954e+02   8.4029289e+01   1.1908542e+02
   8.3670823e+01   8.3156061e+01   1.1195011e+02   2.0687206e+02   8.4619713e+01   1.1868653e+02
   8.4104686e+01   8.3538897e+01   1.1196559e+02   2.0673115e+02   8.5071277e+01   1.1869374e+02
   8.4833654e+01   8.3963266e+01   1.1320674e+02   2.0703484e+02   8.5382423e+01   1.1948488e+02
   8.4733753e+01   8.3810345e+01   1.1382641e+02   2.0827631e+02   8.5468934e+01   1.1936150e+02
   8.5262574e+01   8.4482278e+01   1.1276492e+02   2.0825558e+02   8.5865691e+01   1.1910123e+02
   8.4744444e+01   8.3922635e+01   1.1420752e+02   2.0831105e+02   8.5334088e+01   1.1978005e+02
   8.4337482e+01   8.3225175e+01   1.1426364e+02   2.0705925e+02   8.4323969e+01   1.1898785e+02
   8.3672318e+01   8.3011185e+01   1.1284038e+02   2.0551499e+02   8.4300621e+01   1.1893279e+02
   8.3985931e+01   8.2900865e+01   1.1213100e+02   2.0513699e+02   8.3976694e+01   1.1914809e+02
   8.3595984e+01   8.2553736e+01   1.1153509e+02   2.0561698e+02   8.4417608e+01   1.1912212e+02
   8.3977654e+01   8.2787180e+01   1.1171450e+02   2.0493841e+02   8.4449722e+01   1.1880745e+02
   8.3925577e+01   8.2506538e+01   1.1132765e+02   2.0475351e+02   8.4103758e+01   1.1898711e+02
   8.3540343e+01   8.1948045e+01   1.1114046e+02   2.0467240e+02   8.3879779e+01   1.1844387e+02
   8.3041986e+01   8.1866454e+01   1.1133781e+02   2.0518721e+02   8.3783682e+01   1.1846878e+02
   8.3625184e+01   8.2624902e+01   1.1119199e+02   2.0551540e+02   8.3657356e+01   1.1829961e+02
   8.3138439e+01   8.2372578e+01   1.1074346e+02   2.0495635e+02   8.4214191e+01   1.1782371e+02
   8.3838896e+01   8.2780449e+01   1.1139835e+02   2.0595943e+02   8.3857495e+01   1.1819876e+02
   8.4566025e+01   8.3144323e+01   1.1204866e+02   2.0679980e+02   8.3925492e+01   1.1831583e+02
   8.3905689e+01   8.2671443e+01   1.1163323e+02   2.0651815e+02   8.3730350e+01   1.1789703e+02
   8.4165731e+01   8.2708626e+01   1.1099898e+02   2.0578902e+02   8.4155862e+01   1.1773777e+02
   8.3591615e+01   8.2581972e+01   1.1091795e+02   2.0572480e+02   8.4307256e+01   1.1824316e+02
   8.3275817e+01   8.2386615e+01   1.1162299e+02   2.0652642e+02   8.4441447e+01   1.1837022e+02
   8.4178721e+01   8.2892000e+01   1.1145644e+02   2.0684101e+02   8.4349201e+01   1.1878599e+02
   8.4175502e+01   8.3092201e+01   1.1224045e+02   2.0653412e+02   8.4332899e+01   1.1893329e+02
   8.4326446e+01   8.3402803e+01   1.1252022e+02   2.0612852e+02   8.4252777e+01   1.1848393e+02
   8.4130093e+01   8.3058629e+01   1.1197108e+02   2.0659892e+02   8.4403845e+01   1.1866269e+02
   8.3813375e+01   8.2533790e+01   1.1236145e+02   2.0665922e+02   8.4665345e+01   1.1921273e+02
   8.3427451e+01   8.2591904e+01   1.1316971e+02   2.0705204e+02   8.5354651e+01   1.1976514e+02
   8.4594420e+01   8.3369888e+01   1.1322968e+02   2.0707211e+02   8.4941018e+01   1.1978447e+02
   8.3570002e+01   8.2746549e+01   1.1278721e+02   2.0675998e+02   8.4376318e+01   1.1950839e+02
   8.3793257e+01   8.3032773e+01   1.1199574e+02   2.0622723e+02   8.3696433e+01   1.1908927e+02
   8.3721866e+01   8.3081037e+01   1.1157859e+02   2.0514969e+02   8.4491749e+01   1.1844060e+02
   8.3259378e+01   8.2572697e+01   1.1215353e+02   2.0569367e+02   8.4485768e+01   1.1864745e+02
   8.3781531e+01   8.2881083e+01   1.1170827e+02   2.0405142e+02   8.3805556e+01   1.1812011e+02
   8.3971561e+01   8.3222220e+01   1.1105468e+02   2.0434438e+02   8.4149553e+01   1.1868801e+02
   8.3436418e+01   8.2692538e+01   1.1128735e+02   2.0542692e+02   8.4536315e+01   1.1910393e+02
   8.3912126e+01   8.2593792e+01   1.1127178e+02   2.0571513e+02   8.4897189e+01   1.1925008e+02
   8.4048240e+01   8.2810327e+01   1.1166026e+02   2.0699150e+02   8.5257735e+01   1.1937404e+02
   8.3988346e+01   8.3265724e+01   1.1210773e+02   2.0688426e+02   8.5072342e+01   1.1919978e+02
   8.3818203e+01   8.2996656e+01   1.1243846e+02   2.0674696e+02   8.5025563e+01   1.1959408e+02
   8.4359325e+01   8.3915412e+01   1.1267260e+02   2.0652454e+02   8.4763817e+01   1.1887856e+02
   8.3514591e+01   8.2788740e+01   1.1111482e+02   2.0428818e+02   8.3924345e+01   1.1737076e+02
   8.3387329e+01   8.2654370e+01   1.1112924e+02   2.0460785e+02   8.4479378e+01   1.1825537e+02
   8.3700943e+01   8.2882396e+01   1.1150379e+02   2.0496258e+02   8.4507560e+01   1.1912359e+02
   8.3566784e+01   8.2707724e+01   1.1132380e+02   2.0486812e+02   8.4649370e+01   1.1906756e+02
   8.3499876e+01   8.2488726e+01   1.1121435e+02   2.0563845e+02   8.4646748e+01   1.1968748e+02
   8.3796936e+01   8.2932303e+01   1.1216008e+02   2.0650569e+02   8.5409949e+01   1.2020130e+02
   8.4646957e+01   8.3256449e+01   1.1308361e+02   2.0715395e+02   8.5589034e+01   1.2045453e+02
   8.4711221e+01   8.3377357e+01   1.1336420e+02   2.0683822e+02   8.5681444e+01   1.2002590e+02
   8.3740605e+01   8.3067247e+01   1.1200934e+02   2.0646883e+02   8.5119120e+01   1.1942548e+02
   8.4544297e+01   8.3166158e+01   1.1225102e+02   2.0609919e+02   8.5381276e+01   1.1928351e+02
   8.4318974e+01   8.3159755e+01   1.1241085e+02   2.0661760e+02   8.5073980e+01   1.1968911e+02
   8.4001681e+01   8.2720200e+01   1.1248466e+02   2.0712495e+02   8.5487449e+01   1.1996012e+02
   8.3988001e+01   8.2972031e+01   1.1227707e+02   2.0650725e+02   8.5318604e+01   1.1959400e+02
   8.3858900e+01   8.3241428e+01   1.1234785e+02   2.0536261e+02   8.5005902e+01   1.1954083e+02
   8.3687838e+01   8.3091216e+01   1.1201893e+02   2.0661908e+02   8.5228980e+01   1.1971811e+02
   8.4197230e+01   8.3401572e+01   1.1220768e+02   2.0681758e+02   8.5082418e+01   1.2025471e+02
   8.3351921e+01   8.2899798e+01   1.1163970e+02   2.0621593e+02   8.5144271e+01   1.1969608e+02
   8.3160281e+01   8.2917200e+01   1.1200574e+02   2.0576281e+02   8.4618730e+01   1.1933774e+02
   8.3896492e+01   8.3168620e+01   1.1160169e+02   2.0520712e+02   8.4352151e+01   1.1900259e+02
   8.3389744e+01   8.2946832e+01   1.1142015e+02   2.0596950e+02   8.4839023e+01   1.1939558e+02
   8.3160511e+01   8.2536170e+01   1.1112350e+02   2.0596393e+02   8.4730147e+01   1.1950331e+02
   8.3272253e+01   8.2855145e+01   1.1055937e+02   2.0607608e+02   8.4498384e+01   1.1952011e+02
   8.3027156e+01   8.2583696e+01   1.1072707e+02   2.0581680e+02   8.5123708e+01   1.1955435e+02
   8.3768310e+01   8.2974822e+01   1.1144800e+02   2.0529412e+02   8.4803714e+01   1.1956484e+02
   8.3983402e+01   8.3642321e+01   1.1225913e+02   2.0526078e+02   8.5174828e+01   1.1916103e+02
   8.3849128e+01   8.3330570e+01   1.1239201e+02   2.0504073e+02   8.5440507e+01   1.1965053e+02
   8.4027202e+01   8.3315713e+01   1.1216836e+02   2.0611557e+02   8.5060135e+01   1.1958368e+02
   8.4148371e+01   8.3492520e+01   1.1193930e+02   2.0649291e+02   8.4976245e+01   1.1961653e+02
   8.3748767e+01   8.3134638e+01   1.1202835e+02   2.0642975e+02   8.4650271e+01   1.1969985e+02
   8.4013407e+01   8.3281320e+01   1.1127252e+02   2.0662481e+02   8.4847379e+01   1.1943064e+02
   8.3673352e+01   8.3043279e+01   1.1098759e+02   2.0648710e+02   8.4822556e+01   1.1948619e+02
   8.3922588e+01   8.3439002e+01   1.1189498e+02   2.0579206e+02   8.4525665e+01   1.1903037e+02
   8.3819238e+01   8.3438263e+01   1.1194872e+02   2.0475924e+02   8.4302423e+01   1.1908091e+02
   8.4129633e+01   8.3490386e+01   1.1224831e+02   2.0631792e+02   8.5198996e+01   1.1909009e+02
   8.4508429e+01   8.4013911e+01   1.1355950e+02   2.0782540e+02   8.5196210e+01   1.1933152e+02
   8.4318514e+01   8.3437688e+01   1.1280556e+02   2.0721269e+02   8.4977802e+01   1.1924304e+02
   8.4085258e+01   8.3234451e+01   1.1201696e+02   2.0699879e+02   8.4901121e+01   1.1957843e+02
   8.4373005e+01   8.3229526e+01   1.1261042e+02   2.0705696e+02   8.5469180e+01   1.2033394e+02
   8.4664431e+01   8.3791466e+01   1.1358580e+02   2.0744175e+02   8.5777049e+01   1.2042897e+02
   8.4388410e+01   8.3649709e+01   1.1394290e+02   2.0694243e+02   8.5780654e+01   1.2018868e+02
   8.4828021e+01   8.4208448e+01   1.1455070e+02   2.0746813e+02   8.5677021e+01   1.2016853e+02
   8.4953558e+01   8.4215261e+01   1.1430001e+02   2.0767401e+02   8.5448290e+01   1.1986910e+02
   8.4596260e+01   8.3472245e+01   1.1414796e+02   2.0801792e+02   8.5359976e+01   1.1974720e+02
   8.4619252e+01   8.4145409e+01   1.1402679e+02   2.0709284e+02   8.4850083e+01   1.1885505e+02
   8.4268391e+01   8.3771110e+01   1.1357187e+02   2.0624477e+02   8.4441529e+01   1.1893714e+02
   8.4183664e+01   8.3276888e+01   1.1261091e+02   2.0566606e+02   8.4081065e+01   1.1861632e+02
   8.4259539e+01   8.3485297e+01   1.1207922e+02   2.0542324e+02   8.4023882e+01   1.1867203e+02
   8.3996508e+01   8.3535449e+01   1.1241159e+02   2.0501517e+02   8.4472005e+01   1.1857938e+02
   8.4022029e+01   8.3183477e+01   1.1254848e+02   2.0587595e+02   8.5013275e+01   1.1878689e+02
   8.4252296e+01   8.3486035e+01   1.1268914e+02   2.0663382e+02   8.5091266e+01   1.1904667e+02
   8.4491760e+01   8.3826516e+01   1.1381904e+02   2.0713552e+02   8.5384553e+01   1.1953887e+02
   8.4291498e+01   8.3718823e+01   1.1402851e+02   2.0704360e+02   8.5000577e+01   1.2011233e+02
   8.4439913e+01   8.3905644e+01   1.1368616e+02   2.0608821e+02   8.5009752e+01   1.1940959e+02
   8.3464008e+01   8.3086127e+01   1.1294016e+02   2.0645277e+02   8.4963875e+01   1.1956778e+02
   8.3479298e+01   8.2565474e+01   1.1359219e+02   2.0670837e+02   8.5081927e+01   1.2005982e+02
   8.4566600e+01   8.4085734e+01   1.1480319e+02   2.0771685e+02   8.5727649e+01   1.2036400e+02
   8.4110664e+01   8.3101312e+01   1.1429198e+02   2.0703803e+02   8.5204567e+01   1.1991735e+02
   8.4123425e+01   8.3339189e+01   1.1340925e+02   2.0686337e+02   8.5446815e+01   1.1998076e+02
   8.4183320e+01   8.3005193e+01   1.1264491e+02   2.0645965e+02   8.4692216e+01   1.1939738e+02
   8.3851312e+01   8.2853339e+01   1.1278721e+02   2.0789168e+02   8.5388240e+01   1.1961301e+02
   8.4825262e+01   8.3682132e+01   1.1402180e+02   2.0807478e+02   8.5182038e+01   1.2004433e+02
   8.4550735e+01   8.3692228e+01   1.1459321e+02   2.0800653e+02   8.5795564e+01   1.2032501e+02
   8.4464284e+01   8.3401982e+01   1.1372818e+02   2.0729568e+02   8.5961050e+01   1.1977694e+02
   8.4741340e+01   8.4040835e+01   1.1357228e+02   2.0756931e+02   8.5735268e+01   1.2031821e+02
   8.4730419e+01   8.4049618e+01   1.1489174e+02   2.0845916e+02   8.6135875e+01   1.2094697e+02
   8.4730879e+01   8.3750343e+01   1.1482080e+02   2.0763976e+02   8.5566587e+01   1.2063771e+02
   8.4471412e+01   8.3643389e+01   1.1421546e+02   2.0749451e+02   8.4947818e+01   1.1992931e+02
   8.3744398e+01   8.3310131e+01   1.1370000e+02   2.0770809e+02   8.5687834e+01   1.2026962e+02
   8.4255170e+01   8.3578789e+01   1.1348282e+02   2.0787685e+02   8.5691029e+01   1.1996257e+02
   8.4473366e+01   8.3722270e+01   1.1422243e+02   2.0794984e+02   8.5902884e+01   1.2021170e+02
   8.4486817e+01   8.3732202e+01   1.1390743e+02   2.0704745e+02   8.5415930e+01   1.1938518e+02
   8.4362314e+01   8.3747388e+01   1.1291189e+02   2.0677383e+02   8.5037606e+01   1.1970599e+02
   8.3869591e+01   8.2771913e+01   1.1174358e+02   2.0605585e+02   8.4983537e+01   1.1896786e+02
   8.4122850e+01   8.3717838e+01   1.1170319e+02   2.0683675e+02   8.5310985e+01   1.1934528e+02
   8.4739271e+01   8.3987317e+01   1.1307230e+02   2.0756038e+02   8.5930083e+01   1.1984485e+02
   8.4530272e+01   8.3769796e+01   1.1417565e+02   2.0832489e+02   8.5827350e+01   1.2049573e+02
   8.4549585e+01   8.3383431e+01   1.1311613e+02   2.0698896e+02   8.5562000e+01   1.1953919e+02
   8.4419679e+01   8.3368656e+01   1.1272281e+02   2.0708940e+02   8.5311641e+01   1.1963398e+02
   8.4603157e+01   8.3600377e+01   1.1322271e+02   2.0706220e+02   8.4817723e+01   1.1930137e+02
   8.4224246e+01   8.3599556e+01   1.1221874e+02   2.0579222e+02   8.4371730e+01   1.1788106e+02
   8.3609549e+01   8.3365701e+01   1.1068685e+02   2.0530543e+02   8.3577808e+01   1.1752174e+02
   8.3494588e+01   8.2963002e+01   1.1037816e+02   2.0489376e+02   8.3856512e+01   1.1766470e+02
   8.3402274e+01   8.2947652e+01   1.1009855e+02   2.0457573e+02   8.3827020e+01   1.1769591e+02
   8.3343874e+01   8.2796866e+01   1.1060116e+02   2.0567105e+02   8.3678328e+01   1.1779078e+02
   8.3276507e+01   8.2966614e+01   1.1025798e+02   2.0497405e+02   8.3753616e+01   1.1698080e+02
   8.3661396e+01   8.3087768e+01   1.1083873e+02   2.0520081e+02   8.3785075e+01   1.1803655e+02
   8.3426186e+01   8.2404427e+01   1.1175087e+02   2.0544003e+02   8.4129974e+01   1.1835744e+02
   8.3199483e+01   8.3041391e+01   1.1032311e+02   2.0349762e+02   8.3177447e+01   1.1718249e+02
   8.2947488e+01   8.2973180e+01   1.0921878e+02   2.0545723e+02   8.3849958e+01   1.1752313e+02
   8.3119355e+01   8.2824856e+01   1.0983853e+02   2.0565975e+02   8.4044281e+01   1.1776202e+02
   8.3289957e+01   8.2750817e+01   1.1069348e+02   2.0567982e+02   8.4351741e+01   1.1816836e+02
   8.3344219e+01   8.2561862e+01   1.1062778e+02   2.0546952e+02   8.4395406e+01   1.1869620e+02
   8.3669444e+01   8.3352076e+01   1.1098972e+02   2.0632587e+02   8.5489743e+01   1.1933021e+02
   8.4090316e+01   8.3104759e+01   1.1246787e+02   2.0615358e+02   8.4861880e+01   1.2017361e+02
   8.3782795e+01   8.3029653e+01   1.1277123e+02   2.0661449e+02   8.4717121e+01   1.1963701e+02
   8.3900975e+01   8.2924997e+01   1.1230591e+02   2.0641574e+02   8.4735226e+01   1.1937608e+02
   8.3897067e+01   8.2933945e+01   1.1286512e+02   2.0662694e+02   8.4999757e+01   1.1935470e+02
   8.3922933e+01   8.3042048e+01   1.1287061e+02   2.0576813e+02   8.4261625e+01   1.1927990e+02
   8.3596788e+01   8.2712402e+01   1.1172171e+02   2.0471058e+02   8.3950725e+01   1.1882285e+02
   8.3610699e+01   8.3192178e+01   1.1061049e+02   2.0505097e+02   8.4315367e+01   1.1914719e+02
   8.4003176e+01   8.3421518e+01   1.1208717e+02   2.0595132e+02   8.4559991e+01   1.1916030e+02
   8.4016971e+01   8.3586915e+01   1.1311720e+02   2.0647112e+02   8.4949784e+01   1.1968248e+02
   8.4438993e+01   8.4068989e+01   1.1260738e+02   2.0725857e+02   8.5656376e+01   1.1965700e+02
   8.4732029e+01   8.4025485e+01   1.1488249e+02   2.0889549e+02   8.6119327e+01   1.2072946e+02
   8.4688113e+01   8.4019001e+01   1.1500005e+02   2.0720417e+02   8.5590837e+01   1.2029174e+02
   8.3894652e+01   8.3206132e+01   1.1278917e+02   2.0641590e+02   8.5082664e+01   1.1936855e+02
   8.4133771e+01   8.3196364e+01   1.1303265e+02   2.0713519e+02   8.5484664e+01   1.1993284e+02
   8.4437728e+01   8.3493012e+01   1.1277607e+02   2.0652675e+02   8.5438131e+01   1.2022588e+02
   8.4554759e+01   8.3345755e+01   1.1362348e+02   2.0774331e+02   8.5682427e+01   1.2082007e+02
   8.5023570e+01   8.3795571e+01   1.1404449e+02   2.0702689e+02   8.5875276e+01   1.2046378e+02
   8.4759964e+01   8.3922553e+01   1.1501217e+02   2.0869027e+02   8.6248602e+01   1.2119667e+02
   8.4715244e+01   8.3497281e+01   1.1449581e+02   2.0805028e+02   8.5569782e+01   1.2039751e+02
   8.4259769e+01   8.3903264e+01   1.1350150e+02   2.0720557e+02   8.4908576e+01   1.1945702e+02
   8.4192746e+01   8.3850566e+01   1.1261500e+02   2.0614466e+02   8.4385084e+01   1.1891838e+02
   8.3956272e+01   8.3253248e+01   1.1191669e+02   2.0629105e+02   8.3978497e+01   1.1914186e+02
   8.4132852e+01   8.3465925e+01   1.1234212e+02   2.0599473e+02   8.4517063e+01   1.1916792e+02
   8.3640703e+01   8.3577147e+01   1.1253840e+02   2.0603324e+02   8.4612750e+01   1.1928564e+02
   8.4270345e+01   8.3674580e+01   1.1183902e+02   2.0542348e+02   8.4502644e+01   1.1910098e+02
   8.4120551e+01   8.3725307e+01   1.1155761e+02   2.0532362e+02   8.4750464e+01   1.1937109e+02
   8.3570807e+01   8.3363814e+01   1.1178372e+02   2.0632448e+02   8.4998856e+01   1.1968174e+02
   8.4508774e+01   8.4266727e+01   1.1256675e+02   2.0649226e+02   8.4626595e+01   1.1946694e+02
   8.4295636e+01   8.3772587e+01   1.1234687e+02   2.0615424e+02   8.4418673e+01   1.1928769e+02
   8.3975355e+01   8.3659066e+01   1.1216254e+02   2.0619758e+02   8.4830339e+01   1.1921510e+02
   8.3965124e+01   8.3849827e+01   1.1168116e+02   2.0541209e+02   8.4288578e+01   1.1864500e+02
   8.3779002e+01   8.3211221e+01   1.1119527e+02   2.0540120e+02   8.3808587e+01   1.1922043e+02
   8.3434463e+01   8.3205968e+01   1.1053709e+02   2.0534377e+02   8.4118095e+01   1.1928695e+02
   8.3781301e+01   8.3395169e+01   1.1068988e+02   2.0507678e+02   8.4676814e+01   1.1916685e+02
   8.3981218e+01   8.3799839e+01   1.1143203e+02   2.0567703e+02   8.4719578e+01   1.1988688e+02
   8.4134231e+01   8.4182100e+01   1.1267088e+02   2.0633177e+02   8.5667108e+01   1.2064926e+02
   8.4576486e+01   8.4097226e+01   1.1338615e+02   2.0546280e+02   8.5286982e+01   1.2042217e+02
   8.3872235e+01   8.3640926e+01   1.1390309e+02   2.0555497e+02   8.5506046e+01   1.2038104e+02
   8.4688343e+01   8.4035335e+01   1.1419801e+02   2.0747878e+02   8.5615824e+01   1.2035343e+02
   8.4125264e+01   8.3825941e+01   1.1264261e+02   2.0667863e+02   8.5206287e+01   1.1998920e+02
   8.4518431e+01   8.3725636e+01   1.1247819e+02   2.0710881e+02   8.5034657e+01   1.2021924e+02
   8.4622931e+01   8.4486217e+01   1.1293942e+02   2.0691572e+02   8.4836893e+01   1.2032886e+02
   8.4449914e+01   8.4144259e+01   1.1279155e+02   2.0637543e+02   8.4574655e+01   1.1998150e+02
   8.4672019e+01   8.4302433e+01   1.1247483e+02   2.0649644e+02   8.4845987e+01   1.2039317e+02
   8.4865613e+01   8.4528490e+01   1.1365388e+02   2.0650586e+02   8.4702620e+01   1.2024464e+02
   8.3876029e+01   8.3697399e+01   1.1236923e+02   2.0560265e+02   8.4770699e+01   1.1903774e+02
   8.3766471e+01   8.3889884e+01   1.1187630e+02   2.0528544e+02   8.4745876e+01   1.1895196e+02
   8.3317318e+01   8.3569924e+01   1.1192119e+02   2.0586570e+02   8.4914393e+01   1.1907542e+02
   8.3778197e+01   8.4138267e+01   1.1231017e+02   2.0629810e+02   8.5305824e+01   1.1945719e+02
   8.4731569e+01   8.4504932e+01   1.1289871e+02   2.0632382e+02   8.5414209e+01   1.1980536e+02
   8.3961905e+01   8.4045185e+01   1.1248679e+02   2.0566401e+02   8.5035067e+01   1.1951453e+02
   8.4534181e+01   8.4213127e+01   1.1226027e+02   2.0576658e+02   8.4955273e+01   1.1977415e+02
   8.4138485e+01   8.3520182e+01   1.1256396e+02   2.0528880e+02   8.5032609e+01   1.1938854e+02
   8.4404620e+01   8.3997823e+01   1.1173891e+02   2.0598204e+02   8.5347769e+01   1.1958859e+02
   8.4813766e+01   8.4099770e+01   1.1245853e+02   2.0647915e+02   8.5222508e+01   1.2005818e+02
   8.4857911e+01   8.4117829e+01   1.1322001e+02   2.0631260e+02   8.4459553e+01   1.2061362e+02
   8.4457157e+01   8.3992488e+01   1.1191218e+02   2.0522752e+02   8.3807932e+01   1.2004442e+02
   8.3622770e+01   8.3692967e+01   1.1100717e+02   2.0500313e+02   8.3877567e+01   1.1985943e+02
   8.4201483e+01   8.3801809e+01   1.1147127e+02   2.0492899e+02   8.3946546e+01   1.1954059e+02
   8.4510384e+01   8.4162318e+01   1.1176046e+02   2.0544036e+02   8.4419820e+01   1.1936765e+02
   8.4191712e+01   8.4159773e+01   1.1294548e+02   2.0600792e+02   8.4500187e+01   1.1893542e+02
   8.4411862e+01   8.4435326e+01   1.1343645e+02   2.0556767e+02   8.4715400e+01   1.1949520e+02
   8.4136645e+01   8.4169295e+01   1.1296506e+02   2.0508145e+02   8.4697213e+01   1.1974253e+02
   8.4061576e+01   8.4012188e+01   1.1251792e+02   2.0506982e+02   8.4506577e+01   1.1938477e+02
   8.4540044e+01   8.4487859e+01   1.1256143e+02   2.0556242e+02   8.5140011e+01   1.1971959e+02
   8.4660638e+01   8.4558533e+01   1.1303871e+02   2.0665381e+02   8.5524970e+01   1.1940164e+02
   8.4338862e+01   8.4147379e+01   1.1343997e+02   2.0664677e+02   8.5398808e+01   1.1957237e+02
   8.4405309e+01   8.3947424e+01   1.1207570e+02   2.0603316e+02   8.4992466e+01   1.1965094e+02
   8.3458260e+01   8.3207445e+01   1.1087273e+02   2.0581303e+02   8.5177450e+01   1.1920200e+02
   8.3723705e+01   8.3684676e+01   1.1057568e+02   2.0564467e+02   8.5599193e+01   1.1936191e+02
   8.4588327e+01   8.3974430e+01   1.1144325e+02   2.0609779e+02   8.5566424e+01   1.2041971e+02
   8.4296671e+01   8.3839157e+01   1.1209053e+02   2.0638871e+02   8.6039615e+01   1.2035220e+02
   8.4626839e+01   8.3993391e+01   1.1180511e+02   2.0641894e+02   8.5764843e+01   1.1991277e+02
   8.4563036e+01   8.3552440e+01   1.1185262e+02   2.0670985e+02   8.5700451e+01   1.2003049e+02
   8.3853037e+01   8.3501631e+01   1.1193979e+02   2.0658573e+02   8.5360222e+01   1.1952314e+02
   8.4153775e+01   8.3680818e+01   1.1114644e+02   2.0568621e+02   8.5205058e+01   1.1934004e+02
