   1.1783485e+02   1.1640465e+02   1.3210228e+02   1.7116617e+02   1.2780381e+02   1.4786982e+02
   1.1832176e+02   1.1666490e+02   1.3235445e+02   1.7102274e+02   1.2766886e+02   1.4733843e+02
   1.1853358e+02   1.1701608e+02   1.3330367e+02   1.7189693e+02   1.2901720e+02   1.4867202e+02
   1.1936986e+02   1.1767136e+02   1.3457055e+02   1.7265970e+02   1.2950755e+02   1.4948010e+02
   1.1969470e+02   1.1768734e+02   1.3488209e+02   1.7226196e+02   1.2975666e+02   1.4888774e+02
   1.1926991e+02   1.1737648e+02   1.3523811e+02   1.7289222e+02   1.2991133e+02   1.4945886e+02
   1.1964656e+02   1.1752413e+02   1.3555492e+02   1.7290873e+02   1.2996948e+02   1.4941989e+02
   1.1999371e+02   1.1743041e+02   1.3562675e+02   1.7247401e+02   1.3021744e+02   1.4871412e+02
   1.1978326e+02   1.1762900e+02   1.3591774e+02   1.7359830e+02   1.3045028e+02   1.4972646e+02
   1.2035859e+02   1.1782427e+02   1.3586708e+02   1.7301907e+02   1.2977057e+02   1.4909826e+02
   1.2009939e+02   1.1755030e+02   1.3581336e+02   1.7186789e+02   1.2966030e+02   1.4857795e+02
   1.1935580e+02   1.1681652e+02   1.3491533e+02   1.7226287e+02   1.2989849e+02   1.4959839e+02
   1.2003108e+02   1.1747148e+02   1.3564433e+02   1.7233585e+02   1.3026230e+02   1.4936892e+02
   1.1996314e+02   1.1766128e+02   1.3539789e+02   1.7203088e+02   1.2961232e+02   1.4863687e+02
   1.1954722e+02   1.1762622e+02   1.3569025e+02   1.7236114e+02   1.3003741e+02   1.4961826e+02
   1.2025596e+02   1.1795670e+02   1.3598506e+02   1.7249449e+02   1.2993777e+02   1.4950662e+02
   1.2008678e+02   1.1782309e+02   1.3553781e+02   1.7235824e+02   1.3001380e+02   1.4884922e+02
   1.1942931e+02   1.1741015e+02   1.3548707e+02   1.7245131e+02   1.2994541e+02   1.4917230e+02
   1.1998125e+02   1.1745004e+02   1.3573908e+02   1.7241792e+02   1.3001632e+02   1.4945420e+02
   1.2030793e+02   1.1735149e+02   1.3547125e+02   1.7225042e+02   1.3021469e+02   1.4939307e+02
   1.1924210e+02   1.1751502e+02   1.3551366e+02   1.7202179e+02   1.2993295e+02   1.4900931e+02
   1.1938025e+02   1.1719247e+02   1.3510049e+02   1.7156261e+02   1.2891992e+02   1.4818633e+02
   1.1948853e+02   1.1734881e+02   1.3484656e+02   1.7148115e+02   1.2879758e+02   1.4897340e+02
   1.1948166e+02   1.1743256e+02   1.3453922e+02   1.7142812e+02   1.2878268e+02   1.4864481e+02
   1.1966551e+02   1.1760606e+02   1.3496867e+02   1.7170833e+02   1.2854870e+02   1.4863098e+02
   1.1969692e+02   1.1771007e+02   1.3474332e+02   1.7230200e+02   1.2905846e+02   1.4933889e+02
   1.1988795e+02   1.1784818e+02   1.3493459e+02   1.7200184e+02   1.2975850e+02   1.4851522e+02
   1.2001870e+02   1.1797193e+02   1.3595832e+02   1.7260414e+02   1.3026711e+02   1.4971248e+02
   1.2078651e+02   1.1853177e+02   1.3616143e+02   1.7279159e+02   1.3062412e+02   1.4977888e+02
   1.2075258e+02   1.1843291e+02   1.3638647e+02   1.7228771e+02   1.3018917e+02   1.4890355e+02
   1.2062138e+02   1.1823657e+02   1.3614874e+02   1.7288351e+02   1.3059447e+02   1.4965349e+02
   1.2050958e+02   1.1833179e+02   1.3668112e+02   1.7251772e+02   1.3043454e+02   1.4934011e+02
   1.2020637e+02   1.1802093e+02   1.3571578e+02   1.7245368e+02   1.3077282e+02   1.4949775e+02
   1.1995481e+02   1.1837736e+02   1.3631548e+02   1.7284737e+02   1.3097311e+02   1.4956110e+02
   1.2045961e+02   1.1757678e+02   1.3622944e+02   1.7291056e+02   1.3067524e+02   1.4980960e+02
   1.2008273e+02   1.1831217e+02   1.3595404e+02   1.7253736e+02   1.3066454e+02   1.4925705e+02
   1.2005285e+02   1.1815593e+02   1.3579349e+02   1.7232217e+02   1.3040214e+02   1.4876677e+02
   1.2001556e+02   1.1787735e+02   1.3599920e+02   1.7260972e+02   1.3061136e+02   1.4933606e+02
   1.2057798e+02   1.1770331e+02   1.3637126e+02   1.7278876e+02   1.3058920e+02   1.4931696e+02
   1.2042904e+02   1.1732029e+02   1.3614209e+02   1.7238346e+02   1.3022455e+02   1.4954773e+02
   1.1982667e+02   1.1766064e+02   1.3567810e+02   1.7225233e+02   1.2974337e+02   1.4929036e+02
   1.2013928e+02   1.1726378e+02   1.3481393e+02   1.7170642e+02   1.2908918e+02   1.4837499e+02
   1.2020263e+02   1.1776872e+02   1.3420743e+02   1.7173859e+02   1.2892909e+02   1.4840739e+02
   1.2075610e+02   1.1819175e+02   1.3505112e+02   1.7223888e+02   1.2921213e+02   1.4888407e+02
   1.2108567e+02   1.1807176e+02   1.3590391e+02   1.7267070e+02   1.2968308e+02   1.4943891e+02
   1.2098641e+02   1.1823367e+02   1.3530841e+02   1.7184298e+02   1.2968140e+02   1.4883555e+02
   1.2039175e+02   1.1816440e+02   1.3508092e+02   1.7186170e+02   1.2925126e+02   1.4850375e+02
   1.1978777e+02   1.1762118e+02   1.3429072e+02   1.7176358e+02   1.2910233e+02   1.4893190e+02
   1.2016900e+02   1.1833340e+02   1.3467860e+02   1.7175304e+02   1.2952765e+02   1.4894084e+02
   1.2067976e+02   1.1771307e+02   1.3544458e+02   1.7226249e+02   1.2972465e+02   1.4934057e+02
   1.2060938e+02   1.1799155e+02   1.3564868e+02   1.7221061e+02   1.3009984e+02   1.4880192e+02
   1.2023755e+02   1.1776583e+02   1.3563409e+02   1.7187186e+02   1.2984408e+02   1.4859751e+02
   1.2038396e+02   1.1797075e+02   1.3606079e+02   1.7258305e+02   1.3058408e+02   1.4922709e+02
   1.2028523e+02   1.1816430e+02   1.3634933e+02   1.7273558e+02   1.3045120e+02   1.4906685e+02
   1.1956113e+02   1.1829866e+02   1.3608096e+02   1.7259979e+02   1.3062626e+02   1.4928945e+02
   1.1958268e+02   1.1729788e+02   1.3529038e+02   1.7222513e+02   1.2960659e+02   1.4906051e+02
   1.1976768e+02   1.1711044e+02   1.3486842e+02   1.7165263e+02   1.2933363e+02   1.4861517e+02
   1.1936153e+02   1.1664559e+02   1.3489547e+02   1.7105560e+02   1.2876175e+02   1.4820016e+02
   1.1913848e+02   1.1704556e+02   1.3518531e+02   1.7127759e+02   1.2929298e+02   1.4858582e+02
   1.1981398e+02   1.1677588e+02   1.3526203e+02   1.7178666e+02   1.2936878e+02   1.4910613e+02
   1.1979075e+02   1.1732651e+02   1.3559397e+02   1.7169565e+02   1.2920411e+02   1.4905829e+02
   1.2002321e+02   1.1695581e+02   1.3540041e+02   1.7157094e+02   1.2876419e+02   1.4890852e+02
   1.2012316e+02   1.1753410e+02   1.3469816e+02   1.7144073e+02   1.2916078e+02   1.4816340e+02
   1.2006615e+02   1.1781987e+02   1.3549945e+02   1.7177420e+02   1.2951153e+02   1.4860332e+02
   1.2029005e+02   1.1811197e+02   1.3598353e+02   1.7235029e+02   1.2959161e+02   1.4938397e+02
   1.2020622e+02   1.1800013e+02   1.3595174e+02   1.7183480e+02   1.2962263e+02   1.4879528e+02
   1.2006569e+02   1.1740264e+02   1.3610839e+02   1.7163391e+02   1.2952390e+02   1.4900297e+02
   1.2038488e+02   1.1706905e+02   1.3590238e+02   1.7178758e+02   1.2998430e+02   1.4906441e+02
   1.2023059e+02   1.1718893e+02   1.3552810e+02   1.7167655e+02   1.3003420e+02   1.4831516e+02
   1.1986999e+02   1.1681212e+02   1.3595266e+02   1.7208949e+02   1.3033008e+02   1.4897485e+02
   1.2048674e+02   1.1726732e+02   1.3580518e+02   1.7172507e+02   1.2951573e+02   1.4860111e+02
   1.1989552e+02   1.1676591e+02   1.3523849e+02   1.7114325e+02   1.2869649e+02   1.4818885e+02
   1.1942381e+02   1.1704964e+02   1.3521862e+02   1.7139610e+02   1.2881149e+02   1.4836445e+02
   1.2047122e+02   1.1683368e+02   1.3532751e+02   1.7170986e+02   1.2898648e+02   1.4843720e+02
   1.2044326e+02   1.1750269e+02   1.3568552e+02   1.7185024e+02   1.2956639e+02   1.4894856e+02
   1.2088875e+02   1.1786802e+02   1.3635483e+02   1.7268117e+02   1.3042881e+02   1.4923076e+02
   1.2069802e+02   1.1793300e+02   1.3652692e+02   1.7278448e+02   1.3077672e+02   1.4969773e+02
   1.2038075e+02   1.1790094e+02   1.3639472e+02   1.7239133e+02   1.3070000e+02   1.4898257e+02
   1.2049155e+02   1.1797782e+02   1.3644019e+02   1.7235022e+02   1.3061083e+02   1.4897814e+02
   1.2044899e+02   1.1793450e+02   1.3623150e+02   1.7234074e+02   1.3061778e+02   1.4939543e+02
   1.2095546e+02   1.1776883e+02   1.3605269e+02   1.7207497e+02   1.3035361e+02   1.4882729e+02
   1.2092505e+02   1.1792046e+02   1.3627612e+02   1.7256082e+02   1.3056842e+02   1.4962155e+02
   1.2144742e+02   1.1798276e+02   1.3644042e+02   1.7199160e+02   1.3042980e+02   1.4875500e+02
   1.2113351e+02   1.1766439e+02   1.3644057e+02   1.7278272e+02   1.3027644e+02   1.4884640e+02
   1.2101980e+02   1.1772369e+02   1.3655236e+02   1.7283575e+02   1.3063887e+02   1.4966541e+02
   1.2117004e+02   1.1812194e+02   1.3665705e+02   1.7313033e+02   1.3049559e+02   1.4963209e+02
   1.2131935e+02   1.1835560e+02   1.3641054e+02   1.7344753e+02   1.3102010e+02   1.4970537e+02
   1.2167666e+02   1.1829876e+02   1.3670917e+02   1.7332741e+02   1.3093169e+02   1.4992208e+02
   1.2098274e+02   1.1843966e+02   1.3599148e+02   1.7191626e+02   1.3070642e+02   1.4930786e+02
   1.2073745e+02   1.1849542e+02   1.3608478e+02   1.7161801e+02   1.3013278e+02   1.4920226e+02
   1.2061580e+02   1.1829726e+02   1.3611237e+02   1.7158691e+02   1.2960918e+02   1.4930679e+02
   1.2114337e+02   1.1805299e+02   1.3622401e+02   1.7186239e+02   1.3001915e+02   1.4901978e+02
   1.2112938e+02   1.1800688e+02   1.3660631e+02   1.7217316e+02   1.2950793e+02   1.4848404e+02
   1.2048284e+02   1.1834905e+02   1.3602678e+02   1.7229436e+02   1.2991576e+02   1.4893664e+02
   1.1997598e+02   1.1701790e+02   1.3585699e+02   1.7144111e+02   1.2917102e+02   1.4850605e+02
   1.2001121e+02   1.1718936e+02   1.3574069e+02   1.7208055e+02   1.2949418e+02   1.4911469e+02
   1.2039382e+02   1.1746087e+02   1.3596191e+02   1.7220526e+02   1.2978616e+02   1.4927057e+02
   1.2009740e+02   1.1698026e+02   1.3569285e+02   1.7237475e+02   1.2982857e+02   1.4926301e+02
   1.2074448e+02   1.1758472e+02   1.3621377e+02   1.7211356e+02   1.2963195e+02   1.4915076e+02
   1.2071048e+02   1.1715108e+02   1.3636064e+02   1.7174486e+02   1.2926784e+02   1.4926515e+02
   1.2110867e+02   1.1752295e+02   1.3671727e+02   1.7194782e+02   1.3021408e+02   1.4941614e+02
   1.2137437e+02   1.1744864e+02   1.3696500e+02   1.7241670e+02   1.3017244e+02   1.4916772e+02
   1.2125073e+02   1.1813073e+02   1.3666691e+02   1.7267727e+02   1.3030074e+02   1.4962246e+02
   1.2111013e+02   1.1823528e+02   1.3629653e+02   1.7266199e+02   1.3027147e+02   1.4921250e+02
   1.2053465e+02   1.1824783e+02   1.3579173e+02   1.7282666e+02   1.3029462e+02   1.4932162e+02
   1.2153018e+02   1.1888767e+02   1.3664307e+02   1.7331472e+02   1.3107374e+02   1.4987562e+02
   1.2140486e+02   1.1884414e+02   1.3696729e+02   1.7294610e+02   1.3137596e+02   1.5026381e+02
   1.2100185e+02   1.1844492e+02   1.3693169e+02   1.7254996e+02   1.3145459e+02   1.5010892e+02
   1.2121848e+02   1.1842197e+02   1.3720173e+02   1.7268124e+02   1.3085084e+02   1.4961795e+02
   1.2116652e+02   1.1773034e+02   1.3670603e+02   1.7280144e+02   1.3067264e+02   1.4954964e+02
   1.2117630e+02   1.1823400e+02   1.3688492e+02   1.7258374e+02   1.3063467e+02   1.4904996e+02
   1.2133112e+02   1.1824740e+02   1.3650644e+02   1.7245154e+02   1.3037532e+02   1.4900343e+02
   1.2032657e+02   1.1795241e+02   1.3618382e+02   1.7198098e+02   1.3028973e+02   1.4891578e+02
   1.2041254e+02   1.1803798e+02   1.3586372e+02   1.7191420e+02   1.3011123e+02   1.4863343e+02
   1.2035271e+02   1.1723332e+02   1.3606369e+02   1.7208743e+02   1.2994449e+02   1.4907549e+02
   1.2094698e+02   1.1792185e+02   1.3616662e+02   1.7244352e+02   1.3017626e+02   1.4897202e+02
   1.2092054e+02   1.1713124e+02   1.3635789e+02   1.7240248e+02   1.2987556e+02   1.4882767e+02
   1.2040979e+02   1.1770996e+02   1.3610022e+02   1.7257419e+02   1.2990391e+02   1.4890394e+02
   1.2067884e+02   1.1757646e+02   1.3643996e+02   1.7259207e+02   1.3029286e+02   1.4877136e+02
   1.2070169e+02   1.1819046e+02   1.3664681e+02   1.7227648e+02   1.3041299e+02   1.4930985e+02
   1.2082808e+02   1.1836364e+02   1.3663183e+02   1.7209270e+02   1.3031395e+02   1.4879520e+02
   1.2092772e+02   1.1816901e+02   1.3651469e+02   1.7256280e+02   1.3006324e+02   1.4932147e+02
   1.2113488e+02   1.1830884e+02   1.3669075e+02   1.7182808e+02   1.2987908e+02   1.4882057e+02
   1.2064614e+02   1.1777880e+02   1.3622294e+02   1.7194232e+02   1.2985753e+02   1.4920478e+02
   1.2095585e+02   1.1775082e+02   1.3588297e+02   1.7190541e+02   1.2993318e+02   1.4921449e+02
   1.2097946e+02   1.1799434e+02   1.3673369e+02   1.7238101e+02   1.3017007e+02   1.4858399e+02
   1.2082334e+02   1.1812355e+02   1.3674034e+02   1.7259306e+02   1.2980114e+02   1.4924627e+02
   1.2073959e+02   1.1820944e+02   1.3624716e+02   1.7203424e+02   1.2962485e+02   1.4875493e+02
   1.2089273e+02   1.1840149e+02   1.3589199e+02   1.7223987e+02   1.3008410e+02   1.4909024e+02
   1.2144566e+02   1.1793300e+02   1.3652057e+02   1.7233982e+02   1.3075632e+02   1.4916008e+02
   1.2089609e+02   1.1809449e+02   1.3671360e+02   1.7280259e+02   1.3052960e+02   1.4933698e+02
   1.2060694e+02   1.1730946e+02   1.3609953e+02   1.7193131e+02   1.2968682e+02   1.4886336e+02
   1.2014791e+02   1.1747073e+02   1.3559810e+02   1.7205014e+02   1.3008272e+02   1.4906563e+02
   1.2040895e+02   1.1744864e+02   1.3598353e+02   1.7168854e+02   1.2911020e+02   1.4844751e+02
   1.2049919e+02   1.1793322e+02   1.3567008e+02   1.7173707e+02   1.2925798e+02   1.4886741e+02
   1.2072744e+02   1.1823614e+02   1.3593348e+02   1.7186323e+02   1.2942273e+02   1.4864772e+02
   1.2079476e+02   1.1824386e+02   1.3581122e+02   1.7208720e+02   1.2964678e+02   1.4902391e+02
   1.2096563e+02   1.1847441e+02   1.3571837e+02   1.7181585e+02   1.2990407e+02   1.4856794e+02
   1.2131859e+02   1.1785537e+02   1.3597421e+02   1.7211616e+02   1.3009457e+02   1.4883952e+02
   1.2096043e+02   1.1757850e+02   1.3641314e+02   1.7261446e+02   1.3029539e+02   1.4944235e+02
   1.2173802e+02   1.1829490e+02   1.3683189e+02   1.7283675e+02   1.3055458e+02   1.4913387e+02
   1.2162157e+02   1.1781247e+02   1.3705937e+02   1.7304383e+02   1.2974260e+02   1.4910376e+02
   1.2110241e+02   1.1830209e+02   1.3607836e+02   1.7207688e+02   1.2924041e+02   1.4850712e+02
   1.2129176e+02   1.1781462e+02   1.3609655e+02   1.7215460e+02   1.2951000e+02   1.4859774e+02
   1.2098450e+02   1.1762782e+02   1.3612933e+02   1.7244337e+02   1.2974192e+02   1.4924482e+02
   1.2092734e+02   1.1809524e+02   1.3572067e+02   1.7191893e+02   1.2939408e+02   1.4830232e+02
   1.2030449e+02   1.1749754e+02   1.3510278e+02   1.7204318e+02   1.2902851e+02   1.4838371e+02
   1.2040237e+02   1.1795756e+02   1.3528839e+02   1.7205197e+02   1.2983415e+02   1.4896958e+02
   1.2095821e+02   1.1795970e+02   1.3630944e+02   1.7261820e+02   1.3064475e+02   1.4924337e+02
   1.2040589e+02   1.1800174e+02   1.3621369e+02   1.7220182e+02   1.3038471e+02   1.4925812e+02
   1.2025795e+02   1.1755845e+02   1.3602518e+02   1.7206030e+02   1.3003390e+02   1.4878037e+02
   1.1966880e+02   1.1735171e+02   1.3599431e+02   1.7231652e+02   1.2977791e+02   1.4926882e+02
   1.1992692e+02   1.1771800e+02   1.3552948e+02   1.7091263e+02   1.2968965e+02   1.4850903e+02
   1.2063215e+02   1.1761142e+02   1.3464208e+02   1.7222207e+02   1.2991224e+02   1.4933430e+02
   1.2059433e+02   1.1781709e+02   1.3566481e+02   1.7211937e+02   1.3011062e+02   1.4885480e+02
   1.2126563e+02   1.1800742e+02   1.3668341e+02   1.7274413e+02   1.3049559e+02   1.4912233e+02
   1.2095699e+02   1.1850636e+02   1.3684144e+02   1.7238499e+02   1.3122161e+02   1.4935906e+02
   1.2027652e+02   1.1747599e+02   1.3693077e+02   1.7162772e+02   1.3070619e+02   1.4880658e+02
   1.1986319e+02   1.1778921e+02   1.3606721e+02   1.7148688e+02   1.2992860e+02   1.4881896e+02
   1.2023625e+02   1.1737916e+02   1.3582979e+02   1.7166791e+02   1.2986639e+02   1.4822346e+02
   1.2018589e+02   1.1737369e+02   1.3581045e+02   1.7189081e+02   1.2990529e+02   1.4865528e+02
   1.1995283e+02   1.1723976e+02   1.3543342e+02   1.7161870e+02   1.2965465e+02   1.4821345e+02
   1.2052296e+02   1.1719043e+02   1.3583644e+02   1.7201567e+02   1.2985898e+02   1.4834825e+02
   1.2037892e+02   1.1734055e+02   1.3565182e+02   1.7173432e+02   1.2994877e+02   1.4819030e+02
   1.2030747e+02   1.1763158e+02   1.3586020e+02   1.7156811e+02   1.3024365e+02   1.4823195e+02
   1.1951872e+02   1.1719397e+02   1.3537298e+02   1.7118207e+02   1.2998086e+02   1.4880704e+02
   1.1972809e+02   1.1755920e+02   1.3545811e+02   1.7116946e+02   1.2970890e+02   1.4854647e+02
   1.2005606e+02   1.1727300e+02   1.3588817e+02   1.7123945e+02   1.2983881e+02   1.4873544e+02
   1.1970838e+02   1.1742065e+02   1.3637760e+02   1.7162879e+02   1.2966306e+02   1.4921158e+02
   1.2020033e+02   1.1759405e+02   1.3594464e+02   1.7149162e+02   1.2926471e+02   1.4909688e+02
   1.1989880e+02   1.1747202e+02   1.3534478e+02   1.7102954e+02   1.2870955e+02   1.4850880e+02
   1.1965603e+02   1.1774610e+02   1.3543060e+02   1.7142445e+02   1.2923544e+02   1.4823516e+02
   1.2021187e+02   1.1731557e+02   1.3588389e+02   1.7166463e+02   1.2978180e+02   1.4875615e+02
   1.2045075e+02   1.1797075e+02   1.3601158e+02   1.7159730e+02   1.3037807e+02   1.4832586e+02
   1.2037662e+02   1.1799788e+02   1.3633267e+02   1.7203776e+02   1.2986426e+02   1.4862525e+02
   1.2072805e+02   1.1833855e+02   1.3667684e+02   1.7220396e+02   1.2973985e+02   1.4850536e+02
   1.2063078e+02   1.1777709e+02   1.3666630e+02   1.7182960e+02   1.2952818e+02   1.4844430e+02
   1.2032313e+02   1.1800785e+02   1.3646219e+02   1.7202782e+02   1.3006614e+02   1.4826236e+02
   1.1982514e+02   1.1754654e+02   1.3625511e+02   1.7167571e+02   1.2970890e+02   1.4812978e+02
   1.1993281e+02   1.1770374e+02   1.3593952e+02   1.7182815e+02   1.3045891e+02   1.4879489e+02
   1.2043348e+02   1.1757249e+02   1.3623830e+02   1.7161870e+02   1.3059218e+02   1.4883333e+02
   1.2015158e+02   1.1806286e+02   1.3631105e+02   1.7178620e+02   1.3078742e+02   1.4879459e+02
   1.2037509e+02   1.1758772e+02   1.3630142e+02   1.7180332e+02   1.3002862e+02   1.4845126e+02
   1.2055146e+02   1.1793536e+02   1.3563485e+02   1.7141253e+02   1.2927594e+02   1.4823821e+02
   1.2062688e+02   1.1752949e+02   1.3564364e+02   1.7146060e+02   1.2944550e+02   1.4799521e+02
   1.2064721e+02   1.1735632e+02   1.3558557e+02   1.7178918e+02   1.2963188e+02   1.4862999e+02
   1.2043753e+02   1.1772036e+02   1.3551290e+02   1.7100945e+02   1.2941960e+02   1.4815844e+02
   1.2026880e+02   1.1709768e+02   1.3600676e+02   1.7126093e+02   1.2916873e+02   1.4848526e+02
   1.2043034e+02   1.1764498e+02   1.3590689e+02   1.7144188e+02   1.2974352e+02   1.4885014e+02
   1.2053511e+02   1.1807744e+02   1.3663497e+02   1.7123518e+02   1.3029737e+02   1.4913624e+02
   1.2036638e+02   1.1804602e+02   1.3677397e+02   1.7149437e+02   1.3048100e+02   1.4884044e+02
   1.2049140e+02   1.1797450e+02   1.3657651e+02   1.7180294e+02   1.3053777e+02   1.4933193e+02
   1.2048223e+02   1.1790555e+02   1.3624579e+02   1.7110558e+02   1.2974642e+02   1.4809944e+02
   1.2051952e+02   1.1812580e+02   1.3541998e+02   1.7169389e+02   1.2897387e+02   1.4832128e+02
   1.2087202e+02   1.1813245e+02   1.3599981e+02   1.7191259e+02   1.2904066e+02   1.4826878e+02
   1.2077719e+02   1.1707066e+02   1.3613988e+02   1.7174295e+02   1.2899343e+02   1.4827634e+02
   1.2018299e+02   1.1786030e+02   1.3553444e+02   1.7134529e+02   1.2894025e+02   1.4808065e+02
   1.2042209e+02   1.1753421e+02   1.3537375e+02   1.7151592e+02   1.2896531e+02   1.4843429e+02
   1.2075579e+02   1.1836064e+02   1.3608425e+02   1.7169152e+02   1.2967452e+02   1.4835864e+02
   1.2143901e+02   1.1841639e+02   1.3653983e+02   1.7241341e+02   1.2997406e+02   1.4878343e+02
   1.2066692e+02   1.1825308e+02   1.3669197e+02   1.7194010e+02   1.3025726e+02   1.4845477e+02
   1.2044249e+02   1.1769849e+02   1.3676266e+02   1.7238575e+02   1.3015043e+02   1.4910147e+02
   1.2058004e+02   1.1823668e+02   1.3663367e+02   1.7147153e+02   1.3033252e+02   1.4893748e+02
   1.2015112e+02   1.1783982e+02   1.3641520e+02   1.7149858e+02   1.3003649e+02   1.4930099e+02
   1.2055742e+02   1.1806586e+02   1.3577209e+02   1.7100608e+02   1.2939499e+02   1.4839754e+02
   1.2052983e+02   1.1781419e+02   1.3504791e+02   1.7070463e+02   1.2862160e+02   1.4757111e+02
   1.2024366e+02   1.1761571e+02   1.3514588e+02   1.7131763e+02   1.2872644e+02   1.4805337e+02
   1.2048185e+02   1.1769999e+02   1.3536450e+02   1.7089635e+02   1.2923170e+02   1.4782978e+02
   1.1987022e+02   1.1761581e+02   1.3554614e+02   1.7186942e+02   1.2964090e+02   1.4863007e+02
   1.2053358e+02   1.1816966e+02   1.3628124e+02   1.7207994e+02   1.3003214e+02   1.4860508e+02
   1.2075870e+02   1.1764230e+02   1.3661640e+02   1.7209858e+02   1.2986716e+02   1.4890615e+02
   1.2047871e+02   1.1830230e+02   1.3626527e+02   1.7229604e+02   1.2995847e+02   1.4870954e+02
   1.2033100e+02   1.1763994e+02   1.3600974e+02   1.7181684e+02   1.2968262e+02   1.4841412e+02
   1.1994679e+02   1.1808151e+02   1.3565021e+02   1.7217530e+02   1.2967307e+02   1.4879314e+02
   1.2013981e+02   1.1777913e+02   1.3587900e+02   1.7122394e+02   1.2971578e+02   1.4828498e+02
   1.1961141e+02   1.1732222e+02   1.3579334e+02   1.7197158e+02   1.2995542e+02   1.4872994e+02
   1.2000273e+02   1.1749271e+02   1.3611000e+02   1.7152716e+02   1.2999171e+02   1.4818579e+02
   1.1994427e+02   1.1762793e+02   1.3551771e+02   1.7200727e+02   1.2974016e+02   1.4860668e+02
   1.2046679e+02   1.1830530e+02   1.3597436e+02   1.7128813e+02   1.2971188e+02   1.4783436e+02
   1.2068801e+02   1.1777355e+02   1.3621874e+02   1.7169871e+02   1.2939522e+02   1.4826022e+02
   1.2059968e+02   1.1801728e+02   1.3637218e+02   1.7176106e+02   1.2968911e+02   1.4832387e+02
   1.2058814e+02   1.1789172e+02   1.3617212e+02   1.7226708e+02   1.2924407e+02   1.4837393e+02
   1.2050370e+02   1.1797461e+02   1.3628896e+02   1.7219410e+02   1.2939652e+02   1.4828230e+02
   1.2071002e+02   1.1780132e+02   1.3576285e+02   1.7257190e+02   1.2953139e+02   1.4871619e+02
   1.2099810e+02   1.1845618e+02   1.3544405e+02   1.7170153e+02   1.2965473e+02   1.4831738e+02
   1.2135557e+02   1.1874431e+02   1.3562423e+02   1.7211822e+02   1.3019719e+02   1.4905027e+02
   1.2110569e+02   1.1879020e+02   1.3607706e+02   1.7180699e+02   1.3091832e+02   1.4873582e+02
   1.2092834e+02   1.1827935e+02   1.3646953e+02   1.7251497e+02   1.3059508e+02   1.4905799e+02
   1.2097541e+02   1.1795541e+02   1.3647870e+02   1.7167028e+02   1.3001693e+02   1.4827925e+02
   1.2055375e+02   1.1746312e+02   1.3636920e+02   1.7195844e+02   1.2979938e+02   1.4882477e+02
   1.2059540e+02   1.1753464e+02   1.3611611e+02   1.7197097e+02   1.3007569e+02   1.4898593e+02
   1.2036134e+02   1.1749143e+02   1.3649360e+02   1.7182815e+02   1.2950962e+02   1.4915832e+02
   1.2054695e+02   1.1774149e+02   1.3645402e+02   1.7101678e+02   1.2980182e+02   1.4860584e+02
   1.2089915e+02   1.1796989e+02   1.3624984e+02   1.7154886e+02   1.3007279e+02   1.4850146e+02
   1.2084581e+02   1.1805321e+02   1.3640274e+02   1.7173516e+02   1.2999546e+02   1.4875019e+02
   1.2061626e+02   1.1776690e+02   1.3658858e+02   1.7175288e+02   1.2991148e+02   1.4863503e+02
   1.2060755e+02   1.1810167e+02   1.3620452e+02   1.7171154e+02   1.3003260e+02   1.4900694e+02
   1.2066432e+02   1.1799905e+02   1.3642383e+02   1.7217706e+02   1.3015241e+02   1.4891463e+02
   1.2097503e+02   1.1792378e+02   1.3662717e+02   1.7239820e+02   1.3053380e+02   1.4958876e+02
   1.2126937e+02   1.1855011e+02   1.3644867e+02   1.7193391e+02   1.3097013e+02   1.4901711e+02
   1.2100009e+02   1.1877615e+02   1.3726210e+02   1.7257144e+02   1.3144038e+02   1.4945687e+02
   1.2147837e+02   1.1869637e+02   1.3753391e+02   1.7281604e+02   1.3138506e+02   1.4912905e+02
   1.2147187e+02   1.1825920e+02   1.3716681e+02   1.7239927e+02   1.3100635e+02   1.4936900e+02
   1.2063192e+02   1.1817148e+02   1.3667547e+02   1.7161671e+02   1.3025833e+02   1.4841366e+02
   1.2031121e+02   1.1792281e+02   1.3644676e+02   1.7108808e+02   1.2974092e+02   1.4841381e+02
   1.2015739e+02   1.1778803e+02   1.3632549e+02   1.7127040e+02   1.3008830e+02   1.4891983e+02
   1.2049789e+02   1.1821663e+02   1.3622623e+02   1.7109641e+02   1.3018061e+02   1.4825686e+02
   1.2003597e+02   1.1763801e+02   1.3636072e+02   1.7121600e+02   1.3004536e+02   1.4855090e+02
   1.2052556e+02   1.1821695e+02   1.3655657e+02   1.7174142e+02   1.2999003e+02   1.4847892e+02
   1.2088623e+02   1.1787788e+02   1.3699289e+02   1.7135133e+02   1.2921412e+02   1.4826886e+02
   1.2021355e+02   1.1815679e+02   1.3603664e+02   1.7129035e+02   1.2941692e+02   1.4816692e+02
   1.2044601e+02   1.1823882e+02   1.3677993e+02   1.7136890e+02   1.2930651e+02   1.4819542e+02
   1.2090465e+02   1.1846658e+02   1.3661693e+02   1.7227480e+02   1.3041261e+02   1.4899907e+02
   1.2169248e+02   1.1894032e+02   1.3711447e+02   1.7193414e+02   1.3065232e+02   1.4881552e+02
   1.2098855e+02   1.1895737e+02   1.3614760e+02   1.7231438e+02   1.3085153e+02   1.4903040e+02
   1.2105816e+02   1.1869026e+02   1.3679208e+02   1.7177726e+02   1.3025878e+02   1.4853172e+02
   1.2102118e+02   1.1785708e+02   1.3658713e+02   1.7129195e+02   1.2982689e+02   1.4804313e+02
   1.2019338e+02   1.1785322e+02   1.3621530e+02   1.7128912e+02   1.3044378e+02   1.4842955e+02
   1.2076168e+02   1.1795670e+02   1.3618596e+02   1.7212724e+02   1.3034926e+02   1.4880085e+02
   1.2085528e+02   1.1862807e+02   1.3642506e+02   1.7232011e+02   1.3085894e+02   1.4915664e+02
   1.2062971e+02   1.1818746e+02   1.3615822e+02   1.7151164e+02   1.3069396e+02   1.4807751e+02
   1.2033964e+02   1.1805256e+02   1.3582727e+02   1.7169450e+02   1.3062443e+02   1.4871450e+02
   1.2051111e+02   1.1817170e+02   1.3619895e+02   1.7165148e+02   1.3004368e+02   1.4810342e+02
   1.2042285e+02   1.1740285e+02   1.3624006e+02   1.7162099e+02   1.3013346e+02   1.4838523e+02
   1.2007410e+02   1.1750998e+02   1.3631479e+02   1.7118917e+02   1.2956624e+02   1.4831004e+02
   1.2014791e+02   1.1722067e+02   1.3521625e+02   1.7128393e+02   1.2937283e+02   1.4870816e+02
   1.2052021e+02   1.1794962e+02   1.3529595e+02   1.7095321e+02   1.2970822e+02   1.4824799e+02
   1.1986487e+02   1.1740972e+02   1.3503324e+02   1.7094885e+02   1.2918478e+02   1.4824861e+02
   1.2031144e+02   1.1740940e+02   1.3569010e+02   1.7061438e+02   1.2913442e+02   1.4802800e+02
   1.2028202e+02   1.1717520e+02   1.3655221e+02   1.7117893e+02   1.2964380e+02   1.4838485e+02
   1.2039634e+02   1.1750108e+02   1.3717415e+02   1.7207726e+02   1.3027751e+02   1.4930145e+02
   1.2049873e+02   1.1738001e+02   1.3705479e+02   1.7141200e+02   1.2980480e+02   1.4875149e+02
   1.1941319e+02   1.1752499e+02   1.3539613e+02   1.7130731e+02   1.2952497e+02   1.4852026e+02
   1.2021279e+02   1.1757496e+02   1.3497570e+02   1.7127140e+02   1.2946499e+02   1.4858697e+02
   1.2010245e+02   1.1786394e+02   1.3515000e+02   1.7127193e+02   1.2998873e+02   1.4886405e+02
   1.2006409e+02   1.1775339e+02   1.3609701e+02   1.7123563e+02   1.3012208e+02   1.4885129e+02
   1.1998882e+02   1.1733144e+02   1.3597536e+02   1.7085906e+02   1.2970317e+02   1.4893175e+02
   1.1979885e+02   1.1740146e+02   1.3578929e+02   1.7044016e+02   1.2909873e+02   1.4860928e+02
   1.1954676e+02   1.1667369e+02   1.3504371e+02   1.7021917e+02   1.2840260e+02   1.4816585e+02
   1.1887599e+02   1.1719225e+02   1.3398468e+02   1.7002546e+02   1.2871062e+02   1.4764952e+02
   1.1957160e+02   1.1705564e+02   1.3436286e+02   1.7049036e+02   1.2879063e+02   1.4804985e+02
   1.1965726e+02   1.1761903e+02   1.3424915e+02   1.7094411e+02   1.2887278e+02   1.4848144e+02
   1.1999042e+02   1.1789536e+02   1.3482471e+02   1.7069508e+02   1.3000325e+02   1.4810479e+02
   1.1999012e+02   1.1756134e+02   1.3541852e+02   1.7146725e+02   1.3055466e+02   1.4909895e+02
   1.2033544e+02   1.1828836e+02   1.3651232e+02   1.7136753e+02   1.3066248e+02   1.4858941e+02
   1.2054993e+02   1.1818381e+02   1.3662947e+02   1.7171521e+02   1.3057690e+02   1.4877304e+02
   1.1990629e+02   1.1802597e+02   1.3661625e+02   1.7199726e+02   1.3078536e+02   1.4927042e+02
   1.2020836e+02   1.1805503e+02   1.3687384e+02   1.7128484e+02   1.3069687e+02   1.4838753e+02
   1.1968354e+02   1.1793922e+02   1.3660570e+02   1.7191840e+02   1.3081692e+02   1.4906685e+02
   1.2133020e+02   1.1837886e+02   1.3687353e+02   1.7206076e+02   1.3090556e+02   1.4841251e+02
   1.2097663e+02   1.1838583e+02   1.3594204e+02   1.7181608e+02   1.3023013e+02   1.4834244e+02
   1.1985204e+02   1.1798887e+02   1.3523742e+02   1.7118000e+02   1.3005537e+02   1.4841374e+02
   1.2012400e+02   1.1832675e+02   1.3530008e+02   1.7120232e+02   1.3003710e+02   1.4852759e+02
   1.2040299e+02   1.1891737e+02   1.3605254e+02   1.7169213e+02   1.3100749e+02   1.4883692e+02
   1.2057102e+02   1.1875374e+02   1.3711325e+02   1.7211883e+02   1.3085879e+02   1.4890355e+02
   1.2046679e+02   1.1833651e+02   1.3681294e+02   1.7165263e+02   1.3065759e+02   1.4880949e+02
   1.1982216e+02   1.1780368e+02   1.3652692e+02   1.7117611e+02   1.2949731e+02   1.4756798e+02
   1.1923109e+02   1.1763265e+02   1.3502720e+02   1.7100761e+02   1.2917301e+02   1.4785797e+02
   1.1986327e+02   1.1749153e+02   1.3534463e+02   1.7102985e+02   1.2922062e+02   1.4776750e+02
   1.1985219e+02   1.1744821e+02   1.3567574e+02   1.7125527e+02   1.2950388e+02   1.4808584e+02
   1.1996803e+02   1.1744510e+02   1.3594464e+02   1.7172988e+02   1.2963669e+02   1.4838821e+02
   1.1999814e+02   1.1778170e+02   1.3558633e+02   1.7184672e+02   1.2959703e+02   1.4864023e+02
   1.2065882e+02   1.1797697e+02   1.3571089e+02   1.7160632e+02   1.3010901e+02   1.4819427e+02
   1.2022356e+02   1.1771146e+02   1.3582994e+02   1.7175533e+02   1.3060158e+02   1.4869005e+02
   1.2031121e+02   1.1824365e+02   1.3640274e+02   1.7063395e+02   1.3021462e+02   1.4795601e+02
   1.1929299e+02   1.1730292e+02   1.3594800e+02   1.7081214e+02   1.3004559e+02   1.4861601e+02
   1.1974368e+02   1.1745046e+02   1.3614637e+02   1.7081849e+02   1.3013904e+02   1.4840357e+02
   1.1929070e+02   1.1754343e+02   1.3523903e+02   1.7054248e+02   1.2951466e+02   1.4773930e+02
   1.1883687e+02   1.1749893e+02   1.3526837e+02   1.7062057e+02   1.2988779e+02   1.4774030e+02
   1.1977394e+02   1.1700492e+02   1.3556432e+02   1.7093571e+02   1.2958809e+02   1.4775642e+02
   1.1913168e+02   1.1749861e+02   1.3549906e+02   1.7079113e+02   1.2966382e+02   1.4783375e+02
   1.1929337e+02   1.1726120e+02   1.3534639e+02   1.7081451e+02   1.2951244e+02   1.4793294e+02
   1.1946232e+02   1.1739428e+02   1.3544068e+02   1.7068935e+02   1.2975407e+02   1.4795456e+02
   1.1949113e+02   1.1730002e+02   1.3537581e+02   1.7082758e+02   1.2990628e+02   1.4766434e+02
   1.1947967e+02   1.1736254e+02   1.3583170e+02   1.7144241e+02   1.3035545e+02   1.4847601e+02
   1.1976768e+02   1.1731203e+02   1.3604023e+02   1.7107218e+02   1.3046350e+02   1.4810074e+02
   1.1955616e+02   1.1743728e+02   1.3484862e+02   1.7081321e+02   1.2958565e+02   1.4814254e+02
   1.1993372e+02   1.1699463e+02   1.3521725e+02   1.7071135e+02   1.2973794e+02   1.4823531e+02
   1.2032023e+02   1.1779864e+02   1.3580961e+02   1.7127499e+02   1.2999194e+02   1.4834481e+02
   1.2049170e+02   1.1769398e+02   1.3573885e+02   1.7141185e+02   1.2999362e+02   1.4787685e+02
   1.2007356e+02   1.1766139e+02   1.3531972e+02   1.7139007e+02   1.3007715e+02   1.4873200e+02
   1.2013936e+02   1.1828161e+02   1.3579487e+02   1.7091133e+02   1.3054656e+02   1.4799315e+02
   1.1990430e+02   1.1819625e+02   1.3570752e+02   1.7140864e+02   1.3072957e+02   1.4871359e+02
   1.1981964e+02   1.1819443e+02   1.3627230e+02   1.7123395e+02   1.3025053e+02   1.4814369e+02
   1.2005805e+02   1.1781473e+02   1.3645868e+02   1.7165240e+02   1.3015318e+02   1.4869792e+02
   1.2022074e+02   1.1789268e+02   1.3642513e+02   1.7097926e+02   1.3050537e+02   1.4836926e+02
   1.2022349e+02   1.1799069e+02   1.3659156e+02   1.7158454e+02   1.3042399e+02   1.4820375e+02
   1.2017504e+02   1.1885893e+02   1.3592744e+02   1.7154970e+02   1.3022753e+02   1.4909734e+02
   1.2106764e+02   1.1819582e+02   1.3607729e+02   1.7108280e+02   1.3046205e+02   1.4839784e+02
   1.2068748e+02   1.1868726e+02   1.3640236e+02   1.7172377e+02   1.3063979e+02   1.4910384e+02
   1.2096349e+02   1.1865488e+02   1.3669656e+02   1.7141781e+02   1.3053953e+02   1.4834084e+02
   1.2018100e+02   1.1857906e+02   1.3611764e+02   1.7111627e+02   1.3033229e+02   1.4818870e+02
   1.2042224e+02   1.1800956e+02   1.3579066e+02   1.7166868e+02   1.3034269e+02   1.4820222e+02
   1.2055795e+02   1.1754279e+02   1.3636859e+02   1.7215482e+02   1.3032389e+02   1.4851980e+02
   1.2101690e+02   1.1832804e+02   1.3664758e+02   1.7178551e+02   1.3056490e+02   1.4828964e+02
   1.2089991e+02   1.1792013e+02   1.3658858e+02   1.7123731e+02   1.2998186e+02   1.4791169e+02
   1.2020079e+02   1.1750547e+02   1.3615860e+02   1.7155436e+02   1.3019681e+02   1.4866973e+02
   1.2068526e+02   1.1766332e+02   1.3604627e+02   1.7159195e+02   1.2974658e+02   1.4830339e+02
   1.2052854e+02   1.1757957e+02   1.3531154e+02   1.7088925e+02   1.2971013e+02   1.4812084e+02
   1.2038350e+02   1.1716652e+02   1.3571593e+02   1.7109404e+02   1.3036141e+02   1.4853608e+02
   1.2027224e+02   1.1862067e+02   1.3613942e+02   1.7169993e+02   1.3017236e+02   1.4851537e+02
   1.2021073e+02   1.1807798e+02   1.3617503e+02   1.7186605e+02   1.3045127e+02   1.4852469e+02
   1.1928229e+02   1.1752960e+02   1.3508902e+02   1.7070960e+02   1.2955814e+02   1.4758984e+02
   1.1928741e+02   1.1772723e+02   1.3494246e+02   1.7020939e+02   1.2966176e+02   1.4806154e+02
   1.1938576e+02   1.1701104e+02   1.3501207e+02   1.7069706e+02   1.2979227e+02   1.4819725e+02
   1.1953438e+02   1.1738677e+02   1.3550839e+02   1.7001124e+02   1.2940684e+02   1.4785018e+02
   1.1902783e+02   1.1704696e+02   1.3511157e+02   1.7004425e+02   1.2873447e+02   1.4804794e+02
   1.1929406e+02   1.1774696e+02   1.3507153e+02   1.6981906e+02   1.2879139e+02   1.4783406e+02
   1.1983240e+02   1.1789086e+02   1.3544382e+02   1.7044566e+02   1.2972021e+02   1.4816898e+02
   1.2018803e+02   1.1889164e+02   1.3605506e+02   1.7127499e+02   1.3099343e+02   1.4905585e+02
   1.2026009e+02   1.1842079e+02   1.3655985e+02   1.7116166e+02   1.3056566e+02   1.4888697e+02
   1.1989407e+02   1.1868447e+02   1.3604703e+02   1.7143882e+02   1.3047145e+02   1.4911752e+02
   1.1984035e+02   1.1787435e+02   1.3608310e+02   1.7080168e+02   1.2924140e+02   1.4800775e+02
   1.1971365e+02   1.1764959e+02   1.3528892e+02   1.7094602e+02   1.2943526e+02   1.4866277e+02
   1.2008067e+02   1.1796206e+02   1.3521167e+02   1.7091064e+02   1.2913549e+02   1.4831723e+02
   1.2011009e+02   1.1802576e+02   1.3551007e+02   1.7109006e+02   1.3019513e+02   1.4916711e+02
   1.1986365e+02   1.1835677e+02   1.3620078e+02   1.7070921e+02   1.3054618e+02   1.4861364e+02
   1.1947187e+02   1.1777773e+02   1.3597956e+02   1.7039431e+02   1.2956226e+02   1.4821269e+02
   1.1935863e+02   1.1813148e+02   1.3541394e+02   1.7009683e+02   1.2913381e+02   1.4814002e+02
   1.1925501e+02   1.1705028e+02   1.3471452e+02   1.7103527e+02   1.2948776e+02   1.4819641e+02
   1.1985349e+02   1.1793107e+02   1.3514603e+02   1.7119743e+02   1.2959199e+02   1.4803587e+02
   1.1987489e+02   1.1762214e+02   1.3556325e+02   1.7111658e+02   1.2939729e+02   1.4820031e+02
