   6.4792379e+01   7.3135442e+01   1.5106933e+02   1.8396492e+02   1.4546739e+02   1.5446642e+02
   6.4881561e+01   7.3562441e+01   1.5137043e+02   1.8407488e+02   1.4624243e+02   1.5432017e+02
   6.5150384e+01   7.3803752e+01   1.5231583e+02   1.8502582e+02   1.4632156e+02   1.5520892e+02
   6.5201406e+01   7.4971294e+01   1.5291523e+02   1.8545060e+02   1.4677241e+02   1.5627382e+02
   6.5382836e+01   7.4610903e+01   1.5286021e+02   1.8509907e+02   1.4677940e+02   1.5627569e+02
   6.5417674e+01   7.4450172e+01   1.5241864e+02   1.8496457e+02   1.4657429e+02   1.5597391e+02
   6.5374148e+01   7.4651874e+01   1.5230373e+02   1.8499336e+02   1.4665103e+02   1.5617672e+02
   6.5119805e+01   7.4668740e+01   1.5265067e+02   1.8573067e+02   1.4665700e+02   1.5659034e+02
   6.5319464e+01   7.3840549e+01   1.5231711e+02   1.8517922e+02   1.4641168e+02   1.5576386e+02
   6.5114013e+01   7.4225130e+01   1.5210731e+02   1.8486057e+02   1.4612105e+02   1.5548268e+02
   6.5266483e+01   7.4528962e+01   1.5235850e+02   1.8480674e+02   1.4630325e+02   1.5591190e+02
   6.5281730e+01   7.4541227e+01   1.5274010e+02   1.8558357e+02   1.4634865e+02   1.5661223e+02
   6.5525851e+01   7.4679387e+01   1.5287077e+02   1.8547335e+02   1.4672727e+02   1.5686078e+02
   6.5175768e+01   7.4741567e+01   1.5285535e+02   1.8523527e+02   1.4693025e+02   1.5681334e+02
   6.5359157e+01   7.4704515e+01   1.5266131e+02   1.8460776e+02   1.4661245e+02   1.5574852e+02
   6.4995956e+01   7.4161161e+01   1.5232801e+02   1.8448911e+02   1.4573971e+02   1.5523132e+02
   6.5160861e+01   7.4293358e+01   1.5227469e+02   1.8458664e+02   1.4600232e+02   1.5568072e+02
   6.5046381e+01   7.4570784e+01   1.5254326e+02   1.8539421e+02   1.4641024e+02   1.5656513e+02
   6.5287692e+01   7.4219849e+01   1.5268286e+02   1.8534413e+02   1.4669788e+02   1.5678140e+02
   6.5048170e+01   7.4247958e+01   1.5258568e+02   1.8468067e+02   1.4629397e+02   1.5645678e+02
   6.5164524e+01   7.4449575e+01   1.5215978e+02   1.8475955e+02   1.4634499e+02   1.5680133e+02
   6.5203365e+01   7.4527940e+01   1.5221660e+02   1.8514600e+02   1.4632455e+02   1.5693012e+02
   6.5596634e+01   7.4879045e+01   1.5237418e+02   1.8532292e+02   1.4636407e+02   1.5643600e+02
   6.5080368e+01   7.4865076e+01   1.5256864e+02   1.8507573e+02   1.4635214e+02   1.5676087e+02
   6.5324489e+01   7.4649404e+01   1.5216532e+02   1.8478544e+02   1.4596867e+02   1.5668242e+02
   6.5361712e+01   7.4800000e+01   1.5212818e+02   1.8499371e+02   1.4604405e+02   1.5628574e+02
   6.5436669e+01   7.4930919e+01   1.5254036e+02   1.8512445e+02   1.4606594e+02   1.5647552e+02
   6.5506345e+01   7.4619081e+01   1.5287162e+02   1.8488766e+02   1.4648775e+02   1.5683072e+02
   6.5268527e+01   7.4533987e+01   1.5269326e+02   1.8431952e+02   1.4619482e+02   1.5607552e+02
   6.5320741e+01   7.4562011e+01   1.5248934e+02   1.8476977e+02   1.4631432e+02   1.5610806e+02
   6.5595697e+01   7.4559370e+01   1.5264939e+02   1.8491168e+02   1.4662437e+02   1.5692288e+02
   6.5651745e+01   7.3966784e+01   1.5245612e+02   1.8506909e+02   1.4634831e+02   1.5622774e+02
   6.5551064e+01   7.4462097e+01   1.5238866e+02   1.8524115e+02   1.4616594e+02   1.5541215e+02
   6.5576618e+01   7.4562011e+01   1.5228917e+02   1.8522028e+02   1.4620845e+02   1.5550738e+02
   6.5630450e+01   7.4598041e+01   1.5217333e+02   1.8513186e+02   1.4653937e+02   1.5575602e+02
   6.5411286e+01   7.4672147e+01   1.5224539e+02   1.8432224e+02   1.4615530e+02   1.5542212e+02
   6.5394761e+01   7.4624873e+01   1.5290986e+02   1.8502122e+02   1.4620078e+02   1.5603839e+02
   6.5552086e+01   7.4745571e+01   1.5293874e+02   1.8561730e+02   1.4663690e+02   1.5638387e+02
   6.5604386e+01   7.4577002e+01   1.5295552e+02   1.8531704e+02   1.4644141e+02   1.5590849e+02
   6.5546635e+01   7.4147873e+01   1.5215127e+02   1.8408741e+02   1.4586092e+02   1.5546122e+02
   6.5296040e+01   7.3730924e+01   1.5138031e+02   1.8345146e+02   1.4565206e+02   1.5543021e+02
   6.5095104e+01   7.4227004e+01   1.5103943e+02   1.8309286e+02   1.4559337e+02   1.5523089e+02
   6.5290503e+01   7.3846086e+01   1.5152836e+02   1.8340300e+02   1.4570811e+02   1.5530159e+02
   6.5398254e+01   7.4292421e+01   1.5172180e+02   1.8406006e+02   1.4603025e+02   1.5569282e+02
   6.5354131e+01   7.4637735e+01   1.5199309e+02   1.8466134e+02   1.4620248e+02   1.5623361e+02
   6.4919806e+01   7.4705622e+01   1.5228713e+02   1.8421679e+02   1.4606066e+02   1.5658182e+02
   6.5498764e+01   7.4380070e+01   1.5207188e+02   1.8434209e+02   1.4593366e+02   1.5585542e+02
   6.5607963e+01   7.4782794e+01   1.5185007e+02   1.8449814e+02   1.4614916e+02   1.5652450e+02
   6.5672358e+01   7.4837734e+01   1.5186038e+02   1.8447395e+02   1.4585462e+02   1.5617595e+02
   6.5197233e+01   7.4368996e+01   1.5142657e+02   1.8430691e+02   1.4603502e+02   1.5607118e+02
   6.5692460e+01   7.4555282e+01   1.5193031e+02   1.8502292e+02   1.4632540e+02   1.5571070e+02
   6.5821335e+01   7.4997017e+01   1.5239019e+02   1.8539558e+02   1.4643843e+02   1.5648361e+02
   6.5674147e+01   7.4586798e+01   1.5293900e+02   1.8574558e+02   1.4654150e+02   1.5607816e+02
   6.5588117e+01   7.5240372e+01   1.5286659e+02   1.8574012e+02   1.4670461e+02   1.5647016e+02
   6.5432070e+01   7.4516696e+01   1.5221847e+02   1.8449984e+02   1.4623306e+02   1.5641641e+02
   6.5369463e+01   7.4926490e+01   1.5173875e+02   1.8365964e+02   1.4586288e+02   1.5616172e+02
   6.5414864e+01   7.4624447e+01   1.5174573e+02   1.8331126e+02   1.4578434e+02   1.5597263e+02
   6.5147488e+01   7.4530069e+01   1.5206225e+02   1.8343068e+02   1.4590640e+02   1.5591062e+02
   6.5623466e+01   7.4842248e+01   1.5231702e+02   1.8450410e+02   1.4605683e+02   1.5597118e+02
   6.5870483e+01   7.5017716e+01   1.5224513e+02   1.8510060e+02   1.4634022e+02   1.5561709e+02
   6.5755322e+01   7.4459286e+01   1.5255263e+02   1.8532139e+02   1.4601458e+02   1.5625985e+02
   6.5990074e+01   7.5349997e+01   1.5200152e+02   1.8441619e+02   1.4556228e+02   1.5593975e+02
   6.5889393e+01   7.5330236e+01   1.5151447e+02   1.8337838e+02   1.4549985e+02   1.5631019e+02
   6.5317164e+01   7.4873849e+01   1.5189096e+02   1.8333426e+02   1.4573571e+02   1.5682143e+02
   6.5718014e+01   7.4913883e+01   1.5184070e+02   1.8357957e+02   1.4579414e+02   1.5715712e+02
   6.5437436e+01   7.4843270e+01   1.5208210e+02   1.8342744e+02   1.4628076e+02   1.5729707e+02
   6.5693482e+01   7.4872401e+01   1.5216089e+02   1.8361952e+02   1.4634380e+02   1.5794502e+02
   6.5599871e+01   7.5017801e+01   1.5199735e+02   1.8420052e+02   1.4634959e+02   1.5788599e+02
   6.5657622e+01   7.5216522e+01   1.5237341e+02   1.8464984e+02   1.4591569e+02   1.5721240e+02
   6.5417504e+01   7.5150168e+01   1.5236489e+02   1.8476722e+02   1.4643809e+02   1.5697807e+02
   6.5537435e+01   7.5016694e+01   1.5229547e+02   1.8475529e+02   1.4666705e+02   1.5695848e+02
   6.5770654e+01   7.4961243e+01   1.5239573e+02   1.8450742e+02   1.4635964e+02   1.5659085e+02
   6.5520996e+01   7.4660051e+01   1.5243295e+02   1.8415478e+02   1.4632301e+02   1.5641573e+02
   6.5530366e+01   7.4728365e+01   1.5247009e+02   1.8435453e+02   1.4596594e+02   1.5639724e+02
   6.6180363e+01   7.5379554e+01   1.5219351e+02   1.8457292e+02   1.4590939e+02   1.5666785e+02
   6.5815799e+01   7.5047273e+01   1.5231345e+02   1.8469320e+02   1.4579329e+02   1.5583259e+02
   6.6125082e+01   7.5222740e+01   1.5258252e+02   1.8526815e+02   1.4618877e+02   1.5633174e+02
   6.5970057e+01   7.4887393e+01   1.5263525e+02   1.8552462e+02   1.4665759e+02   1.5610619e+02
   6.5961624e+01   7.4898892e+01   1.5232682e+02   1.8501551e+02   1.4613323e+02   1.5643557e+02
   6.5777809e+01   7.5088670e+01   1.5206438e+02   1.8430614e+02   1.4598613e+02   1.5624665e+02
   6.6102509e+01   7.5119845e+01   1.5220339e+02   1.8425580e+02   1.4590002e+02   1.5561292e+02
   6.6173634e+01   7.5154598e+01   1.5243712e+02   1.8484124e+02   1.4611671e+02   1.5603600e+02
   6.6323803e+01   7.5376488e+01   1.5290314e+02   1.8538203e+02   1.4601858e+02   1.5675329e+02
   6.6188114e+01   7.5264222e+01   1.5231736e+02   1.8425921e+02   1.4618102e+02   1.5699673e+02
   6.6366137e+01   7.5726997e+01   1.5244436e+02   1.8367054e+02   1.4613536e+02   1.5661402e+02
   6.6433683e+01   7.5634408e+01   1.5262878e+02   1.8478059e+02   1.4631807e+02   1.5682203e+02
   6.6433343e+01   7.5484920e+01   1.5291838e+02   1.8511798e+02   1.4648076e+02   1.5655142e+02
   6.6819883e+01   7.5934236e+01   1.5320441e+02   1.8556440e+02   1.4626978e+02   1.5686129e+02
   6.6695948e+01   7.5778104e+01   1.5305705e+02   1.8496764e+02   1.4615206e+02   1.5652825e+02
   6.6274826e+01   7.5660558e+01   1.5252077e+02   1.8368826e+02   1.4551961e+02   1.5541982e+02
   6.6357108e+01   7.5152383e+01   1.5233823e+02   1.8361560e+02   1.4546390e+02   1.5605159e+02
   6.6208727e+01   7.5854850e+01   1.5290084e+02   1.8522224e+02   1.4627787e+02   1.5672177e+02
   6.6612729e+01   7.5815668e+01   1.5296004e+02   1.8491074e+02   1.4595129e+02   1.5650849e+02
   6.6352849e+01   7.4938755e+01   1.5236310e+02   1.8375725e+02   1.4580922e+02   1.5621632e+02
   6.6092203e+01   7.5036796e+01   1.5238755e+02   1.8394780e+02   1.4586245e+02   1.5639912e+02
   6.6381554e+01   7.5082452e+01   1.5261302e+02   1.8434064e+02   1.4618613e+02   1.5687041e+02
   6.6735471e+01   7.5759109e+01   1.5301719e+02   1.8482582e+02   1.4605581e+02   1.5712646e+02
   6.6774057e+01   7.5741307e+01   1.5323669e+02   1.8521568e+02   1.4672914e+02   1.5720542e+02
   6.6520566e+01   7.6053401e+01   1.5340969e+02   1.8591253e+02   1.4690955e+02   1.5758540e+02
   6.6555659e+01   7.5952635e+01   1.5289019e+02   1.8561943e+02   1.4633255e+02   1.5727543e+02
   6.6524058e+01   7.5410559e+01   1.5294334e+02   1.8581414e+02   1.4635504e+02   1.5712756e+02
   6.6493564e+01   7.5710813e+01   1.5300424e+02   1.8594029e+02   1.4653349e+02   1.5730678e+02
   6.6583001e+01   7.6018478e+01   1.5282111e+02   1.8499430e+02   1.4629184e+02   1.5707850e+02
   6.6283003e+01   7.5931851e+01   1.5305314e+02   1.8442676e+02   1.4600462e+02   1.5670039e+02
   6.6624568e+01   7.5772568e+01   1.5273567e+02   1.8446969e+02   1.4576313e+02   1.5609597e+02
   6.6102595e+01   7.5751103e+01   1.5280373e+02   1.8485478e+02   1.4568767e+02   1.5641189e+02
   6.6337176e+01   7.5711665e+01   1.5314445e+02   1.8491994e+02   1.4653451e+02   1.5765388e+02
   6.6177126e+01   7.5787985e+01   1.5269632e+02   1.8500554e+02   1.4660640e+02   1.5731572e+02
   6.6713069e+01   7.5877167e+01   1.5298661e+02   1.8481926e+02   1.4622863e+02   1.5668498e+02
   6.6088285e+01   7.5892158e+01   1.5314734e+02   1.8470291e+02   1.4638869e+02   1.5727075e+02
   6.6713154e+01   7.6028529e+01   1.5300833e+02   1.8460955e+02   1.4632829e+02   1.5770354e+02
   6.6540497e+01   7.6320691e+01   1.5272017e+02   1.8411466e+02   1.4598349e+02   1.5718940e+02
   6.6567925e+01   7.6129295e+01   1.5234232e+02   1.8392914e+02   1.4628315e+02   1.5628702e+02
   6.6102509e+01   7.5767031e+01   1.5261821e+02   1.8431781e+02   1.4636083e+02   1.5718795e+02
   6.6514262e+01   7.5815498e+01   1.5232503e+02   1.8415444e+02   1.4599107e+02   1.5684085e+02
   6.6229851e+01   7.5518395e+01   1.5223695e+02   1.8479209e+02   1.4606245e+02   1.5727007e+02
   6.6009920e+01   7.5397697e+01   1.5242741e+02   1.8515018e+02   1.4652310e+02   1.5773608e+02
   6.6321759e+01   7.5768564e+01   1.5252460e+02   1.8456108e+02   1.4625231e+02   1.5666802e+02
   6.6258642e+01   7.5651444e+01   1.5251089e+02   1.8449592e+02   1.4573273e+02   1.5631453e+02
   6.6312815e+01   7.5747355e+01   1.5266617e+02   1.8493817e+02   1.4600751e+02   1.5661453e+02
   6.6589134e+01   7.5684663e+01   1.5255927e+02   1.8455947e+02   1.4557157e+02   1.5663395e+02
   6.6541860e+01   7.5852635e+01   1.5247077e+02   1.8386739e+02   1.4580095e+02   1.5653889e+02
   6.6189647e+01   7.5570184e+01   1.5235578e+02   1.8471168e+02   1.4626347e+02   1.5694630e+02
   6.6603359e+01   7.5372740e+01   1.5271063e+02   1.8473340e+02   1.4632412e+02   1.5753335e+02
   6.6835300e+01   7.5534664e+01   1.5259854e+02   1.8408255e+02   1.4596893e+02   1.5730942e+02
   6.6809406e+01   7.5700251e+01   1.5300901e+02   1.8479882e+02   1.4645317e+02   1.5725005e+02
   6.6891603e+01   7.5599826e+01   1.5330109e+02   1.8557718e+02   1.4678119e+02   1.5741214e+02
   6.7053527e+01   7.6101612e+01   1.5341463e+02   1.8555282e+02   1.4661926e+02   1.5746495e+02
   6.6826271e+01   7.6506040e+01   1.5308704e+02   1.8488118e+02   1.4602037e+02   1.5688378e+02
   6.6845181e+01   7.6270777e+01   1.5278636e+02   1.8454481e+02   1.4641143e+02   1.5702680e+02
   6.6378999e+01   7.6032447e+01   1.5270629e+02   1.8477437e+02   1.4637872e+02   1.5748131e+02
   6.6609662e+01   7.6013623e+01   1.5260177e+02   1.8437309e+02   1.4590198e+02   1.5704571e+02
   6.6423632e+01   7.5790200e+01   1.5219914e+02   1.8386330e+02   1.4576424e+02   1.5687748e+02
   6.6312986e+01   7.5891562e+01   1.5230416e+02   1.8402778e+02   1.4567344e+02   1.5705533e+02
   6.6388709e+01   7.5871801e+01   1.5254428e+02   1.8432727e+02   1.4599891e+02   1.5707995e+02
   6.6246206e+01   7.5930148e+01   1.5256591e+02   1.8466313e+02   1.4580802e+02   1.5746802e+02
   6.6426443e+01   7.6331850e+01   1.5249019e+02   1.8440231e+02   1.4601083e+02   1.5686896e+02
   6.6462389e+01   7.5879552e+01   1.5249079e+02   1.8432727e+02   1.4623800e+02   1.5692986e+02
   6.6362900e+01   7.5493012e+01   1.5260493e+02   1.8413034e+02   1.4647531e+02   1.5758872e+02
   6.6141606e+01   7.5947439e+01   1.5229437e+02   1.8388621e+02   1.4668008e+02   1.5825192e+02
   6.6206938e+01   7.5385346e+01   1.5241677e+02   1.8436117e+02   1.4661994e+02   1.5813701e+02
   6.6509322e+01   7.5676486e+01   1.5235109e+02   1.8443527e+02   1.4647395e+02   1.5793965e+02
   6.5997144e+01   7.5915753e+01   1.5256557e+02   1.8360819e+02   1.4651339e+02   1.5736973e+02
   6.6464518e+01   7.6524183e+01   1.5256694e+02   1.8506304e+02   1.4670061e+02   1.5861444e+02
   6.6352253e+01   7.6307914e+01   1.5291242e+02   1.8546840e+02   1.4611203e+02   1.5707867e+02
   6.6168267e+01   7.6070437e+01   1.5263499e+02   1.8477837e+02   1.4606424e+02   1.5620653e+02
   6.6382832e+01   7.5693011e+01   1.5230731e+02   1.8418613e+02   1.4587974e+02   1.5639826e+02
   6.6553530e+01   7.6289601e+01   1.5214488e+02   1.8374448e+02   1.4539567e+02   1.5669630e+02
   6.6590667e+01   7.6148545e+01   1.5214948e+02   1.8337676e+02   1.4564729e+02   1.5691479e+02
   6.6635812e+01   7.6397607e+01   1.5265918e+02   1.8429899e+02   1.4598792e+02   1.5683106e+02
   6.6568691e+01   7.6518305e+01   1.5242511e+02   1.8416143e+02   1.4570913e+02   1.5678055e+02
   6.6276614e+01   7.6482701e+01   1.5256063e+02   1.8391288e+02   1.4563520e+02   1.5719596e+02
   6.6228659e+01   7.6072651e+01   1.5257741e+02   1.8432616e+02   1.4584746e+02   1.5731547e+02
   6.6280192e+01   7.5977848e+01   1.5275952e+02   1.8443161e+02   1.4630044e+02   1.5725448e+02
   6.6255831e+01   7.6254422e+01   1.5276012e+02   1.8394354e+02   1.4601884e+02   1.5715329e+02
   6.6167330e+01   7.5989006e+01   1.5190365e+02   1.8269959e+02   1.4539610e+02   1.5709715e+02
   6.6142117e+01   7.5589775e+01   1.5125451e+02   1.8233171e+02   1.4505709e+02   1.5648617e+02
   6.6082578e+01   7.5867968e+01   1.5192086e+02   1.8342770e+02   1.4586620e+02   1.5646649e+02
   6.6380702e+01   7.6156893e+01   1.5209190e+02   1.8393017e+02   1.4561066e+02   1.5655031e+02
   6.5965798e+01   7.6269499e+01   1.5250595e+02   1.8411236e+02   1.4570445e+02   1.5719673e+02
   6.6392627e+01   7.6273502e+01   1.5233244e+02   1.8441560e+02   1.4572216e+02   1.5730056e+02
   6.6246887e+01   7.5970948e+01   1.5220442e+02   1.8352088e+02   1.4557753e+02   1.5623983e+02
   6.6240839e+01   7.6182276e+01   1.5244343e+02   1.8394959e+02   1.4537259e+02   1.5586224e+02
   6.6445438e+01   7.6251952e+01   1.5266361e+02   1.8483212e+02   1.4576296e+02   1.5624810e+02
   6.6588197e+01   7.6458851e+01   1.5243193e+02   1.8468757e+02   1.4613937e+02   1.5638072e+02
   6.6196547e+01   7.6347778e+01   1.5207546e+02   1.8382165e+02   1.4554337e+02   1.5621326e+02
   6.6000806e+01   7.5851784e+01   1.5130272e+02   1.8295130e+02   1.4512174e+02   1.5691121e+02
   6.6195439e+01   7.5852891e+01   1.5226532e+02   1.8405453e+02   1.4586109e+02   1.5766896e+02
   6.6401401e+01   7.6943090e+01   1.5275603e+02   1.8472889e+02   1.4662131e+02   1.5827577e+02
   6.6401316e+01   7.5933725e+01   1.5268116e+02   1.8413570e+02   1.4644533e+02   1.5793761e+02
   6.6128915e+01   7.6219329e+01   1.5210578e+02   1.8361117e+02   1.4602446e+02   1.5711751e+02
   6.6103702e+01   7.5908512e+01   1.5159079e+02   1.8291058e+02   1.4531109e+02   1.5585406e+02
   6.6105661e+01   7.5965582e+01   1.5134062e+02   1.8310044e+02   1.4533869e+02   1.5601658e+02
   6.5918439e+01   7.5566010e+01   1.5106294e+02   1.8318298e+02   1.4494755e+02   1.5568856e+02
   6.5912817e+01   7.5302127e+01   1.5051695e+02   1.8293954e+02   1.4447958e+02   1.5577510e+02
   6.5891863e+01   7.5670950e+01   1.5135604e+02   1.8278511e+02   1.4512302e+02   1.5656828e+02
   6.6110346e+01   7.6003572e+01   1.5162137e+02   1.8287591e+02   1.4539099e+02   1.5709767e+02
   6.6143310e+01   7.5954424e+01   1.5150391e+02   1.8348128e+02   1.4586390e+02   1.5676828e+02
   6.6187347e+01   7.5846588e+01   1.5179496e+02   1.8329363e+02   1.4585121e+02   1.5588055e+02
   6.5978575e+01   7.5975633e+01   1.5231021e+02   1.8405189e+02   1.4605385e+02   1.5589401e+02
   6.6274144e+01   7.5954679e+01   1.5274462e+02   1.8482684e+02   1.4640478e+02   1.5752356e+02
   6.5842715e+01   7.6000420e+01   1.5186941e+02   1.8367540e+02   1.4540981e+02   1.5684733e+02
   6.5829087e+01   7.5632790e+01   1.5096200e+02   1.8287608e+02   1.4496910e+02   1.5576931e+02
   6.5681813e+01   7.5343949e+01   1.5091388e+02   1.8214448e+02   1.4449696e+02   1.5483038e+02
   6.5509838e+01   7.4888500e+01   1.5058032e+02   1.8209772e+02   1.4442379e+02   1.5454163e+02
   6.5892033e+01   7.5038670e+01   1.5094045e+02   1.8254917e+02   1.4547089e+02   1.5552834e+02
   6.5894504e+01   7.5438753e+01   1.5204914e+02   1.8360036e+02   1.4592489e+02   1.5682808e+02
   6.5677639e+01   7.5935003e+01   1.5194198e+02   1.8324022e+02   1.4622616e+02   1.5729315e+02
   6.5581558e+01   7.5034837e+01   1.5172214e+02   1.8300998e+02   1.4582540e+02   1.5753318e+02
   6.5924827e+01   7.5502552e+01   1.5202265e+02   1.8368179e+02   1.4594329e+02   1.5744059e+02
   6.5991437e+01   7.5688582e+01   1.5176404e+02   1.8326501e+02   1.4592617e+02   1.5786759e+02
   6.5833771e+01   7.5549144e+01   1.5160800e+02   1.8262089e+02   1.4548477e+02   1.5779247e+02
   6.5786668e+01   7.5392842e+01   1.5089633e+02   1.8182813e+02   1.4493988e+02   1.5676155e+02
   6.5892885e+01   7.5307578e+01   1.5174607e+02   1.8324951e+02   1.4542872e+02   1.5685474e+02
   6.6180874e+01   7.6223673e+01   1.5239803e+02   1.8424712e+02   1.4592651e+02   1.5744451e+02
   6.5901148e+01   7.6107660e+01   1.5203185e+02   1.8329491e+02   1.4581433e+02   1.5721325e+02
   6.5983089e+01   7.5515840e+01   1.5159803e+02   1.8271663e+02   1.4593988e+02   1.5691078e+02
   6.6040329e+01   7.5618820e+01   1.5192963e+02   1.8308596e+02   1.4602812e+02   1.5745499e+02
   6.5986070e+01   7.5691052e+01   1.5207656e+02   1.8402642e+02   1.4593221e+02   1.5643975e+02
   6.6388709e+01   7.5578616e+01   1.5181396e+02   1.8445768e+02   1.4554763e+02   1.5623063e+02
   6.6113753e+01   7.5570695e+01   1.5151157e+02   1.8413042e+02   1.4548537e+02   1.5620465e+02
   6.6252168e+01   7.5954424e+01   1.5185059e+02   1.8360189e+02   1.4576262e+02   1.5547042e+02
   6.6165882e+01   7.5688411e+01   1.5215314e+02   1.8363528e+02   1.4574652e+02   1.5568353e+02
   6.6207620e+01   7.5583471e+01   1.5236097e+02   1.8366305e+02   1.4569491e+02   1.5558677e+02
   6.6274314e+01   7.5925463e+01   1.5224275e+02   1.8417812e+02   1.4598060e+02   1.5653566e+02
   6.6156087e+01   7.6339175e+01   1.5214897e+02   1.8448519e+02   1.4617284e+02   1.5721726e+02
   6.6164945e+01   7.5947950e+01   1.5213474e+02   1.8467727e+02   1.4606620e+02   1.5750184e+02
   6.6298420e+01   7.5845736e+01   1.5191881e+02   1.8460538e+02   1.4604755e+02   1.5746419e+02
   6.6218352e+01   7.6163452e+01   1.5221694e+02   1.8456372e+02   1.4612872e+02   1.5810047e+02
   6.6359067e+01   7.5673846e+01   1.5251166e+02   1.8516619e+02   1.4651126e+02   1.5811717e+02
   6.6526102e+01   7.5975378e+01   1.5279010e+02   1.8513834e+02   1.4623179e+02   1.5736513e+02
   6.6822097e+01   7.6353826e+01   1.5277767e+02   1.8488187e+02   1.4630197e+02   1.5767739e+02
   6.6705829e+01   7.5880063e+01   1.5286983e+02   1.8368298e+02   1.4603528e+02   1.5887040e+02
   6.6871671e+01   7.5854594e+01   1.5210936e+02   1.8349320e+02   1.4643136e+02   1.5884110e+02
   6.6600718e+01   7.5637560e+01   1.5230825e+02   1.8406049e+02   1.4607480e+02   1.5859042e+02
   6.5919205e+01   7.4595912e+01   1.5189726e+02   1.8406935e+02   1.4619823e+02   1.5708651e+02
   6.6624739e+01   7.5428958e+01   1.5185604e+02   1.8422974e+02   1.4571799e+02   1.5628677e+02
   6.6032237e+01   7.4793100e+01   1.5171004e+02   1.8348017e+02   1.4632080e+02   1.5633932e+02
   6.6093566e+01   7.5276147e+01   1.5207290e+02   1.8381790e+02   1.4572259e+02   1.5717484e+02
   6.6087774e+01   7.4965246e+01   1.5160723e+02   1.8386560e+02   1.4538511e+02   1.5603336e+02
   6.6106428e+01   7.4710222e+01   1.5168934e+02   1.8339354e+02   1.4547004e+02   1.5624017e+02
   6.6226444e+01   7.5472910e+01   1.5156089e+02   1.8336858e+02   1.4564900e+02   1.5557476e+02
   6.6309834e+01   7.5455533e+01   1.5208304e+02   1.8369610e+02   1.4566339e+02   1.5613813e+02
   6.6299953e+01   7.5550422e+01   1.5196328e+02   1.8399797e+02   1.4542498e+02   1.5641411e+02
   6.6516477e+01   7.5560303e+01   1.5131848e+02   1.8343153e+02   1.4565044e+02   1.5632348e+02
   6.6295013e+01   7.5820608e+01   1.5221268e+02   1.8459728e+02   1.4603724e+02   1.5702501e+02
   6.6435643e+01   7.5909961e+01   1.5221072e+02   1.8500325e+02   1.4551075e+02   1.5643736e+02
   6.6325336e+01   7.5936877e+01   1.5279947e+02   1.8507684e+02   1.4592497e+02   1.5606803e+02
   6.6913749e+01   7.5893947e+01   1.5261430e+02   1.8510946e+02   1.4642216e+02   1.5657535e+02
   6.6393138e+01   7.5639604e+01   1.5231992e+02   1.8471815e+02   1.4653783e+02   1.5722688e+02
   6.6288880e+01   7.5400849e+01   1.5219224e+02   1.8464498e+02   1.4611177e+02   1.5707254e+02
   6.6531554e+01   7.5679723e+01   1.5220033e+02   1.8445989e+02   1.4621373e+02   1.5740184e+02
   6.6386069e+01   7.5873589e+01   1.5247827e+02   1.8453945e+02   1.4590095e+02   1.5671845e+02
   6.6650633e+01   7.5747355e+01   1.5228636e+02   1.8473306e+02   1.4554976e+02   1.5663583e+02
   6.6560003e+01   7.5595311e+01   1.5223593e+02   1.8393920e+02   1.4567702e+02   1.5765013e+02
   6.6630786e+01   7.5858087e+01   1.5226609e+02   1.8396015e+02   1.4585385e+02   1.5741274e+02
   6.6585216e+01   7.5892754e+01   1.5219045e+02   1.8440895e+02   1.4557915e+02   1.5663140e+02
   6.6746033e+01   7.5561751e+01   1.5202128e+02   1.8432216e+02   1.4579346e+02   1.5639971e+02
   6.6537431e+01   7.5669331e+01   1.5185757e+02   1.8393655e+02   1.4575683e+02   1.5674222e+02
   6.6429425e+01   7.5881596e+01   1.5198380e+02   1.8414218e+02   1.4604184e+02   1.5661232e+02
   6.6415796e+01   7.5708939e+01   1.5242418e+02   1.8497335e+02   1.4595359e+02   1.5692739e+02
   6.6913835e+01   7.6171629e+01   1.5288056e+02   1.8587462e+02   1.4627974e+02   1.5749179e+02
   6.7066049e+01   7.6106382e+01   1.5279164e+02   1.8606355e+02   1.4641620e+02   1.5817023e+02
   6.6941262e+01   7.5820353e+01   1.5265740e+02   1.8589830e+02   1.4646390e+02   1.5838037e+02
   6.6570310e+01   7.5821034e+01   1.5255876e+02   1.8469490e+02   1.4571032e+02   1.5746444e+02
   6.6800462e+01   7.6647180e+01   1.5247341e+02   1.8462190e+02   1.4573009e+02   1.5716555e+02
   6.6951739e+01   7.7225713e+01   1.5292946e+02   1.8565912e+02   1.4647974e+02   1.5751530e+02
   6.6988366e+01   7.6745221e+01   1.5255603e+02   1.8542164e+02   1.4634150e+02   1.5674503e+02
   6.6563070e+01   7.6401951e+01   1.5253900e+02   1.8514175e+02   1.4632037e+02   1.5737799e+02
   6.6732319e+01   7.6596499e+01   1.5239121e+02   1.8536628e+02   1.4629414e+02   1.5723744e+02
   6.6809150e+01   7.6827929e+01   1.5256421e+02   1.8493093e+02   1.4617983e+02   1.5710823e+02
   6.6885300e+01   7.7044112e+01   1.5308320e+02   1.8502122e+02   1.4604891e+02   1.5676743e+02
   6.7158297e+01   7.6626823e+01   1.5271285e+02   1.8435461e+02   1.4586935e+02   1.5640286e+02
   6.7090921e+01   7.6570349e+01   1.5205144e+02   1.8379516e+02   1.4557302e+02   1.5592144e+02
   6.6980870e+01   7.6115326e+01   1.5245075e+02   1.8493170e+02   1.4603383e+02   1.5665252e+02
   6.6311282e+01   7.6641047e+01   1.5261591e+02   1.8526977e+02   1.4605743e+02   1.5693659e+02
   6.7226014e+01   7.6348630e+01   1.5219914e+02   1.8475870e+02   1.4566049e+02   1.5673566e+02
   6.6679168e+01   7.6506125e+01   1.5223619e+02   1.8418741e+02   1.4594175e+02   1.5692739e+02
   6.7132488e+01   7.6324865e+01   1.5225833e+02   1.8454694e+02   1.4627855e+02   1.5706700e+02
   6.7056679e+01   7.6070863e+01   1.5243508e+02   1.8511355e+02   1.4642352e+02   1.5742228e+02
   6.6868775e+01   7.6187898e+01   1.5294198e+02   1.8555691e+02   1.4625018e+02   1.5758795e+02
   6.6928911e+01   7.6025633e+01   1.5264522e+02   1.8541185e+02   1.4615044e+02   1.5730226e+02
   6.7132828e+01   7.6126910e+01   1.5264692e+02   1.8442165e+02   1.4603000e+02   1.5665695e+02
   6.6917497e+01   7.6325802e+01   1.5270510e+02   1.8417974e+02   1.4637156e+02   1.5682901e+02
   6.6861535e+01   7.6259107e+01   1.5239828e+02   1.8378724e+02   1.4608281e+02   1.5611062e+02
   6.6963494e+01   7.5787559e+01   1.5226685e+02   1.8393443e+02   1.4594882e+02   1.5607016e+02
   6.6697226e+01   7.6185598e+01   1.5215902e+02   1.8405103e+02   1.4586697e+02   1.5708753e+02
   6.6874397e+01   7.5622739e+01   1.5182725e+02   1.8370581e+02   1.4593417e+02   1.5726419e+02
   6.7038536e+01   7.5996502e+01   1.5228150e+02   1.8452412e+02   1.4602778e+02   1.5707484e+02
   6.7047820e+01   7.6218051e+01   1.5240995e+02   1.8475631e+02   1.4644175e+02   1.5741436e+02
   6.7217240e+01   7.6168988e+01   1.5259632e+02   1.8498195e+02   1.4614056e+02   1.5722680e+02
   6.6742200e+01   7.6145223e+01   1.5252196e+02   1.8435785e+02   1.4609235e+02   1.5689716e+02
   6.6904550e+01   7.6073588e+01   1.5241370e+02   1.8448570e+02   1.4604916e+02   1.5621752e+02
   6.6988195e+01   7.6335001e+01   1.5246515e+02   1.8510708e+02   1.4573545e+02   1.5640321e+02
   6.7048417e+01   7.6247012e+01   1.5243210e+02   1.8426696e+02   1.4561825e+02   1.5657705e+02
   6.6964005e+01   7.6395052e+01   1.5211132e+02   1.8387369e+02   1.4584882e+02   1.5651649e+02
   6.6765624e+01   7.6319839e+01   1.5230552e+02   1.8343988e+02   1.4565777e+02   1.5677637e+02
   6.6401060e+01   7.5425891e+01   1.5243082e+02   1.8339354e+02   1.4583128e+02   1.5757577e+02
   6.7258041e+01   7.5694544e+01   1.5254845e+02   1.8293724e+02   1.4598554e+02   1.5710354e+02
   6.7098331e+01   7.5630320e+01   1.5248329e+02   1.8302148e+02   1.4621611e+02   1.5715865e+02
   6.7329335e+01   7.5575039e+01   1.5200382e+02   1.8324039e+02   1.4605632e+02   1.5714051e+02
   6.7690066e+01   7.6032192e+01   1.5147682e+02   1.8388400e+02   1.4607293e+02   1.5723932e+02
   6.6863750e+01   7.6756464e+01   1.5239258e+02   1.8502360e+02   1.4633025e+02   1.5745030e+02
   6.7015538e+01   7.6579123e+01   1.5263389e+02   1.8521304e+02   1.4628647e+02   1.5802458e+02
   6.6660854e+01   7.6699650e+01   1.5268235e+02   1.8510060e+02   1.4628596e+02   1.5783182e+02
   6.7168178e+01   7.6219499e+01   1.5212018e+02   1.8459711e+02   1.4616185e+02   1.5728438e+02
   6.6896373e+01   7.6525460e+01   1.5217529e+02   1.8430844e+02   1.4619158e+02   1.5743787e+02
   6.6891262e+01   7.6297608e+01   1.5209897e+02   1.8479771e+02   1.4617020e+02   1.5695814e+02
   6.7137343e+01   7.6415580e+01   1.5221600e+02   1.8475938e+02   1.4629252e+02   1.5664537e+02
   6.7059916e+01   7.6221884e+01   1.5176013e+02   1.8450470e+02   1.4598528e+02   1.5729128e+02
   6.7190239e+01   7.6302293e+01   1.5152290e+02   1.8458834e+02   1.4554482e+02   1.5721470e+02
   6.6701144e+01   7.5964815e+01   1.5185254e+02   1.8449541e+02   1.4558290e+02   1.5725448e+02
   6.6949524e+01   7.6175206e+01   1.5181387e+02   1.8453877e+02   1.4583077e+02   1.5645116e+02
   6.6982233e+01   7.5859705e+01   1.5160629e+02   1.8444345e+02   1.4549712e+02   1.5533881e+02
   6.7375417e+01   7.6292156e+01   1.5224752e+02   1.8475972e+02   1.4575641e+02   1.5617646e+02
   6.7159830e+01   7.6220010e+01   1.5172750e+02   1.8389865e+02   1.4552557e+02   1.5641292e+02
   6.6857617e+01   7.5561325e+01   1.5129352e+02   1.8288426e+02   1.4503145e+02   1.5552501e+02
   6.6580531e+01   7.5893436e+01   1.5130391e+02   1.8284925e+02   1.4527378e+02   1.5555585e+02
   6.6605403e+01   7.5581172e+01   1.5139548e+02   1.8295172e+02   1.4515385e+02   1.5532842e+02
   6.6968775e+01   7.5428958e+01   1.5167035e+02   1.8405887e+02   1.4552940e+02   1.5574060e+02
   6.6903358e+01   7.5204512e+01   1.5221498e+02   1.8497403e+02   1.4606944e+02   1.5683574e+02
   6.6777890e+01   7.5441394e+01   1.5266055e+02   1.8525793e+02   1.4635402e+02   1.5709673e+02
   6.7104464e+01   7.5401530e+01   1.5222750e+02   1.8480759e+02   1.4625606e+02   1.5696061e+02
   6.6847821e+01   7.5697866e+01   1.5227929e+02   1.8490810e+02   1.4603187e+02   1.5725831e+02
   6.7029081e+01   7.5593097e+01   1.5177452e+02   1.8413604e+02   1.4622139e+02   1.5748293e+02
   6.6817242e+01   7.5468651e+01   1.5153798e+02   1.8347548e+02   1.4563792e+02   1.5743898e+02
   6.6341009e+01   7.4718399e+01   1.5154420e+02   1.8304218e+02   1.4519832e+02   1.5523916e+02
   6.6705999e+01   7.5261837e+01   1.5172725e+02   1.8319772e+02   1.4570641e+02   1.5644741e+02
   6.6298420e+01   7.5197613e+01   1.5152478e+02   1.8331330e+02   1.4572532e+02   1.5536556e+02
   6.6237517e+01   7.5214563e+01   1.5152708e+02   1.8472846e+02   1.4593962e+02   1.5625985e+02
   6.6589305e+01   7.5004172e+01   1.5158542e+02   1.8442965e+02   1.4538835e+02   1.5598745e+02
   6.6568436e+01   7.5100083e+01   1.5159709e+02   1.8437309e+02   1.4565036e+02   1.5616368e+02
   6.6700462e+01   7.5653658e+01   1.5197043e+02   1.8478391e+02   1.4617114e+02   1.5619929e+02
   6.6991006e+01   7.5833130e+01   1.5252239e+02   1.8543621e+02   1.4616330e+02   1.5735252e+02
   6.6773546e+01   7.5673079e+01   1.5203644e+02   1.8475086e+02   1.4624644e+02   1.5777398e+02
   6.6633597e+01   7.5453148e+01   1.5173542e+02   1.8431534e+02   1.4565666e+02   1.5673992e+02
   6.6367074e+01   7.5142843e+01   1.5163926e+02   1.8403536e+02   1.4543775e+02   1.5685780e+02
   6.6562473e+01   7.5172059e+01   1.5118722e+02   1.8378357e+02   1.4516876e+02   1.5691853e+02
   6.6818094e+01   7.5006046e+01   1.5135425e+02   1.8397165e+02   1.4519499e+02   1.5654665e+02
   6.6969541e+01   7.5053917e+01   1.5138679e+02   1.8438144e+02   1.4550274e+02   1.5625201e+02
   6.7172607e+01   7.5345823e+01   1.5172418e+02   1.8390129e+02   1.4563366e+02   1.5606948e+02
   6.7017326e+01   7.6011919e+01   1.5234922e+02   1.8397497e+02   1.4589669e+02   1.5684443e+02
   6.7553014e+01   7.5541904e+01   1.5228193e+02   1.8395751e+02   1.4586790e+02   1.5708199e+02
   6.7437171e+01   7.4914224e+01   1.5282102e+02   1.8457974e+02   1.4567821e+02   1.5684179e+02
   6.6857021e+01   7.5914390e+01   1.5235408e+02   1.8472463e+02   1.4591390e+02   1.5610721e+02
   6.7280272e+01   7.5181599e+01   1.5181830e+02   1.8448451e+02   1.4542583e+02   1.5486965e+02
   6.7175844e+01   7.5528957e+01   1.5199207e+02   1.8444209e+02   1.4545922e+02   1.5573098e+02
   6.6998928e+01   7.5612858e+01   1.5163611e+02   1.8409558e+02   1.4565828e+02   1.5631326e+02
   6.6783000e+01   7.5395397e+01   1.5111907e+02   1.8351807e+02   1.4507566e+02   1.5596990e+02
   6.6925845e+01   7.5118738e+01   1.5115451e+02   1.8331782e+02   1.4487830e+02   1.5540628e+02
   6.6432746e+01   7.5536197e+01   1.5136524e+02   1.8362676e+02   1.4503963e+02   1.5608753e+02
   6.6835300e+01   7.5450763e+01   1.5136839e+02   1.8413391e+02   1.4498682e+02   1.5595985e+02
   6.6850717e+01   7.5376828e+01   1.5112597e+02   1.8367557e+02   1.4469602e+02   1.5524997e+02
   6.6712984e+01   7.4912350e+01   1.5098304e+02   1.8380836e+02   1.4505615e+02   1.5578515e+02
   6.6767498e+01   7.5402723e+01   1.5184070e+02   1.8460870e+02   1.4563162e+02   1.5671462e+02
   6.7029848e+01   7.5104768e+01   1.5195578e+02   1.8472820e+02   1.4551067e+02   1.5675303e+02
   6.6834789e+01   7.5331513e+01   1.5186728e+02   1.8385138e+02   1.4548187e+02   1.5698233e+02
   6.7005146e+01   7.5610984e+01   1.5177512e+02   1.8392242e+02   1.4584022e+02   1.5711598e+02
   6.6967412e+01   7.5595822e+01   1.5218414e+02   1.8464805e+02   1.4569934e+02   1.5653327e+02
   6.6674313e+01   7.5000765e+01   1.5253448e+02   1.8544353e+02   1.4609065e+02   1.5703548e+02
   6.7084447e+01   7.5295057e+01   1.5223287e+02   1.8552139e+02   1.4588962e+02   1.5655567e+02
   6.7230869e+01   7.5461922e+01   1.5215476e+02   1.8564498e+02   1.4602804e+02   1.5669963e+02
   6.6925930e+01   7.5174785e+01   1.5170689e+02   1.8494328e+02   1.4603247e+02   1.5657050e+02
   6.6518010e+01   7.4951277e+01   1.5177145e+02   1.8456458e+02   1.4642949e+02   1.5661964e+02
   6.6988110e+01   7.5460048e+01   1.5223287e+02   1.8407880e+02   1.4633443e+02   1.5712841e+02
   6.6996713e+01   7.4888074e+01   1.5212384e+02   1.8426585e+02   1.4608434e+02   1.5671411e+02
   6.6803614e+01   7.5255023e+01   1.5137580e+02   1.8389780e+02   1.4560053e+02   1.5661198e+02
   6.6732915e+01   7.4934837e+01   1.5159914e+02   1.8386092e+02   1.4537872e+02   1.5630516e+02
   6.6818520e+01   7.5446504e+01   1.5188730e+02   1.8419183e+02   1.4528060e+02   1.5591726e+02
   6.6956935e+01   7.5462603e+01   1.5202316e+02   1.8470027e+02   1.4598128e+02   1.5618234e+02
   6.7196798e+01   7.5324784e+01   1.5227103e+02   1.8473153e+02   1.4575061e+02   1.5641794e+02
   6.7156934e+01   7.4753663e+01   1.5250075e+02   1.8522565e+02   1.4630836e+02   1.5705005e+02
   6.7406592e+01   7.5477680e+01   1.5227682e+02   1.8519439e+02   1.4645104e+02   1.5714332e+02
   6.7588363e+01   7.5780063e+01   1.5230442e+02   1.8535921e+02   1.4634874e+02   1.5663796e+02
   6.7649521e+01   7.5898036e+01   1.5209573e+02   1.8493221e+02   1.4651424e+02   1.5598847e+02
   6.7446200e+01   7.5140373e+01   1.5231174e+02   1.8497164e+02   1.4649013e+02   1.5591121e+02
   6.7040836e+01   7.5380235e+01   1.5262120e+02   1.8506594e+02   1.4647012e+02   1.5650184e+02
   6.7192028e+01   7.5422825e+01   1.5257060e+02   1.8540912e+02   1.4613460e+02   1.5667314e+02
   6.7738107e+01   7.5412263e+01   1.5244215e+02   1.8563680e+02   1.4636381e+02   1.5634733e+02
   6.7651395e+01   7.5152724e+01   1.5229539e+02   1.8586448e+02   1.4625870e+02   1.5714954e+02
   6.7578227e+01   7.5296335e+01   1.5220331e+02   1.8535887e+02   1.4627838e+02   1.5724894e+02
   6.7682400e+01   7.5420269e+01   1.5233985e+02   1.8549328e+02   1.4610385e+02   1.5701189e+02
