   8.5347900e+01   7.7834493e+01   1.5474569e+02   2.0418466e+02   1.3597083e+02   1.2949192e+02
   8.5224169e+01   7.8155324e+01   1.5514364e+02   2.0418304e+02   1.3589567e+02   1.2974927e+02
   8.6034639e+01   7.8622297e+01   1.5689454e+02   2.0437724e+02   1.3602579e+02   1.3061163e+02
   8.5892502e+01   7.8886035e+01   1.5746121e+02   2.0450804e+02   1.3612771e+02   1.3086497e+02
   8.5974308e+01   7.8428265e+01   1.5737242e+02   2.0425496e+02   1.3619894e+02   1.3063438e+02
   8.5734771e+01   7.8441132e+01   1.5670204e+02   2.0303120e+02   1.3586431e+02   1.3024129e+02
   8.5572865e+01   7.7985748e+01   1.5676041e+02   2.0389868e+02   1.3623900e+02   1.3018778e+02
   8.5696510e+01   7.8310840e+01   1.5610878e+02   2.0392765e+02   1.3594986e+02   1.3055045e+02
   8.5971325e+01   7.8276584e+01   1.5628364e+02   2.0386144e+02   1.3589098e+02   1.3084265e+02
   8.5776526e+01   7.8383442e+01   1.5713365e+02   2.0425913e+02   1.3610069e+02   1.3072914e+02
   8.5729488e+01   7.8734865e+01   1.5678657e+02   2.0422803e+02   1.3568016e+02   1.2991467e+02
   8.5743548e+01   7.8087238e+01   1.5612659e+02   2.0380392e+02   1.3507514e+02   1.2943619e+02
   8.4912285e+01   7.7818218e+01   1.5580865e+02   2.0335322e+02   1.3568792e+02   1.2925877e+02
   8.5339975e+01   7.8219746e+01   1.5614235e+02   2.0342702e+02   1.3578745e+02   1.2947411e+02
   8.5849043e+01   7.8370490e+01   1.5708294e+02   2.0476795e+02   1.3620414e+02   1.3062475e+02
   8.5742526e+01   7.8313226e+01   1.5701239e+02   2.0452202e+02   1.3602357e+02   1.3088253e+02
   8.5900086e+01   7.8099765e+01   1.5731404e+02   2.0438252e+02   1.3638846e+02   1.3119501e+02
   8.5747383e+01   7.8477433e+01   1.5741511e+02   2.0433796e+02   1.3618625e+02   1.3116322e+02
   8.5914402e+01   7.8014636e+01   1.5715077e+02   2.0419207e+02   1.3613239e+02   1.3050835e+02
   8.5404567e+01   7.8366825e+01   1.5606310e+02   2.0420605e+02   1.3600943e+02   1.3019613e+02
   8.5720370e+01   7.8169640e+01   1.5606523e+02   2.0448717e+02   1.3640227e+02   1.2993154e+02
   8.5467029e+01   7.8199295e+01   1.5627494e+02   2.0382880e+02   1.3600278e+02   1.2944820e+02
   8.5730255e+01   7.8108030e+01   1.5694115e+02   2.0369323e+02   1.3605740e+02   1.3029890e+02
   8.5709803e+01   7.7898063e+01   1.5706096e+02   2.0428018e+02   1.3639681e+02   1.3106139e+02
   8.5659612e+01   7.8403894e+01   1.5679185e+02   2.0401602e+02   1.3611731e+02   1.3102518e+02
   8.5479640e+01   7.8315015e+01   1.5701861e+02   2.0281169e+02   1.3558481e+02   1.3044589e+02
   8.5045986e+01   7.8245055e+01   1.5638138e+02   2.0272238e+02   1.3499768e+02   1.2872116e+02
   8.4771853e+01   7.7703860e+01   1.5624341e+02   2.0360103e+02   1.3533138e+02   1.2898234e+02
   8.4987785e+01   7.7872414e+01   1.5608483e+02   2.0357265e+02   1.3542247e+02   1.2941122e+02
   8.5285864e+01   7.8087835e+01   1.5695427e+02   2.0477025e+02   1.3612259e+02   1.2960892e+02
   8.5755819e+01   7.8169470e+01   1.5711260e+02   2.0487770e+02   1.3576861e+02   1.3073511e+02
   8.5281262e+01   7.8277862e+01   1.5665457e+02   2.0471597e+02   1.3582213e+02   1.3017874e+02
   8.5548493e+01   7.7903432e+01   1.5653953e+02   2.0390209e+02   1.3583474e+02   1.2989907e+02
   8.5494553e+01   7.8336148e+01   1.5671363e+02   2.0372390e+02   1.3567539e+02   1.2977389e+02
   8.5576444e+01   7.7847276e+01   1.5622322e+02   2.0407209e+02   1.3589098e+02   1.2982459e+02
   8.5007555e+01   7.8021709e+01   1.5582774e+02   2.0323870e+02   1.3548511e+02   1.2913402e+02
   8.5061836e+01   7.7784899e+01   1.5663796e+02   2.0315348e+02   1.3553283e+02   1.2907539e+02
   8.4887744e+01   7.7769560e+01   1.5634934e+02   2.0378134e+02   1.3546704e+02   1.2989865e+02
   8.5336481e+01   7.7677188e+01   1.5655811e+02   2.0427686e+02   1.3577705e+02   1.2982536e+02
   8.5517987e+01   7.8229375e+01   1.5670800e+02   2.0418406e+02   1.3593009e+02   1.3025177e+02
   8.5190339e+01   7.7797084e+01   1.5655053e+02   2.0411257e+02   1.3618361e+02   1.3028628e+02
   8.5169802e+01   7.7792909e+01   1.5611542e+02   2.0354683e+02   1.3602178e+02   1.3049762e+02
   8.5265583e+01   7.7979698e+01   1.5663088e+02   2.0335996e+02   1.3571578e+02   1.2976102e+02
   8.5120463e+01   7.8442325e+01   1.5636902e+02   2.0303077e+02   1.3549559e+02   1.2867011e+02
   8.5253823e+01   7.7633047e+01   1.5596204e+02   2.0276184e+02   1.3536001e+02   1.2877970e+02
   8.5044793e+01   7.7780638e+01   1.5553580e+02   2.0307815e+02   1.3490105e+02   1.2818184e+02
   8.5444617e+01   7.8076501e+01   1.5677336e+02   2.0346170e+02   1.3519845e+02   1.2930334e+02
   8.4976622e+01   7.8291581e+01   1.5625091e+02   2.0407038e+02   1.3563866e+02   1.2992182e+02
   8.5294300e+01   7.7803220e+01   1.5589702e+02   2.0394342e+02   1.3573112e+02   1.3019954e+02
   8.5176108e+01   7.8224688e+01   1.5638436e+02   2.0403255e+02   1.3555882e+02   1.2994321e+02
   8.5587351e+01   7.8089113e+01   1.5714694e+02   2.0449236e+02   1.3579955e+02   1.2997653e+02
   8.5582835e+01   7.8215656e+01   1.5671056e+02   2.0311505e+02   1.3574629e+02   1.2989583e+02
   8.4853999e+01   7.7792312e+01   1.5583541e+02   2.0277956e+02   1.3560296e+02   1.2953044e+02
   8.4854340e+01   7.8044972e+01   1.5643063e+02   2.0330687e+02   1.3586363e+02   1.2919512e+02
   8.5012156e+01   7.7897978e+01   1.5658257e+02   2.0345701e+02   1.3585204e+02   1.2960628e+02
   8.5436352e+01   7.7913061e+01   1.5626335e+02   2.0337214e+02   1.3548843e+02   1.2958625e+02
   8.5157020e+01   7.8476411e+01   1.5658623e+02   2.0455670e+02   1.3585485e+02   1.3012438e+02
   8.5327107e+01   7.7947743e+01   1.5627937e+02   2.0408453e+02   1.3573112e+02   1.2973614e+02
   8.5232094e+01   7.7567518e+01   1.5582842e+02   2.0295323e+02   1.3526304e+02   1.2871528e+02
   8.5325062e+01   7.7938625e+01   1.5570469e+02   2.0319174e+02   1.3519069e+02   1.2758261e+02
   8.5730937e+01   7.7781064e+01   1.5604009e+02   2.0359165e+02   1.3500228e+02   1.2873973e+02
   8.5695061e+01   7.7775611e+01   1.5613715e+02   2.0500799e+02   1.3566193e+02   1.2942767e+02
   8.5577892e+01   7.8002962e+01   1.5657822e+02   2.0376813e+02   1.3546789e+02   1.3009353e+02
   8.5179772e+01   7.7862614e+01   1.5672121e+02   2.0248182e+02   1.3582255e+02   1.2960099e+02
   8.5343128e+01   7.7696021e+01   1.5629812e+02   2.0241289e+02   1.3535124e+02   1.2994168e+02
   8.5100608e+01   7.8164698e+01   1.5635385e+02   2.0412986e+02   1.3535507e+02   1.2936981e+02
   8.5286716e+01   7.8141264e+01   1.5613059e+02   2.0390643e+02   1.3546500e+02   1.2922946e+02
   8.5381474e+01   7.8050170e+01   1.5602569e+02   2.0353055e+02   1.3578676e+02   1.2925315e+02
   8.5129496e+01   7.7578766e+01   1.5627920e+02   2.0259882e+02   1.3550147e+02   1.2931186e+02
   8.4819913e+01   7.7610125e+01   1.5585348e+02   2.0220232e+02   1.3564889e+02   1.2913402e+02
   8.5251437e+01   7.7479151e+01   1.5631823e+02   2.0262814e+02   1.3587505e+02   1.2946073e+02
   8.5147561e+01   7.7657333e+01   1.5592727e+02   2.0190953e+02   1.3595532e+02   1.2933010e+02
   8.4988722e+01   7.7953963e+01   1.5615905e+02   2.0247296e+02   1.3572294e+02   1.3007598e+02
   8.5395960e+01   7.7729936e+01   1.5706760e+02   2.0296337e+02   1.3558131e+02   1.2951058e+02
   8.5181988e+01   7.8205174e+01   1.5641427e+02   2.0368360e+02   1.3537109e+02   1.2897731e+02
   8.5403118e+01   7.7810804e+01   1.5637899e+02   2.0456505e+02   1.3583806e+02   1.2967002e+02
   8.5811293e+01   7.8034661e+01   1.5603166e+02   2.0319421e+02   1.3550905e+02   1.2965383e+02
   8.5439760e+01   7.8067043e+01   1.5617047e+02   2.0337828e+02   1.3567317e+02   1.2923423e+02
   8.5192895e+01   7.7959843e+01   1.5589855e+02   2.0286503e+02   1.3588706e+02   1.2929993e+02
   8.4982757e+01   7.8494476e+01   1.5569174e+02   2.0261263e+02   1.3555328e+02   1.2918225e+02
   8.5732300e+01   7.8162994e+01   1.5667715e+02   2.0295936e+02   1.3557842e+02   1.2931561e+02
   8.5768260e+01   7.8341176e+01   1.5639271e+02   2.0380162e+02   1.3544932e+02   1.2960415e+02
   8.5891735e+01   7.8044376e+01   1.5631210e+02   2.0395961e+02   1.3548775e+02   1.3000602e+02
   8.5469159e+01   7.8568101e+01   1.5651908e+02   2.0394964e+02   1.3547633e+02   1.2967752e+02
   8.5275212e+01   7.8063975e+01   1.5667724e+02   2.0367601e+02   1.3552047e+02   1.2988987e+02
   8.5261407e+01   7.7953367e+01   1.5628142e+02   2.0315996e+02   1.3514826e+02   1.2987547e+02
   8.5864893e+01   7.8254258e+01   1.5701145e+02   2.0363400e+02   1.3573998e+02   1.3008850e+02
   8.5874522e+01   7.8483739e+01   1.5671081e+02   2.0342438e+02   1.3569294e+02   1.3012259e+02
   8.5293703e+01   7.8550547e+01   1.5620618e+02   2.0332945e+02   1.3546321e+02   1.2894374e+02
   8.5794677e+01   7.8370149e+01   1.5620490e+02   2.0227339e+02   1.3568161e+02   1.2931595e+02
   8.5842908e+01   7.8454255e+01   1.5631056e+02   2.0213228e+02   1.3565255e+02   1.2890462e+02
   8.6050660e+01   7.8424089e+01   1.5662995e+02   2.0273380e+02   1.3548553e+02   1.2913854e+02
   8.5376702e+01   7.7785069e+01   1.5603882e+02   2.0295536e+02   1.3522359e+02   1.2878737e+02
   8.5761273e+01   7.8293967e+01   1.5618845e+02   2.0292127e+02   1.3540756e+02   1.2900449e+02
   8.6149337e+01   7.8705381e+01   1.5649369e+02   2.0261663e+02   1.3531860e+02   1.2944480e+02
   8.5784025e+01   7.7999468e+01   1.5654984e+02   2.0346758e+02   1.3574944e+02   1.2963448e+02
   8.6161267e+01   7.8291411e+01   1.5695086e+02   2.0389646e+02   1.3592345e+02   1.2997576e+02
   8.6376859e+01   7.8280248e+01   1.5675291e+02   2.0329281e+02   1.3512261e+02   1.2908076e+02
   8.4975685e+01   7.8263290e+01   1.5544104e+02   2.0344304e+02   1.3489074e+02   1.2798269e+02
   8.5754030e+01   7.8080592e+01   1.5582680e+02   2.0332203e+02   1.3506994e+02   1.2861617e+02
   8.6100254e+01   7.8686719e+01   1.5680830e+02   2.0456633e+02   1.3579009e+02   1.2981744e+02
   8.6518059e+01   7.8665586e+01   1.5708303e+02   2.0394205e+02   1.3545494e+02   1.3015966e+02
   8.5604649e+01   7.8703762e+01   1.5611389e+02   2.0303001e+02   1.3503058e+02   1.2931058e+02
   8.5494723e+01   7.8449994e+01   1.5559442e+02   2.0230518e+02   1.3483918e+02   1.2916120e+02
   8.5755989e+01   7.8455618e+01   1.5611287e+02   2.0271182e+02   1.3528963e+02   1.2922724e+02
   8.5934172e+01   7.8422982e+01   1.5615198e+02   2.0323350e+02   1.3542179e+02   1.2937756e+02
   8.5687477e+01   7.8736569e+01   1.5624682e+02   2.0396242e+02   1.3580739e+02   1.2976077e+02
   8.6072219e+01   7.8993063e+01   1.5668159e+02   2.0419181e+02   1.3580560e+02   1.3014364e+02
   8.6023476e+01   7.9053480e+01   1.5711064e+02   2.0352007e+02   1.3597986e+02   1.2958804e+02
   8.5287398e+01   7.8647947e+01   1.5669701e+02   2.0353890e+02   1.3531187e+02   1.2878132e+02
   8.4671385e+01   7.7874714e+01   1.5576843e+02   2.0366289e+02   1.3544906e+02   1.2791384e+02
   8.5018292e+01   7.7866875e+01   1.5503857e+02   2.0354334e+02   1.3573112e+02   1.2871545e+02
   8.4980031e+01   7.7641228e+01   1.5450650e+02   2.0203505e+02   1.3483024e+02   1.2813872e+02
   8.4526692e+01   7.7649238e+01   1.5392968e+02   2.0209367e+02   1.3400741e+02   1.2650048e+02
   8.4495504e+01   7.7408253e+01   1.5441694e+02   2.0234523e+02   1.3447950e+02   1.2720818e+02
   8.5059535e+01   7.7731555e+01   1.5497637e+02   2.0256533e+02   1.3507872e+02   1.2782028e+02
   8.5545937e+01   7.8154813e+01   1.5576911e+02   2.0301765e+02   1.3556103e+02   1.2942937e+02
   8.6105282e+01   7.8603720e+01   1.5702679e+02   2.0393336e+02   1.3587053e+02   1.3069028e+02
   8.6183082e+01   7.8982497e+01   1.5770100e+02   2.0452696e+02   1.3606627e+02   1.3148431e+02
   8.6388874e+01   7.8906401e+01   1.5789052e+02   2.0405931e+02   1.3558958e+02   1.3101802e+02
   8.6494113e+01   7.8905378e+01   1.5659015e+02   2.0346323e+02   1.3528119e+02   1.3012514e+02
   8.6665053e+01   7.9093701e+01   1.5740122e+02   2.0363639e+02   1.3592975e+02   1.3068065e+02
   8.7269817e+01   7.9599191e+01   1.5781042e+02   2.0467251e+02   1.3626780e+02   1.3082646e+02
   8.6937141e+01   7.9039505e+01   1.5754139e+02   2.0378960e+02   1.3573010e+02   1.3049514e+02
   8.6685760e+01   7.9057826e+01   1.5696288e+02   2.0354035e+02   1.3578651e+02   1.2968305e+02
   8.6802333e+01   7.9239161e+01   1.5774378e+02   2.0380597e+02   1.3572967e+02   1.3030912e+02
   8.7004801e+01   7.9230640e+01   1.5829111e+02   2.0411376e+02   1.3609601e+02   1.3045577e+02
   8.6609152e+01   7.9164088e+01   1.5701707e+02   2.0392390e+02   1.3543628e+02   1.2936495e+02
   8.6203960e+01   7.8821442e+01   1.5650826e+02   2.0374751e+02   1.3553572e+02   1.2941787e+02
   8.6307069e+01   7.9053821e+01   1.5648355e+02   2.0402752e+02   1.3547820e+02   1.2978437e+02
   8.6594666e+01   7.9097536e+01   1.5769171e+02   2.0512499e+02   1.3620968e+02   1.3090826e+02
   8.6768929e+01   7.9294977e+01   1.5735665e+02   2.0421849e+02   1.3596725e+02   1.3046958e+02
   8.6387511e+01   7.8988036e+01   1.5634772e+02   2.0369408e+02   1.3528545e+02   1.2958463e+02
   8.6288066e+01   7.8619570e+01   1.5551790e+02   2.0375458e+02   1.3503646e+02   1.2929703e+02
   8.6112355e+01   7.8814029e+01   1.5537176e+02   2.0370371e+02   1.3511460e+02   1.2904889e+02
   8.5639161e+01   7.8311777e+01   1.5572872e+02   2.0429117e+02   1.3561352e+02   1.2887131e+02
   8.5895826e+01   7.8166999e+01   1.5585007e+02   2.0425947e+02   1.3552064e+02   1.2946721e+02
   8.6328628e+01   7.8735887e+01   1.5649965e+02   2.0231463e+02   1.3537978e+02   1.2927394e+02
   8.5770902e+01   7.8843683e+01   1.5724119e+02   2.0256431e+02   1.3582613e+02   1.2954066e+02
   8.6149167e+01   7.8525324e+01   1.5710058e+02   2.0336456e+02   1.3600977e+02   1.2990563e+02
   8.6173538e+01   7.8627836e+01   1.5676654e+02   2.0434724e+02   1.3579435e+02   1.2919529e+02
   8.6204471e+01   7.8572788e+01   1.5635547e+02   2.0340214e+02   1.3519154e+02   1.2906943e+02
   8.5761614e+01   7.8711516e+01   1.5660796e+02   2.0315203e+02   1.3527258e+02   1.2910820e+02
   8.6196972e+01   7.8571254e+01   1.5687102e+02   2.0400605e+02   1.3568280e+02   1.3006643e+02
   8.6607192e+01   7.8938867e+01   1.5675495e+02   2.0371189e+02   1.3562426e+02   1.2987001e+02
   8.6234211e+01   7.8754038e+01   1.5714140e+02   2.0371777e+02   1.3550419e+02   1.2986567e+02
   8.6413842e+01   7.8641896e+01   1.5713100e+02   2.0336234e+02   1.3560185e+02   1.2971458e+02
   8.6268467e+01   7.9011470e+01   1.5684017e+02   2.0299814e+02   1.3528741e+02   1.2961224e+02
   8.5692420e+01   7.8748755e+01   1.5627733e+02   2.0307449e+02   1.3522410e+02   1.2906091e+02
   8.5983000e+01   7.8445648e+01   1.5599689e+02   2.0317223e+02   1.3532831e+02   1.2897254e+02
   8.6309369e+01   7.8871974e+01   1.5608739e+02   2.0234966e+02   1.3541864e+02   1.2873547e+02
   8.6168596e+01   7.8579094e+01   1.5677524e+02   2.0263410e+02   1.3543585e+02   1.2944906e+02
   8.6417676e+01   7.8716118e+01   1.5662603e+02   2.0271787e+02   1.3531604e+02   1.2994568e+02
   8.6628837e+01   7.9223226e+01   1.5757028e+02   2.0373958e+02   1.3552456e+02   1.3016443e+02
   8.6723765e+01   7.8956507e+01   1.5814599e+02   2.0478840e+02   1.3587394e+02   1.3064222e+02
   8.6354107e+01   7.8874019e+01   1.5714063e+02   2.0414725e+02   1.3533070e+02   1.2966772e+02
   8.6052449e+01   7.8353532e+01   1.5565237e+02   2.0264467e+02   1.3459650e+02   1.2840893e+02
   8.5837454e+01   7.8758469e+01   1.5547564e+02   2.0275050e+02   1.3496019e+02   1.2846535e+02
   8.6011972e+01   7.8524045e+01   1.5619501e+02   2.0355126e+02   1.3547394e+02   1.2929746e+02
   8.6203960e+01   7.8621360e+01   1.5628517e+02   2.0309980e+02   1.3522972e+02   1.2958404e+02
   8.5602689e+01   7.8599460e+01   1.5610469e+02   2.0262660e+02   1.3494229e+02   1.2832415e+02
   8.5778912e+01   7.8232699e+01   1.5609046e+02   2.0316976e+02   1.3481890e+02   1.2837434e+02
   8.6302637e+01   7.8561454e+01   1.5606037e+02   2.0344679e+02   1.3495542e+02   1.2922000e+02
   8.5899490e+01   7.9032177e+01   1.5670153e+02   2.0438738e+02   1.3554740e+02   1.2965809e+02
   8.6540129e+01   7.8603209e+01   1.5713288e+02   2.0392237e+02   1.3580074e+02   1.2992983e+02
   8.5962548e+01   7.8575429e+01   1.5676774e+02   2.0316967e+02   1.3568621e+02   1.2921318e+02
   8.5928122e+01   7.8485188e+01   1.5658171e+02   2.0431333e+02   1.3618616e+02   1.2930257e+02
   8.6169959e+01   7.8769888e+01   1.5583354e+02   2.0413779e+02   1.3557756e+02   1.2912788e+02
   8.5399624e+01   7.8287406e+01   1.5509422e+02   2.0368939e+02   1.3549653e+02   1.2890283e+02
   8.5994674e+01   7.8301381e+01   1.5524300e+02   2.0306230e+02   1.3532652e+02   1.2896018e+02
   8.6141498e+01   7.8459112e+01   1.5641947e+02   2.0355083e+02   1.3541983e+02   1.2897927e+02
   8.6076650e+01   7.8500526e+01   1.5611057e+02   2.0374546e+02   1.3535541e+02   1.2922852e+02
   8.5288079e+01   7.8494732e+01   1.5532515e+02   2.0372407e+02   1.3466109e+02   1.2780852e+02
   8.5611807e+01   7.8151916e+01   1.5563175e+02   2.0325787e+02   1.3486577e+02   1.2767277e+02
   8.5582835e+01   7.8727451e+01   1.5587947e+02   2.0290662e+02   1.3521097e+02   1.2904165e+02
   8.5499154e+01   7.8081955e+01   1.5576059e+02   2.0269375e+02   1.3520458e+02   1.2915422e+02
   8.5622715e+01   7.8134021e+01   1.5551952e+02   2.0191242e+02   1.3460348e+02   1.2867719e+02
   8.5209597e+01   7.8355151e+01   1.5556426e+02   2.0270065e+02   1.3486398e+02   1.2844643e+02
   8.5324380e+01   7.8245310e+01   1.5618010e+02   2.0237249e+02   1.3543057e+02   1.2892056e+02
   8.5554373e+01   7.8427413e+01   1.5676535e+02   2.0208975e+02   1.3575140e+02   1.2971544e+02
   8.6105708e+01   7.8345522e+01   1.5661912e+02   2.0174779e+02   1.3537680e+02   1.2950513e+02
   8.5713212e+01   7.8102832e+01   1.5562024e+02   2.0180165e+02   1.3510352e+02   1.2849628e+02
   8.5621351e+01   7.8278288e+01   1.5506874e+02   2.0245839e+02   1.3509244e+02   1.2774052e+02
   8.5837795e+01   7.8546627e+01   1.5531441e+02   2.0391743e+02   1.3532456e+02   1.2834732e+02
   8.5720285e+01   7.8048636e+01   1.5535591e+02   2.0372305e+02   1.3573998e+02   1.2822351e+02
   8.5618539e+01   7.8086642e+01   1.5509533e+02   2.0341918e+02   1.3541813e+02   1.2800519e+02
   8.6025777e+01   7.8410285e+01   1.5509848e+02   2.0296831e+02   1.3518805e+02   1.2786953e+02
   8.5696340e+01   7.8134617e+01   1.5579953e+02   2.0311624e+02   1.3561455e+02   1.2834553e+02
   8.6389897e+01   7.8406365e+01   1.5641418e+02   2.0289290e+02   1.3564403e+02   1.2928314e+02
   8.5295834e+01   7.8424771e+01   1.5577431e+02   2.0231915e+02   1.3499564e+02   1.2884676e+02
   8.5114157e+01   7.7919878e+01   1.5542630e+02   2.0267211e+02   1.3500663e+02   1.2848708e+02
   8.5854753e+01   7.8303938e+01   1.5615130e+02   2.0287952e+02   1.3485333e+02   1.2861029e+02
   8.5866853e+01   7.8990251e+01   1.5576869e+02   2.0351223e+02   1.3515627e+02   1.2899342e+02
   8.5290806e+01   7.8546542e+01   1.5550538e+02   2.0293397e+02   1.3515984e+02   1.2886866e+02
   8.5517731e+01   7.7768708e+01   1.5521113e+02   2.0211958e+02   1.3491025e+02   1.2836181e+02
   8.4584808e+01   7.7360192e+01   1.5458583e+02   2.0194404e+02   1.3468452e+02   1.2761414e+02
   8.4811477e+01   7.7609614e+01   1.5419129e+02   2.0232869e+02   1.3433276e+02   1.2697453e+02
   8.4622387e+01   7.7580556e+01   1.5424310e+02   2.0224970e+02   1.3458738e+02   1.2699634e+02
   8.5025450e+01   7.7364879e+01   1.5429653e+02   2.0154064e+02   1.3454809e+02   1.2711053e+02
   8.4643180e+01   7.6910688e+01   1.5364200e+02   2.0163394e+02   1.3447353e+02   1.2710925e+02
   8.4766825e+01   7.7054018e+01   1.5408307e+02   2.0134473e+02   1.3444285e+02   1.2740537e+02
   8.5264049e+01   7.7639779e+01   1.5523993e+02   2.0250066e+02   1.3497928e+02   1.2898021e+02
   8.5394852e+01   7.7789756e+01   1.5606268e+02   2.0377699e+02   1.3541353e+02   1.2973052e+02
   8.5923520e+01   7.8273005e+01   1.5632190e+02   2.0359540e+02   1.3570249e+02   1.3011424e+02
   8.5672224e+01   7.8175520e+01   1.5599519e+02   2.0355671e+02   1.3572030e+02   1.2959614e+02
   8.5607376e+01   7.7909226e+01   1.5653783e+02   2.0289187e+02   1.3581812e+02   1.2954416e+02
   8.5851770e+01   7.8386766e+01   1.5637942e+02   2.0232196e+02   1.3564216e+02   1.2968962e+02
   8.5623482e+01   7.8477945e+01   1.5628491e+02   2.0259286e+02   1.3566244e+02   1.2947275e+02
   8.5769368e+01   7.8091925e+01   1.5671686e+02   2.0325437e+02   1.3569431e+02   1.2987087e+02
   8.5968087e+01   7.8586848e+01   1.5638376e+02   2.0336797e+02   1.3534902e+02   1.2944676e+02
   8.6300166e+01   7.8612327e+01   1.5678657e+02   2.0384005e+02   1.3525171e+02   1.2935268e+02
   8.6216145e+01   7.8441132e+01   1.5646582e+02   2.0339327e+02   1.3512133e+02   1.2902299e+02
   8.6452018e+01   7.8916200e+01   1.5614457e+02   2.0341782e+02   1.3487958e+02   1.2876232e+02
   8.6065657e+01   7.8390345e+01   1.5536784e+02   2.0297283e+02   1.3466202e+02   1.2880663e+02
   8.6135277e+01   7.8277436e+01   1.5499332e+02   2.0337146e+02   1.3517331e+02   1.2826168e+02
   8.6515332e+01   7.8405513e+01   1.5563712e+02   2.0309988e+02   1.3516053e+02   1.2868912e+02
   8.5590930e+01   7.8266955e+01   1.5554773e+02   2.0200642e+02   1.3521438e+02   1.2790745e+02
   8.5802176e+01   7.8163164e+01   1.5538250e+02   2.0135819e+02   1.3515294e+02   1.2748683e+02
   8.5846828e+01   7.8209350e+01   1.5495055e+02   2.0174600e+02   1.3506611e+02   1.2789910e+02
   8.6044013e+01   7.8225115e+01   1.5581632e+02   2.0338134e+02   1.3550633e+02   1.2897075e+02
   8.6040604e+01   7.8136492e+01   1.5649147e+02   2.0401116e+02   1.3548085e+02   1.3012531e+02
   8.5622544e+01   7.8732223e+01   1.5643583e+02   2.0401423e+02   1.3525256e+02   1.2961948e+02
   8.5937495e+01   7.7840458e+01   1.5613920e+02   2.0315237e+02   1.3522537e+02   1.2907556e+02
   8.5633537e+01   7.8172623e+01   1.5570248e+02   2.0289162e+02   1.3473403e+02   1.2880194e+02
   8.5411299e+01   7.8041649e+01   1.5542894e+02   2.0259277e+02   1.3461558e+02   1.2799139e+02
   8.5897615e+01   7.7576210e+01   1.5595846e+02   2.0221621e+02   1.3451955e+02   1.2845231e+02
   8.5916362e+01   7.7841992e+01   1.5564266e+02   2.0171669e+02   1.3446671e+02   1.2847634e+02
   8.6284402e+01   7.8259882e+01   1.5538872e+02   2.0263052e+02   1.3449577e+02   1.2873121e+02
   8.6435231e+01   7.8236874e+01   1.5587171e+02   2.0393609e+02   1.3481328e+02   1.2943610e+02
   8.6230376e+01   7.8233125e+01   1.5609523e+02   2.0452952e+02   1.3484063e+02   1.2950888e+02
   8.6210265e+01   7.8606277e+01   1.5574287e+02   2.0465913e+02   1.3507259e+02   1.2905477e+02
   8.5851770e+01   7.8362224e+01   1.5586839e+02   2.0429007e+02   1.3528221e+02   1.2935140e+02
   8.6050489e+01   7.8158818e+01   1.5676646e+02   2.0400298e+02   1.3575115e+02   1.2992251e+02
   8.6319510e+01   7.7828273e+01   1.5646540e+02   2.0321705e+02   1.3548033e+02   1.3006848e+02
   8.6403957e+01   7.8340750e+01   1.5674004e+02   2.0329230e+02   1.3549985e+02   1.3039843e+02
   8.6077417e+01   7.8286043e+01   1.5621299e+02   2.0360929e+02   1.3490207e+02   1.2977244e+02
   8.6333911e+01   7.8282464e+01   1.5586873e+02   2.0349519e+02   1.3518166e+02   1.2862793e+02
   8.6313545e+01   7.8222558e+01   1.5629718e+02   2.0325361e+02   1.3499376e+02   1.2935370e+02
   8.5880658e+01   7.8167254e+01   1.5549464e+02   2.0278118e+02   1.3504557e+02   1.2856010e+02
   8.5327959e+01   7.8288173e+01   1.5533094e+02   2.0331028e+02   1.3513121e+02   1.2834375e+02
   8.5574995e+01   7.8297802e+01   1.5578445e+02   2.0361389e+02   1.3520748e+02   1.2865069e+02
   8.6328287e+01   7.8311266e+01   1.5657089e+02   2.0440238e+02   1.3560517e+02   1.3004734e+02
   8.6832498e+01   7.8690298e+01   1.5605867e+02   2.0418074e+02   1.3535993e+02   1.3005459e+02
   8.6321129e+01   7.8665330e+01   1.5572489e+02   2.0315093e+02   1.3516487e+02   1.2942929e+02
   8.6007712e+01   7.8141434e+01   1.5585160e+02   2.0263921e+02   1.3526253e+02   1.2928528e+02
   8.6249720e+01   7.8020516e+01   1.5566524e+02   2.0295527e+02   1.3520356e+02   1.2961965e+02
   8.6275965e+01   7.8511604e+01   1.5601325e+02   2.0423502e+02   1.3541855e+02   1.2980091e+02
   8.5941160e+01   7.8361968e+01   1.5577721e+02   2.0375117e+02   1.3527957e+02   1.2934757e+02
   8.5843930e+01   7.7909141e+01   1.5523133e+02   2.0205823e+02   1.3473275e+02   1.2905954e+02
   8.5404056e+01   7.8160863e+01   1.5566311e+02   2.0103276e+02   1.3518345e+02   1.2906210e+02
   8.5478277e+01   7.7994185e+01   1.5644546e+02   2.0206820e+02   1.3520586e+02   1.2962076e+02
   8.6098720e+01   7.7948936e+01   1.5618087e+02   2.0303520e+02   1.3512371e+02   1.2959281e+02
   8.5991606e+01   7.8486296e+01   1.5531168e+02   2.0381866e+02   1.3467199e+02   1.2863739e+02
   8.5708781e+01   7.7835090e+01   1.5495549e+02   2.0412509e+02   1.3475712e+02   1.2840672e+02
   8.6127693e+01   7.8255706e+01   1.5541181e+02   2.0426382e+02   1.3505657e+02   1.2888358e+02
   8.6313801e+01   7.8506150e+01   1.5576127e+02   2.0330567e+02   1.3507156e+02   1.2935063e+02
   8.5952067e+01   7.8370490e+01   1.5580993e+02   2.0314351e+02   1.3530488e+02   1.2954526e+02
   8.5864467e+01   7.8383953e+01   1.5631244e+02   2.0375092e+02   1.3550794e+02   1.2986115e+02
   8.5598940e+01   7.8179014e+01   1.5643796e+02   2.0344542e+02   1.3550454e+02   1.2946550e+02
   8.5690375e+01   7.8182081e+01   1.5600260e+02   2.0271855e+02   1.3536410e+02   1.2895984e+02
   8.6502464e+01   7.8352936e+01   1.5680472e+02   2.0371837e+02   1.3572524e+02   1.3033273e+02
   8.6436594e+01   7.8539043e+01   1.5682960e+02   2.0471281e+02   1.3531758e+02   1.3014176e+02
   8.6001235e+01   7.8129590e+01   1.5629386e+02   2.0376958e+02   1.3522861e+02   1.2896104e+02
   8.6220406e+01   7.8252894e+01   1.5653962e+02   2.0343043e+02   1.3517101e+02   1.2917245e+02
   8.6026374e+01   7.7916555e+01   1.5618913e+02   2.0282319e+02   1.3525136e+02   1.2936095e+02
   8.6226371e+01   7.7926951e+01   1.5640029e+02   2.0292732e+02   1.3536879e+02   1.2981122e+02
   8.6046910e+01   7.8028270e+01   1.5637882e+02   2.0301578e+02   1.3497357e+02   1.2945673e+02
   8.5605502e+01   7.8160352e+01   1.5571773e+02   2.0291096e+02   1.3476087e+02   1.2864157e+02
   8.5812572e+01   7.8431929e+01   1.5613059e+02   2.0337308e+02   1.3496760e+02   1.2944045e+02
   8.6248356e+01   7.8345011e+01   1.5629574e+02   2.0353703e+02   1.3531280e+02   1.3024760e+02
   8.6143799e+01   7.8483143e+01   1.5602041e+02   2.0405607e+02   1.3558327e+02   1.3077840e+02
   8.6537232e+01   7.8631074e+01   1.5636723e+02   2.0417511e+02   1.3565272e+02   1.3076186e+02
   8.6672722e+01   7.8450080e+01   1.5632522e+02   2.0408726e+02   1.3519674e+02   1.3056033e+02
   8.6711068e+01   7.8762219e+01   1.5588978e+02   2.0387806e+02   1.3500348e+02   1.2935813e+02
   8.6403275e+01   7.9132814e+01   1.5657319e+02   2.0404431e+02   1.3530846e+02   1.2922281e+02
   8.6530329e+01   7.8346800e+01   1.5632923e+02   2.0340921e+02   1.3513189e+02   1.2876078e+02
   8.6061652e+01   7.8127289e+01   1.5526064e+02   2.0276312e+02   1.3503049e+02   1.2830173e+02
   8.6002514e+01   7.8085023e+01   1.5575071e+02   2.0275127e+02   1.3518439e+02   1.2889457e+02
   8.6023391e+01   7.8674192e+01   1.5630920e+02   2.0313516e+02   1.3520518e+02   1.2949533e+02
   8.6040604e+01   7.8108968e+01   1.5620115e+02   2.0249708e+02   1.3521864e+02   1.2895183e+02
   8.6083723e+01   7.8280504e+01   1.5540542e+02   2.0178776e+02   1.3503876e+02   1.2873956e+02
   8.5832853e+01   7.8228779e+01   1.5529362e+02   2.0255545e+02   1.3541421e+02   1.2877680e+02
   8.6376774e+01   7.8161971e+01   1.5598036e+02   2.0340299e+02   1.3511426e+02   1.2967709e+02
   8.5938518e+01   7.8207134e+01   1.5577985e+02   2.0302890e+02   1.3491366e+02   1.2929610e+02
   8.5632600e+01   7.8212162e+01   1.5580635e+02   2.0209197e+02   1.3500919e+02   1.2842061e+02
   8.6062845e+01   7.7901131e+01   1.5577005e+02   2.0192631e+02   1.3508273e+02   1.2892721e+02
   8.6380608e+01   7.8512541e+01   1.5615829e+02   2.0353268e+02   1.3525264e+02   1.3034662e+02
   8.6589468e+01   7.8492346e+01   1.5643225e+02   2.0421124e+02   1.3533505e+02   1.3020857e+02
   8.5416326e+01   7.8089709e+01   1.5575556e+02   2.0375833e+02   1.3510411e+02   1.2860961e+02
   8.4993580e+01   7.7148606e+01   1.5562016e+02   2.0281706e+02   1.3430600e+02   1.2745079e+02
   8.4767081e+01   7.6897906e+01   1.5507718e+02   2.0236585e+02   1.3466816e+02   1.2742642e+02
   8.5291317e+01   7.7408423e+01   1.5484437e+02   2.0163982e+02   1.3459735e+02   1.2817681e+02
   8.4759923e+01   7.6979797e+01   1.5355628e+02   1.9997006e+02   1.3341483e+02   1.2642507e+02
   8.4725752e+01   7.6389093e+01   1.5241492e+02   1.9977270e+02   1.3304867e+02   1.2590961e+02
   8.4611139e+01   7.6681292e+01   1.5311401e+02   2.0030801e+02   1.3363341e+02   1.2654215e+02
   8.5610614e+01   7.7387290e+01   1.5480790e+02   2.0121001e+02   1.3453344e+02   1.2845009e+02
   8.5604649e+01   7.7905477e+01   1.5560516e+02   2.0140387e+02   1.3441780e+02   1.2926014e+02
   8.5769539e+01   7.7673268e+01   1.5585654e+02   2.0219465e+02   1.3483663e+02   1.2934876e+02
   8.6267274e+01   7.8036451e+01   1.5595675e+02   2.0265183e+02   1.3490301e+02   1.2994662e+02
   8.6331781e+01   7.8257411e+01   1.5575292e+02   2.0310891e+02   1.3512687e+02   1.3011091e+02
   8.6118320e+01   7.8229716e+01   1.5663208e+02   2.0427013e+02   1.3576606e+02   1.3084810e+02
   8.6708512e+01   7.8741085e+01   1.5752094e+02   2.0513974e+02   1.3602238e+02   1.3131252e+02
   8.6590490e+01   7.8030912e+01   1.5714379e+02   2.0414162e+02   1.3517263e+02   1.3028219e+02
   8.6155899e+01   7.8094567e+01   1.5544513e+02   2.0244544e+02   1.3446331e+02   1.2842708e+02
   8.5811549e+01   7.7971944e+01   1.5510129e+02   2.0298075e+02   1.3405360e+02   1.2788189e+02
   8.6167829e+01   7.7887070e+01   1.5505468e+02   2.0308701e+02   1.3444950e+02   1.2801959e+02
   8.6084149e+01   7.8073263e+01   1.5533094e+02   2.0397512e+02   1.3486083e+02   1.2820093e+02
   8.6444263e+01   7.8200147e+01   1.5581820e+02   2.0322412e+02   1.3481890e+02   1.2899410e+02
   8.6416569e+01   7.8969544e+01   1.5616042e+02   2.0369493e+02   1.3485861e+02   1.2952200e+02
   8.6668291e+01   7.8611560e+01   1.5656109e+02   2.0428206e+02   1.3543798e+02   1.3017201e+02
   8.6434975e+01   7.8602442e+01   1.5615394e+02   2.0419573e+02   1.3524523e+02   1.3068977e+02
   8.6322322e+01   7.8703421e+01   1.5667034e+02   2.0402616e+02   1.3553206e+02   1.3019178e+02
   8.6584525e+01   7.8696859e+01   1.5686258e+02   2.0337419e+02   1.3510718e+02   1.2983993e+02
   8.5984534e+01   7.8247100e+01   1.5606736e+02   2.0373260e+02   1.3520262e+02   1.2909815e+02
   8.6209328e+01   7.7958906e+01   1.5538625e+02   2.0284552e+02   1.3497485e+02   1.2840893e+02
   8.6260712e+01   7.8075649e+01   1.5452737e+02   2.0193322e+02   1.3437289e+02   1.2800604e+02
   8.5811379e+01   7.8162056e+01   1.5470138e+02   2.0188166e+02   1.3406774e+02   1.2799139e+02
   8.6328969e+01   7.7992395e+01   1.5549745e+02   2.0296482e+02   1.3478243e+02   1.2826143e+02
   8.6462499e+01   7.8128397e+01   1.5569285e+02   2.0301296e+02   1.3476675e+02   1.2926917e+02
   8.6532630e+01   7.8137941e+01   1.5558241e+02   2.0215869e+02   1.3484745e+02   1.2965221e+02
   8.6343370e+01   7.8349442e+01   1.5562945e+02   2.0169820e+02   1.3464728e+02   1.2943764e+02
   8.5910568e+01   7.8325156e+01   1.5609599e+02   2.0173203e+02   1.3502035e+02   1.3015292e+02
   8.6246652e+01   7.8228523e+01   1.5682832e+02   2.0285677e+02   1.3523066e+02   1.3080635e+02
   8.6758703e+01   7.8227671e+01   1.5710740e+02   2.0230143e+02   1.3528358e+02   1.3096774e+02
   8.6346693e+01   7.8060311e+01   1.5640958e+02   2.0210007e+02   1.3503202e+02   1.3044538e+02
   8.6683459e+01   7.7966575e+01   1.5656603e+02   2.0323060e+02   1.3493411e+02   1.3038769e+02
   8.7184091e+01   7.8493880e+01   1.5663855e+02   2.0403766e+02   1.3491937e+02   1.3042885e+02
   8.6456108e+01   7.7538034e+01   1.5591236e+02   2.0395185e+02   1.3514877e+02   1.2982246e+02
   8.5982829e+01   7.4517111e+01   1.5519452e+02   2.0320674e+02   1.3488511e+02   1.2896964e+02
   8.6071707e+01   7.7621288e+01   1.5520977e+02   2.0323699e+02   1.3466611e+02   1.2819326e+02
   8.6172004e+01   7.2610192e+01   1.5573290e+02   2.0307653e+02   1.3502631e+02   1.2854187e+02
   8.6268126e+01   7.5035383e+01   1.5582970e+02   2.0324219e+02   1.3513956e+02   1.2956520e+02
   8.6482780e+01   7.4962099e+01   1.5607793e+02   2.0424226e+02   1.3531178e+02   1.2969635e+02
   8.5963912e+01   7.2909463e+01   1.5649360e+02   2.0495559e+02   1.3584880e+02   1.3008492e+02
   8.6496925e+01   7.2748068e+01   1.5617405e+02   2.0433012e+02   1.3528289e+02   1.2938293e+02
   8.6447501e+01   7.2591615e+01   1.5539613e+02   2.0377699e+02   1.3506747e+02   1.2892652e+02
   8.6164846e+01   7.2695832e+01   1.5548314e+02   2.0383119e+02   1.3528801e+02   1.2962732e+02
   8.6411882e+01   7.2662258e+01   1.5647469e+02   2.0472210e+02   1.3576359e+02   1.3004615e+02
   8.5703498e+01   7.2949344e+01   1.5735026e+02   2.0434094e+02   1.3537305e+02   1.3024308e+02
   8.6004644e+01   7.2714409e+01   1.5645083e+02   2.0477817e+02   1.3552081e+02   1.2983601e+02
   8.6110224e+01   7.2798174e+01   1.5588458e+02   2.0466731e+02   1.3519172e+02   1.2915396e+02
   8.5872392e+01   7.2564347e+01   1.5588594e+02   2.0381602e+02   1.3501473e+02   1.2876257e+02
   8.5572353e+01   7.2295326e+01   1.5492720e+02   2.0308650e+02   1.3486909e+02   1.2847506e+02
   8.5711934e+01   7.2560086e+01   1.5543533e+02   2.0402019e+02   1.3493224e+02   1.2841362e+02
   8.6161012e+01   7.2487569e+01   1.5559664e+02   2.0413804e+02   1.3481737e+02   1.2877050e+02
   8.5986920e+01   7.2549519e+01   1.5508561e+02   2.0457298e+02   1.3456914e+02   1.2882469e+02
   8.5566985e+01   7.2316203e+01   1.5536954e+02   2.0404848e+02   1.3484285e+02   1.2835891e+02
   8.5976268e+01   7.2604738e+01   1.5621785e+02   2.0320043e+02   1.3516146e+02   1.2895839e+02
   8.5843334e+01   7.2643596e+01   1.5601538e+02   2.0344099e+02   1.3525196e+02   1.2975889e+02
   8.5724460e+01   7.2489955e+01   1.5593034e+02   2.0339063e+02   1.3491025e+02   1.2890224e+02
   8.5803880e+01   7.2526852e+01   1.5599553e+02   2.0401329e+02   1.3515593e+02   1.2880995e+02
   8.5898467e+01   7.2250163e+01   1.5572659e+02   2.0353942e+02   1.3499325e+02   1.2832585e+02
   8.5609421e+01   7.2471975e+01   1.5539358e+02   2.0355893e+02   1.3493693e+02   1.2822692e+02
   8.5904432e+01   7.2587184e+01   1.5598385e+02   2.0346622e+02   1.3490846e+02   1.2875132e+02
   8.5802090e+01   7.2236443e+01   1.5576110e+02   2.0248089e+02   1.3430123e+02   1.2844702e+02
   8.5321398e+01   7.2589400e+01   1.5558454e+02   2.0311803e+02   1.3473821e+02   1.2815960e+02
   8.5428086e+01   7.2329326e+01   1.5586847e+02   2.0304296e+02   1.3509994e+02   1.2907352e+02
   8.5329408e+01   7.2020681e+01   1.5554389e+02   2.0274070e+02   1.3531349e+02   1.2950479e+02
   8.5274615e+01   7.2761361e+01   1.5503329e+02   2.0314138e+02   1.3508835e+02   1.2904574e+02
   8.5781298e+01   7.2570652e+01   1.5519775e+02   2.0321501e+02   1.3467634e+02   1.2904574e+02
   8.5829444e+01   7.2412410e+01   1.5587589e+02   2.0322302e+02   1.3486321e+02   1.2966550e+02
   8.6242476e+01   7.2780023e+01   1.5597576e+02   2.0408922e+02   1.3524446e+02   1.3026115e+02
