   9.2488095e+01   9.5793605e+01   1.2786162e+02   1.6591033e+02   8.0492963e+01   1.0034532e+02
   9.1871866e+01   9.5524433e+01   1.2838481e+02   1.6599311e+02   8.0602324e+01   1.0075339e+02
   9.2035295e+01   9.4663506e+01   1.3013502e+02   1.6575425e+02   8.0434981e+01   1.0002680e+02
   9.2151908e+01   9.4795214e+01   1.3063197e+02   1.6550023e+02   8.0390119e+01   9.9169680e+01
   9.2395398e+01   9.5438095e+01   1.3007018e+02   1.6565826e+02   8.0581840e+01   1.0000724e+02
   9.1690797e+01   9.5342022e+01   1.2930364e+02   1.6571979e+02   8.0745967e+01   1.0019042e+02
   9.2763303e+01   9.6306385e+01   1.2931964e+02   1.6446078e+02   8.0158275e+01   9.8178569e+01
   9.1059302e+01   9.6712937e+01   1.2995109e+02   1.6538841e+02   8.0464014e+01   1.0006252e+02
   9.1813178e+01   9.5527480e+01   1.3009990e+02   1.6550640e+02   8.0710755e+01   1.0000614e+02
   9.1517954e+01   9.6024940e+01   1.3031447e+02   1.6566926e+02   7.9430665e+01   9.9776671e+01
   9.2668655e+01   9.6727834e+01   1.3034249e+02   1.6535531e+02   8.0709993e+01   9.9722667e+01
   9.2387510e+01   9.6598327e+01   1.3037482e+02   1.6562118e+02   8.0594706e+01   9.9824834e+01
   9.2085757e+01   9.6349893e+01   1.3063087e+02   1.6613540e+02   8.1166993e+01   1.0053966e+02
   9.3213898e+01   9.7722923e+01   1.3105317e+02   1.6679259e+02   8.1142700e+01   1.0120184e+02
   9.3694177e+01   9.7412106e+01   1.3113773e+02   1.6703434e+02   8.1070751e+01   1.0173333e+02
   9.3419562e+01   9.6789710e+01   1.3101686e+02   1.6692988e+02   8.1019033e+01   1.0114395e+02
   9.2924781e+01   9.5893317e+01   1.3058957e+02   1.6589797e+02   8.0367095e+01   9.9973810e+01
   9.3743197e+01   9.7221993e+01   1.3089294e+02   1.6635878e+02   8.0680706e+01   1.0075906e+02
   9.3088973e+01   9.6647083e+01   1.3075336e+02   1.6697712e+02   8.1231746e+01   1.0112431e+02
   9.2238075e+01   9.6573357e+01   1.3102329e+02   1.6640381e+02   8.1359222e+01   1.0116096e+02
   9.3079220e+01   9.6282431e+01   1.3013815e+02   1.6611263e+02   8.0875559e+01   1.0102502e+02
   9.2508958e+01   9.6176540e+01   1.3039886e+02   1.6587106e+02   8.0858545e+01   9.9816285e+01
   9.2745408e+01   9.6745610e+01   1.3122119e+02   1.6648803e+02   8.1155989e+01   1.0088815e+02
   9.3087531e+01   9.7143104e+01   1.3108770e+02   1.6638070e+02   8.0855498e+01   1.0108715e+02
   9.3626498e+01   9.7059643e+01   1.3058449e+02   1.6638079e+02   8.0388426e+01   1.0062600e+02
   9.3154446e+01   9.7517574e+01   1.3081218e+02   1.6668737e+02   8.0607488e+01   1.0096890e+02
   9.2999244e+01   9.6549402e+01   1.3041842e+02   1.6605321e+02   8.0623655e+01   1.0009756e+02
   9.3006453e+01   9.6279384e+01   1.3054860e+02   1.6579471e+02   8.0681722e+01   1.0041261e+02
   9.2759147e+01   9.6351840e+01   1.3027494e+02   1.6600869e+02   8.0785920e+01   1.0072588e+02
   9.2789255e+01   9.6405336e+01   1.3043738e+02   1.6651538e+02   8.0564573e+01   1.0054271e+02
   9.3482830e+01   9.7291571e+01   1.3028595e+02   1.6655507e+02   8.1307588e+01   1.0142827e+02
   9.4325247e+01   9.7458238e+01   1.3075031e+02   1.6687427e+02   8.1343309e+01   1.0136174e+02
   9.4108388e+01   9.7226225e+01   1.3131794e+02   1.6669762e+02   8.0622724e+01   1.0060391e+02
   9.3922315e+01   9.6791826e+01   1.3059499e+02   1.6692548e+02   8.0356853e+01   1.0070574e+02
   9.3051063e+01   9.5472884e+01   1.2962114e+02   1.6609613e+02   8.0806489e+01   9.9961282e+01
   9.2260974e+01   9.5523671e+01   1.2967354e+02   1.6662372e+02   8.0916866e+01   1.0080418e+02
   9.2789000e+01   9.4905253e+01   1.3019377e+02   1.6650623e+02   8.1156243e+01   1.0098888e+02
   9.3047501e+01   9.5681280e+01   1.3112393e+02   1.6708174e+02   8.1746728e+01   1.0126262e+02
   9.3725302e+01   9.5715308e+01   1.3134511e+02   1.6722640e+02   8.1277201e+01   1.0179724e+02
   9.3971081e+01   9.6241801e+01   1.3087939e+02   1.6677490e+02   8.0976372e+01   1.0135353e+02
   9.3546862e+01   9.5163759e+01   1.3051195e+02   1.6673596e+02   8.0544596e+01   1.0077633e+02
   9.3599698e+01   9.5039416e+01   1.3011141e+02   1.6634101e+02   8.0264082e+01   1.0048964e+02
   9.3466717e+01   9.4605524e+01   1.3020714e+02   1.6643657e+02   8.0712617e+01   9.9617199e+01
   9.2615819e+01   9.4509282e+01   1.3042806e+02   1.6643572e+02   8.0864047e+01   1.0010603e+02
   9.2758299e+01   9.4672563e+01   1.3004394e+02   1.6684371e+02   8.1524365e+01   1.0093631e+02
   9.2780435e+01   9.4539924e+01   1.3010396e+02   1.6645934e+02   8.1597498e+01   1.0084980e+02
   9.2916639e+01   9.4404915e+01   1.3063358e+02   1.6593302e+02   8.1385208e+01   1.0057902e+02
   9.3417866e+01   9.4975255e+01   1.3050120e+02   1.6620346e+02   8.0895789e+01   1.0094359e+02
   9.3806465e+01   9.5183820e+01   1.3033174e+02   1.6683762e+02   8.1249860e+01   1.0116815e+02
   9.2740065e+01   9.4318831e+01   1.3018979e+02   1.6651047e+02   8.0955295e+01   1.0054017e+02
   9.2965829e+01   9.4222335e+01   1.3079509e+02   1.6612694e+02   8.0466977e+01   1.0032500e+02
   9.3106444e+01   9.4305203e+01   1.3074252e+02   1.6624722e+02   8.0336454e+01   1.0069871e+02
   9.3274198e+01   9.4568703e+01   1.3041046e+02   1.6659545e+02   8.1198142e+01   1.0111897e+02
   9.4264015e+01   9.5284887e+01   1.3046946e+02   1.6666613e+02   8.0948777e+01   1.0119947e+02
   9.3775425e+01   9.4647000e+01   1.3112351e+02   1.6660755e+02   8.1312075e+01   1.0124882e+02
   9.3567131e+01   9.4585802e+01   1.3047310e+02   1.6641532e+02   8.1340177e+01   1.0147305e+02
   9.3630909e+01   9.4818153e+01   1.3013765e+02   1.6649675e+02   8.1118152e+01   1.0150056e+02
   9.4093207e+01   9.4912194e+01   1.2939852e+02   1.6637072e+02   8.1237925e+01   1.0171860e+02
   9.3406162e+01   9.4576491e+01   1.2957865e+02   1.6639493e+02   8.0657513e+01   1.0045172e+02
   9.2392853e+01   9.4111788e+01   1.3038752e+02   1.6631908e+02   8.1175627e+01   1.0032255e+02
   9.3431012e+01   9.4728260e+01   1.3064425e+02   1.6663684e+02   8.1447253e+01   1.0157377e+02
   9.3445090e+01   9.4276847e+01   1.3020748e+02   1.6680368e+02   8.1201189e+01   1.0174112e+02
   9.3102882e+01   9.4569381e+01   1.3002600e+02   1.6647322e+02   8.1092590e+01   1.0134786e+02
   9.3286920e+01   9.4277016e+01   1.3007298e+02   1.6659740e+02   8.0972986e+01   1.0155168e+02
   9.3182010e+01   9.4702020e+01   1.2974786e+02   1.6662372e+02   8.1130087e+01   1.0196847e+02
   9.3544996e+01   9.4607386e+01   1.2959118e+02   1.6669550e+02   8.1521233e+01   1.0216858e+02
   9.3632011e+01   9.4462050e+01   1.3009600e+02   1.6612736e+02   8.1041972e+01   1.0136707e+02
   9.2875591e+01   9.3813583e+01   1.2968378e+02   1.6586598e+02   8.0804457e+01   1.0090990e+02
   9.3148425e+01   9.4304526e+01   1.3018877e+02   1.6605482e+02   8.1410602e+01   1.0118220e+02
   9.3684424e+01   9.4289797e+01   1.3023854e+02   1.6655795e+02   8.1011415e+01   1.0157005e+02
   9.2924103e+01   9.4184075e+01   1.2966719e+02   1.6619220e+02   8.0758749e+01   1.0130621e+02
   9.2754907e+01   9.3786666e+01   1.2978180e+02   1.6566291e+02   8.0487122e+01   1.0072800e+02
   9.2672981e+01   9.3809520e+01   1.2986958e+02   1.6576974e+02   8.0537994e+01   1.0088425e+02
   9.2723782e+01   9.4047035e+01   1.3000636e+02   1.6598770e+02   8.0837723e+01   1.0135564e+02
   9.3875331e+01   9.4743750e+01   1.3016634e+02   1.6624959e+02   8.1058901e+01   1.0137833e+02
   9.2969137e+01   9.4067688e+01   1.3018632e+02   1.6588181e+02   8.0167586e+01   1.0098803e+02
   9.3103560e+01   9.4317053e+01   1.2959634e+02   1.6576508e+02   8.1015562e+01   1.0133372e+02
   9.2968373e+01   9.4385700e+01   1.2925547e+02   1.6622081e+02   8.1437604e+01   1.0146187e+02
   9.3311260e+01   9.4994638e+01   1.2908178e+02   1.6688384e+02   8.1213040e+01   1.0149903e+02
   9.3689003e+01   9.5086055e+01   1.2993077e+02   1.6696196e+02   8.1050267e+01   1.0119888e+02
   9.3978120e+01   9.5296652e+01   1.3080406e+02   1.6652240e+02   8.0803949e+01   1.0133093e+02
   9.4383851e+01   9.4861745e+01   1.3040758e+02   1.6651842e+02   8.0649641e+01   1.0184532e+02
   9.3486732e+01   9.4738502e+01   1.2959033e+02   1.6618255e+02   8.0213126e+01   1.0131476e+02
   9.3752865e+01   9.4542633e+01   1.3023380e+02   1.6625433e+02   8.0051707e+01   1.0090804e+02
   9.3609197e+01   9.4161729e+01   1.3049536e+02   1.6579987e+02   8.0153874e+01   1.0013574e+02
   9.3777036e+01   9.4331358e+01   1.2998986e+02   1.6607996e+02   8.1249268e+01   1.0132568e+02
   9.3952084e+01   9.4958579e+01   1.2947674e+02   1.6629767e+02   8.1121200e+01   1.0174670e+02
   9.3889070e+01   9.5414733e+01   1.2991605e+02   1.6599921e+02   8.1302256e+01   1.0122275e+02
   9.3769488e+01   9.4829749e+01   1.2993306e+02   1.6552189e+02   8.0863793e+01   1.0059714e+02
   9.2987032e+01   9.4061848e+01   1.3028264e+02   1.6586919e+02   8.0887156e+01   1.0073909e+02
   9.3614710e+01   9.4866485e+01   1.3007357e+02   1.6656997e+02   8.0962236e+01   1.0187046e+02
   9.3586299e+01   9.4820946e+01   1.3002608e+02   1.6643903e+02   8.0885124e+01   1.0138112e+02
   9.4049191e+01   9.5389508e+01   1.2920486e+02   1.6595672e+02   8.1227345e+01   1.0170057e+02
   9.3552035e+01   9.5851417e+01   1.2952101e+02   1.6660104e+02   8.0979250e+01   1.0149903e+02
   9.3944790e+01   9.5208621e+01   1.2992967e+02   1.6620938e+02   8.1010484e+01   1.0160213e+02
   9.3859810e+01   9.5173324e+01   1.2970892e+02   1.6552164e+02   8.1530290e+01   1.0162515e+02
   9.3974219e+01   9.5380113e+01   1.2963105e+02   1.6569025e+02   8.0986614e+01   1.0164107e+02
   9.3955985e+01   9.5492352e+01   1.2947750e+02   1.6567248e+02   8.1465029e+01   1.0141396e+02
   9.3960480e+01   9.4718949e+01   1.3005216e+02   1.6582061e+02   8.0947762e+01   1.0128302e+02
   9.4193198e+01   9.4811974e+01   1.3108644e+02   1.6604111e+02   8.0927955e+01   1.0097068e+02
   9.3793828e+01   9.4944105e+01   1.3045752e+02   1.6554559e+02   8.0692641e+01   1.0087240e+02
   9.3006114e+01   9.4666130e+01   1.3014535e+02   1.6545934e+02   8.0859307e+01   1.0083355e+02
   9.2928513e+01   9.4769567e+01   1.3004708e+02   1.6558191e+02   8.0533677e+01   1.0087486e+02
   9.3409809e+01   9.4614581e+01   1.2974007e+02   1.6617688e+02   8.0777709e+01   1.0108139e+02
   9.3989824e+01   9.5320607e+01   1.2980508e+02   1.6634659e+02   8.1009383e+01   1.0159036e+02
   9.4177254e+01   9.5587747e+01   1.3052422e+02   1.6658250e+02   8.1187646e+01   1.0168136e+02
   9.4441946e+01   9.5476778e+01   1.3007992e+02   1.6646789e+02   8.2039347e+01   1.0147931e+02
   9.3638033e+01   9.4347272e+01   1.2967557e+02   1.6675551e+02   8.1352112e+01   1.0144384e+02
   9.3482491e+01   9.4163676e+01   1.2948757e+02   1.6542015e+02   8.0345595e+01   1.0074975e+02
   9.2875846e+01   9.3995063e+01   1.2907450e+02   1.6502384e+02   8.0502274e+01   1.0115080e+02
   9.2967865e+01   9.4172310e+01   1.2827486e+02   1.6535116e+02   8.1140837e+01   1.0154152e+02
   9.3104069e+01   9.3993116e+01   1.2908170e+02   1.6565377e+02   8.0774154e+01   1.0121945e+02
   9.3007556e+01   9.3913803e+01   1.2970756e+02   1.6578751e+02   8.0822317e+01   1.0094647e+02
   9.3781446e+01   9.4428870e+01   1.3001373e+02   1.6599362e+02   8.1123993e+01   1.0155295e+02
   9.4395131e+01   9.4879944e+01   1.3003980e+02   1.6635751e+02   8.1244443e+01   1.0217171e+02
   9.4329997e+01   9.5147084e+01   1.3018716e+02   1.6667172e+02   8.1479418e+01   1.0200504e+02
   9.4746837e+01   9.4969414e+01   1.3069190e+02   1.6633771e+02   8.0758749e+01   1.0201130e+02
   9.4369942e+01   9.5127193e+01   1.3028654e+02   1.6603594e+02   8.0256041e+01   1.0125839e+02
   9.4136884e+01   9.4892302e+01   1.3014662e+02   1.6645231e+02   8.0271954e+01   1.0076389e+02
   9.3625141e+01   9.4519609e+01   1.3012114e+02   1.6624798e+02   8.0615106e+01   1.0036479e+02
   9.3662967e+01   9.4466537e+01   1.2986060e+02   1.6565716e+02   8.1100462e+01   1.0118187e+02
   9.3465868e+01   9.4513515e+01   1.2997344e+02   1.6654898e+02   8.1544087e+01   1.0196974e+02
   9.2846756e+01   9.3821117e+01   1.2968505e+02   1.6628971e+02   8.1446576e+01   1.0174036e+02
   9.4338562e+01   9.4898227e+01   1.3013418e+02   1.6646129e+02   8.1370226e+01   1.0157487e+02
   9.4259350e+01   9.4422267e+01   1.3013942e+02   1.6657674e+02   8.1144054e+01   1.0127159e+02
   9.3219072e+01   9.3875036e+01   1.3008567e+02   1.6606506e+02   8.1005997e+01   1.0117569e+02
   9.3185063e+01   9.4480418e+01   1.2989556e+02   1.6623520e+02   8.0918136e+01   1.0154034e+02
   9.3922061e+01   9.4892218e+01   1.2907730e+02   1.6639052e+02   8.1119507e+01   1.0188010e+02
   9.4707316e+01   9.4883076e+01   1.3008847e+02   1.6669322e+02   8.1169447e+01   1.0175322e+02
   9.4412177e+01   9.4123216e+01   1.2996209e+02   1.6618763e+02   8.1046543e+01   1.0121953e+02
   9.4105420e+01   9.4520286e+01   1.2987990e+02   1.6571167e+02   8.0668178e+01   1.0111415e+02
   9.3935800e+01   9.4594436e+01   1.2922475e+02   1.6602858e+02   7.9744360e+01   1.0103704e+02
   9.4252396e+01   9.4737825e+01   1.2892231e+02   1.6582645e+02   8.0466807e+01   1.0141134e+02
   9.4091850e+01   9.4429716e+01   1.2924295e+02   1.6563659e+02   8.0722097e+01   1.0133948e+02
   9.4335255e+01   9.4513176e+01   1.2992883e+02   1.6537266e+02   8.0896551e+01   1.0110179e+02
   9.3658557e+01   9.4203375e+01   1.2888913e+02   1.6522936e+02   8.0891303e+01   1.0127642e+02
   9.4126707e+01   9.4054822e+01   1.2884274e+02   1.6547272e+02   8.1041972e+01   1.0188874e+02
   9.3397257e+01   9.4510891e+01   1.2909812e+02   1.6638942e+02   8.1469853e+01   1.0211669e+02
   9.3157330e+01   9.4209300e+01   1.2938066e+02   1.6641422e+02   8.1646085e+01   1.0141853e+02
   9.2933262e+01   9.4124231e+01   1.2976656e+02   1.6576787e+02   8.0888848e+01   1.0045976e+02
   9.2772547e+01   9.3727753e+01   1.2953946e+02   1.6554052e+02   8.1502272e+01   1.0143716e+02
   9.3271484e+01   9.4401868e+01   1.2950171e+02   1.6614683e+02   8.1450893e+01   1.0210619e+02
   9.2839208e+01   9.3701682e+01   1.2963595e+02   1.6561246e+02   8.0913396e+01   1.0128564e+02
   9.3460101e+01   9.3918543e+01   1.3005063e+02   1.6547940e+02   8.0487630e+01   1.0059417e+02
   9.3731154e+01   9.3847695e+01   1.3001220e+02   1.6527837e+02   8.0836030e+01   1.0098540e+02
   9.3530918e+01   9.3754670e+01   1.2977850e+02   1.6578666e+02   8.1498040e+01   1.0169152e+02
   9.3771269e+01   9.4109757e+01   1.3044220e+02   1.6666672e+02   8.1717102e+01   1.0232678e+02
   9.4794501e+01   9.4415834e+01   1.2996158e+02   1.6660671e+02   8.1656835e+01   1.0212752e+02
   9.3669667e+01   9.4249591e+01   1.2957526e+02   1.6616630e+02   8.1008283e+01   1.0121352e+02
   9.3474265e+01   9.4425653e+01   1.2897547e+02   1.6577397e+02   8.0452756e+01   1.0136318e+02
   9.3385384e+01   9.4135743e+01   1.2965229e+02   1.6549269e+02   8.0892488e+01   1.0180612e+02
   9.3609197e+01   9.4367163e+01   1.3036602e+02   1.6614734e+02   8.1198142e+01   1.0216011e+02
   9.3847004e+01   9.4573867e+01   1.2997682e+02   1.6649760e+02   8.1575152e+01   1.0233313e+02
   9.4463657e+01   9.4302663e+01   1.3021188e+02   1.6660417e+02   8.1735639e+01   1.0182746e+02
   9.4277754e+01   9.4207184e+01   1.3022796e+02   1.6618086e+02   8.1409163e+01   1.0107868e+02
   9.3298708e+01   9.3534847e+01   1.2921087e+02   1.6591660e+02   8.0904423e+01   1.0137350e+02
   9.3390388e+01   9.4000480e+01   1.2890098e+02   1.6677668e+02   8.1056954e+01   1.0167230e+02
   9.4357136e+01   9.4544326e+01   1.2963375e+02   1.6638875e+02   8.1223705e+01   1.0159383e+02
   9.3273350e+01   9.3668671e+01   1.2920105e+02   1.6644580e+02   8.1126109e+01   1.0174814e+02
   9.3228994e+01   9.4124147e+01   1.2930990e+02   1.6672910e+02   8.1022588e+01   1.0146991e+02
   9.3737091e+01   9.4153265e+01   1.2941622e+02   1.6597872e+02   8.1272630e+01   1.0081815e+02
   9.4060725e+01   9.4086564e+01   1.2974075e+02   1.6576457e+02   8.1158359e+01   1.0122453e+02
   9.3495043e+01   9.4025281e+01   1.2907239e+02   1.6614234e+02   8.0908317e+01   1.0175779e+02
   9.4180392e+01   9.4131680e+01   1.2878722e+02   1.6633762e+02   8.1259510e+01   1.0143487e+02
   9.4550163e+01   9.4999294e+01   1.2976385e+02   1.6660070e+02   8.1261965e+01   1.0128564e+02
   9.4266220e+01   9.4655719e+01   1.3023507e+02   1.6617315e+02   8.0880469e+01   1.0103983e+02
   9.3845393e+01   9.4121861e+01   1.2937245e+02   1.6633170e+02   8.0974594e+01   1.0112981e+02
   9.4858702e+01   9.5042378e+01   1.2977376e+02   1.6684422e+02   8.1036047e+01   1.0113032e+02
   9.4368840e+01   9.4998024e+01   1.3002456e+02   1.6666494e+02   8.0998633e+01   1.0114640e+02
   9.4027395e+01   9.3852435e+01   1.2914154e+02   1.6613786e+02   8.0973663e+01   1.0149057e+02
   9.3672211e+01   9.3956718e+01   1.2842146e+02   1.6599455e+02   8.0642362e+01   1.0119126e+02
   9.3370203e+01   9.4306811e+01   1.2883250e+02   1.6559664e+02   8.0809028e+01   1.0038011e+02
   9.3911036e+01   9.4678065e+01   1.2938498e+02   1.6627964e+02   8.1356006e+01   1.0133981e+02
   9.4385632e+01   9.4664099e+01   1.2891114e+02   1.6598473e+02   8.1282703e+01   1.0170184e+02
   9.4218556e+01   9.4688646e+01   1.2891520e+02   1.6576635e+02   8.0810382e+01   1.0172715e+02
   9.4749212e+01   9.4707776e+01   1.2930127e+02   1.6585574e+02   8.1340092e+01   1.0173722e+02
   9.4932486e+01   9.4942328e+01   1.2992172e+02   1.6643149e+02   8.1125009e+01   1.0154102e+02
   9.3854043e+01   9.4767958e+01   1.2954301e+02   1.6656802e+02   8.1417966e+01   1.0185039e+02
   9.4171148e+01   9.4799192e+01   1.3010836e+02   1.6624967e+02   8.1994738e+01   1.0186055e+02
   9.4571705e+01   9.4736894e+01   1.2996260e+02   1.6641321e+02   8.1179520e+01   1.0142996e+02
   9.3391745e+01   9.3902376e+01   1.2820079e+02   1.6600725e+02   8.0975017e+01   1.0152443e+02
   9.3692650e+01   9.4680266e+01   1.2903844e+02   1.6652985e+02   8.1215241e+01   1.0168711e+02
   9.4540156e+01   9.4660713e+01   1.2936585e+02   1.6588316e+02   8.0946153e+01   1.0162338e+02
   9.4000001e+01   9.4083432e+01   1.2930872e+02   1.6543149e+02   8.0422199e+01   1.0126270e+02
   9.3764230e+01   9.4424891e+01   1.2882937e+02   1.6595138e+02   8.0932271e+01   1.0091413e+02
   9.4611905e+01   9.4367417e+01   1.2887618e+02   1.6583542e+02   8.0791083e+01   1.0129055e+02
   9.3769233e+01   9.4135743e+01   1.2892231e+02   1.6520439e+02   8.0849573e+01   1.0118864e+02
   9.3660846e+01   9.4574036e+01   1.2944499e+02   1.6584786e+02   8.0823841e+01   1.0036377e+02
   9.4170554e+01   9.4786157e+01   1.2995710e+02   1.6663963e+02   8.0752400e+01   1.0079648e+02
   9.3856503e+01   9.5344985e+01   1.2919250e+02   1.6697881e+02   8.0755871e+01   1.0140982e+02
   9.4423372e+01   9.5204897e+01   1.2940284e+02   1.6628218e+02   8.1227175e+01   1.0102409e+02
   9.4250699e+01   9.4675272e+01   1.2913833e+02   1.6637757e+02   8.1047474e+01   1.0159273e+02
   9.3925877e+01   9.4374612e+01   1.2894779e+02   1.6602139e+02   8.1049759e+01   1.0169422e+02
   9.3831399e+01   9.4721319e+01   1.2940394e+02   1.6559841e+02   8.0419745e+01   1.0144901e+02
   9.3660507e+01   9.4036285e+01   1.2964670e+02   1.6509655e+02   8.0762219e+01   1.0049497e+02
   9.3281916e+01   9.4472377e+01   1.2874523e+02   1.6576026e+02   8.1034777e+01   1.0139746e+02
   9.3792132e+01   9.4359714e+01   1.2971865e+02   1.6612652e+02   8.1157343e+01   1.0174408e+02
   9.3597833e+01   9.4858359e+01   1.2947521e+02   1.6663041e+02   8.0918644e+01   1.0156624e+02
   9.4043254e+01   9.5085463e+01   1.2968742e+02   1.6595587e+02   8.0813430e+01   1.0146941e+02
   9.4055976e+01   9.4896365e+01   1.2893890e+02   1.6637927e+02   8.1254601e+01   1.0201655e+02
   9.5612662e+01   9.5682635e+01   1.2937245e+02   1.6627803e+02   8.0513278e+01   1.0160814e+02
   9.5203454e+01   9.5113903e+01   1.2940386e+02   1.6566952e+02   8.1473832e+01   1.0139746e+02
   9.4615467e+01   9.4528920e+01   1.2912834e+02   1.6594554e+02   8.1303272e+01   1.0213810e+02
   9.5199722e+01   9.4976101e+01   1.2930652e+02   1.6537537e+02   8.1419405e+01   1.0238078e+02
   9.4701718e+01   9.5016477e+01   1.2971552e+02   1.6560468e+02   8.0720658e+01   1.0169837e+02
   9.4529639e+01   9.4957987e+01   1.3006705e+02   1.6625441e+02   8.0623486e+01   1.0123545e+02
   9.3939786e+01   9.4652248e+01   1.2884681e+02   1.6611788e+02   8.0739873e+01   1.0169905e+02
   9.4228140e+01   9.4862253e+01   1.2954911e+02   1.6625077e+02   8.1045781e+01   1.0187833e+02
   9.4305995e+01   9.4646408e+01   1.2923871e+02   1.6625797e+02   8.0921183e+01   1.0151808e+02
   9.4067680e+01   9.4057277e+01   1.2942062e+02   1.6576051e+02   8.1581416e+01   1.0130993e+02
   9.4233398e+01   9.4719880e+01   1.2987305e+02   1.6591990e+02   8.1482127e+01   1.0123799e+02
   9.4255109e+01   9.4563371e+01   1.2942451e+02   1.6619457e+02   8.1259341e+01   1.0199361e+02
   9.4012723e+01   9.4364201e+01   1.2891241e+02   1.6606803e+02   8.1325618e+01   1.0189433e+02
   9.3742179e+01   9.4064133e+01   1.2897606e+02   1.6605338e+02   8.0633728e+01   1.0152950e+02
   9.4474852e+01   9.4906777e+01   1.2880025e+02   1.6606650e+02   8.0659714e+01   1.0154161e+02
   9.4193877e+01   9.4404661e+01   1.2807069e+02   1.6590788e+02   8.0806743e+01   1.0171750e+02
   9.3989994e+01   9.4855482e+01   1.2902566e+02   1.6595841e+02   8.1162760e+01   1.0165232e+02
   9.4617502e+01   9.4735455e+01   1.3035823e+02   1.6611712e+02   8.0968584e+01   1.0122419e+02
   9.3646344e+01   9.4395858e+01   1.2965475e+02   1.6588341e+02   8.1457495e+01   1.0171048e+02
   9.4372995e+01   9.4380706e+01   1.2929416e+02   1.6615149e+02   8.1455210e+01   1.0154855e+02
   9.4817569e+01   9.5128716e+01   1.2980956e+02   1.6645265e+02   8.0535624e+01   1.0047169e+02
   9.4109406e+01   9.5524517e+01   1.2959846e+02   1.6630520e+02   8.1105710e+01   1.0064818e+02
   9.4318293e+01   9.5224111e+01   1.2969148e+02   1.6614700e+02   8.0852028e+01   1.0142768e+02
   9.4070902e+01   9.4996077e+01   1.2871391e+02   1.6599345e+02   8.1416188e+01   1.0158495e+02
   9.4686198e+01   9.4928784e+01   1.2983411e+02   1.6605076e+02   8.1236233e+01   1.0108554e+02
   9.4179205e+01   9.4779047e+01   1.2953057e+02   1.6597390e+02   8.1003797e+01   1.0123790e+02
   9.4547449e+01   9.4449438e+01   1.2904090e+02   1.6582712e+02   8.1108334e+01   1.0132466e+02
   9.3763890e+01   9.4348964e+01   1.2895194e+02   1.6591744e+02   8.0851012e+01   1.0116087e+02
   9.4614534e+01   9.4623977e+01   1.2943272e+02   1.6621624e+02   8.1704913e+01   1.0137503e+02
   9.4311932e+01   9.4954093e+01   1.2966490e+02   1.6655279e+02   8.1185191e+01   1.0203221e+02
   9.4441776e+01   9.5266688e+01   1.2966880e+02   1.6633483e+02   8.0908063e+01   1.0244994e+02
   9.4823421e+01   9.4907623e+01   1.2861573e+02   1.6587063e+02   8.0294639e+01   1.0125331e+02
   9.3756003e+01   9.5042801e+01   1.2933750e+02   1.6610375e+02   8.0128734e+01   1.0058427e+02
   9.4642860e+01   9.5511736e+01   1.2993441e+02   1.6606464e+02   8.0756633e+01   1.0094858e+02
   9.4353489e+01   9.5001833e+01   1.2937914e+02   1.6538562e+02   8.0688578e+01   1.0066858e+02
   9.4416418e+01   9.5125331e+01   1.2892587e+02   1.6608385e+02   8.0938789e+01   1.0165910e+02
   9.5040873e+01   9.5553974e+01   1.2921713e+02   1.6607302e+02   8.0785412e+01   1.0136512e+02
   9.5236784e+01   9.5430477e+01   1.2940631e+02   1.6631316e+02   8.0810044e+01   1.0089873e+02
   9.4848524e+01   9.5157580e+01   1.2923567e+02   1.6508352e+02   8.0478065e+01   1.0085260e+02
   9.4936642e+01   9.4437334e+01   1.2917413e+02   1.6460180e+02   8.0055262e+01   1.0064276e+02
   9.3130106e+01   9.4500056e+01   1.2972322e+02   1.6544715e+02   8.0815800e+01   1.0065233e+02
   9.5402927e+01   9.5645899e+01   1.3013612e+02   1.6682416e+02   8.1318762e+01   1.0165673e+02
   9.5053340e+01   9.4992099e+01   1.2937939e+02   1.6623740e+02   8.1638805e+01   1.0183558e+02
   9.3537363e+01   9.4023927e+01   1.2901305e+02   1.6532069e+02   8.0391388e+01   1.0090415e+02
   9.2859223e+01   9.4353112e+01   1.2978755e+02   1.6558944e+02   8.0642108e+01   1.0121699e+02
   9.4444151e+01   9.6165197e+01   1.2920477e+02   1.6604983e+02   8.1674018e+01   1.0171936e+02
   9.4548891e+01   9.5671377e+01   1.3036534e+02   1.6650666e+02   8.1444883e+01   1.0177777e+02
   9.4012808e+01   9.5582753e+01   1.2999993e+02   1.6681223e+02   8.0788544e+01   1.0147228e+02
   9.4873035e+01   9.6206504e+01   1.2972991e+02   1.6602037e+02   8.1442682e+01   1.0166866e+02
   9.3981513e+01   9.5857173e+01   1.2915881e+02   1.6542921e+02   8.1330443e+01   1.0199006e+02
   9.4273089e+01   9.5438095e+01   1.2971696e+02   1.6608927e+02   8.1165638e+01   1.0130731e+02
   9.4422609e+01   9.5525364e+01   1.2941952e+02   1.6571336e+02   8.0188748e+01   1.0062659e+02
   9.3833859e+01   9.4510552e+01   1.2958441e+02   1.6631273e+02   8.0337469e+01   1.0087435e+02
   9.3681540e+01   9.4063625e+01   1.2896988e+02   1.6548270e+02   8.0844748e+01   1.0072859e+02
   9.2866432e+01   9.3711078e+01   1.2847132e+02   1.6560578e+02   8.0884024e+01   1.0094334e+02
   9.4336273e+01   9.4504712e+01   1.2839065e+02   1.6620354e+02   8.1318677e+01   1.0095451e+02
   9.3856079e+01   9.4477287e+01   1.2888219e+02   1.6589035e+02   8.0974171e+01   1.0078708e+02
   9.4405138e+01   9.4327634e+01   1.2915466e+02   1.6579767e+02   8.0740719e+01   1.0030672e+02
   9.4077178e+01   9.4337029e+01   1.2994660e+02   1.6652943e+02   8.0887071e+01   1.0142581e+02
   9.4519123e+01   9.4693471e+01   1.2991131e+02   1.6662465e+02   8.1286258e+01   1.0177726e+02
   9.4079299e+01   9.5399073e+01   1.2941461e+02   1.6645274e+02   8.1151249e+01   1.0122343e+02
   9.4343227e+01   9.5140651e+01   1.2955461e+02   1.6679267e+02   8.1147186e+01   1.0192674e+02
   9.4737932e+01   9.4510721e+01   1.2906824e+02   1.6646916e+02   8.1105625e+01   1.0198346e+02
   9.3651772e+01   9.4055753e+01   1.2949858e+02   1.6586335e+02   8.1540109e+01   1.0162608e+02
   9.3445599e+01   9.4103493e+01   1.2981388e+02   1.6636301e+02   8.1315545e+01   1.0162803e+02
   9.4481806e+01   9.4519101e+01   1.2945337e+02   1.6646323e+02   8.1217949e+01   1.0201190e+02
   9.4504875e+01   9.4274307e+01   1.2995634e+02   1.6639789e+02   8.1870395e+01   1.0211686e+02
   9.4722921e+01   9.4196349e+01   1.3007069e+02   1.6672259e+02   8.1734878e+01   1.0222072e+02
   9.4707655e+01   9.4797415e+01   1.3051254e+02   1.6712431e+02   8.1554414e+01   1.0181687e+02
   9.4699429e+01   9.4386716e+01   1.3001423e+02   1.6660231e+02   8.1295738e+01   1.0102299e+02
   9.3969385e+01   9.3434881e+01   1.2861073e+02   1.6590009e+02   8.1567873e+01   1.0114141e+02
   9.4066831e+01   9.4517578e+01   1.3025869e+02   1.6700750e+02   8.0837300e+01   1.0164047e+02
   9.4318378e+01   9.4391372e+01   1.3008678e+02   1.6663413e+02   8.1546457e+01   1.0216274e+02
   9.4179120e+01   9.4120507e+01   1.2953624e+02   1.6727938e+02   8.1913987e+01   1.0224950e+02
   9.3920958e+01   9.3870803e+01   1.2991630e+02   1.6632509e+02   8.1355836e+01   1.0175212e+02
   9.3644308e+01   9.3795723e+01   1.3020596e+02   1.6594868e+02   8.1780671e+01   1.0203094e+02
   9.4104487e+01   9.3889764e+01   1.2971366e+02   1.6672987e+02   8.1496093e+01   1.0238036e+02
   9.4073871e+01   9.3848119e+01   1.2991732e+02   1.6655025e+02   8.1786934e+01   1.0252078e+02
   9.4081588e+01   9.4161729e+01   1.3016152e+02   1.6738104e+02   8.1774746e+01   1.0278403e+02
   9.4775758e+01   9.4858613e+01   1.3046387e+02   1.6708284e+02   8.1800732e+01   1.0130866e+02
   9.4065644e+01   9.4863438e+01   1.3004411e+02   1.6658732e+02   8.1267805e+01   1.0146611e+02
   9.4079383e+01   9.4161391e+01   1.2973321e+02   1.6674459e+02   8.0923638e+01   1.0151147e+02
   9.4075058e+01   9.4725128e+01   1.3113612e+02   1.6742226e+02   8.1774492e+01   1.0151444e+02
   9.4620555e+01   9.4551013e+01   1.3014366e+02   1.6661890e+02   8.1391557e+01   1.0176600e+02
   9.4429139e+01   9.4306134e+01   1.2918149e+02   1.6705118e+02   8.1183245e+01   1.0182051e+02
   9.5670502e+01   9.6871392e+01   1.2991384e+02   1.6636936e+02   8.1597498e+01   1.0163116e+02
   9.4422439e+01   9.6022401e+01   1.3048622e+02   1.6619694e+02   8.1505658e+01   1.0206912e+02
   9.4513695e+01   9.5405929e+01   1.3060667e+02   1.6719355e+02   8.1599699e+01   1.0203086e+02
   9.4518190e+01   9.4533491e+01   1.2962292e+02   1.6676144e+02   8.1267721e+01   1.0154660e+02
   9.4177763e+01   9.4593843e+01   1.2917328e+02   1.6603425e+02   8.1001003e+01   1.0153501e+02
   9.5015091e+01   9.5230968e+01   1.2955546e+02   1.6612051e+02   8.1263912e+01   1.0172207e+02
   9.4917560e+01   9.5340245e+01   1.2933546e+02   1.6695655e+02   8.1418304e+01   1.0171369e+02
   9.4957166e+01   9.4218188e+01   1.2922830e+02   1.6655397e+02   8.1161406e+01   1.0091625e+02
   9.4389957e+01   9.4052368e+01   1.2921730e+02   1.6598710e+02   8.0611974e+01   1.0061694e+02
   9.4105844e+01   9.4465352e+01   1.2938837e+02   1.6615208e+02   8.0838061e+01   1.0135454e+02
   9.3761685e+01   9.3821032e+01   1.2969343e+02   1.6639823e+02   8.1015732e+01   1.0164894e+02
   9.4930960e+01   9.4787935e+01   1.2955021e+02   1.6650361e+02   8.0714903e+01   1.0150538e+02
   9.4452123e+01   9.4387647e+01   1.3019123e+02   1.6675044e+02   8.1208300e+01   1.0124527e+02
   9.4098466e+01   9.4058970e+01   1.2973093e+02   1.6673105e+02   8.1934132e+01   1.0151647e+02
   9.4560595e+01   9.5153433e+01   1.3001855e+02   1.6729894e+02   8.1380722e+01   1.0227260e+02
   9.4466541e+01   9.4450454e+01   1.3046886e+02   1.6720143e+02   8.1419574e+01   1.0187680e+02
   9.4575861e+01   9.4244343e+01   1.2928281e+02   1.6689526e+02   8.1205506e+01   1.0192361e+02
   9.3932238e+01   9.4391880e+01   1.2958356e+02   1.6690457e+02   8.1508198e+01   1.0175322e+02
   9.4894067e+01   9.4662914e+01   1.2980762e+02   1.6688053e+02   8.1202882e+01   1.0129554e+02
   9.4202697e+01   9.4065995e+01   1.3000501e+02   1.6652926e+02   8.0783127e+01   1.0077438e+02
   9.4090324e+01   9.4941904e+01   1.2996996e+02   1.6643208e+02   8.1199581e+01   1.0144909e+02
   9.4507165e+01   9.4799192e+01   1.2929695e+02   1.6634702e+02   8.1581500e+01   1.0146297e+02
   9.3674586e+01   9.3684076e+01   1.2957222e+02   1.6668323e+02   8.1161829e+01   1.0138637e+02
   9.4095582e+01   9.4445545e+01   1.2984477e+02   1.6624426e+02   8.1189762e+01   1.0124789e+02
   9.4439147e+01   9.4506997e+01   1.3002202e+02   1.6701385e+02   8.1788204e+01   1.0203661e+02
   9.4980573e+01   9.4521895e+01   1.2974312e+02   1.6737385e+02   8.2091065e+01   1.0186216e+02
   9.4752350e+01   9.5600867e+01   1.2973990e+02   1.6713853e+02   8.1941666e+01   1.0164149e+02
   9.4399456e+01   9.5269651e+01   1.2907704e+02   1.6651597e+02   8.0873104e+01   1.0061144e+02
   9.4428207e+01   9.4496924e+01   1.2953150e+02   1.6689281e+02   8.1597498e+01   1.0111246e+02
   9.4735642e+01   9.4985751e+01   1.2992646e+02   1.6750657e+02   8.1357614e+01   1.0221090e+02
   9.4348909e+01   9.4076745e+01   1.2999798e+02   1.6669550e+02   8.1066773e+01   1.0079732e+02
   9.4079129e+01   9.3492778e+01   1.2935409e+02   1.6608004e+02   8.0645155e+01   9.9712002e+01
   9.3478590e+01   9.3736133e+01   1.2867074e+02   1.6661500e+02   8.0781942e+01   1.0064860e+02
   9.3451451e+01   9.3990915e+01   1.2927486e+02   1.6595562e+02   8.0996433e+01   1.0060772e+02
   9.3853450e+01   9.4122369e+01   1.2934037e+02   1.6627490e+02   8.0703899e+01   1.0104373e+02
   9.4604950e+01   9.4684498e+01   1.2969207e+02   1.6655888e+02   8.0830359e+01   1.0128547e+02
   9.3803666e+01   9.4634050e+01   1.3032691e+02   1.6653315e+02   8.1309281e+01   1.0147101e+02
   9.4546686e+01   9.4531883e+01   1.3036111e+02   1.6639137e+02   8.1441751e+01   1.0058986e+02
   9.4128149e+01   9.3949354e+01   1.2959558e+02   1.6611483e+02   8.1240803e+01   1.0132153e+02
   9.4043763e+01   9.4370210e+01   1.3009490e+02   1.6675577e+02   8.1412633e+01   1.0160247e+02
   9.4643030e+01   9.4999209e+01   1.3017498e+02   1.6707395e+02   8.1589034e+01   1.0227887e+02
   9.4674834e+01   9.4714547e+01   1.2988786e+02   1.6668517e+02   8.0885378e+01   1.0112634e+02
   9.3893056e+01   9.3949693e+01   1.2902151e+02   1.6621709e+02   8.0908571e+01   1.0053729e+02
   9.4456109e+01   9.4239772e+01   1.2946277e+02   1.6649227e+02   8.1716340e+01   1.0113362e+02
   9.4223391e+01   9.4456718e+01   1.2916820e+02   1.6751986e+02   8.1872934e+01   1.0188925e+02
   9.4217284e+01   9.4297246e+01   1.2940860e+02   1.6722504e+02   8.1887832e+01   1.0205473e+02
   9.4323975e+01   9.4797246e+01   1.3024938e+02   1.6738180e+02   8.1251130e+01   1.0181789e+02
   9.4079214e+01   9.3985244e+01   1.2969665e+02   1.6694351e+02   8.1082094e+01   1.0131341e+02
   9.3729712e+01   9.3628549e+01   1.2958601e+02   1.6692108e+02   8.1242242e+01   1.0106649e+02
   9.4276990e+01   9.4130580e+01   1.3023643e+02   1.6680774e+02   8.1383685e+01   1.0149903e+02
   9.4696121e+01   9.4332459e+01   1.2976529e+02   1.6685438e+02   8.1784903e+01   1.0212676e+02
   9.4578320e+01   9.3816715e+01   1.2974972e+02   1.6669711e+02   8.1141938e+01   1.0161330e+02
   9.4359341e+01   9.4129056e+01   1.2995896e+02   1.6653459e+02   8.1406539e+01   1.0153297e+02
   9.5418871e+01   9.4597991e+01   1.3090326e+02   1.6692836e+02   8.1748252e+01   1.0171776e+02
   9.4149352e+01   9.3832290e+01   1.2953743e+02   1.6707640e+02   8.1358291e+01   1.0172173e+02
   9.4447204e+01   9.3722336e+01   1.2993475e+02   1.6630622e+02   8.1620691e+01   1.0083761e+02
   9.4164787e+01   9.3966029e+01   1.3002642e+02   1.6635683e+02   8.1697126e+01   1.0168144e+02
   9.4393774e+01   9.3315361e+01   1.2953159e+02   1.6681468e+02   8.0956649e+01   1.0113277e+02
   9.4009585e+01   9.4523503e+01   1.2980855e+02   1.6742489e+02   8.1822993e+01   1.0125974e+02
   9.4139174e+01   9.4345748e+01   1.3029458e+02   1.6718839e+02   8.1590727e+01   1.0191185e+02
   9.4835549e+01   9.4018594e+01   1.2996116e+02   1.6728692e+02   8.1286173e+01   1.0188036e+02
   9.3930203e+01   9.4273546e+01   1.2926699e+02   1.6708072e+02   8.1714055e+01   1.0196162e+02
   9.4441013e+01   9.4578353e+01   1.3050577e+02   1.6711060e+02   8.1330866e+01   1.0171572e+02
   9.4539562e+01   9.4357768e+01   1.3050831e+02   1.6674696e+02   8.1539686e+01   1.0171962e+02
   9.4112290e+01   9.4387393e+01   1.2931786e+02   1.6689687e+02   8.1328496e+01   1.0180731e+02
   9.4083454e+01   9.4563455e+01   1.2933843e+02   1.6706769e+02   8.1507436e+01   1.0154068e+02
   9.4572553e+01   9.5658595e+01   1.3054030e+02   1.6722767e+02   8.1578115e+01   1.0168567e+02
   9.4687894e+01   9.5411262e+01   1.3159752e+02   1.6787554e+02   8.1975439e+01   1.0218601e+02
   9.4780168e+01   9.4908131e+01   1.3107315e+02   1.6758622e+02   8.1318338e+01   1.0176329e+02
   9.4390890e+01   9.4882907e+01   1.2948774e+02   1.6710290e+02   8.0655058e+01   1.0068077e+02
   9.3374189e+01   9.4715817e+01   1.2917565e+02   1.6678167e+02   8.0453264e+01   1.0101596e+02
   9.4191756e+01   9.4816545e+01   1.2886238e+02   1.6689476e+02   8.1325195e+01   1.0101258e+02
   9.4322364e+01   9.4395519e+01   1.2977003e+02   1.6710654e+02   8.1233947e+01   1.0086699e+02
   9.3917396e+01   9.4149371e+01   1.3024303e+02   1.6641973e+02   8.1337299e+01   1.0096678e+02
   9.3310073e+01   9.4242819e+01   1.3000704e+02   1.6738756e+02   8.1375135e+01   1.0148185e+02
   9.4770669e+01   9.5407538e+01   1.3004708e+02   1.6756421e+02   8.1354821e+01   1.0150098e+02
   9.4628867e+01   9.5002256e+01   1.2997818e+02   1.6664505e+02   8.1035200e+01   1.0099912e+02
