   8.7708377e+01   1.0666518e+02   1.5916157e+02   1.9371745e+02   8.8460663e+01   1.7174197e+02
   8.7416683e+01   1.0670091e+02   1.5960234e+02   1.9354764e+02   8.9030453e+01   1.7193392e+02
   8.7820395e+01   1.0679046e+02   1.6067518e+02   1.9424528e+02   8.9179451e+01   1.7148444e+02
   8.7989873e+01   1.0696508e+02   1.6146419e+02   1.9517534e+02   8.9797082e+01   1.7108098e+02
   8.8214406e+01   1.0699153e+02   1.6170829e+02   1.9479998e+02   8.9908686e+01   1.7164214e+02
   8.7523146e+01   1.0704957e+02   1.6135118e+02   1.9508504e+02   8.9786138e+01   1.7096664e+02
   8.7891702e+01   1.0690753e+02   1.6117631e+02   1.9473912e+02   8.9785474e+01   1.7116472e+02
   8.7838387e+01   1.0692793e+02   1.6074051e+02   1.9493712e+02   8.9545934e+01   1.7162813e+02
   8.7810279e+01   1.0669162e+02   1.6056971e+02   1.9496042e+02   8.9453069e+01   1.7169247e+02
   8.8073617e+01   1.0666949e+02   1.6134969e+02   1.9482635e+02   8.9711763e+01   1.7156611e+02
   8.7863842e+01   1.0671235e+02   1.6116545e+02   1.9462072e+02   8.9517660e+01   1.7109806e+02
   8.8171290e+01   1.0637340e+02   1.6150706e+02   1.9442421e+02   8.9464511e+01   1.7110627e+02
   8.8028096e+01   1.0653276e+02   1.6101148e+02   1.9413890e+02   8.9143300e+01   1.7095851e+02
   8.7982493e+01   1.0627863e+02   1.6092608e+02   1.9385998e+02   8.8291599e+01   1.7019313e+02
   8.7810694e+01   1.0616644e+02   1.6028830e+02   1.9362500e+02   8.8025775e+01   1.6951090e+02
   8.8021629e+01   1.0631304e+02   1.6043821e+02   1.9383005e+02   8.8359507e+01   1.6997365e+02
   8.8449137e+01   1.0637671e+02   1.6070254e+02   1.9326208e+02   8.8703022e+01   1.7018599e+02
   8.8058858e+01   1.0632763e+02   1.6043837e+02   1.9341746e+02   8.8570773e+01   1.7040406e+02
   8.8000569e+01   1.0608485e+02   1.6011791e+02   1.9328894e+02   8.8691249e+01   1.6994654e+02
   8.7941036e+01   1.0634944e+02   1.6016152e+02   1.9324119e+02   8.8666789e+01   1.7000806e+02
   8.7916659e+01   1.0640250e+02   1.5983683e+02   1.9345312e+02   8.8612811e+01   1.7064692e+02
   8.7974119e+01   1.0622200e+02   1.6031010e+02   1.9345693e+02   8.8940739e+01   1.7122856e+02
   8.8390102e+01   1.0644553e+02   1.6115873e+02   1.9353620e+02   8.9009558e+01   1.7071922e+02
   8.8302544e+01   1.0616089e+02   1.6088089e+02   1.9346787e+02   8.8814128e+01   1.7113421e+02
   8.8160677e+01   1.0606537e+02   1.6107764e+02   1.9397357e+02   8.9049606e+01   1.7088580e+02
   8.8173612e+01   1.0645424e+02   1.6145466e+02   1.9446277e+02   8.9156400e+01   1.7054054e+02
   8.8539100e+01   1.0655697e+02   1.6121039e+02   1.9450066e+02   8.8920839e+01   1.7082137e+02
   8.8533545e+01   1.0643310e+02   1.6095725e+02   1.9409496e+02   8.8767198e+01   1.7140136e+02
   8.8458673e+01   1.0627639e+02   1.6099581e+02   1.9379481e+02   8.8627653e+01   1.7157382e+02
   8.8250805e+01   1.0653434e+02   1.6097516e+02   1.9412987e+02   8.8815206e+01   1.7155757e+02
   8.8436866e+01   1.0636577e+02   1.6086389e+02   1.9424321e+02   8.9315431e+01   1.7119988e+02
   8.8282811e+01   1.0653425e+02   1.6090651e+02   1.9444287e+02   8.9565833e+01   1.7118230e+02
   8.8408509e+01   1.0633302e+02   1.6062700e+02   1.9425532e+02   8.9339393e+01   1.7089773e+02
   8.8606427e+01   1.0634852e+02   1.6058074e+02   1.9434594e+02   8.9361365e+01   1.7045754e+02
   8.8726487e+01   1.0640706e+02   1.6011608e+02   1.9368967e+02   8.8693653e+01   1.6959324e+02
   8.8283888e+01   1.0639579e+02   1.6009867e+02   1.9345991e+02   8.8712143e+01   1.6964763e+02
   8.8045260e+01   1.0599945e+02   1.6045487e+02   1.9370261e+02   8.8832121e+01   1.6956447e+02
   8.8189531e+01   1.0602632e+02   1.6094622e+02   1.9402332e+02   8.8884191e+01   1.7042554e+02
   8.8212913e+01   1.0587757e+02   1.6037129e+02   1.9350444e+02   8.8648962e+01   1.7094135e+02
   8.8047913e+01   1.0624306e+02   1.6045520e+02   1.9410764e+02   8.8970422e+01   1.7131247e+02
   8.8288946e+01   1.0589581e+02   1.6050338e+02   1.9367980e+02   8.8755756e+01   1.7086913e+02
   8.7840958e+01   1.0561572e+02   1.5932367e+02   1.9245051e+02   8.8177509e+01   1.7012132e+02
   8.7100944e+01   1.0581016e+02   1.5931637e+02   1.9269188e+02   8.8167062e+01   1.7031460e+02
   8.6820194e+01   1.0692644e+02   1.5979761e+02   1.9275265e+02   8.8006456e+01   1.6949531e+02
   8.7343386e+01   1.0726863e+02   1.5869169e+02   1.9231851e+02   8.7958697e+01   1.6949382e+02
   8.7258648e+01   1.0641510e+02   1.5887427e+02   1.9225641e+02   8.7952312e+01   1.7015134e+02
   8.7688975e+01   1.0614762e+02   1.5895818e+02   1.9222722e+02   8.7110811e+01   1.6901657e+02
   8.7090828e+01   1.0596413e+02   1.5924498e+02   1.9185784e+02   8.6908250e+01   1.6851518e+02
   8.8093848e+01   1.0787847e+02   1.5755037e+02   1.9033162e+02   8.6711493e+01   1.6836602e+02
   8.7304417e+01   1.0630458e+02   1.5767590e+02   1.9177857e+02   8.6700548e+01   1.6737402e+02
   8.7114459e+01   1.0541839e+02   1.5754655e+02   1.8998313e+02   8.5896027e+01   1.6766630e+02
   8.7467427e+01   1.0596969e+02   1.5767366e+02   1.9030882e+02   8.5926125e+01   1.6761448e+02
   8.7139250e+01   1.0587334e+02   1.5732998e+02   1.9035932e+02   8.5857886e+01   1.6737079e+02
   8.6641264e+01   1.0513100e+02   1.5609439e+02   1.8930348e+02   8.4577599e+01   1.6656950e+02
   8.6229012e+01   1.0508739e+02   1.5581712e+02   1.8925365e+02   8.4306385e+01   1.6610394e+02
   8.6444508e+01   1.0486335e+02   1.5625068e+02   1.8888874e+02   8.4616652e+01   1.6627109e+02
   8.7286175e+01   1.0584797e+02   1.5760965e+02   1.9026281e+02   8.5944532e+01   1.6740188e+02
   8.7651829e+01   1.0621636e+02   1.5902393e+02   1.9135653e+02   8.6877406e+01   1.6874378e+02
   8.7689556e+01   1.0609547e+02   1.5904607e+02   1.9149210e+02   8.7001944e+01   1.6884609e+02
   8.7497525e+01   1.0623336e+02   1.5908545e+02   1.9159284e+02   8.7479615e+01   1.6935660e+02
   8.7849581e+01   1.0639603e+02   1.5918893e+02   1.9196703e+02   8.7711196e+01   1.6969870e+02
   8.7818654e+01   1.0643351e+02   1.5902550e+02   1.9209058e+02   8.7922463e+01   1.6986147e+02
   8.7888717e+01   1.0636395e+02   1.5983741e+02   1.9295463e+02   8.8504939e+01   1.7042612e+02
   8.8067398e+01   1.0640930e+02   1.5989802e+02   1.9349814e+02   8.9036423e+01   1.7129083e+02
   8.8217805e+01   1.0635997e+02   1.5955649e+02   1.9295729e+02   8.9239564e+01   1.7181817e+02
   8.8338280e+01   1.0665042e+02   1.5991617e+02   1.9331987e+02   8.9190147e+01   1.7177713e+02
   8.8198237e+01   1.0659843e+02   1.6022462e+02   1.9361057e+02   8.9301086e+01   1.7194072e+02
   8.8554605e+01   1.0666658e+02   1.5997554e+02   1.9348603e+02   8.9451991e+01   1.7198301e+02
   8.8691497e+01   1.0645988e+02   1.6008134e+02   1.9343031e+02   8.9479768e+01   1.7169330e+02
   8.8433964e+01   1.0666808e+02   1.6045993e+02   1.9340088e+02   8.9603808e+01   1.7154712e+02
   8.8796053e+01   1.0693299e+02   1.6013117e+02   1.9362649e+02   8.9895834e+01   1.7198815e+02
   8.8826980e+01   1.0703779e+02   1.6013623e+02   1.9425134e+02   9.0053123e+01   1.7153187e+02
   8.8738178e+01   1.0673524e+02   1.6041084e+02   1.9417041e+02   8.9922698e+01   1.7108380e+02
   8.8668696e+01   1.0673905e+02   1.6040993e+02   1.9407539e+02   8.9749904e+01   1.7101398e+02
   8.8843729e+01   1.0668765e+02   1.6032130e+02   1.9398924e+02   8.9731580e+01   1.7141355e+02
   8.8890658e+01   1.0687387e+02   1.6050454e+02   1.9424238e+02   8.9798160e+01   1.7167995e+02
   8.8750450e+01   1.0697213e+02   1.6005481e+02   1.9388145e+02   8.9837877e+01   1.7137093e+02
   8.8722507e+01   1.0653036e+02   1.6004602e+02   1.9401130e+02   8.9911588e+01   1.7162672e+02
   8.8730384e+01   1.0643998e+02   1.5914872e+02   1.9308514e+02   8.9492537e+01   1.7128661e+02
   8.8529979e+01   1.0632431e+02   1.5929465e+02   1.9304078e+02   8.9352162e+01   1.7122832e+02
   8.8694068e+01   1.0641577e+02   1.6076564e+02   1.9318522e+02   8.9206398e+01   1.7136048e+02
   8.9090234e+01   1.0669022e+02   1.6034493e+02   1.9346406e+02   8.9238569e+01   1.7096755e+02
   8.9004418e+01   1.0663823e+02   1.6036748e+02   1.9362027e+02   8.8953176e+01   1.7053316e+02
   8.8806998e+01   1.0681409e+02   1.6017006e+02   1.9323638e+02   8.8977802e+01   1.6967350e+02
   8.8948118e+01   1.0667056e+02   1.6030156e+02   1.9297536e+02   8.9186415e+01   1.6992191e+02
   8.8821176e+01   1.0634007e+02   1.6026574e+02   1.9319376e+02   8.9301252e+01   1.7086258e+02
   8.9075061e+01   1.0666891e+02   1.6045620e+02   1.9331241e+02   8.9796668e+01   1.7062470e+02
   8.8986093e+01   1.0667189e+02   1.6044782e+02   1.9352359e+02   8.9490961e+01   1.7083099e+02
   8.8921834e+01   1.0651162e+02   1.6004585e+02   1.9312262e+02   8.9333340e+01   1.7002133e+02
   8.9169418e+01   1.0652140e+02   1.6082873e+02   1.9304683e+02   8.8949694e+01   1.7017654e+02
   8.9213280e+01   1.0668027e+02   1.6065710e+02   1.9296699e+02   8.8917855e+01   1.7057868e+02
   8.9228122e+01   1.0682296e+02   1.6096198e+02   1.9360361e+02   8.8964701e+01   1.7134763e+02
   8.9188240e+01   1.0663549e+02   1.6054027e+02   1.9302760e+02   8.9126551e+01   1.7119532e+02
   8.9061048e+01   1.0643484e+02   1.6093354e+02   1.9325395e+02   8.9221488e+01   1.7198259e+02
   8.9435823e+01   1.0668027e+02   1.6079839e+02   1.9347318e+02   8.9706871e+01   1.7187911e+02
   8.9150679e+01   1.0657123e+02   1.6062999e+02   1.9383345e+02   8.9307305e+01   1.7207604e+02
   8.8997204e+01   1.0650523e+02   1.6049052e+02   1.9352533e+02   8.9353074e+01   1.7135261e+02
   8.9306144e+01   1.0673424e+02   1.6084581e+02   1.9362956e+02   8.9699658e+01   1.7055024e+02
   8.9224142e+01   1.0685223e+02   1.6079573e+02   1.9383709e+02   8.9842520e+01   1.7101307e+02
   8.9232599e+01   1.0672214e+02   1.6096861e+02   1.9410358e+02   8.9677685e+01   1.7142234e+02
   8.9507710e+01   1.0679394e+02   1.6093039e+02   1.9384116e+02   8.9957523e+01   1.7038806e+02
   8.9467413e+01   1.0656112e+02   1.6097914e+02   1.9352384e+02   8.9285996e+01   1.6963071e+02
   8.9417001e+01   1.0652803e+02   1.6092740e+02   1.9307784e+02   8.9175056e+01   1.7018301e+02
   8.9331599e+01   1.0665912e+02   1.6050454e+02   1.9300720e+02   8.9580095e+01   1.7047653e+02
   8.9414016e+01   1.0678880e+02   1.6105866e+02   1.9364971e+02   8.9326127e+01   1.7091805e+02
   8.9589630e+01   1.0661750e+02   1.6146486e+02   1.9407141e+02   8.9696424e+01   1.7158833e+02
   8.9246611e+01   1.0639678e+02   1.6068952e+02   1.9441700e+02   8.9542866e+01   1.7210929e+02
   8.9543861e+01   1.0623493e+02   1.6059682e+02   1.9387756e+02   8.9684899e+01   1.7182514e+02
   8.9614173e+01   1.0654312e+02   1.6081845e+02   1.9339997e+02   8.9538306e+01   1.7209544e+02
   8.9398263e+01   1.0621528e+02   1.6075312e+02   1.9364117e+02   8.9390966e+01   1.7193036e+02
   8.9494195e+01   1.0647696e+02   1.6057137e+02   1.9295355e+02   8.9009973e+01   1.7078804e+02
   8.9622713e+01   1.0653392e+02   1.6041142e+02   1.9318431e+02   8.9160048e+01   1.7054584e+02
   8.9319908e+01   1.0617681e+02   1.6053082e+02   1.9387217e+02   8.9050269e+01   1.7122226e+02
   8.9325878e+01   1.0614853e+02   1.6097019e+02   1.9340187e+02   8.9120001e+01   1.7209229e+02
   8.8617620e+01   1.0582707e+02   1.5986933e+02   1.9297636e+02   8.8437612e+01   1.7194304e+02
   8.8467545e+01   1.0581173e+02   1.5934224e+02   1.9235143e+02   8.8170461e+01   1.7183931e+02
   8.8737598e+01   1.0607864e+02   1.5974164e+02   1.9256054e+02   8.8908568e+01   1.7191087e+02
   8.9199930e+01   1.0605824e+02   1.6023341e+02   1.9344814e+02   8.9413933e+01   1.7122160e+02
   8.9295614e+01   1.0641237e+02   1.6033962e+02   1.9295322e+02   8.9481177e+01   1.6966280e+02
   8.9262199e+01   1.0656899e+02   1.6049318e+02   1.9279519e+02   8.8872251e+01   1.6999960e+02
   8.9194375e+01   1.0638517e+02   1.6018324e+02   1.9299725e+02   8.8900028e+01   1.7077560e+02
   8.9570062e+01   1.0653500e+02   1.6009776e+02   1.9327825e+02   8.8830877e+01   1.7106282e+02
   8.9799570e+01   1.0661733e+02   1.6092740e+02   1.9360278e+02   8.9044382e+01   1.7231035e+02
   8.9609695e+01   1.0652928e+02   1.6044583e+02   1.9339201e+02   8.9126219e+01   1.7276000e+02
   8.8863380e+01   1.0596977e+02   1.5983384e+02   1.9249819e+02   8.8265813e+01   1.7115726e+02
   8.9033106e+01   1.0616636e+02   1.6011799e+02   1.9299443e+02   8.8889664e+01   1.7006552e+02
   8.9337901e+01   1.0637215e+02   1.6048721e+02   1.9319906e+02   8.9218006e+01   1.7018973e+02
   8.9824693e+01   1.0640590e+02   1.6064201e+02   1.9374373e+02   8.9567409e+01   1.7117882e+02
   8.9596263e+01   1.0659553e+02   1.6116164e+02   1.9393427e+02   9.0139603e+01   1.7183865e+02
   8.9460697e+01   1.0664246e+02   1.6110716e+02   1.9409861e+02   9.0110334e+01   1.7234833e+02
   8.9252250e+01   1.0620458e+02   1.6001202e+02   1.9353736e+02   8.9370237e+01   1.7198193e+02
   8.9165438e+01   1.0620077e+02   1.5949654e+02   1.9308265e+02   8.9055742e+01   1.7156014e+02
   8.8880211e+01   1.0641544e+02   1.5956180e+02   1.9278001e+02   8.8883777e+01   1.7148079e+02
   8.8863214e+01   1.0617266e+02   1.5989934e+02   1.9346356e+02   8.8904339e+01   1.7167282e+02
   8.9162121e+01   1.0634504e+02   1.6013772e+02   1.9356223e+02   8.9093634e+01   1.7210273e+02
   8.8967189e+01   1.0630732e+02   1.5973426e+02   1.9340444e+02   8.9503813e+01   1.7229551e+02
   8.9021083e+01   1.0643525e+02   1.5970764e+02   1.9292677e+02   8.9504725e+01   1.7175905e+02
   8.8937257e+01   1.0638045e+02   1.5997811e+02   1.9374556e+02   8.9276212e+01   1.7090072e+02
   8.8836266e+01   1.0651435e+02   1.6046814e+02   1.9351273e+02   8.9251835e+01   1.7118943e+02
   8.9260624e+01   1.0641320e+02   1.6010870e+02   1.9305537e+02   8.9207890e+01   1.7185897e+02
   8.9108558e+01   1.0668599e+02   1.6018863e+02   1.9362649e+02   8.9060219e+01   1.7169562e+02
   8.9146948e+01   1.0652961e+02   1.6032677e+02   1.9344930e+02   8.9415758e+01   1.7212985e+02
   8.8842319e+01   1.0633708e+02   1.6037834e+02   1.9324550e+02   8.8702193e+01   1.7219510e+02
   8.8444080e+01   1.0608958e+02   1.6040885e+02   1.9278076e+02   8.8587522e+01   1.7242328e+02
   8.8422605e+01   1.0613195e+02   1.5965839e+02   1.9215641e+02   8.8304451e+01   1.7214958e+02
   8.8376670e+01   1.0592632e+02   1.5966113e+02   1.9194257e+02   8.8385791e+01   1.7234410e+02
   8.8022956e+01   1.0605575e+02   1.5914134e+02   1.9198751e+02   8.8366306e+01   1.7184454e+02
   8.7959111e+01   1.0577998e+02   1.5863498e+02   1.9170071e+02   8.7660121e+01   1.7153958e+02
   8.8078177e+01   1.0617349e+02   1.5885669e+02   1.9178728e+02   8.8248981e+01   1.7115908e+02
   8.8097496e+01   1.0585767e+02   1.5889790e+02   1.9235930e+02   8.8298233e+01   1.7182754e+02
   8.8059272e+01   1.0661460e+02   1.5959422e+02   1.9272761e+02   8.8827395e+01   1.7221575e+02
   8.8755093e+01   1.0645225e+02   1.5969985e+02   1.9292429e+02   8.8657502e+01   1.7167431e+02
   8.8901189e+01   1.0644255e+02   1.5991302e+02   1.9267670e+02   8.8684450e+01   1.7113073e+02
   8.8918518e+01   1.0647049e+02   1.5991924e+02   1.9318704e+02   8.8816450e+01   1.7158369e+02
   8.8885103e+01   1.0681542e+02   1.6024103e+02   1.9305222e+02   8.8897292e+01   1.7113728e+02
   8.8872749e+01   1.0761745e+02   1.6003715e+02   1.9255590e+02   8.8477992e+01   1.6993750e+02
   8.8745724e+01   1.0748321e+02   1.5976427e+02   1.9198959e+02   8.8709656e+01   1.7103114e+02
   8.8159185e+01   1.0738869e+02   1.5861922e+02   1.9139666e+02   8.7953971e+01   1.7068440e+02
   8.7696106e+01   1.0663027e+02   1.5846658e+02   1.9147377e+02   8.7427959e+01   1.7030091e+02
   8.9073154e+01   1.0670962e+02   1.5963584e+02   1.9292246e+02   8.8208685e+01   1.7059394e+02
   8.8580972e+01   1.0690745e+02   1.5937549e+02   1.9325097e+02   8.8088790e+01   1.7120991e+02
   8.8073617e+01   1.0679900e+02   1.5825929e+02   1.9164085e+02   8.7057911e+01   1.6880621e+02
   8.8031828e+01   1.0716142e+02   1.5877784e+02   1.9168206e+02   8.7231120e+01   1.6852447e+02
   8.8444909e+01   1.0732650e+02   1.5902915e+02   1.9166033e+02   8.7726535e+01   1.6863789e+02
   8.8223361e+01   1.0722866e+02   1.5955682e+02   1.9209655e+02   8.8289610e+01   1.6952923e+02
   8.8629643e+01   1.0719641e+02   1.5924581e+02   1.9232581e+02   8.8268135e+01   1.7027488e+02
   8.8854093e+01   1.0722079e+02   1.5940144e+02   1.9182185e+02   8.8278499e+01   1.7013193e+02
   8.9080202e+01   1.0752127e+02   1.5967489e+02   1.9246328e+02   8.8087712e+01   1.7099193e+02
   8.9464263e+01   1.0762135e+02   1.6012545e+02   1.9332219e+02   8.8671764e+01   1.7116248e+02
   8.9746422e+01   1.0781694e+02   1.6032776e+02   1.9338911e+02   8.9068013e+01   1.7118520e+02
   8.9872618e+01   1.0797291e+02   1.6001426e+02   1.9301433e+02   8.9262117e+01   1.7135360e+02
   8.9588884e+01   1.0791412e+02   1.5984860e+02   1.9310637e+02   8.9404813e+01   1.7163136e+02
   8.9469984e+01   1.0780741e+02   1.5954082e+02   1.9319766e+02   8.9510695e+01   1.7175317e+02
   8.9792439e+01   1.0801121e+02   1.5987206e+02   1.9349706e+02   8.9404813e+01   1.7140020e+02
   8.9759688e+01   1.0763884e+02   1.5942855e+02   1.9389431e+02   8.9223727e+01   1.7175706e+02
   8.9838042e+01   1.0774754e+02   1.5975739e+02   1.9427588e+02   8.9324966e+01   1.7234568e+02
   8.9876432e+01   1.0802498e+02   1.6020323e+02   1.9390475e+02   8.9570891e+01   1.7124772e+02
   8.9687967e+01   1.0780650e+02   1.6014834e+02   1.9349490e+02   8.9557625e+01   1.7065529e+02
   8.9766984e+01   1.0755029e+02   1.6039849e+02   1.9414703e+02   8.9709442e+01   1.7145500e+02
   8.9809188e+01   1.0767997e+02   1.6047510e+02   1.9358246e+02   8.9801477e+01   1.7086963e+02
   8.9743520e+01   1.0760535e+02   1.5966453e+02   1.9304791e+02   8.9413602e+01   1.6974282e+02
   8.9772208e+01   1.0748329e+02   1.5981054e+02   1.9319500e+02   8.9430682e+01   1.6958785e+02
   8.9442539e+01   1.0748130e+02   1.5909963e+02   1.9268027e+02   8.9174807e+01   1.7005681e+02
   8.9170910e+01   1.0723637e+02   1.5920145e+02   1.9277554e+02   8.8247655e+01   1.7107907e+02
   8.9109802e+01   1.0697478e+02   1.5898753e+02   1.9295530e+02   8.8337120e+01   1.7125501e+02
   8.8889415e+01   1.0708365e+02   1.5819080e+02   1.9219696e+02   8.8103217e+01   1.7184852e+02
   8.8788508e+01   1.0664735e+02   1.5811925e+02   1.9171398e+02   8.7817659e+01   1.7190631e+02
   8.8832204e+01   1.0676459e+02   1.5867162e+02   1.9207856e+02   8.8038212e+01   1.7192696e+02
   8.8794892e+01   1.0687536e+02   1.5902285e+02   1.9246046e+02   8.8434213e+01   1.7118172e+02
   8.8935598e+01   1.0697718e+02   1.5947847e+02   1.9329558e+02   8.9153167e+01   1.7138080e+02
   8.9255981e+01   1.0684726e+02   1.5959123e+02   1.9351605e+02   8.9330107e+01   1.7194196e+02
   8.9130614e+01   1.0714127e+02   1.5904582e+02   1.9283034e+02   8.8625000e+01   1.7124822e+02
   8.8969676e+01   1.0681193e+02   1.5851392e+02   1.9206504e+02   8.8115157e+01   1.7161851e+02
   8.8475670e+01   1.0586422e+02   1.5858481e+02   1.9205683e+02   8.8313572e+01   1.7176751e+02
   8.9043470e+01   1.0693059e+02   1.5949712e+02   1.9316996e+02   8.9367584e+01   1.7244617e+02
   8.9141061e+01   1.0687213e+02   1.6012802e+02   1.9324475e+02   8.9287986e+01   1.7267410e+02
   8.9392376e+01   1.0672156e+02   1.6004229e+02   1.9324011e+02   8.8977387e+01   1.7218664e+02
   8.9081031e+01   1.0688009e+02   1.5939282e+02   1.9311375e+02   8.8984684e+01   1.7213872e+02
   8.9053835e+01   1.0678781e+02   1.5916654e+02   1.9290538e+02   8.9347767e+01   1.7188401e+02
   8.9450499e+01   1.0710587e+02   1.5970516e+02   1.9347733e+02   8.9753884e+01   1.7254019e+02
   8.9726107e+01   1.0721067e+02   1.5984288e+02   1.9363528e+02   9.0104862e+01   1.7230729e+02
   8.9799404e+01   1.0759996e+02   1.5998350e+02   1.9397357e+02   9.0137613e+01   1.7175267e+02
   8.9792522e+01   1.0763519e+02   1.6041972e+02   1.9445531e+02   9.0270111e+01   1.7240463e+02
   8.9830248e+01   1.0725072e+02   1.6063778e+02   1.9383510e+02   9.0348134e+01   1.7246955e+02
   8.9853796e+01   1.0759283e+02   1.5993491e+02   1.9336108e+02   8.9974188e+01   1.7171934e+02
   8.9766155e+01   1.0741481e+02   1.5981253e+02   1.9383079e+02   8.9868306e+01   1.7185648e+02
   8.9984221e+01   1.0747285e+02   1.5988019e+02   1.9445696e+02   8.9805789e+01   1.7190880e+02
   8.9513348e+01   1.0774166e+02   1.5966818e+02   1.9410607e+02   9.0014900e+01   1.7234825e+02
   8.9575286e+01   1.0738819e+02   1.5954621e+02   1.9361953e+02   8.9625781e+01   1.7270710e+02
   8.9586894e+01   1.0744333e+02   1.5951238e+02   1.9385600e+02   8.9816402e+01   1.7269218e+02
   8.9594273e+01   1.0744607e+02   1.5969728e+02   1.9384240e+02   8.9926429e+01   1.7224145e+02
   8.9941852e+01   1.0759001e+02   1.5990788e+02   1.9378676e+02   8.9504393e+01   1.7186054e+02
   9.0033472e+01   1.0734640e+02   1.5948925e+02   1.9316217e+02   8.9415592e+01   1.7180101e+02
   8.9774115e+01   1.0760966e+02   1.5958692e+02   1.9339317e+02   8.9642446e+01   1.7281257e+02
   8.9769140e+01   1.0722999e+02   1.5980805e+02   1.9345519e+02   8.9830248e+01   1.7311230e+02
   8.9967804e+01   1.0729956e+02   1.6010174e+02   1.9443068e+02   9.0136950e+01   1.7325716e+02
   8.9233428e+01   1.0760394e+02   1.5951860e+02   1.9401718e+02   8.9950060e+01   1.7276124e+02
   8.9209549e+01   1.0737443e+02   1.5949862e+02   1.9354996e+02   8.9278948e+01   1.7172390e+02
   8.9200345e+01   1.0684659e+02   1.5923030e+02   1.9267380e+02   8.8755176e+01   1.7171818e+02
   8.9228287e+01   1.0701541e+02   1.5902758e+02   1.9255855e+02   8.8992809e+01   1.7186311e+02
   8.9438476e+01   1.0734856e+02   1.5954588e+02   1.9324400e+02   8.9126053e+01   1.7184462e+02
   8.9623210e+01   1.0712477e+02   1.5933942e+02   1.9343056e+02   8.8896711e+01   1.7154008e+02
   8.9404150e+01   1.0729889e+02   1.5947084e+02   1.9269809e+02   8.8559580e+01   1.7092510e+02
   8.9681333e+01   1.0713422e+02   1.5951329e+02   1.9330006e+02   8.8889332e+01   1.7148925e+02
   8.9897243e+01   1.0699476e+02   1.5969405e+02   1.9349316e+02   8.9431511e+01   1.7182804e+02
   8.9832570e+01   1.0716598e+02   1.5994586e+02   1.9328132e+02   8.9592449e+01   1.7158278e+02
   8.9890942e+01   1.0744482e+02   1.6006600e+02   1.9338007e+02   8.9263443e+01   1.7098289e+02
   8.9963990e+01   1.0710645e+02   1.6017362e+02   1.9343902e+02   8.9061131e+01   1.7113553e+02
   9.0322016e+01   1.0701035e+02   1.5983094e+02   1.9331108e+02   8.9078709e+01   1.7108230e+02
   9.0064980e+01   1.0730801e+02   1.5977787e+02   1.9306333e+02   8.9246031e+01   1.7086681e+02
   8.9812505e+01   1.0748926e+02   1.6037113e+02   1.9296151e+02   8.9659195e+01   1.7124705e+02
   8.9774281e+01   1.0723480e+02   1.5960102e+02   1.9263516e+02   8.9687303e+01   1.7169687e+02
   8.9731165e+01   1.0725337e+02   1.6005647e+02   1.9299269e+02   8.9557625e+01   1.7142773e+02
   8.9814992e+01   1.0763528e+02   1.6032718e+02   1.9323530e+02   8.9469984e+01   1.7045721e+02
   8.9797580e+01   1.0760734e+02   1.6007446e+02   1.9251137e+02   8.9125556e+01   1.6966181e+02
   8.9920625e+01   1.0760410e+02   1.6060064e+02   1.9261941e+02   8.9246860e+01   1.7003194e+02
   8.9801560e+01   1.0749847e+02   1.6054492e+02   1.9307063e+02   8.9555137e+01   1.7063755e+02
   8.9763585e+01   1.0763553e+02   1.5959289e+02   1.9246245e+02   8.9241222e+01   1.7016867e+02
   8.9420152e+01   1.0680804e+02   1.5859924e+02   1.9243683e+02   8.8561653e+01   1.7006826e+02
   8.9277207e+01   1.0656037e+02   1.5893463e+02   1.9247124e+02   8.8806003e+01   1.7061010e+02
   8.9296858e+01   1.0708522e+02   1.5898488e+02   1.9247804e+02   8.8718113e+01   1.7087502e+02
   8.9468408e+01   1.0705827e+02   1.5964297e+02   1.9359938e+02   8.9238320e+01   1.7117782e+02
   8.9610276e+01   1.0756654e+02   1.6014320e+02   1.9375103e+02   8.9430102e+01   1.7143030e+02
   8.9507710e+01   1.0745444e+02   1.5978774e+02   1.9375725e+02   8.9380933e+01   1.7126853e+02
   8.9877012e+01   1.0729010e+02   1.6001982e+02   1.9330370e+02   8.9118259e+01   1.7104723e+02
   8.9766155e+01   1.0729226e+02   1.5946893e+02   1.9282263e+02   8.9246860e+01   1.7149986e+02
   8.9805042e+01   1.0766231e+02   1.5970574e+02   1.9318994e+02   8.9724449e+01   1.7200299e+02
   8.9363521e+01   1.0761729e+02   1.5927707e+02   1.9284344e+02   8.9200760e+01   1.7152117e+02
   8.8796882e+01   1.0675796e+02   1.5947946e+02   1.9297097e+02   8.8752025e+01   1.7075272e+02
   8.9272730e+01   1.0716092e+02   1.5939671e+02   1.9258939e+02   8.8932779e+01   1.7083439e+02
   8.8980787e+01   1.0650614e+02   1.5908214e+02   1.9166746e+02   8.8253293e+01   1.7017928e+02
   8.9097282e+01   1.0655059e+02   1.5949173e+02   1.9194382e+02   8.8279245e+01   1.6896101e+02
   8.9261287e+01   1.0731009e+02   1.5965881e+02   1.9254072e+02   8.8858819e+01   1.6997672e+02
   8.9322644e+01   1.0695355e+02   1.5992380e+02   1.9294957e+02   8.9235750e+01   1.7084475e+02
   8.9865902e+01   1.0719376e+02   1.5993309e+02   1.9301980e+02   8.9666492e+01   1.7128304e+02
   9.0119538e+01   1.0730436e+02   1.5995805e+02   1.9344043e+02   8.9889367e+01   1.7159745e+02
   9.0215802e+01   1.0754855e+02   1.6040156e+02   1.9386761e+02   8.9969628e+01   1.7153452e+02
   8.9786967e+01   1.0758329e+02   1.5984313e+02   1.9359648e+02   8.9623044e+01   1.7157722e+02
   8.9451825e+01   1.0720279e+02   1.6018208e+02   1.9368047e+02   8.9265019e+01   1.7123802e+02
   8.9756288e+01   1.0768959e+02   1.5973069e+02   1.9318945e+02   8.9449006e+01   1.7049220e+02
   8.9562185e+01   1.0729292e+02   1.5949480e+02   1.9298241e+02   8.8642412e+01   1.7031045e+02
   8.9234174e+01   1.0717676e+02   1.5856947e+02   1.9205650e+02   8.7461540e+01   1.6994803e+02
   8.9409622e+01   1.0697486e+02   1.5890163e+02   1.9274726e+02   8.7996174e+01   1.6996047e+02
   8.9367170e+01   1.0729624e+02   1.5951180e+02   1.9294161e+02   8.8414313e+01   1.7029984e+02
   8.9548836e+01   1.0729889e+02   1.5953609e+02   1.9299974e+02   8.8585698e+01   1.7101108e+02
   8.9259297e+01   1.0688697e+02   1.5845522e+02   1.9216437e+02   8.8176348e+01   1.7022737e+02
   8.9120830e+01   1.0692022e+02   1.5848913e+02   1.9166663e+02   8.7584420e+01   1.7049411e+02
   8.9006325e+01   1.0659884e+02   1.5852346e+02   1.9175394e+02   8.7549844e+01   1.7079177e+02
   8.9236330e+01   1.0655432e+02   1.5959272e+02   1.9246270e+02   8.8064413e+01   1.7085578e+02
   8.9476451e+01   1.0713572e+02   1.5976792e+02   1.9252497e+02   8.8453781e+01   1.7026460e+02
   8.9665165e+01   1.0714757e+02   1.5985772e+02   1.9266178e+02   8.8365228e+01   1.6984978e+02
   8.9970457e+01   1.0726722e+02   1.6001584e+02   1.9249495e+02   8.8391097e+01   1.7013019e+02
   8.9908520e+01   1.0749631e+02   1.6023647e+02   1.9301748e+02   8.8616211e+01   1.6995856e+02
   9.0322513e+01   1.0762176e+02   1.6053895e+02   1.9397183e+02   8.9775690e+01   1.7132790e+02
   8.9512105e+01   1.0739317e+02   1.5997994e+02   1.9295977e+02   8.9097282e+01   1.7130684e+02
   8.9848573e+01   1.0721921e+02   1.6012131e+02   1.9283590e+02   8.9491210e+01   1.7203035e+02
   8.9804130e+01   1.0710015e+02   1.5997521e+02   1.9270738e+02   8.9282928e+01   1.7275760e+02
   8.9280192e+01   1.0677454e+02   1.5984553e+02   1.9270224e+02   8.8785771e+01   1.7227636e+02
   8.9128955e+01   1.0668010e+02   1.5915916e+02   1.9175071e+02   8.8294419e+01   1.7081913e+02
   8.8986093e+01   1.0640698e+02   1.5857105e+02   1.9134476e+02   8.7698344e+01   1.7014346e+02
   8.8867277e+01   1.0654536e+02   1.5839602e+02   1.9169275e+02   8.7736900e+01   1.7104640e+02
   8.8808075e+01   1.0643699e+02   1.5793144e+02   1.9186969e+02   8.7587570e+01   1.7050066e+02
   8.9392624e+01   1.0701292e+02   1.5918528e+02   1.9255656e+02   8.8082240e+01   1.7115684e+02
   8.9418825e+01   1.0713696e+02   1.5968874e+02   1.9300297e+02   8.8606178e+01   1.7153916e+02
   8.9436155e+01   1.0715255e+02   1.5990216e+02   1.9372110e+02   8.8598882e+01   1.7165781e+02
   8.9600409e+01   1.0715155e+02   1.5959612e+02   1.9330561e+02   8.8838339e+01   1.7190059e+02
   8.9301916e+01   1.0648508e+02   1.5915568e+02   1.9297810e+02   8.8997453e+01   1.7118006e+02
   8.9316509e+01   1.0653367e+02   1.5948527e+02   1.9283424e+02   8.9323805e+01   1.7161652e+02
   8.9448841e+01   1.0684626e+02   1.5973899e+02   1.9299161e+02   8.9527692e+01   1.7115038e+02
   8.9493615e+01   1.0702751e+02   1.5951777e+02   1.9370020e+02   8.9606959e+01   1.7104748e+02
   8.9443451e+01   1.0716109e+02   1.5887601e+02   1.9264047e+02   8.8729721e+01   1.7013882e+02
   8.9077963e+01   1.0719218e+02   1.5840248e+02   1.9245117e+02   8.8204622e+01   1.7030481e+02
   8.9202584e+01   1.0692727e+02   1.5876291e+02   1.9271891e+02   8.8722010e+01   1.6930063e+02
   8.9456717e+01   1.0710172e+02   1.5872502e+02   1.9261535e+02   8.8601618e+01   1.6968502e+02
   8.9298433e+01   1.0671783e+02   1.5911663e+02   1.9267057e+02   8.8462653e+01   1.7018201e+02
   8.9386903e+01   1.0719334e+02   1.5940144e+02   1.9236071e+02   8.8670603e+01   1.7051085e+02
   8.9326707e+01   1.0694543e+02   1.5971992e+02   1.9288399e+02   8.8519200e+01   1.7074625e+02
   8.9195039e+01   1.0714741e+02   1.5989735e+02   1.9303821e+02   8.8944470e+01   1.7185134e+02
   8.9464926e+01   1.0742011e+02   1.5977489e+02   1.9301077e+02   8.8897872e+01   1.7071018e+02
   8.9101428e+01   1.0688747e+02   1.5861914e+02   1.9220475e+02   8.8423600e+01   1.6948752e+02
   8.8815123e+01   1.0656377e+02   1.5829536e+02   1.9146084e+02   8.7564023e+01   1.6881177e+02
   8.8977885e+01   1.0682130e+02   1.5834652e+02   1.9149359e+02   8.7590389e+01   1.6894509e+02
   8.8749621e+01   1.0636917e+02   1.5883604e+02   1.9158024e+02   8.7157409e+01   1.6947459e+02
   8.8779801e+01   1.0638824e+02   1.5844328e+02   1.9137693e+02   8.6821189e+01   1.6928214e+02
   8.8675246e+01   1.0627440e+02   1.5839353e+02   1.9121492e+02   8.7155336e+01   1.6855705e+02
   8.8413318e+01   1.0680994e+02   1.5834967e+02   1.9153646e+02   8.7279459e+01   1.6965965e+02
   8.8790746e+01   1.0673557e+02   1.5862047e+02   1.9198204e+02   8.7215781e+01   1.6983842e+02
   8.9041895e+01   1.0709467e+02   1.5942076e+02   1.9265664e+02   8.7785571e+01   1.7018633e+02
   8.9020835e+01   1.0710379e+02   1.5929241e+02   1.9316267e+02   8.8340105e+01   1.7064783e+02
   8.9230277e+01   1.0758296e+02   1.5979985e+02   1.9307809e+02   8.9100682e+01   1.7104955e+02
   8.8840910e+01   1.0771902e+02   1.5977331e+02   1.9334184e+02   8.9058229e+01   1.7149091e+02
   8.9007734e+01   1.0803542e+02   1.6000390e+02   1.9371098e+02   8.9181109e+01   1.7181179e+02
   8.9291717e+01   1.0816378e+02   1.5963335e+02   1.9336937e+02   8.9510861e+01   1.7165176e+02
   8.9165272e+01   1.0803252e+02   1.5929398e+02   1.9310214e+02   8.9147280e+01   1.7167680e+02
   8.9262780e+01   1.0763851e+02   1.5923868e+02   1.9323638e+02   8.9384665e+01   1.7101025e+02
   8.9068096e+01   1.0722046e+02   1.5868273e+02   1.9239297e+02   8.8583459e+01   1.7072536e+02
   8.8833945e+01   1.0687818e+02   1.5835630e+02   1.9202723e+02   8.8010767e+01   1.7102484e+02
   8.8857990e+01   1.0713464e+02   1.5899673e+02   1.9251775e+02   8.8329823e+01   1.7071590e+02
   8.8912797e+01   1.0707046e+02   1.5909839e+02   1.9224845e+02   8.8322195e+01   1.6920768e+02
   8.9066272e+01   1.0738214e+02   1.5916206e+02   1.9175461e+02   8.8242348e+01   1.6837505e+02
   8.9199930e+01   1.0708232e+02   1.5934829e+02   1.9227589e+02   8.8128506e+01   1.6812813e+02
   8.9376207e+01   1.0732567e+02   1.5990904e+02   1.9273217e+02   8.8240524e+01   1.6872620e+02
   8.9283840e+01   1.0728911e+02   1.5992969e+02   1.9294435e+02   8.8402125e+01   1.6848508e+02
   8.9598585e+01   1.0712029e+02   1.5978708e+02   1.9238957e+02   8.8155122e+01   1.6858450e+02
   8.9563097e+01   1.0717651e+02   1.5980341e+02   1.9246278e+02   8.8017069e+01   1.6914260e+02
   8.9353240e+01   1.0707618e+02   1.5960276e+02   1.9283465e+02   8.8610324e+01   1.7017978e+02
   8.9584821e+01   1.0764763e+02   1.6028946e+02   1.9319666e+02   8.9219415e+01   1.7012058e+02
   8.9553479e+01   1.0774373e+02   1.6033912e+02   1.9322137e+02   8.9158805e+01   1.7008459e+02
   8.9363687e+01   1.0757185e+02   1.6001899e+02   1.9294659e+02   8.8792819e+01   1.6915238e+02
   8.9441212e+01   1.0741655e+02   1.5943436e+02   1.9273914e+02   8.8529316e+01   1.6915155e+02
   8.9108476e+01   1.0745610e+02   1.5856292e+02   1.9217872e+02   8.8214986e+01   1.6932542e+02
   8.9092805e+01   1.0709882e+02   1.5909540e+02   1.9208950e+02   8.7913011e+01   1.7003111e+02
   8.9005827e+01   1.0714857e+02   1.5919979e+02   1.9215633e+02   8.7876777e+01   1.7057254e+02
   8.8958649e+01   1.0699534e+02   1.5933992e+02   1.9260772e+02   8.8272944e+01   1.7072701e+02
   8.9033521e+01   1.0756057e+02   1.5934332e+02   1.9244089e+02   8.8121873e+01   1.6967085e+02
   8.9188737e+01   1.0845696e+02   1.6001683e+02   1.9267455e+02   8.8544572e+01   1.6969655e+02
   8.9190395e+01   1.0779721e+02   1.5869675e+02   1.9106492e+02   8.8332476e+01   1.7043922e+02
   8.8856249e+01   1.0606852e+02   1.5898405e+02   1.9134401e+02   8.7832749e+01   1.7200722e+02
   8.8676656e+01   1.0568214e+02   1.5889549e+02   1.9097115e+02   8.7909197e+01   1.7007622e+02
   8.9286825e+01   1.0715669e+02   1.5931173e+02   1.9263342e+02   8.7352175e+01   1.6859096e+02
   8.8671681e+01   1.0656302e+02   1.5764274e+02   1.9098988e+02   8.5908547e+01   1.6724932e+02
   8.8092438e+01   1.0591645e+02   1.5590310e+02   1.8965040e+02   8.4795333e+01   1.6721931e+02
   8.7878352e+01   1.0619356e+02   1.5600832e+02   1.8930274e+02   8.4893919e+01   1.6838285e+02
   8.6692506e+01   1.0659229e+02   1.5794189e+02   1.9092024e+02   8.5977283e+01   1.6941563e+02
   8.8810729e+01   1.0755278e+02   1.5791470e+02   1.9089553e+02   8.6843162e+01   1.6972358e+02
   8.8468457e+01   1.0737642e+02   1.5798957e+02   1.9116069e+02   8.6606772e+01   1.6989364e+02
   8.8388527e+01   1.0736241e+02   1.5813450e+02   1.9086792e+02   8.6904519e+01   1.7027388e+02
   8.9081528e+01   1.0792200e+02   1.5904192e+02   1.9242970e+02   8.8183727e+01   1.7199627e+02
   8.9697170e+01   1.0829719e+02   1.6021749e+02   1.9344565e+02   8.9242632e+01   1.7218706e+02
   8.9663009e+01   1.0841012e+02   1.6041632e+02   1.9395434e+02   8.8936759e+01   1.7217885e+02
   9.0183465e+01   1.0877295e+02   1.6031392e+02   1.9427289e+02   8.9330853e+01   1.7244534e+02
   8.9992513e+01   1.0856077e+02   1.6010207e+02   1.9433898e+02   9.0020538e+01   1.7216683e+02
   8.9701150e+01   1.0834843e+02   1.5972365e+02   1.9360634e+02   8.9751894e+01   1.7239003e+02
   8.9623376e+01   1.0825706e+02   1.5975673e+02   1.9335213e+02   8.9601570e+01   1.7234924e+02
   8.9895917e+01   1.0845655e+02   1.6003723e+02   1.9354424e+02   8.9879002e+01   1.7229742e+02
   8.9911256e+01   1.0867917e+02   1.6007545e+02   1.9358702e+02   8.9656044e+01   1.7250247e+02
   8.9690288e+01   1.0828873e+02   1.5988392e+02   1.9314890e+02   8.9364350e+01   1.7161138e+02
   8.9951387e+01   1.0823566e+02   1.6004867e+02   1.9389140e+02   8.9653474e+01   1.7197961e+02
   9.0350704e+01   1.0843938e+02   1.6000614e+02   1.9401221e+02   9.0175422e+01   1.7233672e+02
   8.9864575e+01   1.0791818e+02   1.5963426e+02   1.9348131e+02   8.9680836e+01   1.7185217e+02
   8.9866814e+01   1.0792739e+02   1.5949961e+02   1.9312826e+02   8.9460946e+01   1.7195813e+02
   8.9970955e+01   1.0775899e+02   1.5936570e+02   1.9314550e+02   8.9394117e+01   1.7164339e+02
