   9.5196490e+01   1.2337328e+02   1.9354140e+02   2.1106218e+02   1.4887308e+02   1.1582353e+02
   9.4502772e+01   1.2345369e+02   1.9294254e+02   2.1130731e+02   1.4845186e+02   1.1589528e+02
   9.5700968e+01   1.2351971e+02   1.9366034e+02   2.1280759e+02   1.4845322e+02   1.1628952e+02
   9.6738160e+01   1.2337728e+02   1.9540566e+02   2.1451558e+02   1.4915941e+02   1.1670977e+02
   9.6462568e+01   1.2421897e+02   1.9405197e+02   2.1297488e+02   1.4797359e+02   1.1814198e+02
   9.6066973e+01   1.2416985e+02   1.9357031e+02   2.1271408e+02   1.4811342e+02   1.1798939e+02
   9.6014659e+01   1.2434061e+02   1.9396049e+02   2.1327648e+02   1.4827577e+02   1.1740542e+02
   9.6620961e+01   1.2384889e+02   1.9350929e+02   2.1305263e+02   1.4784923e+02   1.1737632e+02
   9.5619064e+01   1.2361600e+02   1.9428318e+02   2.1281968e+02   1.4824396e+02   1.1814004e+02
   9.6061558e+01   1.2470497e+02   1.9517261e+02   2.1386586e+02   1.4922874e+02   1.1748926e+02
   9.7321061e+01   1.2468064e+02   1.9574720e+02   2.1526626e+02   1.4969386e+02   1.1736810e+02
   9.5846500e+01   1.2389698e+02   1.9517571e+02   2.1429153e+02   1.4924624e+02   1.1703893e+02
   9.6321678e+01   1.2403302e+02   1.9482914e+02   2.1351697e+02   1.4872803e+02   1.1686913e+02
   9.6186396e+01   1.2360298e+02   1.9335206e+02   2.1178055e+02   1.4757084e+02   1.1701950e+02
   9.5225113e+01   1.2288065e+02   1.9321359e+02   2.1063641e+02   1.4737580e+02   1.1688325e+02
   9.5550794e+01   1.2377888e+02   1.9439728e+02   2.1202607e+02   1.4826620e+02   1.1748849e+02
   9.6945579e+01   1.2385084e+02   1.9502089e+02   2.1307119e+02   1.4845699e+02   1.1762154e+02
   9.7105519e+01   1.2448556e+02   1.9565408e+02   2.1316886e+02   1.4844123e+02   1.1822495e+02
   9.6159514e+01   1.2378356e+02   1.9467384e+02   2.1143930e+02   1.4735075e+02   1.1808193e+02
   9.6098304e+01   1.2419555e+02   1.9412159e+02   2.1214965e+02   1.4806864e+02   1.1772240e+02
   9.6237163e+01   1.2395855e+02   1.9472867e+02   2.1344145e+02   1.4860851e+02   1.1757610e+02
   9.6280001e+01   1.2401063e+02   1.9439022e+02   2.1167380e+02   1.4816360e+02   1.1695896e+02
   9.5430018e+01   1.2329950e+02   1.9321224e+02   2.1092254e+02   1.4745615e+02   1.1673694e+02
   9.5036453e+01   1.2362822e+02   1.9308691e+02   2.1206562e+02   1.4883315e+02   1.1715768e+02
   9.5796796e+01   1.2398504e+02   1.9430803e+02   2.1284859e+02   1.4848706e+02   1.1688750e+02
   9.6108457e+01   1.2365563e+02   1.9398322e+02   2.1249603e+02   1.4820837e+02   1.1714482e+02
   9.5304889e+01   1.2359053e+02   1.9381960e+02   2.1192144e+02   1.4777835e+02   1.1783177e+02
   9.6049181e+01   1.2403439e+02   1.9385267e+02   2.1314178e+02   1.4892095e+02   1.1753132e+02
   9.6363355e+01   1.2436460e+02   1.9466939e+02   2.1380610e+02   1.4930330e+02   1.1715033e+02
   9.7215369e+01   1.2393010e+02   1.9525142e+02   2.1319700e+02   1.4832809e+02   1.1698517e+02
   9.6616513e+01   1.2368362e+02   1.9548727e+02   2.1179583e+02   1.4790783e+02   1.1720110e+02
   9.5746320e+01   1.2282800e+02   1.9437678e+02   2.1101199e+02   1.4715610e+02   1.1749845e+02
   9.5754346e+01   1.2348042e+02   1.9414490e+02   2.1236800e+02   1.4841038e+02   1.1782210e+02
   9.5967567e+01   1.2395329e+02   1.9422554e+02   2.1308753e+02   1.4862756e+02   1.1824284e+02
   9.6453479e+01   1.2373033e+02   1.9450771e+02   2.1331052e+02   1.4898912e+02   1.1855005e+02
   9.5865163e+01   1.2428544e+02   1.9452173e+02   2.1300515e+02   1.4867282e+02   1.1790690e+02
   9.5562882e+01   1.2378196e+02   1.9401300e+02   2.1275460e+02   1.4792205e+02   1.1748327e+02
   9.6033709e+01   1.2405164e+02   1.9422438e+02   2.1250676e+02   1.4814127e+02   1.1755908e+02
   9.6628600e+01   1.2406945e+02   1.9482131e+02   2.1278322e+02   1.4827606e+02   1.1852984e+02
   9.6339471e+01   1.2324399e+02   1.9443586e+02   2.1173066e+02   1.4767895e+02   1.1923168e+02
   9.5523332e+01   1.2359498e+02   1.9436866e+02   2.1232294e+02   1.4799515e+02   1.1755328e+02
   9.5341635e+01   1.2372348e+02   1.9351790e+02   2.1269107e+02   1.4872378e+02   1.1737400e+02
   9.5376253e+01   1.2357065e+02   1.9281819e+02   2.1219665e+02   1.4855388e+02   1.1724539e+02
   9.5505443e+01   1.2262468e+02   1.9319609e+02   2.1156056e+02   1.4770593e+02   1.1769997e+02
   9.5457673e+01   1.2311811e+02   1.9339683e+02   2.1208854e+02   1.4826533e+02   1.1777665e+02
   9.5767980e+01   1.2399532e+02   1.9459300e+02   2.1302826e+02   1.4806429e+02   1.1768527e+02
   9.6174792e+01   1.2396346e+02   1.9492971e+02   2.1218408e+02   1.4785552e+02   1.1748694e+02
   9.6532965e+01   1.2389435e+02   1.9490959e+02   2.1338807e+02   1.4899415e+02   1.1769117e+02
   9.6661381e+01   1.2363062e+02   1.9498946e+02   2.1305195e+02   1.4864217e+02   1.1742225e+02
   9.6108941e+01   1.2311834e+02   1.9434361e+02   2.1106817e+02   1.4739920e+02   1.1739798e+02
   9.5313495e+01   1.2259259e+02   1.9368094e+02   2.1061707e+02   1.4674223e+02   1.1729422e+02
   9.5261278e+01   1.2317511e+02   1.9356905e+02   2.1102437e+02   1.4687693e+02   1.1729683e+02
   9.5721952e+01   1.2308568e+02   1.9430957e+02   2.1155669e+02   1.4789778e+02   1.1735707e+02
   9.6432688e+01   1.2435706e+02   1.9477247e+02   2.1199039e+02   1.4851056e+02   1.1663377e+02
   9.5864486e+01   1.2418927e+02   1.9446748e+02   2.1115917e+02   1.4776308e+02   1.1742679e+02
   9.6006246e+01   1.2340035e+02   1.9415312e+02   2.1136784e+02   1.4755372e+02   1.1819342e+02
   9.6123735e+01   1.2293639e+02   1.9415930e+02   2.1178838e+02   1.4775176e+02   1.1814043e+02
   9.6756630e+01   1.2302377e+02   1.9412739e+02   2.1190674e+02   1.4832934e+02   1.1665001e+02
   9.6332315e+01   1.2353342e+02   1.9522667e+02   2.1242524e+02   1.4904182e+02   1.1647644e+02
   9.6790668e+01   1.2359475e+02   1.9480487e+02   2.1346147e+02   1.4992488e+02   1.1665485e+02
   9.6733132e+01   1.2377774e+02   1.9351780e+02   2.1281571e+02   1.4884639e+02   1.1724935e+02
   9.5201615e+01   1.2300298e+02   1.9278908e+02   2.1147837e+02   1.4829676e+02   1.1702907e+02
   9.5433886e+01   1.2270784e+02   1.9350079e+02   2.1254525e+02   1.4886873e+02   1.1646116e+02
   9.5962055e+01   1.2243622e+02   1.9348522e+02   2.1292411e+02   1.4920921e+02   1.1642664e+02
   9.5899684e+01   1.2265815e+02   1.9314203e+02   2.1271457e+02   1.4902287e+02   1.1624533e+02
   9.5909547e+01   1.2330749e+02   1.9348580e+02   2.1262106e+02   1.4823487e+02   1.1611391e+02
   9.5850464e+01   1.2326980e+02   1.9249125e+02   2.1148581e+02   1.4773416e+02   1.1564067e+02
   9.6041638e+01   1.2282777e+02   1.9256155e+02   2.1118411e+02   1.4715058e+02   1.1676779e+02
   9.5538224e+01   1.2255695e+02   1.9384503e+02   2.1190230e+02   1.4706713e+02   1.1730321e+02
   9.5830738e+01   1.2235158e+02   1.9390827e+02   2.1197511e+02   1.4745296e+02   1.1720709e+02
   9.5534162e+01   1.2256677e+02   1.9377009e+02   2.1132549e+02   1.4809205e+02   1.1735872e+02
   9.5537160e+01   1.2233331e+02   1.9380017e+02   2.1151801e+02   1.4802397e+02   1.1687135e+02
   9.5572745e+01   1.2241006e+02   1.9386989e+02   2.1123314e+02   1.4691483e+02   1.1677678e+02
   9.5944166e+01   1.2222594e+02   1.9345659e+02   2.1179206e+02   1.4772382e+02   1.1740871e+02
   9.5733749e+01   1.2311412e+02   1.9431528e+02   2.1237129e+02   1.4829811e+02   1.1728029e+02
   9.6561781e+01   1.2415660e+02   1.9525906e+02   2.1405153e+02   1.4908456e+02   1.1753074e+02
   9.6767944e+01   1.2397134e+02   1.9527579e+02   2.1364123e+02   1.4895653e+02   1.1769301e+02
   9.6290348e+01   1.2324695e+02   1.9436286e+02   2.1237022e+02   1.4735994e+02   1.1788660e+02
   9.5192525e+01   1.2366683e+02   1.9371604e+02   2.1271389e+02   1.4828544e+02   1.1843014e+02
   9.6485583e+01   1.2552279e+02   1.9418319e+02   2.1269726e+02   1.4843127e+02   1.1783979e+02
   9.7422885e+01   1.2470475e+02   1.9473611e+02   2.1212316e+02   1.4818884e+02   1.1769494e+02
   9.6964242e+01   1.2424101e+02   1.9498656e+02   2.1201495e+02   1.4833940e+02   1.1822350e+02
   9.6518170e+01   1.2475911e+02   1.9466011e+02   2.1243627e+02   1.4895354e+02   1.1813163e+02
   9.7544919e+01   1.2499498e+02   1.9482769e+02   2.1404292e+02   1.4929392e+02   1.1804702e+02
   9.7376760e+01   1.2515352e+02   1.9514844e+02   2.1314246e+02   1.4910255e+02   1.1707104e+02
   9.6110391e+01   1.2420549e+02   1.9393139e+02   2.1167264e+02   1.4765110e+02   1.1759196e+02
   9.5469277e+01   1.2428145e+02   1.9134440e+02   2.1194591e+02   1.4780968e+02   1.1665107e+02
   9.5261858e+01   1.2404238e+02   1.9092434e+02   2.1162477e+02   1.4724148e+02   1.1700480e+02
   9.5175119e+01   1.2439452e+02   1.9173042e+02   2.1153581e+02   1.4773310e+02   1.1672176e+02
   9.5477980e+01   1.2456928e+02   1.9231149e+02   2.1129358e+02   1.4881458e+02   1.1599787e+02
   9.6266947e+01   1.2493753e+02   1.9298345e+02   2.1202133e+02   1.4872030e+02   1.1712548e+02
   9.5861681e+01   1.2395386e+02   1.9243787e+02   2.1214037e+02   1.4797446e+02   1.1763711e+02
   9.5047090e+01   1.2349790e+02   1.9209991e+02   2.1182068e+02   1.4824705e+02   1.1849048e+02
   9.4791031e+01   1.2350395e+02   1.9217098e+02   2.1189717e+02   1.4866083e+02   1.1817137e+02
   9.5486973e+01   1.2432553e+02   1.9272565e+02   2.1173452e+02   1.4906687e+02   1.1741384e+02
   9.6168024e+01   1.2426694e+02   1.9267788e+02   2.1302652e+02   1.4943935e+02   1.1773381e+02
   9.5462218e+01   1.2427322e+02   1.9290986e+02   2.1293456e+02   1.4910361e+02   1.1779657e+02
   9.5880828e+01   1.2357694e+02   1.9337382e+02   2.1176044e+02   1.4893487e+02   1.1773855e+02
   9.6414509e+01   1.2307894e+02   1.9375713e+02   2.1125403e+02   1.4873132e+02   1.1790168e+02
   9.5988260e+01   1.2298254e+02   1.9324424e+02   2.1174178e+02   1.4904830e+02   1.1863050e+02
   9.5902488e+01   1.2302103e+02   1.9323419e+02   2.1238666e+02   1.4901765e+02   1.1832194e+02
   9.5818650e+01   1.2406980e+02   1.9339519e+02   2.1089963e+02   1.4881845e+02   1.1752717e+02
   9.5888370e+01   1.2393719e+02   1.9378083e+02   2.1034651e+02   1.4797020e+02   1.1766419e+02
   9.5985166e+01   1.2338265e+02   1.9292717e+02   2.0910944e+02   1.4713540e+02   1.1814884e+02
   9.5357107e+01   1.2346032e+02   1.9255430e+02   2.0983439e+02   1.4788008e+02   1.1850595e+02
   9.5309434e+01   1.2417431e+02   1.9340970e+02   2.1075893e+02   1.4821998e+02   1.1869626e+02
   9.6596400e+01   1.2450931e+02   1.9484548e+02   2.1215352e+02   1.4877203e+02   1.1882458e+02
   9.7490091e+01   1.2447676e+02   1.9565969e+02   2.1309015e+02   1.4889097e+02   1.1981158e+02
   9.7123022e+01   1.2447790e+02   1.9611949e+02   2.1282161e+02   1.4939497e+02   1.1943417e+02
   9.7143522e+01   1.2473341e+02   1.9635350e+02   2.1190152e+02   1.4907354e+02   1.1849261e+02
   9.7581375e+01   1.2433981e+02   1.9563773e+02   2.1207181e+02   1.4902674e+02   1.1796309e+02
   9.6662832e+01   1.2409424e+02   1.9462975e+02   2.1167999e+02   1.4922613e+02   1.1894545e+02
   9.5660451e+01   1.2399041e+02   1.9437330e+02   2.1087245e+02   1.4839239e+02   1.1870032e+02
   9.6463826e+01   1.2412839e+02   1.9444051e+02   2.1065662e+02   1.4756068e+02   1.1855672e+02
   9.6643685e+01   1.2394381e+02   1.9404936e+02   2.1088386e+02   1.4740819e+02   1.1810272e+02
   9.6543602e+01   1.2395341e+02   1.9394405e+02   2.1133506e+02   1.4781926e+02   1.1885629e+02
   9.6564876e+01   1.2434906e+02   1.9407614e+02   2.1140043e+02   1.4745577e+02   1.1899254e+02
   9.6113969e+01   1.2351023e+02   1.9474482e+02   2.1023279e+02   1.4746689e+02   1.1835578e+02
   9.6144429e+01   1.2380583e+02   1.9393593e+02   2.1057646e+02   1.4804128e+02   1.1759679e+02
   9.5986810e+01   1.2336574e+02   1.9404800e+02   2.1058226e+02   1.4824270e+02   1.1813946e+02
   9.6631501e+01   1.2382822e+02   1.9369815e+02   2.1062606e+02   1.4743092e+02   1.1751595e+02
   9.6486840e+01   1.2364296e+02   1.9349469e+02   2.1051515e+02   1.4805066e+02   1.1748568e+02
   9.6548437e+01   1.2428076e+02   1.9428646e+02   2.1197279e+02   1.4845544e+02   1.1771805e+02
   9.6538187e+01   1.2432805e+02   1.9468525e+02   2.1194978e+02   1.4843997e+02   1.1801337e+02
   9.7203862e+01   1.2431754e+02   1.9464628e+02   2.1210517e+02   1.4859749e+02   1.1891905e+02
   9.6958054e+01   1.2450235e+02   1.9501219e+02   2.1238047e+02   1.4907702e+02   1.1847810e+02
   9.6808364e+01   1.2391457e+02   1.9499063e+02   2.1215864e+02   1.4891283e+02   1.1837009e+02
   9.6668344e+01   1.2409515e+02   1.9437910e+02   2.1189330e+02   1.4833408e+02   1.1855401e+02
   9.6164542e+01   1.2428910e+02   1.9386766e+02   2.1109476e+02   1.4779934e+02   1.1801047e+02
   9.6436170e+01   1.2482376e+02   1.9497796e+02   2.1266196e+02   1.4891109e+02   1.1809247e+02
   9.7200091e+01   1.2484946e+02   1.9523721e+02   2.1332764e+02   1.4960229e+02   1.1817476e+02
   9.7420758e+01   1.2462947e+02   1.9524891e+02   2.1347984e+02   1.4956883e+02   1.1852790e+02
   9.7050885e+01   1.2413867e+02   1.9473708e+02   2.1194320e+02   1.4891012e+02   1.1883763e+02
   9.6061171e+01   1.2379567e+02   1.9402025e+02   2.1090195e+02   1.4760488e+02   1.1831294e+02
   9.6143462e+01   1.2426020e+02   1.9377029e+02   2.1023124e+02   1.4688592e+02   1.1783515e+02
   9.5906356e+01   1.2399293e+02   1.9311022e+02   2.0963945e+02   1.4747056e+02   1.1816876e+02
   9.6428724e+01   1.2442342e+02   1.9336898e+02   2.1126418e+02   1.4773919e+02   1.1747911e+02
   9.6800821e+01   1.2435455e+02   1.9370559e+02   2.1177088e+02   1.4830652e+02   1.1799200e+02
   9.6354749e+01   1.2500971e+02   1.9492932e+02   2.1250753e+02   1.4851385e+02   1.1886151e+02
   9.6842982e+01   1.2445837e+02   1.9512136e+02   2.1287325e+02   1.4894019e+02   1.1904157e+02
   9.6917924e+01   1.2421257e+02   1.9472644e+02   2.1319883e+02   1.4897993e+02   1.1920857e+02
   9.6678690e+01   1.2424055e+02   1.9424488e+02   2.1176440e+02   1.4783734e+02   1.1887583e+02
   9.6297793e+01   1.2355512e+02   1.9385480e+02   2.1156617e+02   1.4802929e+02   1.1840413e+02
   9.6155646e+01   1.2342205e+02   1.9449079e+02   2.1242989e+02   1.4835458e+02   1.1859424e+02
   9.7096913e+01   1.2361771e+02   1.9437446e+02   2.1276678e+02   1.4810055e+02   1.1874383e+02
   9.6894039e+01   1.2355603e+02   1.9444360e+02   2.1133032e+02   1.4792244e+02   1.1842685e+02
   9.6434236e+01   1.2385426e+02   1.9548862e+02   2.1095813e+02   1.4811854e+02   1.1839823e+02
   9.6808944e+01   1.2391948e+02   1.9410370e+02   2.1146386e+02   1.4790155e+02   1.1810127e+02
   9.6660608e+01   1.2410132e+02   1.9348483e+02   2.1185172e+02   1.4833215e+02   1.1876211e+02
   9.5738584e+01   1.2394564e+02   1.9419421e+02   2.1059270e+02   1.4736419e+02   1.1821479e+02
   9.5908871e+01   1.2381394e+02   1.9397799e+02   2.0978150e+02   1.4643289e+02   1.1831894e+02
   9.6205639e+01   1.2331514e+02   1.9359855e+02   2.0947757e+02   1.4640039e+02   1.1825473e+02
   9.6115226e+01   1.2337362e+02   1.9302329e+02   2.0978053e+02   1.4687083e+02   1.1860884e+02
   9.6721045e+01   1.2391686e+02   1.9440453e+02   2.1113093e+02   1.4809823e+02   1.1868997e+02
   9.7146423e+01   1.2428590e+02   1.9503095e+02   2.1237631e+02   1.4936799e+02   1.1846263e+02
   9.6926530e+01   1.2471308e+02   1.9621222e+02   2.1217740e+02   1.4917498e+02   1.1833228e+02
   9.7577507e+01   1.2429961e+02   1.9642409e+02   2.1195780e+02   1.4886796e+02   1.1830675e+02
   9.7422595e+01   1.2379647e+02   1.9545923e+02   2.1203294e+02   1.4886515e+02   1.1831304e+02
   9.6173922e+01   1.2410383e+02   1.9398650e+02   2.1111227e+02   1.4786625e+02   1.1856252e+02
   9.5888660e+01   1.2420549e+02   1.9295898e+02   2.1048479e+02   1.4752558e+02   1.1855749e+02
   9.5605719e+01   1.2364261e+02   1.9293113e+02   2.1072402e+02   1.4696241e+02   1.1822098e+02
   9.5600885e+01   1.2369447e+02   1.9247819e+02   2.1093289e+02   1.4715958e+02   1.1824912e+02
   9.5386020e+01   1.2414735e+02   1.9213095e+02   2.1103752e+02   1.4789903e+02   1.1861039e+02
   9.5899684e+01   1.2396414e+02   1.9242230e+02   2.1094005e+02   1.4812038e+02   1.1822446e+02
   9.6104396e+01   1.2398584e+02   1.9370820e+02   2.1118672e+02   1.4771415e+02   1.1870883e+02
   9.6431335e+01   1.2423302e+02   1.9348174e+02   2.1137935e+02   1.4778038e+02   1.1901478e+02
   9.6202932e+01   1.2355261e+02   1.9282012e+02   2.1041574e+02   1.4767585e+02   1.1863708e+02
   9.5660064e+01   1.2380275e+02   1.9276288e+02   2.0992316e+02   1.4842701e+02   1.1600822e+02
   9.6395169e+01   1.2274896e+02   1.9406754e+02   2.1128555e+02   1.4728828e+02   1.1794906e+02
   9.7903189e+01   1.2356300e+02   1.9307386e+02   2.1104458e+02   1.4743633e+02   1.1836545e+02
   9.6553369e+01   1.2386911e+02   1.9344306e+02   2.1199213e+02   1.4824860e+02   1.1854512e+02
   9.5964182e+01   1.2312405e+02   1.9217785e+02   2.0932875e+02   1.4663818e+02   1.1754747e+02
   9.5839054e+01   1.2284501e+02   1.9173158e+02   2.0879062e+02   1.4605296e+02   1.1845973e+02
   9.4861331e+01   1.2264422e+02   1.9223548e+02   2.1006183e+02   1.4640591e+02   1.1944277e+02
   9.4302702e+01   1.2238048e+02   1.9183689e+02   2.0909010e+02   1.4574719e+02   1.1719365e+02
   9.5051151e+01   1.2273045e+02   1.9272748e+02   2.1015060e+02   1.4641809e+02   1.1705818e+02
   9.5448584e+01   1.2346797e+02   1.9334848e+02   2.1143669e+02   1.4796218e+02   1.1719046e+02
   9.6924112e+01   1.2543267e+02   1.9466697e+02   2.1301530e+02   1.4900517e+02   1.1869606e+02
   9.6587020e+01   1.2384090e+02   1.9453633e+02   2.1264301e+02   1.4853609e+02   1.1859753e+02
   9.6016013e+01   1.2294736e+02   1.9394502e+02   2.1112648e+02   1.4797117e+02   1.1788563e+02
   9.6100624e+01   1.2358722e+02   1.9442871e+02   2.1245474e+02   1.4805520e+02   1.1764543e+02
   9.6751698e+01   1.2434404e+02   1.9415776e+02   2.1202617e+02   1.4794564e+02   1.1723514e+02
   9.5715473e+01   1.2407996e+02   1.9279082e+02   2.1171112e+02   1.4772875e+02   1.1754390e+02
   9.5702708e+01   1.2477865e+02   1.9366933e+02   2.1222556e+02   1.4786509e+02   1.1870699e+02
   9.6301178e+01   1.2494484e+02   1.9485206e+02   2.1201147e+02   1.4814774e+02   1.1980926e+02
   9.6901485e+01   1.2425392e+02   1.9525181e+02   2.1260742e+02   1.4848368e+02   1.2005314e+02
   9.7012882e+01   1.2477716e+02   1.9470217e+02   2.1376713e+02   1.4921588e+02   1.1989996e+02
   9.6212505e+01   1.2453124e+02   1.9451264e+02   2.1317669e+02   1.4916995e+02   1.1859269e+02
   9.7009111e+01   1.2435774e+02   1.9516546e+02   2.1239652e+02   1.4829299e+02   1.1851968e+02
   9.6283966e+01   1.2386260e+02   1.9483658e+02   2.1121138e+02   1.4813856e+02   1.1806027e+02
   9.6578800e+01   1.2447608e+02   1.9470498e+02   2.1144075e+02   1.4772101e+02   1.1792934e+02
   9.6606843e+01   1.2460812e+02   1.9486762e+02   2.1110298e+02   1.4845583e+02   1.1781388e+02
   9.7266330e+01   1.2506077e+02   1.9544733e+02   2.1312012e+02   1.4879959e+02   1.1846718e+02
   9.6783609e+01   1.2479886e+02   1.9463951e+02   2.1167438e+02   1.4798423e+02   1.1838315e+02
   9.6437040e+01   1.2393376e+02   1.9436605e+02   2.1139569e+02   1.4701327e+02   1.1937711e+02
   9.6358134e+01   1.2385609e+02   1.9483117e+02   2.1209859e+02   1.4781906e+02   1.1976159e+02
   9.6724816e+01   1.2441920e+02   1.9492603e+02   2.1238976e+02   1.4790948e+02   1.1958811e+02
   9.6291798e+01   1.2390760e+02   1.9436489e+02   2.1243830e+02   1.4797030e+02   1.1971198e+02
   9.5931401e+01   1.2389504e+02   1.9425040e+02   2.1335994e+02   1.4878934e+02   1.1967146e+02
   9.6663025e+01   1.2487036e+02   1.9522125e+02   2.1414687e+02   1.4953170e+02   1.1916293e+02
   9.6835053e+01   1.2466260e+02   1.9567545e+02   2.1291734e+02   1.4858598e+02   1.1922123e+02
   9.6200128e+01   1.2347128e+02   1.9472209e+02   2.1153706e+02   1.4824995e+02   1.2011657e+02
   9.6019591e+01   1.2393262e+02   1.9513152e+02   2.1290042e+02   1.4919944e+02   1.1920567e+02
   9.6459958e+01   1.2445095e+02   1.9553243e+02   2.1348458e+02   1.4940937e+02   1.1834630e+02
   9.7110548e+01   1.2493467e+02   1.9567622e+02   2.1419493e+02   1.4991617e+02   1.1900734e+02
   9.6950801e+01   1.2511217e+02   1.9586701e+02   2.1424744e+02   1.4998628e+02   1.1932644e+02
   9.6802078e+01   1.2492302e+02   1.9563851e+02   2.1429124e+02   1.4949959e+02   1.1918159e+02
   9.6633629e+01   1.2547630e+02   1.9573675e+02   2.1453734e+02   1.4992323e+02   1.1952361e+02
   9.6710118e+01   1.2529812e+02   1.9591758e+02   2.1374460e+02   1.4960500e+02   1.1972958e+02
   9.6296826e+01   1.2424764e+02   1.9537723e+02   2.1332348e+02   1.4904463e+02   1.1895086e+02
   9.6561008e+01   1.2437339e+02   1.9530432e+02   2.1283989e+02   1.4927177e+02   1.1870747e+02
   9.6756436e+01   1.2439224e+02   1.9528913e+02   2.1323423e+02   1.4947465e+02   1.1920122e+02
   9.6412285e+01   1.2429253e+02   1.9510347e+02   2.1286010e+02   1.4865126e+02   1.1869529e+02
   9.6416540e+01   1.2416060e+02   1.9476938e+02   2.1229335e+02   1.4774470e+02   1.1922675e+02
   9.6199354e+01   1.2403816e+02   1.9492004e+02   2.1283041e+02   1.4816360e+02   1.1931552e+02
   9.6535479e+01   1.2385129e+02   1.9465992e+02   2.1391876e+02   1.4879485e+02   1.2021878e+02
   9.6533836e+01   1.2514278e+02   1.9547383e+02   2.1505874e+02   1.4976822e+02   1.2029401e+02
   9.7620248e+01   1.2572245e+02   1.9558300e+02   2.1491263e+02   1.4887192e+02   1.2034739e+02
   9.7285960e+01   1.2426557e+02   1.9529842e+02   2.1389787e+02   1.4788791e+02   1.1981796e+02
   9.6822965e+01   1.2450121e+02   1.9462288e+02   2.1336448e+02   1.4762006e+02   1.1844755e+02
   9.6733615e+01   1.2429230e+02   1.9434120e+02   2.1231820e+02   1.4800463e+02   1.1864626e+02
   9.7086470e+01   1.2463576e+02   1.9436131e+02   2.1218756e+02   1.4822984e+02   1.2006754e+02
   9.5858684e+01   1.2441166e+02   1.9487855e+02   2.1226211e+02   1.4764829e+02   1.2022255e+02
   9.6536543e+01   1.2428464e+02   1.9429923e+02   2.1256836e+02   1.4799854e+02   1.1931822e+02
   9.5959251e+01   1.2400652e+02   1.9428298e+02   2.1191438e+02   1.4881825e+02   1.1863205e+02
   9.6006053e+01   1.2409036e+02   1.9432582e+02   2.1159528e+02   1.4893874e+02   1.1797604e+02
   9.7176013e+01   1.2501428e+02   1.9484770e+02   2.1247301e+02   1.4893265e+02   1.1838034e+02
   9.7436133e+01   1.2503610e+02   1.9543360e+02   2.1326749e+02   1.4946362e+02   1.1953386e+02
   9.7143619e+01   1.2516425e+02   1.9613332e+02   2.1421978e+02   1.4931674e+02   1.1933205e+02
   9.6835536e+01   1.2499669e+02   1.9500358e+02   2.1366589e+02   1.4974714e+02   1.1918575e+02
   9.7226490e+01   1.2535340e+02   1.9420862e+02   2.1431039e+02   1.4945937e+02   1.1871705e+02
   9.6394396e+01   1.2530234e+02   1.9358598e+02   2.1319120e+02   1.4979955e+02   1.1958859e+02
   9.6307560e+01   1.2471537e+02   1.9398186e+02   2.1108065e+02   1.4772256e+02   1.1830221e+02
   9.5809948e+01   1.2394907e+02   1.9337778e+02   2.1120587e+02   1.4813247e+02   1.1858921e+02
   9.6041638e+01   1.2403781e+02   1.9295888e+02   2.1035502e+02   1.4758602e+02   1.1832783e+02
   9.5701935e+01   1.2341097e+02   1.9320817e+02   2.0940505e+02   1.4738053e+02   1.1776534e+02
   9.6805753e+01   1.2309025e+02   1.9439448e+02   2.1081521e+02   1.4812067e+02   1.1801260e+02
   9.6732745e+01   1.2331743e+02   1.9483552e+02   2.1217421e+02   1.4794313e+02   1.1840568e+02
   9.7296983e+01   1.2429561e+02   1.9527134e+02   2.1364191e+02   1.4900865e+02   1.1877381e+02
   9.6960761e+01   1.2471640e+02   1.9525925e+02   2.1450321e+02   1.4970218e+02   1.1888124e+02
   9.7791985e+01   1.2504010e+02   1.9632188e+02   2.1557995e+02   1.5019650e+02   1.1920451e+02
   9.7787247e+01   1.2511502e+02   1.9665491e+02   2.1527728e+02   1.4985342e+02   1.1911922e+02
   9.7198834e+01   1.2467870e+02   1.9634103e+02   2.1389797e+02   1.4964899e+02   1.1827649e+02
   9.6608294e+01   1.2401132e+02   1.9564006e+02   2.1292982e+02   1.4851887e+02   1.1883985e+02
   9.6475719e+01   1.2391446e+02   1.9500513e+02   2.1302681e+02   1.4870860e+02   1.1909843e+02
   9.6169184e+01   1.2383964e+02   1.9479945e+02   2.1260269e+02   1.4918426e+02   1.1825956e+02
   9.7502468e+01   1.2452576e+02   1.9543989e+02   2.1388163e+02   1.4937746e+02   1.1926842e+02
   9.6406193e+01   1.2422753e+02   1.9507002e+02   2.1320512e+02   1.4984703e+02   1.2045637e+02
   9.6675983e+01   1.2431514e+02   1.9607684e+02   2.1371144e+02   1.4925272e+02   1.2026945e+02
   9.6449417e+01   1.2388944e+02   1.9519041e+02   2.1381500e+02   1.4913533e+02   1.1905337e+02
   9.6493705e+01   1.2429709e+02   1.9537404e+02   2.1400463e+02   1.4970982e+02   1.1847259e+02
   9.7221365e+01   1.2424798e+02   1.9549578e+02   2.1257184e+02   1.4908505e+02   1.1754380e+02
   9.6945193e+01   1.2413444e+02   1.9488561e+02   2.1159682e+02   1.4905314e+02   1.1765674e+02
   9.6825383e+01   1.2449903e+02   1.9444109e+02   2.1182358e+02   1.4851153e+02   1.1854753e+02
   9.6315489e+01   1.2344010e+02   1.9477489e+02   2.1337086e+02   1.4917111e+02   1.1927036e+02
   9.7278610e+01   1.2425860e+02   1.9566558e+02   2.1474515e+02   1.4987072e+02   1.1936773e+02
   9.7134916e+01   1.2412645e+02   1.9653597e+02   2.1455117e+02   1.4926665e+02   1.1918961e+02
   9.7905703e+01   1.2450612e+02   1.9681069e+02   2.1504559e+02   1.4951710e+02   1.1986641e+02
   9.6841725e+01   1.2420926e+02   1.9670558e+02   2.1501049e+02   1.4981996e+02   1.1981825e+02
   9.7590464e+01   1.2441131e+02   1.9629596e+02   2.1482995e+02   1.4988262e+02   1.1901604e+02
   9.7296210e+01   1.2402696e+02   1.9645890e+02   2.1487966e+02   1.5061231e+02   1.1844010e+02
   9.7528577e+01   1.2402491e+02   1.9630244e+02   2.1469912e+02   1.4989181e+02   1.1823723e+02
   9.6586053e+01   1.2327288e+02   1.9431712e+02   2.1232574e+02   1.4788666e+02   1.1857954e+02
   9.6242095e+01   1.2319202e+02   1.9430300e+02   2.1105666e+02   1.4766783e+02   1.1907986e+02
   9.6169861e+01   1.2345232e+02   1.9453662e+02   2.1172437e+02   1.4759347e+02   1.1921514e+02
   9.5966213e+01   1.2279933e+02   1.9439612e+02   2.1216638e+02   1.4792011e+02   1.1903925e+02
   9.6491771e+01   1.2361509e+02   1.9483610e+02   2.1341428e+02   1.4903882e+02   1.1877787e+02
   9.6809524e+01   1.2387802e+02   1.9561414e+02   2.1373406e+02   1.4931751e+02   1.1872952e+02
   9.6997410e+01   1.2330966e+02   1.9597792e+02   2.1430613e+02   1.4977364e+02   1.1936609e+02
   9.7557200e+01   1.2397248e+02   1.9649526e+02   2.1403847e+02   1.4964174e+02   1.1958627e+02
   9.7547917e+01   1.2428042e+02   1.9690120e+02   2.1368407e+02   1.4981242e+02   1.1906922e+02
   9.7804556e+01   1.2436151e+02   1.9686726e+02   2.1348777e+02   1.4960045e+02   1.1881549e+02
   9.6728587e+01   1.2335169e+02   1.9388391e+02   2.1242283e+02   1.4889958e+02   1.1903209e+02
   9.6301758e+01   1.2373273e+02   1.9466465e+02   2.1295931e+02   1.4940435e+02   1.1881017e+02
   9.6036030e+01   1.2325484e+02   1.9467713e+02   2.1155244e+02   1.4871237e+02   1.1876859e+02
   9.6762819e+01   1.2336620e+02   1.9518934e+02   2.1186952e+02   1.4834907e+02   1.1899554e+02
   9.6239484e+01   1.2284593e+02   1.9419354e+02   2.1111120e+02   1.4768253e+02   1.1843788e+02
   9.6170248e+01   1.2307780e+02   1.9347255e+02   2.1185143e+02   1.4842566e+02   1.1805698e+02
   9.5323842e+01   1.2180093e+02   1.9216624e+02   2.1098588e+02   1.4784807e+02   1.1825076e+02
   9.5607750e+01   1.2206603e+02   1.9249415e+02   2.1054745e+02   1.4830604e+02   1.1865816e+02
   9.5399267e+01   1.2237865e+02   1.9281355e+02   2.1238221e+02   1.4872030e+02   1.1832406e+02
   9.5792445e+01   1.2280001e+02   1.9299892e+02   2.1229238e+02   1.4824947e+02   1.1833228e+02
   9.5821358e+01   1.2270327e+02   1.9389367e+02   2.1199967e+02   1.4793539e+02   1.1894110e+02
   9.6314619e+01   1.2332040e+02   1.9466407e+02   2.1301404e+02   1.4810094e+02   1.1967088e+02
   9.6233779e+01   1.2358619e+02   1.9459020e+02   2.1277945e+02   1.4926665e+02   1.1976749e+02
   9.6239484e+01   1.2414484e+02   1.9444312e+02   2.1318762e+02   1.4893700e+02   1.1951278e+02
   9.6356973e+01   1.2341749e+02   1.9494218e+02   2.1346244e+02   1.4909452e+02   1.1972359e+02
   9.6830121e+01   1.2385666e+02   1.9539357e+02   2.1437924e+02   1.4937853e+02   1.1985345e+02
   9.7009691e+01   1.2395044e+02   1.9554664e+02   2.1433476e+02   1.4959397e+02   1.1914687e+02
   9.7424336e+01   1.2370098e+02   1.9561433e+02   2.1552106e+02   1.4999962e+02   1.1917753e+02
   9.7472975e+01   1.2409138e+02   1.9613235e+02   2.1699978e+02   1.5113013e+02   1.1967649e+02
   9.7014622e+01   1.2277031e+02   1.9541098e+02   2.1470405e+02   1.4985409e+02   1.1931416e+02
   9.6227783e+01   1.2256175e+02   1.9417304e+02   2.1184495e+02   1.4891079e+02   1.1884798e+02
   9.5546636e+01   1.2218734e+02   1.9404327e+02   2.1226801e+02   1.4856703e+02   1.1813241e+02
   9.6567100e+01   1.2271526e+02   1.9457966e+02   2.1314894e+02   1.4855224e+02   1.1835820e+02
   9.6478234e+01   1.2269916e+02   1.9462549e+02   2.1361860e+02   1.4927139e+02   1.1814643e+02
   9.7072352e+01   1.2303531e+02   1.9539231e+02   2.1382013e+02   1.4964561e+02   1.1816383e+02
   9.7165860e+01   1.2310681e+02   1.9553243e+02   2.1279144e+02   1.4868036e+02   1.1868920e+02
   9.7042762e+01   1.2295786e+02   1.9521129e+02   2.1214733e+02   1.4789072e+02   1.1832629e+02
   9.6561298e+01   1.2200436e+02   1.9504004e+02   2.1170010e+02   1.4730685e+02   1.1840713e+02
   9.6944322e+01   1.2198905e+02   1.9546513e+02   2.1312912e+02   1.4803673e+02   1.1859888e+02
   9.7167890e+01   1.2232417e+02   1.9432543e+02   2.1319149e+02   1.4871160e+02   1.1918691e+02
   9.5988164e+01   1.2251560e+02   1.9273068e+02   2.1223571e+02   1.4845834e+02   1.1923003e+02
   9.7381691e+01   1.2534609e+02   1.9358540e+02   2.1075709e+02   1.4828119e+02   1.1778052e+02
   9.7679331e+01   1.2456380e+02   1.9439225e+02   2.1126486e+02   1.4807715e+02   1.1881752e+02
   9.7139557e+01   1.2462662e+02   1.9506760e+02   2.1389652e+02   1.4913407e+02   1.1877942e+02
   9.7553139e+01   1.2422890e+02   1.9475574e+02   2.1258132e+02   1.4812076e+02   1.1805572e+02
   9.7481968e+01   1.2318470e+02   1.9420591e+02   2.1108132e+02   1.4770825e+02   1.1839726e+02
   9.6635369e+01   1.2287037e+02   1.9402480e+02   2.1179254e+02   1.4795048e+02   1.1870844e+02
   9.6320711e+01   1.2247997e+02   1.9460306e+02   2.1319458e+02   1.4820073e+02   1.1900357e+02
   9.7066163e+01   1.2406169e+02   1.9574159e+02   2.1544283e+02   1.4994567e+02   1.1947449e+02
   9.7748567e+01   1.2419452e+02   1.9632749e+02   2.1575410e+02   1.5054907e+02   1.2000140e+02
   9.7151258e+01   1.2398630e+02   1.9608593e+02   2.1610957e+02   1.4988339e+02   1.1950224e+02
   9.7134529e+01   1.2308648e+02   1.9574459e+02   2.1466073e+02   1.4878683e+02   1.2001475e+02
   9.7247280e+01   1.2370224e+02   1.9454987e+02   2.1161471e+02   1.4686252e+02   1.1910674e+02
   9.6224689e+01   1.2354336e+02   1.9401667e+02   2.1179602e+02   1.4736777e+02   1.1938263e+02
   9.6134662e+01   1.2393113e+02   1.9384716e+02   2.1187474e+02   1.4817124e+02   1.1893423e+02
   9.5998027e+01   1.2386717e+02   1.9401261e+02   2.1211629e+02   1.4857844e+02   1.1873242e+02
   9.6295376e+01   1.2432668e+02   1.9456312e+02   2.1264852e+02   1.4812076e+02   1.1873996e+02
   9.6542345e+01   1.2427848e+02   1.9468013e+02   2.1359530e+02   1.4905401e+02   1.1892959e+02
   9.6393622e+01   1.2463930e+02   1.9482682e+02   2.1458289e+02   1.4955868e+02   1.1901198e+02
   9.8333692e+01   1.2433284e+02   1.9529059e+02   2.1374228e+02   1.4900527e+02   1.1884082e+02
   9.7727680e+01   1.2636242e+02   1.9582185e+02   2.1423728e+02   1.4924798e+02   1.1963994e+02
   9.8285053e+01   1.2521314e+02   1.9568193e+02   2.1440341e+02   1.4894657e+02   1.2003109e+02
   9.6711761e+01   1.2407574e+02   1.9444138e+02   2.1372314e+02   1.4868916e+02   1.1828432e+02
   9.6425436e+01   1.2382148e+02   1.9374050e+02   2.1230592e+02   1.4752055e+02   1.1809237e+02
   9.5707060e+01   1.2239739e+02   1.9262131e+02   2.0945436e+02   1.4585540e+02   1.1753577e+02
   9.5167964e+01   1.2244753e+02   1.9125708e+02   2.0886508e+02   1.4584467e+02   1.1722208e+02
   9.4904749e+01   1.2239236e+02   1.9140890e+02   2.0870852e+02   1.4599039e+02   1.1722344e+02
   9.4623259e+01   1.2330578e+02   1.9114008e+02   2.0960251e+02   1.4648510e+02   1.1766245e+02
   9.5424409e+01   1.2342480e+02   1.9282718e+02   2.1124397e+02   1.4786915e+02   1.1902755e+02
   9.6875376e+01   1.2411640e+02   1.9430629e+02   2.1266361e+02   1.4795357e+02   1.1942440e+02
   9.6978264e+01   1.2453798e+02   1.9498560e+02   2.1380243e+02   1.4919248e+02   1.2020321e+02
   9.7709307e+01   1.2515409e+02   1.9600403e+02   2.1485200e+02   1.4951507e+02   1.1936329e+02
   9.7585726e+01   1.2523895e+02   1.9640417e+02   2.1538104e+02   1.5024195e+02   1.1975182e+02
   9.8111188e+01   1.2585357e+02   1.9686881e+02   2.1555597e+02   1.5056502e+02   1.1966034e+02
   9.8102485e+01   1.2556094e+02   1.9722012e+02   2.1575845e+02   1.5030974e+02   1.1973268e+02
   9.8278864e+01   1.2533969e+02   1.9671448e+02   2.1562221e+02   1.5034890e+02   1.1918729e+02
   9.8117473e+01   1.2490315e+02   1.9611146e+02   2.1330694e+02   1.4938858e+02   1.1902281e+02
   9.8281958e+01   1.2459361e+02   1.9636897e+02   2.1436909e+02   1.4903815e+02   1.1972716e+02
   9.7592012e+01   1.2439612e+02   1.9625293e+02   2.1451761e+02   1.4908824e+02   1.1982792e+02
   9.6787283e+01   1.2382525e+02   1.9515869e+02   2.1402677e+02   1.4849412e+02   1.2016337e+02
   9.6712342e+01   1.2412199e+02   1.9486811e+02   2.1399844e+02   1.4885983e+02   1.1991273e+02
   9.7232388e+01   1.2475375e+02   1.9570755e+02   2.1478102e+02   1.4947407e+02   1.2034836e+02
   9.6692035e+01   1.2390395e+02   1.9523605e+02   2.1393674e+02   1.4927989e+02   1.2040473e+02
   9.6843949e+01   1.2382045e+02   1.9492922e+02   2.1335703e+02   1.4859962e+02   1.2041779e+02
   9.6471852e+01   1.2364227e+02   1.9484393e+02   2.1253974e+02   1.4790783e+02   1.2076523e+02
   9.6714082e+01   1.2348819e+02   1.9529822e+02   2.1345441e+02   1.4874128e+02   1.2016850e+02
   9.6497767e+01   1.2391697e+02   1.9510357e+02   2.1393384e+02   1.4975420e+02   1.1883463e+02
   9.7593269e+01   1.2453764e+02   1.9547451e+02   2.1468616e+02   1.4974299e+02   1.1902310e+02
   9.7205023e+01   1.2457990e+02   1.9497776e+02   2.1490383e+02   1.4990060e+02   1.2010574e+02
   9.6427080e+01   1.2436163e+02   1.9498946e+02   2.1510970e+02   1.4976320e+02   1.2009104e+02
   9.7620828e+01   1.2482399e+02   1.9611572e+02   2.1619553e+02   1.5034271e+02   1.1998931e+02
   9.8018937e+01   1.2507813e+02   1.9699229e+02   2.1616034e+02   1.5104204e+02   1.1933166e+02
   9.8413372e+01   1.2570942e+02   1.9725734e+02   2.1656057e+02   1.5095114e+02   1.2061428e+02
   9.7736286e+01   1.2473193e+02   1.9627923e+02   2.1458666e+02   1.4929856e+02   1.2036306e+02
   9.7185006e+01   1.2411823e+02   1.9514631e+02   2.1334611e+02   1.4850321e+02   1.1959343e+02
   9.7185586e+01   1.2383987e+02   1.9500378e+02   2.1251682e+02   1.4809253e+02   1.1929569e+02
   9.6851588e+01   1.2360241e+02   1.9492951e+02   2.1318423e+02   1.4795918e+02   1.2028792e+02
   9.6621251e+01   1.2326774e+02   1.9497061e+02   2.1365332e+02   1.4829482e+02   1.1951472e+02
   9.6843079e+01   1.2395523e+02   1.9516314e+02   2.1375476e+02   1.4908524e+02   1.1887157e+02
   9.7494926e+01   1.2397408e+02   1.9520307e+02   2.1367546e+02   1.4854537e+02   1.1880350e+02
