   6.8001927e+01   7.8292766e+01   1.3616852e+02   1.8024565e+02   7.2726452e+01   9.1593209e+01
   6.8437508e+01   7.8267086e+01   1.3774889e+02   1.8058688e+02   7.2992362e+01   9.3024415e+01
   6.9206852e+01   7.9266404e+01   1.3904562e+02   1.8116981e+02   7.3232674e+01   9.3292541e+01
   6.9515262e+01   8.1572957e+01   1.4080263e+02   1.8155699e+02   7.3369691e+01   9.3398790e+01
   6.8617435e+01   8.0519653e+01   1.3996667e+02   1.8081300e+02   7.3540018e+01   9.3061008e+01
   6.8451374e+01   7.9105266e+01   1.3867141e+02   1.8027453e+02   7.3155387e+01   9.2764166e+01
   6.9013716e+01   7.9229893e+01   1.3904775e+02   1.8010609e+02   7.3657590e+01   9.3245365e+01
   6.9014618e+01   8.0454427e+01   1.4020969e+02   1.8040662e+02   7.3803959e+01   9.3195727e+01
   6.8665924e+01   7.9618872e+01   1.4000219e+02   1.8003184e+02   7.3488165e+01   9.2834069e+01
   6.9386368e+01   7.9443376e+01   1.3994090e+02   1.8013776e+02   7.3512615e+01   9.3086196e+01
   6.8547204e+01   8.0399046e+01   1.3986862e+02   1.8048325e+02   7.3319807e+01   9.3204342e+01
   6.8858731e+01   7.9518284e+01   1.3984171e+02   1.8031301e+02   7.3277800e+01   9.3001607e+01
   6.8450472e+01   7.9724219e+01   1.3978256e+02   1.8081029e+02   7.3030432e+01   9.2856304e+01
   6.8375810e+01   7.9458965e+01   1.3958474e+02   1.8044601e+02   7.2805544e+01   9.2479139e+01
   6.8743539e+01   7.8870779e+01   1.3846080e+02   1.7983001e+02   7.2954785e+01   9.2105338e+01
   6.7960248e+01   7.8197675e+01   1.3796409e+02   1.7978193e+02   7.3434917e+01   9.2649384e+01
   6.8218446e+01   7.8846493e+01   1.3937397e+02   1.8000887e+02   7.3210522e+01   9.2932606e+01
   6.9683948e+01   7.9770083e+01   1.4111490e+02   1.8035403e+02   7.3487591e+01   9.3780385e+01
   6.9666308e+01   8.0854810e+01   1.4152242e+02   1.8084114e+02   7.3261472e+01   9.3121229e+01
   6.8402803e+01   7.9447643e+01   1.3968402e+02   1.8004669e+02   7.3227752e+01   9.2258518e+01
   6.8619076e+01   7.8812772e+01   1.3852939e+02   1.8007532e+02   7.3524921e+01   9.2764658e+01
   6.8561726e+01   7.8821715e+01   1.3907918e+02   1.8031793e+02   7.3582928e+01   9.3093908e+01
   6.8714659e+01   7.9188296e+01   1.3935469e+02   1.7999500e+02   7.3002044e+01   9.2331375e+01
   6.8994845e+01   7.8852729e+01   1.3911470e+02   1.7985199e+02   7.2870196e+01   9.2461827e+01
   6.9097403e+01   7.8707015e+01   1.3881384e+02   1.7990278e+02   7.3356564e+01   9.2945898e+01
   6.9236880e+01   7.9456996e+01   1.3944871e+02   1.8018469e+02   7.3862130e+01   9.2695658e+01
   6.9002065e+01   8.0152826e+01   1.3923178e+02   1.8052132e+02   7.3164084e+01   9.3019247e+01
   6.8651156e+01   7.9996201e+01   1.3987412e+02   1.8031531e+02   7.3081956e+01   9.2443367e+01
   6.7974196e+01   7.8469083e+01   1.3928117e+02   1.8003487e+02   7.3081136e+01   9.3015144e+01
   6.8615630e+01   7.9367402e+01   1.4061524e+02   1.8034411e+02   7.2753609e+01   9.3017441e+01
   6.8954069e+01   7.9380857e+01   1.3967745e+02   1.7997137e+02   7.3198215e+01   9.3295659e+01
   6.8465076e+01   7.8978915e+01   1.3893248e+02   1.7963080e+02   7.3222255e+01   9.2826849e+01
   6.8760112e+01   7.8527909e+01   1.3836037e+02   1.7940714e+02   7.2941248e+01   9.2095411e+01
   6.8256269e+01   7.7737891e+01   1.3723241e+02   1.7926643e+02   7.2719724e+01   9.2208306e+01
   6.8349145e+01   7.7696129e+01   1.3725628e+02   1.7946531e+02   7.2652118e+01   9.2459776e+01
   6.8366621e+01   7.8786190e+01   1.3723635e+02   1.7959544e+02   7.2396464e+01   9.2778278e+01
   6.8819514e+01   7.8748941e+01   1.3834470e+02   1.7961628e+02   7.3084992e+01   9.2537556e+01
   6.9108561e+01   7.8569589e+01   1.3788484e+02   1.7931090e+02   7.3088110e+01   9.2634370e+01
   6.8721387e+01   7.8866430e+01   1.3783602e+02   1.7934306e+02   7.2803247e+01   9.3122214e+01
   6.9406223e+01   7.8967675e+01   1.3963102e+02   1.8003430e+02   7.3287563e+01   9.3204014e+01
   6.8920020e+01   7.9758350e+01   1.3935846e+02   1.8031646e+02   7.3071290e+01   9.3019575e+01
   6.8673964e+01   7.9413512e+01   1.3820506e+02   1.8011610e+02   7.2945924e+01   9.2195999e+01
   6.8537604e+01   7.8471626e+01   1.3779007e+02   1.7997917e+02   7.3083761e+01   9.2686879e+01
   6.8719254e+01   7.8811378e+01   1.3842946e+02   1.8014695e+02   7.3497600e+01   9.3111712e+01
   6.8571735e+01   7.8571722e+01   1.3892239e+02   1.8037454e+02   7.3250806e+01   9.3014734e+01
   6.9170013e+01   7.8886367e+01   1.3878553e+02   1.8025418e+02   7.3040769e+01   9.2929324e+01
   6.8690209e+01   7.9274936e+01   1.3957465e+02   1.8054471e+02   7.3727657e+01   9.3242575e+01
   6.9600507e+01   8.0419147e+01   1.4081855e+02   1.8013481e+02   7.3473561e+01   9.3754705e+01
   6.8682579e+01   7.9760401e+01   1.3979929e+02   1.7983099e+02   7.2680178e+01   9.2146443e+01
   6.8831985e+01   7.9116424e+01   1.3852865e+02   1.8011914e+02   7.3138158e+01   9.2309797e+01
   6.8579448e+01   7.8900561e+01   1.3860791e+02   1.7965558e+02   7.3557248e+01   9.2928258e+01
   6.8568782e+01   7.8767155e+01   1.3816593e+02   1.7939147e+02   7.3010823e+01   9.2358614e+01
   6.8702352e+01   7.8770191e+01   1.3795720e+02   1.7984281e+02   7.2536188e+01   9.2586455e+01
   6.8549255e+01   7.9249502e+01   1.3797541e+02   1.8012414e+02   7.3096642e+01   9.2693197e+01
   6.8616286e+01   7.9090908e+01   1.3768899e+02   1.7945662e+02   7.2529214e+01   9.2644215e+01
   6.8563120e+01   7.8370546e+01   1.3777760e+02   1.7963933e+02   7.3130856e+01   9.2576609e+01
   6.8786121e+01   7.9581049e+01   1.3911117e+02   1.8013653e+02   7.3545433e+01   9.2644872e+01
   6.8601600e+01   7.9367484e+01   1.3961879e+02   1.7974936e+02   7.3191077e+01   9.2623376e+01
   6.9047273e+01   7.8943635e+01   1.3878028e+02   1.7957082e+02   7.3134630e+01   9.2693032e+01
   6.8347504e+01   7.8766417e+01   1.3849575e+02   1.7923813e+02   7.3474627e+01   9.2424415e+01
   6.8366046e+01   7.8806209e+01   1.3844521e+02   1.7935004e+02   7.3094673e+01   9.2868036e+01
   6.8422986e+01   7.7765622e+01   1.3817708e+02   1.7946261e+02   7.3542561e+01   9.2949015e+01
   6.8509134e+01   7.9135130e+01   1.4051186e+02   1.7961611e+02   7.4836259e+01   9.3516198e+01
   6.9560387e+01   7.9593274e+01   1.3991407e+02   1.8032729e+02   7.4165207e+01   9.3025974e+01
   6.8584124e+01   7.9067114e+01   1.3941811e+02   1.8004570e+02   7.2784540e+01   9.2604997e+01
   6.8517503e+01   7.8316888e+01   1.3738108e+02   1.7928416e+02   7.2942478e+01   9.2570538e+01
   6.8249788e+01   7.8084534e+01   1.3664997e+02   1.7925388e+02   7.2762224e+01   9.2341466e+01
   6.8326336e+01   7.7847668e+01   1.3696773e+02   1.7926832e+02   7.2828435e+01   9.2742342e+01
   6.8806468e+01   7.8704554e+01   1.3788574e+02   1.7988096e+02   7.3208881e+01   9.2960009e+01
   6.8558280e+01   7.9223740e+01   1.3885741e+02   1.7952176e+02   7.2822774e+01   9.2635190e+01
   6.9111515e+01   7.8633174e+01   1.3893527e+02   1.7957968e+02   7.3125112e+01   9.2633631e+01
   6.8654109e+01   7.8921319e+01   1.3916524e+02   1.7965156e+02   7.3894538e+01   9.2808307e+01
   6.8635321e+01   7.8771421e+01   1.3858419e+02   1.7978152e+02   7.3191487e+01   9.2845884e+01
   6.8576166e+01   7.8851908e+01   1.3923900e+02   1.7972868e+02   7.3365014e+01   9.2811178e+01
   6.8875879e+01   7.8633256e+01   1.3986952e+02   1.7933954e+02   7.3908568e+01   9.3002263e+01
   7.0324479e+01   7.9089349e+01   1.3970051e+02   1.7973327e+02   7.3535916e+01   9.2550519e+01
   6.9078286e+01   7.8973254e+01   1.3970535e+02   1.8013940e+02   7.3849248e+01   9.3644764e+01
   6.9178382e+01   7.9302504e+01   1.3950007e+02   1.7978537e+02   7.2908594e+01   9.2680561e+01
   6.8899918e+01   7.8220402e+01   1.3860594e+02   1.7989080e+02   7.2706515e+01   9.2960912e+01
   6.9029223e+01   7.8717025e+01   1.3821581e+02   1.7946392e+02   7.3090735e+01   9.2523690e+01
   6.8551716e+01   7.8423301e+01   1.3855269e+02   1.7945260e+02   7.2785115e+01   9.2625181e+01
   6.9598210e+01   7.9267798e+01   1.3954118e+02   1.7967207e+02   7.3315787e+01   9.3316088e+01
   6.8974826e+01   7.8931821e+01   1.3983129e+02   1.7901931e+02   7.3626740e+01   9.3023759e+01
   6.8910584e+01   7.9030440e+01   1.3920856e+02   1.7935759e+02   7.3216347e+01   9.2239647e+01
   6.8347422e+01   7.8128921e+01   1.3819464e+02   1.7907174e+02   7.3095904e+01   9.1890789e+01
   6.8947915e+01   7.8697580e+01   1.3883649e+02   1.7915444e+02   7.3685075e+01   9.2712641e+01
   6.9247711e+01   7.9118557e+01   1.3904693e+02   1.7942191e+02   7.3576528e+01   9.2846540e+01
   6.9174115e+01   7.9258855e+01   1.3922300e+02   1.7986865e+02   7.3485704e+01   9.2329570e+01
   6.9908097e+01   7.8495419e+01   1.3800479e+02   1.7946942e+02   7.3886743e+01   9.1889312e+01
   6.9324998e+01   7.9446740e+01   1.3825027e+02   1.7971572e+02   7.3324648e+01   9.3130911e+01
   6.8885642e+01   7.9344265e+01   1.3891098e+02   1.8009346e+02   7.2831224e+01   9.2617879e+01
   6.8387378e+01   7.8803255e+01   1.3818652e+02   1.7953415e+02   7.2854936e+01   9.1910726e+01
   6.8459168e+01   7.8577547e+01   1.3822163e+02   1.7967535e+02   7.3271646e+01   9.2198625e+01
   6.8491905e+01   7.8682566e+01   1.3814919e+02   1.7940870e+02   7.2803247e+01   9.2103451e+01
   6.8731807e+01   7.8371940e+01   1.3736089e+02   1.7966255e+02   7.3104519e+01   9.2381505e+01
   6.8889170e+01   7.8506824e+01   1.3843339e+02   1.7924699e+02   7.3504246e+01   9.2705011e+01
   6.9007645e+01   7.8495747e+01   1.3884338e+02   1.7907420e+02   7.3204779e+01   9.2933591e+01
   6.8532599e+01   7.8102830e+01   1.3862505e+02   1.7904983e+02   7.3536818e+01   9.2675803e+01
   6.9101833e+01   7.8340025e+01   1.3890516e+02   1.7933199e+02   7.3657918e+01   9.3342261e+01
   6.8997717e+01   7.8809573e+01   1.3988208e+02   1.7935234e+02   7.3631581e+01   9.3185061e+01
   6.9400644e+01   7.8807932e+01   1.4023857e+02   1.8020750e+02   7.3391433e+01   9.3056741e+01
   6.9537742e+01   7.9332040e+01   1.3999341e+02   1.8018691e+02   7.3326042e+01   9.3044353e+01
   6.9723084e+01   7.9008288e+01   1.3914481e+02   1.7949206e+02   7.2737528e+01   9.2721256e+01
   6.9445195e+01   7.8672638e+01   1.3879087e+02   1.7955491e+02   7.3685895e+01   9.2856057e+01
   6.9106510e+01   7.8881937e+01   1.3933204e+02   1.7970284e+02   7.3523445e+01   9.2938103e+01
   6.9215795e+01   7.8810393e+01   1.3895553e+02   1.7942741e+02   7.3493498e+01   9.2925960e+01
   6.9574745e+01   7.8516177e+01   1.3863473e+02   1.7928793e+02   7.3591543e+01   9.2772125e+01
   6.8829933e+01   7.8737044e+01   1.4035187e+02   1.7941461e+02   7.4318879e+01   9.3545652e+01
   6.9890047e+01   8.0010559e+01   1.4195423e+02   1.7946523e+02   7.3870498e+01   9.3861939e+01
   6.9646781e+01   7.9839083e+01   1.4052909e+02   1.7904516e+02   7.3331704e+01   9.3303617e+01
   6.8749200e+01   7.8358485e+01   1.3891722e+02   1.7944004e+02   7.3015335e+01   9.2070797e+01
   6.8367277e+01   7.7594392e+01   1.3822295e+02   1.7945079e+02   7.3200594e+01   9.2302987e+01
   6.9259853e+01   7.8547026e+01   1.3844972e+02   1.7934922e+02   7.3505723e+01   9.2925796e+01
   6.9236224e+01   7.8545631e+01   1.3847278e+02   1.7935841e+02   7.3247689e+01   9.2489313e+01
   6.9214318e+01   7.8207521e+01   1.3863752e+02   1.7906657e+02   7.3154075e+01   9.2530172e+01
   6.8716464e+01   7.7354737e+01   1.3769925e+02   1.7902325e+02   7.3094017e+01   9.2781478e+01
   6.8669370e+01   7.7359085e+01   1.3764223e+02   1.7875512e+02   7.2894071e+01   9.2508347e+01
   6.9195529e+01   7.7959414e+01   1.3782716e+02   1.7873552e+02   7.3250560e+01   9.2855647e+01
   6.9140641e+01   7.8682566e+01   1.3951189e+02   1.7870967e+02   7.3408663e+01   9.2732168e+01
   6.9692973e+01   7.9132259e+01   1.3956399e+02   1.7875652e+02   7.3482914e+01   9.2678839e+01
   6.9211036e+01   7.8834022e+01   1.4000154e+02   1.7935201e+02   7.3512533e+01   9.2313078e+01
   6.9030781e+01   7.9050787e+01   1.3942861e+02   1.7930844e+02   7.3743820e+01   9.2726999e+01
   6.9215959e+01   7.8873240e+01   1.3910986e+02   1.7936522e+02   7.3129379e+01   9.2223074e+01
   6.9058349e+01   7.8841488e+01   1.3921094e+02   1.7939352e+02   7.3613777e+01   9.2433358e+01
   6.9503775e+01   7.8614550e+01   1.3906523e+02   1.7929384e+02   7.2988096e+01   9.2726425e+01
   6.8971791e+01   7.8390237e+01   1.3970855e+02   1.7971728e+02   7.3345323e+01   9.3409620e+01
   7.0686301e+01   8.0264162e+01   1.4222334e+02   1.8041343e+02   7.3720765e+01   9.3788016e+01
   6.9807591e+01   8.0509725e+01   1.4104327e+02   1.8007393e+02   7.3349754e+01   9.3235437e+01
   6.9263627e+01   7.9462247e+01   1.3907803e+02   1.7951397e+02   7.2996218e+01   9.2551421e+01
   6.9110284e+01   7.8766417e+01   1.3738296e+02   1.7890912e+02   7.2977430e+01   9.2190912e+01
   6.8507411e+01   7.8121947e+01   1.3762434e+02   1.7870901e+02   7.3269185e+01   9.2328995e+01
   6.8692343e+01   7.7656829e+01   1.3807592e+02   1.7889797e+02   7.3617469e+01   9.2432291e+01
   6.9021756e+01   7.8372022e+01   1.3782872e+02   1.7933847e+02   7.3571277e+01   9.2630185e+01
   6.8184889e+01   7.7970572e+01   1.3821409e+02   1.7936169e+02   7.3607460e+01   9.2332277e+01
   6.8744606e+01   7.8425844e+01   1.3817372e+02   1.8001789e+02   7.3559381e+01   9.2638308e+01
   6.8869479e+01   7.8707262e+01   1.3855244e+02   1.8034148e+02   7.3123718e+01   9.2346635e+01
   6.8942418e+01   7.9086887e+01   1.3764370e+02   1.7982590e+02   7.3065137e+01   9.2543135e+01
   6.8497894e+01   7.8847232e+01   1.3846515e+02   1.7903178e+02   7.3235136e+01   9.2612710e+01
   6.9043663e+01   7.8800466e+01   1.3868503e+02   1.7919669e+02   7.3614598e+01   9.3145761e+01
   6.9551936e+01   7.9282320e+01   1.3945708e+02   1.7919530e+02   7.3846131e+01   9.3118358e+01
   6.9206113e+01   7.8938713e+01   1.3987543e+02   1.7967880e+02   7.3705997e+01   9.3298612e+01
   6.9613635e+01   7.9470698e+01   1.4013478e+02   1.7964064e+02   7.4025975e+01   9.3199829e+01
   6.9789623e+01   7.9880270e+01   1.3991924e+02   1.7980777e+02   7.3666204e+01   9.2833741e+01
   6.9425011e+01   7.9497527e+01   1.4029124e+02   1.7987013e+02   7.4045092e+01   9.3213859e+01
   6.9972421e+01   7.9873460e+01   1.4080074e+02   1.8009666e+02   7.3888548e+01   9.3342589e+01
   6.8994599e+01   7.9500152e+01   1.3938004e+02   1.7932346e+02   7.2834998e+01   9.2105585e+01
   6.9345837e+01   7.8270942e+01   1.3803490e+02   1.7924945e+02   7.3361979e+01   9.2578661e+01
   6.8862834e+01   7.8635554e+01   1.3845719e+02   1.7936472e+02   7.3748250e+01   9.3147320e+01
   6.8961535e+01   7.8828279e+01   1.3829974e+02   1.7890904e+02   7.2832209e+01   9.2703288e+01
   6.9216041e+01   7.8240995e+01   1.3827464e+02   1.7920506e+02   7.3129215e+01   9.3041071e+01
   6.9298497e+01   7.9050131e+01   1.3916623e+02   1.7981114e+02   7.3613121e+01   9.2850807e+01
   6.8440872e+01   7.8511664e+01   1.3794924e+02   1.7937941e+02   7.3242028e+01   9.2067844e+01
   6.8453589e+01   7.7756105e+01   1.3734104e+02   1.7893472e+02   7.3027478e+01   9.2485457e+01
   6.8774060e+01   7.8311965e+01   1.3794424e+02   1.7970431e+02   7.3310946e+01   9.2631088e+01
   6.8889991e+01   7.8294489e+01   1.3727483e+02   1.8043698e+02   7.3630678e+01   9.2719287e+01
   6.8969575e+01   7.8807686e+01   1.3728451e+02   1.8002954e+02   7.3422200e+01   9.2779181e+01
   6.9249187e+01   7.9090087e+01   1.3890286e+02   1.7932493e+02   7.3628463e+01   9.3421927e+01
   6.9215056e+01   7.8607658e+01   1.3960476e+02   1.7937982e+02   7.4288932e+01   9.3690791e+01
   6.9121934e+01   7.9056941e+01   1.4000293e+02   1.7985626e+02   7.3707063e+01   9.3400185e+01
   6.9447082e+01   7.9428608e+01   1.3894782e+02   1.7966165e+02   7.3802482e+01   9.3176939e+01
   6.8925517e+01   7.9165651e+01   1.3908943e+02   1.7917610e+02   7.3286578e+01   9.2443449e+01
   6.8671831e+01   7.8367264e+01   1.3746821e+02   1.7912236e+02   7.2843039e+01   9.2315130e+01
   6.9272160e+01   7.8403692e+01   1.3779926e+02   1.7914739e+02   7.3876898e+01   9.3264235e+01
   6.9122263e+01   7.9058335e+01   1.3959098e+02   1.7905820e+02   7.3924977e+01   9.3068310e+01
   6.9320075e+01   7.8639410e+01   1.3934156e+02   1.7981352e+02   7.3567093e+01   9.2837351e+01
   6.8938890e+01   7.9143253e+01   1.3907704e+02   1.8037299e+02   7.3719616e+01   9.2815527e+01
   6.9058431e+01   7.9708959e+01   1.3792102e+02   1.7952644e+02   7.3384049e+01   9.2890517e+01
   6.8893929e+01   7.8584685e+01   1.3732725e+02   1.7901775e+02   7.3588999e+01   9.2777786e+01
   6.8232968e+01   7.7823628e+01   1.3689249e+02   1.7892086e+02   7.3459941e+01   9.2454607e+01
   6.8599877e+01   7.7628852e+01   1.3667589e+02   1.7890125e+02   7.2900963e+01   9.2527382e+01
   6.8356119e+01   7.7351783e+01   1.3722035e+02   1.7856461e+02   7.3256550e+01   9.2502030e+01
   6.9050554e+01   7.7700642e+01   1.3728311e+02   1.7904458e+02   7.3886005e+01   9.2932114e+01
   6.8837974e+01   7.8253302e+01   1.3764559e+02   1.7905730e+02   7.3476761e+01   9.3028928e+01
   6.9286272e+01   7.8410666e+01   1.3809200e+02   1.7913959e+02   7.3437215e+01   9.2840551e+01
   6.9389650e+01   7.8653768e+01   1.3826052e+02   1.7941157e+02   7.4242248e+01   9.3247908e+01
   6.8916738e+01   7.9347137e+01   1.3839319e+02   1.7959626e+02   7.3583748e+01   9.3422091e+01
   6.9320895e+01   7.9096733e+01   1.3898007e+02   1.7926496e+02   7.3194523e+01   9.2875830e+01
   6.8647710e+01   7.8114153e+01   1.3783430e+02   1.7915255e+02   7.3366901e+01   9.2702386e+01
   6.9369302e+01   7.8763463e+01   1.3802235e+02   1.7916946e+02   7.3507528e+01   9.3144777e+01
   6.9320977e+01   7.9196172e+01   1.3830983e+02   1.7903170e+02   7.3606639e+01   9.2747839e+01
   6.8791864e+01   7.9051362e+01   1.3864023e+02   1.7895015e+02   7.3851053e+01   9.2487098e+01
   6.9302517e+01   7.8943143e+01   1.3904611e+02   1.7921360e+02   7.3807241e+01   9.2410959e+01
   6.9186586e+01   7.8826146e+01   1.3826249e+02   1.7878425e+02   7.3642493e+01   9.2997176e+01
   6.8440626e+01   7.8641133e+01   1.3836267e+02   1.7909447e+02   7.3619930e+01   9.2690735e+01
   6.9033817e+01   7.8185040e+01   1.3823066e+02   1.7892512e+02   7.3825127e+01   9.2620094e+01
   6.9211118e+01   7.8379325e+01   1.3874041e+02   1.7943537e+02   7.3934658e+01   9.3002755e+01
   6.9301122e+01   7.8867415e+01   1.3947341e+02   1.7928801e+02   7.3291255e+01   9.3109907e+01
   6.9065815e+01   7.8414440e+01   1.3761942e+02   1.7914952e+02   7.3215527e+01   9.2608279e+01
   6.9521087e+01   7.8106604e+01   1.3834027e+02   1.7931656e+02   7.3640278e+01   9.2593757e+01
   6.8787762e+01   7.7770709e+01   1.3889777e+02   1.7935086e+02   7.4244627e+01   9.3208936e+01
   6.9459307e+01   7.8877753e+01   1.3892017e+02   1.7968930e+02   7.3677855e+01   9.3204834e+01
   6.9520267e+01   7.9450104e+01   1.3928954e+02   1.7969160e+02   7.3836449e+01   9.3602920e+01
   6.9136046e+01   7.9493506e+01   1.3902765e+02   1.7916117e+02   7.3176719e+01   9.2744885e+01
   6.8924942e+01   7.8300643e+01   1.3767882e+02   1.7952685e+02   7.3501210e+01   9.2663168e+01
   6.9440272e+01   7.8945030e+01   1.3842166e+02   1.7993281e+02   7.4037051e+01   9.2984541e+01
   6.9400726e+01   7.9241298e+01   1.3898638e+02   1.7935988e+02   7.3009100e+01   9.2796492e+01
   6.9526994e+01   7.8450786e+01   1.3830713e+02   1.7928662e+02   7.3730610e+01   9.2887153e+01
   6.9100192e+01   7.8933872e+01   1.3877077e+02   1.7940567e+02   7.4159382e+01   9.2712231e+01
   6.8313537e+01   7.8523807e+01   1.3862801e+02   1.7881617e+02   7.3427287e+01   9.2920627e+01
   6.9272652e+01   7.8486148e+01   1.3888235e+02   1.7889313e+02   7.3924402e+01   9.2839812e+01
   6.9024546e+01   7.8719322e+01   1.3869758e+02   1.7939656e+02   7.3809538e+01   9.3225510e+01
   6.9466773e+01   7.8966116e+01   1.3984721e+02   1.7923534e+02   7.3822337e+01   9.3268420e+01
   6.9757215e+01   7.8869630e+01   1.4000646e+02   1.7922927e+02   7.3826358e+01   9.3065602e+01
   7.0589487e+01   7.8729742e+01   1.3902741e+02   1.7956352e+02   7.3596958e+01   9.2695822e+01
   6.9524943e+01   7.8887434e+01   1.3847885e+02   1.7950830e+02   7.3308731e+01   9.2739060e+01
   6.9431329e+01   7.9241133e+01   1.3870694e+02   1.7955523e+02   7.3885513e+01   9.3292459e+01
   6.8831164e+01   7.8141474e+01   1.3926928e+02   1.7972827e+02   7.3814461e+01   9.2848509e+01
   6.9552839e+01   7.8225981e+01   1.3831574e+02   1.7940854e+02   7.3233659e+01   9.2898147e+01
   6.9365364e+01   7.8580583e+01   1.3761532e+02   1.7940878e+02   7.3303726e+01   9.3125250e+01
   6.8545070e+01   7.8084780e+01   1.3709301e+02   1.7926143e+02   7.3322186e+01   9.2448536e+01
   6.8926173e+01   7.7539504e+01   1.3718400e+02   1.7908027e+02   7.3043477e+01   9.2087042e+01
   6.8894996e+01   7.8093805e+01   1.3694238e+02   1.7902259e+02   7.2750902e+01   9.2635436e+01
   6.8806632e+01   7.7568384e+01   1.3693901e+02   1.7857060e+02   7.3455429e+01   9.2512368e+01
   6.9213826e+01   7.7956050e+01   1.3742932e+02   1.7887688e+02   7.3178606e+01   9.2542068e+01
   6.8509216e+01   7.7813045e+01   1.3710491e+02   1.7897985e+02   7.2927792e+01   9.1599936e+01
   6.8657473e+01   7.7694899e+01   1.3623334e+02   1.7840192e+02   7.3033057e+01   9.2006391e+01
   6.8703009e+01   7.7523423e+01   1.3688117e+02   1.7878967e+02   7.3163756e+01   9.2058080e+01
   6.8940695e+01   7.8051470e+01   1.3762623e+02   1.7918209e+02   7.3206830e+01   9.2852858e+01
   6.8772419e+01   7.8414768e+01   1.3679166e+02   1.7879524e+02   7.3252694e+01   9.2176800e+01
   6.9306045e+01   7.8224504e+01   1.3810324e+02   1.7930434e+02   7.3489150e+01   9.2815281e+01
   7.0009834e+01   7.9544621e+01   1.4075980e+02   1.8003364e+02   7.4093991e+01   9.3940457e+01
   6.9724643e+01   7.9808152e+01   1.4082372e+02   1.7956853e+02   7.3927602e+01   9.3132306e+01
   6.8956612e+01   7.8603802e+01   1.3818398e+02   1.7892028e+02   7.3369363e+01   9.2360583e+01
   6.9272570e+01   7.8349214e+01   1.3810136e+02   1.7943553e+02   7.3411944e+01   9.2876733e+01
   6.9678697e+01   7.9367484e+01   1.3883870e+02   1.7962604e+02   7.3577759e+01   9.3062403e+01
   6.9781747e+01   7.9128403e+01   1.3955857e+02   1.7945514e+02   7.3702551e+01   9.2828982e+01
   6.9873884e+01   7.9287489e+01   1.4040750e+02   1.7939927e+02   7.4087838e+01   9.3289916e+01
   6.9504924e+01   7.9298483e+01   1.4059481e+02   1.7948468e+02   7.3774833e+01   9.3342179e+01
   6.9801191e+01   7.9375032e+01   1.4012124e+02   1.7958387e+02   7.3135614e+01   9.2766792e+01
   6.9887914e+01   7.8999673e+01   1.3953363e+02   1.7938072e+02   7.3715760e+01   9.3203603e+01
   6.9823918e+01   7.9616985e+01   1.3987322e+02   1.7932206e+02   7.3592527e+01   9.2964030e+01
   6.8864803e+01   7.8650322e+01   1.3892173e+02   1.7894424e+02   7.3080561e+01   9.2128147e+01
   6.9361672e+01   7.8490989e+01   1.3822738e+02   1.7950338e+02   7.3033303e+01   9.2368049e+01
   6.9750323e+01   7.8887598e+01   1.3946914e+02   1.7947056e+02   7.4072905e+01   9.3350219e+01
   6.9469891e+01   7.9476113e+01   1.3892313e+02   1.7975633e+02   7.3573164e+01   9.3194742e+01
   6.9037509e+01   7.8584931e+01   1.3741857e+02   1.7926758e+02   7.2803903e+01   9.1799964e+01
   6.9358062e+01   7.7749869e+01   1.3693647e+02   1.7899207e+02   7.2759845e+01   9.2466094e+01
   6.9463163e+01   7.8523807e+01   1.3802128e+02   1.7936070e+02   7.3473561e+01   9.2676131e+01
   6.8943075e+01   7.8515603e+01   1.3813196e+02   1.7931189e+02   7.3396848e+01   9.2142341e+01
   6.8790223e+01   7.8846903e+01   1.3882894e+02   1.7920679e+02   7.3472576e+01   9.2200019e+01
   6.9878971e+01   7.9361002e+01   1.3921152e+02   1.7999607e+02   7.3531485e+01   9.2801743e+01
   6.9734488e+01   7.8921401e+01   1.3956399e+02   1.7955778e+02   7.3551750e+01   9.3247334e+01
   6.9464722e+01   7.8992125e+01   1.3898130e+02   1.7911211e+02   7.3231198e+01   9.2939826e+01
   6.9377425e+01   7.8536852e+01   1.3863334e+02   1.7931098e+02   7.3551012e+01   9.2309715e+01
   6.9569740e+01   7.8889157e+01   1.3927223e+02   1.7955942e+02   7.4003084e+01   9.2761213e+01
   6.9828841e+01   7.9112157e+01   1.3977886e+02   1.7960906e+02   7.3133645e+01   9.2454443e+01
   6.8700383e+01   7.8707097e+01   1.3852824e+02   1.7977044e+02   7.2860515e+01   9.2144310e+01
   6.8970888e+01   7.8327390e+01   1.3810078e+02   1.7931542e+02   7.3353036e+01   9.2699432e+01
   6.9306537e+01   7.8473595e+01   1.3874312e+02   1.7875619e+02   7.3004669e+01   9.2711083e+01
   6.9180433e+01   7.8315575e+01   1.3832468e+02   1.7914755e+02   7.3104847e+01   9.2692458e+01
   6.9495489e+01   7.9097964e+01   1.3827857e+02   1.7921048e+02   7.3371824e+01   9.2747757e+01
   6.9206113e+01   7.9117819e+01   1.3792430e+02   1.7879385e+02   7.2804724e+01   9.2243832e+01
   6.9201355e+01   7.7808860e+01   1.3822090e+02   1.7902481e+02   7.2615280e+01   9.1855017e+01
   6.8619322e+01   7.7672828e+01   1.3805894e+02   1.7893062e+02   7.3647498e+01   9.2245719e+01
   7.0024684e+01   7.8396390e+01   1.3948580e+02   1.7912335e+02   7.3166299e+01   9.2903480e+01
   6.9756969e+01   7.8747136e+01   1.3966687e+02   1.7901578e+02   7.3551504e+01   9.3223787e+01
   6.9447902e+01   7.8635471e+01   1.3923178e+02   1.7906222e+02   7.3619848e+01   9.2779016e+01
   6.9008957e+01   7.8508629e+01   1.3868363e+02   1.7890970e+02   7.3522952e+01   9.2603685e+01
   6.8322480e+01   7.7455653e+01   1.3682628e+02   1.7862713e+02   7.2322540e+01   9.1493195e+01
   6.8314522e+01   7.7007765e+01   1.3511792e+02   1.7882527e+02   7.2754840e+01   9.1555139e+01
   6.9055067e+01   7.7873102e+01   1.3668229e+02   1.7911801e+02   7.3044133e+01   9.2610741e+01
   6.8990497e+01   7.8082319e+01   1.3705527e+02   1.7914295e+02   7.2526834e+01   9.2124701e+01
   6.8846425e+01   7.7910023e+01   1.3663831e+02   1.7871574e+02   7.2721365e+01   9.2061936e+01
   6.9090347e+01   7.7793436e+01   1.3699973e+02   1.7903703e+02   7.3350902e+01   9.2653158e+01
   6.9249351e+01   7.9053823e+01   1.3879858e+02   1.7884176e+02   7.3442958e+01   9.2870744e+01
   6.8951197e+01   7.8319841e+01   1.3881409e+02   1.7904877e+02   7.3168022e+01   9.2258518e+01
   6.9731781e+01   7.8827377e+01   1.3878636e+02   1.7921991e+02   7.4040005e+01   9.3008827e+01
   7.0072189e+01   7.9447397e+01   1.3984942e+02   1.7928859e+02   7.3803303e+01   9.3121476e+01
   6.9031684e+01   7.8602571e+01   1.4009269e+02   1.7883290e+02   7.3932361e+01   9.3399857e+01
   7.0093274e+01   7.8996555e+01   1.4029879e+02   1.7924699e+02   7.3525496e+01   9.3418892e+01
   6.9202667e+01   7.8751566e+01   1.3986370e+02   1.7929630e+02   7.3775653e+01   9.3205655e+01
   7.0633300e+01   7.9657352e+01   1.3973866e+02   1.7939902e+02   7.3860407e+01   9.3088247e+01
   6.9850829e+01   7.9977987e+01   1.3938291e+02   1.7960922e+02   7.3393894e+01   9.2935314e+01
   6.9665898e+01   7.9347465e+01   1.3958294e+02   1.7912614e+02   7.3526809e+01   9.2709195e+01
   6.9433052e+01   7.8742541e+01   1.3885232e+02   1.7878039e+02   7.3348359e+01   9.2451982e+01
   6.8686025e+01   7.7965239e+01   1.3759226e+02   1.7888139e+02   7.3059558e+01   9.1625042e+01
   6.9381609e+01   7.8016682e+01   1.3737205e+02   1.7912712e+02   7.3596629e+01   9.2397668e+01
   6.9282006e+01   7.8966772e+01   1.3848730e+02   1.7905311e+02   7.3669322e+01   9.2573902e+01
   6.8488459e+01   7.8280952e+01   1.3739494e+02   1.7895540e+02   7.3396684e+01   9.2189682e+01
   6.8935116e+01   7.8193081e+01   1.3751588e+02   1.7904737e+02   7.3228654e+01   9.2471427e+01
   6.8846178e+01   7.8094872e+01   1.3802948e+02   1.7919448e+02   7.3872467e+01   9.2776473e+01
   6.9259771e+01   7.8673377e+01   1.3865320e+02   1.7937621e+02   7.3521640e+01   9.2660132e+01
   6.9334433e+01   7.8523397e+01   1.3758315e+02   1.7944283e+02   7.2973574e+01   9.2125358e+01
   6.9165337e+01   7.8247805e+01   1.3796196e+02   1.7941592e+02   7.3201497e+01   9.3112943e+01
   6.9797089e+01   7.9518694e+01   1.3991284e+02   1.7919071e+02   7.3490216e+01   9.3162663e+01
   6.9236798e+01   7.8813183e+01   1.3862062e+02   1.7919038e+02   7.3023458e+01   9.2405216e+01
   6.9199550e+01   7.8306878e+01   1.3745992e+02   1.7905590e+02   7.3097709e+01   9.1727682e+01
   6.8939957e+01   7.8224258e+01   1.3773108e+02   1.7890970e+02   7.3036503e+01   9.2456330e+01
   6.9494422e+01   7.8345932e+01   1.3884600e+02   1.7931230e+02   7.3261554e+01   9.3023677e+01
   6.9998101e+01   7.9361823e+01   1.3901075e+02   1.7939401e+02   7.3262621e+01   9.2466504e+01
   6.8808109e+01   7.8590757e+01   1.3843200e+02   1.7901111e+02   7.3102222e+01   9.2037076e+01
   6.8997963e+01   7.8152714e+01   1.3779647e+02   1.7907929e+02   7.3316115e+01   9.2151366e+01
   6.9741380e+01   7.8240011e+01   1.3832624e+02   1.7957837e+02   7.3219629e+01   9.2154648e+01
   6.9541106e+01   7.9453714e+01   1.3848262e+02   1.7991074e+02   7.3358697e+01   9.2621160e+01
   6.9166403e+01   7.9180420e+01   1.3938849e+02   1.7966230e+02   7.3380111e+01   9.2740701e+01
   6.8711459e+01   7.8666403e+01   1.3876470e+02   1.7934216e+02   7.3254663e+01   9.2568487e+01
   6.9799961e+01   7.8026199e+01   1.3882090e+02   1.7933076e+02   7.3007869e+01   9.2699268e+01
   6.9925737e+01   7.8454561e+01   1.3991604e+02   1.7976388e+02   7.3274272e+01   9.3196794e+01
   7.0369687e+01   7.9970767e+01   1.4162079e+02   1.7996579e+02   7.3887728e+01   9.3697437e+01
   6.9561700e+01   7.8623985e+01   1.3884691e+02   1.7870836e+02   7.3106734e+01   9.2123963e+01
   6.9215795e+01   7.7883358e+01   1.3813385e+02   1.7914976e+02   7.3290435e+01   9.2267789e+01
   6.9490156e+01   7.7638451e+01   1.3771664e+02   1.7909356e+02   7.3659395e+01   9.2709524e+01
   6.9313675e+01   7.8186189e+01   1.3820662e+02   1.7891618e+02   7.3332770e+01   9.2543463e+01
   6.9236470e+01   7.8075919e+01   1.3807625e+02   1.7942872e+02   7.3048728e+01   9.2082530e+01
   6.9535937e+01   7.8673869e+01   1.3837383e+02   1.7960110e+02   7.3384705e+01   9.2363208e+01
   6.8799494e+01   7.8284644e+01   1.3844431e+02   1.7875906e+02   7.2827040e+01   9.1672629e+01
   6.9173213e+01   7.7690632e+01   1.3716964e+02   1.7920072e+02   7.2827040e+01   9.1784786e+01
   6.9273473e+01   7.8469411e+01   1.3800249e+02   1.7929507e+02   7.3223649e+01   9.2604669e+01
   6.9308753e+01   7.8519869e+01   1.3948096e+02   1.7937810e+02   7.3463633e+01   9.2600321e+01
   6.8995584e+01   7.8957583e+01   1.3929036e+02   1.7902653e+02   7.3438117e+01   9.2265902e+01
   6.8415192e+01   7.8186599e+01   1.3862965e+02   1.7908930e+02   7.3178360e+01   9.1854360e+01
   6.8788008e+01   7.8463996e+01   1.3819079e+02   1.7918390e+02   7.3257452e+01   9.2500471e+01
   6.9655724e+01   7.9222837e+01   1.3910166e+02   1.7924354e+02   7.3095002e+01   9.2365095e+01
   6.9545455e+01   7.8730152e+01   1.3885232e+02   1.7983214e+02   7.3387741e+01   9.2360091e+01
   6.9980954e+01   8.0058392e+01   1.3896185e+02   1.8024360e+02   7.3487180e+01   9.2893142e+01
   6.9400398e+01   7.9810285e+01   1.3907204e+02   1.7995513e+02   7.3419821e+01   9.2619766e+01
   6.8661247e+01   7.8596746e+01   1.3743162e+02   1.7882593e+02   7.2897599e+01   9.1896368e+01
   6.9056216e+01   7.7562395e+01   1.3694640e+02   1.7880780e+02   7.2998270e+01   9.2004340e+01
   6.9235568e+01   7.7988458e+01   1.3713453e+02   1.7913861e+02   7.3310372e+01   9.2282393e+01
   6.9035212e+01   7.8187337e+01   1.3672299e+02   1.7931935e+02   7.3500554e+01   9.2180657e+01
   6.9144169e+01   7.7739285e+01   1.3770155e+02   1.7955926e+02   7.3145788e+01   9.2051845e+01
   6.9536430e+01   7.8391057e+01   1.3782946e+02   1.7955064e+02   7.2926972e+01   9.2467242e+01
   6.9357898e+01   7.9505567e+01   1.3858395e+02   1.7956524e+02   7.3289450e+01   9.3186292e+01
   6.8866936e+01   7.8749515e+01   1.3732807e+02   1.7886712e+02   7.3215199e+01   9.1992197e+01
   6.9174936e+01   7.7936359e+01   1.3744466e+02   1.7974238e+02   7.3401114e+01   9.2696889e+01
   6.9227363e+01   7.7981977e+01   1.3828104e+02   1.7926873e+02   7.3244817e+01   9.2658491e+01
   6.9589677e+01   7.8731137e+01   1.3847351e+02   1.7896016e+02   7.2813667e+01   9.2364685e+01
   6.8984754e+01   7.8176918e+01   1.3816158e+02   1.7927333e+02   7.3033467e+01   9.2952215e+01
   6.9522236e+01   7.8386134e+01   1.3922793e+02   1.7915083e+02   7.3266641e+01   9.2812737e+01
   6.9778629e+01   7.8852318e+01   1.3839155e+02   1.7948960e+02   7.2979071e+01   9.2278537e+01
   6.9223753e+01   7.9162370e+01   1.3887767e+02   1.7950363e+02   7.3389300e+01   9.2543545e+01
   6.9238193e+01   7.8838699e+01   1.3875674e+02   1.7923714e+02   7.2944530e+01   9.2709031e+01
   6.9707741e+01   7.8230658e+01   1.3863802e+02   1.7915666e+02   7.3421626e+01   9.3042548e+01
   7.0155383e+01   7.9371012e+01   1.3973341e+02   1.7916568e+02   7.4016130e+01   9.2956974e+01
   6.9493930e+01   7.9151539e+01   1.4007283e+02   1.7865470e+02   7.3482668e+01   9.3309360e+01
   6.9686655e+01   7.8660906e+01   1.3901690e+02   1.7941239e+02   7.3525906e+01   9.2531156e+01
   6.9197827e+01   7.8347901e+01   1.3856007e+02   1.7930984e+02   7.3575051e+01   9.2360583e+01
   6.9062861e+01   7.8199972e+01   1.3797500e+02   1.7882741e+02   7.3260980e+01   9.2090816e+01
   6.9007809e+01   7.8380391e+01   1.3871580e+02   1.7848519e+02   7.3414570e+01   9.2382161e+01
   6.9712008e+01   7.8534719e+01   1.3931965e+02   1.7881904e+02   7.3142998e+01   9.2368788e+01
   6.9416971e+01   7.8484015e+01   1.3817667e+02   1.7930943e+02   7.2777813e+01   9.1840905e+01
   6.9058677e+01   7.8811542e+01   1.3831049e+02   1.7968479e+02   7.3139799e+01   9.1923279e+01
   6.8376220e+01   7.8347737e+01   1.3758438e+02   1.7941699e+02   7.3188616e+01   9.2142095e+01
   6.9133503e+01   7.8469001e+01   1.3779065e+02   1.7917503e+02   7.3021160e+01   9.2254580e+01
   6.9098223e+01   7.8579024e+01   1.3790428e+02   1.7924002e+02   7.3176801e+01   9.2736106e+01
   6.9455450e+01   7.9131356e+01   1.3850642e+02   1.7910595e+02   7.3143080e+01   9.2716580e+01
   6.9109792e+01   7.8702093e+01   1.3817405e+02   1.7922320e+02   7.2941002e+01   9.2353035e+01
   6.9658268e+01   7.8447423e+01   1.3754689e+02   1.7959298e+02   7.3519835e+01   9.2419574e+01
   7.0481433e+01   7.9121429e+01   1.3876059e+02   1.7991903e+02   7.3316115e+01   9.2759490e+01
   7.0036827e+01   7.9757694e+01   1.3945929e+02   1.7973278e+02   7.3312751e+01   9.2834479e+01
   6.9359867e+01   7.9303160e+01   1.4038592e+02   1.7953965e+02   7.3780822e+01   9.3046486e+01
   6.9011255e+01   7.8891536e+01   1.3961937e+02   1.7956746e+02   7.3671291e+01   9.2523936e+01
   6.9521497e+01   7.8869302e+01   1.3918362e+02   1.7907215e+02   7.3327765e+01   9.2333918e+01
   6.9709628e+01   7.8724491e+01   1.3872146e+02   1.7960643e+02   7.3045610e+01   9.2090242e+01
   6.9456845e+01   7.8214659e+01   1.3750546e+02   1.7995340e+02   7.3789847e+01   9.2866067e+01
   6.9693793e+01   7.9434351e+01   1.3856286e+02   1.7976117e+02   7.3133891e+01   9.2619191e+01
   6.9323439e+01   7.8851990e+01   1.3784841e+02   1.7909594e+02   7.2958888e+01   9.1919669e+01
   6.8799248e+01   7.7934554e+01   1.3701277e+02   1.7920580e+02   7.3110918e+01   9.1836146e+01
   6.8951607e+01   7.7555585e+01   1.3741841e+02   1.7923083e+02   7.3059558e+01   9.2227341e+01
   6.9625942e+01   7.8663777e+01   1.3889925e+02   1.7938466e+02   7.3135368e+01   9.2900116e+01
   6.9654986e+01   7.8681417e+01   1.3986665e+02   1.7940616e+02   7.2983665e+01   9.2908977e+01
   6.8983277e+01   7.8678792e+01   1.3949187e+02   1.7942093e+02   7.3837762e+01   9.2758669e+01
