   8.8624698e+01   8.3720786e+01   1.7426679e+02   1.8372269e+02   1.5783734e+02   1.6797816e+02
   8.8807520e+01   8.3502508e+01   1.7492074e+02   1.8337649e+02   1.5825005e+02   1.6866687e+02
   8.8889957e+01   8.4010064e+01   1.7690346e+02   1.8466680e+02   1.5853510e+02   1.6880368e+02
   8.9609721e+01   8.4303653e+01   1.7793326e+02   1.8582937e+02   1.5868502e+02   1.6901606e+02
   8.9788232e+01   8.4412220e+01   1.7864009e+02   1.8614311e+02   1.5880432e+02   1.6921674e+02
   8.9087736e+01   8.4149425e+01   1.7811635e+02   1.8561901e+02   1.5876825e+02   1.6901993e+02
   8.9067325e+01   8.4173355e+01   1.7751721e+02   1.8506439e+02   1.5873728e+02   1.6898254e+02
   8.9232111e+01   8.4080888e+01   1.7711831e+02   1.8586148e+02   1.5869092e+02   1.6894849e+02
   8.8718660e+01   8.3995900e+01   1.7765868e+02   1.8651975e+02   1.5922909e+02   1.6909190e+02
   8.9548223e+01   8.4675456e+01   1.7817829e+02   1.8704728e+02   1.5959588e+02   1.6965444e+02
   9.0666535e+01   8.4963239e+01   1.7902052e+02   1.8797520e+02   1.5967919e+02   1.6993765e+02
   8.9855624e+01   8.4657156e+01   1.7892893e+02   1.8729468e+02   1.5951177e+02   1.6912172e+02
   8.9983107e+01   8.4770914e+01   1.7810878e+02   1.8673072e+02   1.5956412e+02   1.6921630e+02
   8.9963312e+01   8.4691117e+01   1.7819052e+02   1.8716464e+02   1.5918396e+02   1.6890266e+02
   8.9016648e+01   8.4186200e+01   1.7788065e+02   1.8652776e+02   1.5955638e+02   1.6952502e+02
   8.9634883e+01   8.4645015e+01   1.7748914e+02   1.8633244e+02   1.5957045e+02   1.6950461e+02
   8.9844451e+01   8.4510934e+01   1.7750621e+02   1.8679372e+02   1.5886327e+02   1.6903357e+02
   8.9358802e+01   8.4626012e+01   1.7764495e+02   1.8606340e+02   1.5890867e+02   1.6919510e+02
   8.9599075e+01   8.4218665e+01   1.7763026e+02   1.8534627e+02   1.5875585e+02   1.6939499e+02
   8.9095038e+01   8.3608348e+01   1.7740028e+02   1.8595923e+02   1.5873218e+02   1.6866353e+02
   8.9733068e+01   8.4625836e+01   1.7790441e+02   1.8722957e+02   1.5958638e+02   1.6937044e+02
   8.9339534e+01   8.4321337e+01   1.7809735e+02   1.8730972e+02   1.5942652e+02   1.6880764e+02
   8.9740107e+01   8.4452691e+01   1.7755161e+02   1.8726705e+02   1.5950297e+02   1.6861452e+02
   8.9866182e+01   8.4423394e+01   1.7804561e+02   1.8759891e+02   1.5916865e+02   1.6891990e+02
   8.9105420e+01   8.3804543e+01   1.7746926e+02   1.8632135e+02   1.5936563e+02   1.6878758e+02
   8.8807432e+01   8.4290720e+01   1.7740274e+02   1.8645711e+02   1.5919064e+02   1.6785851e+02
   9.0057538e+01   8.4682319e+01   1.7822580e+02   1.8764105e+02   1.5950799e+02   1.6943221e+02
   8.9519277e+01   8.4345268e+01   1.7854305e+02   1.8820060e+02   1.5948881e+02   1.6948139e+02
   8.9670075e+01   8.4331543e+01   1.7760897e+02   1.8780997e+02   1.5987636e+02   1.6886122e+02
   8.9986539e+01   8.4514893e+01   1.7769827e+02   1.8703628e+02   1.5910205e+02   1.6927419e+02
   8.9680017e+01   8.3916366e+01   1.7723057e+02   1.8556482e+02   1.5936484e+02   1.6957614e+02
   8.9667172e+01   8.4205556e+01   1.7761451e+02   1.8651377e+02   1.5951652e+02   1.6894145e+02
   9.0045661e+01   8.4934381e+01   1.7848191e+02   1.8764695e+02   1.5951687e+02   1.6954464e+02
   8.9919586e+01   8.4655925e+01   1.7840932e+02   1.8744424e+02   1.5924018e+02   1.6948939e+02
   9.0454416e+01   8.4460961e+01   1.7782355e+02   1.8700725e+02   1.5897993e+02   1.6877649e+02
   8.9668667e+01   8.4429377e+01   1.7741207e+02   1.8690149e+02   1.5831120e+02   1.6895615e+02
   8.9333288e+01   8.4380900e+01   1.7709798e+02   1.8715672e+02   1.5940690e+02   1.6940854e+02
   8.9752688e+01   8.4339285e+01   1.7771639e+02   1.8751304e+02   1.5956623e+02   1.6935153e+02
   8.9756735e+01   8.4416883e+01   1.7724157e+02   1.8666923e+02   1.5922575e+02   1.6902257e+02
   8.9693126e+01   8.3803576e+01   1.7812057e+02   1.8708053e+02   1.5930343e+02   1.6938162e+02
   8.9566962e+01   8.4297495e+01   1.7805661e+02   1.8728236e+02   1.5916328e+02   1.6945174e+02
   8.9960321e+01   8.4421898e+01   1.7754906e+02   1.8736251e+02   1.5918079e+02   1.6936956e+02
   8.9778466e+01   8.4463865e+01   1.7734582e+02   1.8687519e+02   1.5898011e+02   1.6913739e+02
   8.9374902e+01   8.4091446e+01   1.7698871e+02   1.8590433e+02   1.5836697e+02   1.6887362e+02
   8.9400592e+01   8.3898242e+01   1.7643030e+02   1.8583676e+02   1.5829967e+02   1.6788376e+02
   8.9426283e+01   8.4252097e+01   1.7654846e+02   1.8778754e+02   1.5874370e+02   1.6799989e+02
   8.9027206e+01   8.4507063e+01   1.7646593e+02   1.8877819e+02   1.5910064e+02   1.6799030e+02
   8.9324226e+01   8.4716015e+01   1.7656315e+02   1.8908489e+02   1.5893928e+02   1.6803201e+02
   8.9184866e+01   8.4530553e+01   1.7636960e+02   1.8821433e+02   1.5829527e+02   1.6794103e+02
   8.9064949e+01   8.4155671e+01   1.7591404e+02   1.8608786e+02   1.5809529e+02   1.6854607e+02
   8.8862595e+01   8.4009097e+01   1.7623208e+02   1.8603172e+02   1.5838879e+02   1.6881476e+02
   8.8961925e+01   8.4089070e+01   1.7640584e+02   1.8661925e+02   1.5840692e+02   1.6871948e+02
   8.9469657e+01   8.4304533e+01   1.7694349e+02   1.8607932e+02   1.5835756e+02   1.6913325e+02
   8.9625909e+01   8.3877215e+01   1.7667885e+02   1.8461384e+02   1.5794608e+02   1.6855830e+02
   8.9023775e+01   8.3618202e+01   1.7613522e+02   1.8414280e+02   1.5777469e+02   1.6816248e+02
   8.9315164e+01   8.4146873e+01   1.7601020e+02   1.8530888e+02   1.5854865e+02   1.6916369e+02
   8.9554997e+01   8.4368670e+01   1.7627396e+02   1.8644998e+02   1.5871793e+02   1.6916624e+02
   8.9336279e+01   8.4349403e+01   1.7616803e+02   1.8624622e+02   1.5861050e+02   1.6876822e+02
   8.9316220e+01   8.4459378e+01   1.7736746e+02   1.8648333e+02   1.5886221e+02   1.6917311e+02
   8.9759902e+01   8.3894107e+01   1.7745949e+02   1.8606736e+02   1.5890682e+02   1.6905662e+02
   8.9971494e+01   8.4372981e+01   1.7808274e+02   1.8667345e+02   1.5889441e+02   1.6903251e+02
   8.9549806e+01   8.4134732e+01   1.7826600e+02   1.8758835e+02   1.5943206e+02   1.6957016e+02
   9.0216166e+01   8.4684342e+01   1.7773267e+02   1.8827864e+02   1.5948599e+02   1.6936622e+02
   9.0361333e+01   8.4953737e+01   1.7775167e+02   1.8836785e+02   1.5889054e+02   1.6912744e+02
   8.9840228e+01   8.4622404e+01   1.7727948e+02   1.8689956e+02   1.5900808e+02   1.6866405e+02
   8.9525172e+01   8.4546302e+01   1.7642432e+02   1.8716649e+02   1.5909325e+02   1.6830554e+02
   8.9578488e+01   8.4474598e+01   1.7699513e+02   1.8806732e+02   1.5908084e+02   1.6908002e+02
   8.9666996e+01   8.4111945e+01   1.7719089e+02   1.8748955e+02   1.5882957e+02   1.6912401e+02
   8.9651599e+01   8.4048951e+01   1.7763052e+02   1.8688619e+02   1.5859247e+02   1.6799391e+02
   8.9614560e+01   8.4456210e+01   1.7779584e+02   1.8747741e+02   1.5858411e+02   1.6879030e+02
   8.9558780e+01   8.4476270e+01   1.7702927e+02   1.8750794e+02   1.5887796e+02   1.6902407e+02
   8.9780226e+01   8.4723229e+01   1.7654037e+02   1.8779370e+02   1.5875153e+02   1.6866265e+02
   8.9118969e+01   8.4073322e+01   1.7679313e+02   1.8808034e+02   1.5931144e+02   1.6897234e+02
   8.9555437e+01   8.4322041e+01   1.7741119e+02   1.8805685e+02   1.5928153e+02   1.6924191e+02
   9.0051908e+01   8.4952153e+01   1.7799494e+02   1.8816550e+02   1.5907732e+02   1.6928035e+02
   8.9742130e+01   8.4768539e+01   1.7813676e+02   1.8810260e+02   1.5933766e+02   1.6930516e+02
   8.9883954e+01   8.4833204e+01   1.7765402e+02   1.8883723e+02   1.5943443e+02   1.6844666e+02
   9.0191884e+01   8.4829773e+01   1.7773962e+02   1.8925293e+02   1.5924616e+02   1.6941927e+02
   9.0225404e+01   8.4810154e+01   1.7748826e+02   1.8857390e+02   1.5926543e+02   1.6934537e+02
   8.9993049e+01   8.4510230e+01   1.7732550e+02   1.8776018e+02   1.5882878e+02   1.6897885e+02
   8.9742482e+01   8.4436151e+01   1.7825474e+02   1.8814958e+02   1.5950077e+02   1.6948139e+02
   9.0044693e+01   8.4430520e+01   1.7832117e+02   1.8847141e+02   1.5969028e+02   1.6930103e+02
   8.9835477e+01   8.4679503e+01   1.7742052e+02   1.8814509e+02   1.5909448e+02   1.6883676e+02
   8.9820432e+01   8.4608680e+01   1.7818700e+02   1.8927106e+02   1.5963890e+02   1.6940520e+02
   8.9945892e+01   8.4527298e+01   1.7853505e+02   1.8916135e+02   1.5962535e+02   1.6918498e+02
   8.9995424e+01   8.4948986e+01   1.7852695e+02   1.8908867e+02   1.5937690e+02   1.6874869e+02
   9.0491807e+01   8.4885288e+01   1.7925921e+02   1.8913574e+02   1.5948018e+02   1.6961081e+02
   9.0246607e+01   8.4415564e+01   1.7834008e+02   1.8860936e+02   1.5929754e+02   1.6935320e+02
   8.9691366e+01   8.4205468e+01   1.7669565e+02   1.8767519e+02   1.5936766e+02   1.6864470e+02
   8.9504761e+01   8.4343860e+01   1.7744190e+02   1.8703250e+02   1.5901415e+02   1.6904844e+02
   8.9545143e+01   8.4148017e+01   1.7745932e+02   1.8636033e+02   1.5880608e+02   1.6889456e+02
   8.9711601e+01   8.4253329e+01   1.7746943e+02   1.8684422e+02   1.5904319e+02   1.6882972e+02
   9.0172616e+01   8.4468176e+01   1.7800039e+02   1.8820474e+02   1.5920261e+02   1.6921446e+02
   8.9982667e+01   8.4208811e+01   1.7779610e+02   1.8749333e+02   1.5928003e+02   1.6934643e+02
   9.0248367e+01   8.4297583e+01   1.7762208e+02   1.8686322e+02   1.5912228e+02   1.6915929e+02
   9.0548202e+01   8.4708097e+01   1.7856672e+02   1.8814843e+02   1.5934223e+02   1.6944795e+02
   9.0058330e+01   8.4490523e+01   1.7779320e+02   1.8766868e+02   1.5949004e+02   1.6927199e+02
   9.0443418e+01   8.4548501e+01   1.7834131e+02   1.8829677e+02   1.5941552e+02   1.6893591e+02
   9.0624745e+01   8.4682319e+01   1.7849414e+02   1.8860505e+02   1.5900184e+02   1.6856499e+02
   9.0049356e+01   8.4494394e+01   1.7870520e+02   1.8842627e+02   1.5958382e+02   1.6887257e+02
   9.0216870e+01   8.4907635e+01   1.7858995e+02   1.8897580e+02   1.5945159e+02   1.6829392e+02
   9.0588585e+01   8.5019282e+01   1.7873529e+02   1.8932842e+02   1.5945520e+02   1.6920029e+02
   9.0201385e+01   8.4790446e+01   1.7826979e+02   1.8853449e+02   1.5933044e+02   1.6928590e+02
   9.0588673e+01   8.4487267e+01   1.7814318e+02   1.8833169e+02   1.5938112e+02   1.6883341e+02
   9.0348224e+01   8.4628915e+01   1.7789200e+02   1.8847906e+02   1.5903518e+02   1.6828644e+02
   8.9625205e+01   8.4403159e+01   1.7754316e+02   1.8768188e+02   1.5922557e+02   1.6829973e+02
   8.9946948e+01   8.4476798e+01   1.7733720e+02   1.8749140e+02   1.5932252e+02   1.6865851e+02
   9.0575388e+01   8.4774610e+01   1.7849290e+02   1.8810251e+02   1.5940998e+02   1.6933877e+02
   9.0426174e+01   8.4916697e+01   1.7893491e+02   1.8797511e+02   1.5934593e+02   1.6939745e+02
   9.0968218e+01   8.5233161e+01   1.7950555e+02   1.8811175e+02   1.5936168e+02   1.6936085e+02
   9.0651667e+01   8.4862150e+01   1.7926299e+02   1.8842187e+02   1.5934311e+02   1.6917267e+02
   9.0315759e+01   8.4721822e+01   1.7797347e+02   1.8854839e+02   1.5928724e+02   1.6890855e+02
   8.9848586e+01   8.4658564e+01   1.7718007e+02   1.8768636e+02   1.5890480e+02   1.6784162e+02
   8.9560628e+01   8.4801619e+01   1.7744322e+02   1.8833680e+02   1.5939924e+02   1.6853156e+02
   9.0099945e+01   8.4954353e+01   1.7753621e+02   1.8816057e+02   1.5927475e+02   1.6864540e+02
   8.9991729e+01   8.4847369e+01   1.7752873e+02   1.8879632e+02   1.5900553e+02   1.6817409e+02
   8.9830550e+01   8.4825462e+01   1.7787889e+02   1.8891219e+02   1.5952514e+02   1.6886403e+02
   8.9803188e+01   8.4537416e+01   1.7745632e+02   1.8866426e+02   1.5918396e+02   1.6888981e+02
   9.0292533e+01   8.4340693e+01   1.7816043e+02   1.8915959e+02   1.5896656e+02   1.6858276e+02
   9.0134961e+01   8.4743641e+01   1.7889796e+02   1.8885227e+02   1.5906545e+02   1.6919193e+02
   9.0303794e+01   8.4847281e+01   1.7856751e+02   1.8841897e+02   1.5891122e+02   1.6851044e+02
   9.0066424e+01   8.4465008e+01   1.7780209e+02   1.8819119e+02   1.5883749e+02   1.6835938e+02
   8.9970438e+01   8.4479437e+01   1.7785162e+02   1.8868845e+02   1.5924959e+02   1.6909551e+02
   9.0443066e+01   8.4677216e+01   1.7790124e+02   1.8881620e+02   1.5901926e+02   1.6893424e+02
   9.0465765e+01   8.4602697e+01   1.7885133e+02   1.8816101e+02   1.5927088e+02   1.6961908e+02
   9.0686419e+01   8.4707305e+01   1.7952332e+02   1.8905779e+02   1.5961902e+02   1.6983665e+02
   9.1395800e+01   8.5272928e+01   1.7981216e+02   1.8998809e+02   1.5946144e+02   1.6962884e+02
   9.0751084e+01   8.4872091e+01   1.7907014e+02   1.9009842e+02   1.5935666e+02   1.6933956e+02
   9.0483977e+01   8.4929718e+01   1.7853663e+02   1.9016643e+02   1.5901169e+02   1.6864267e+02
   9.0761113e+01   8.5013299e+01   1.7907674e+02   1.9069457e+02   1.5982498e+02   1.6923654e+02
   9.0312240e+01   8.4855199e+01   1.7913313e+02   1.9085848e+02   1.5974324e+02   1.6914618e+02
   9.0550754e+01   8.4802235e+01   1.7855757e+02   1.9021834e+02   1.5923798e+02   1.6789361e+02
   9.0872672e+01   8.5147820e+01   1.7881192e+02   1.9020628e+02   1.5932270e+02   1.6916246e+02
   9.0318399e+01   8.4260631e+01   1.7823116e+02   1.8894641e+02   1.5903650e+02   1.6906700e+02
   9.0242472e+01   8.4947842e+01   1.7824638e+02   1.8823201e+02   1.5874863e+02   1.6806896e+02
   9.1273420e+01   8.5628982e+01   1.7852581e+02   1.8851337e+02   1.5833988e+02   1.6862015e+02
   9.0376113e+01   8.5339704e+01   1.7829900e+02   1.8856229e+02   1.5844739e+02   1.6786942e+02
   9.0354558e+01   8.5096000e+01   1.7832715e+02   1.8867446e+02   1.5893418e+02   1.6815465e+02
   8.9980644e+01   8.4700179e+01   1.7798200e+02   1.8834428e+02   1.5892398e+02   1.6780651e+02
   8.9823688e+01   8.4770475e+01   1.7818418e+02   1.8824037e+02   1.5888131e+02   1.6849548e+02
   8.9889321e+01   8.4402543e+01   1.7769836e+02   1.8709514e+02   1.5837683e+02   1.6791341e+02
   8.9478015e+01   8.4698067e+01   1.7728635e+02   1.8661776e+02   1.5853977e+02   1.6751284e+02
   8.9915451e+01   8.4912650e+01   1.7718895e+02   1.8751031e+02   1.5894060e+02   1.6754680e+02
   8.9648256e+01   8.4686894e+01   1.7731353e+02   1.8787262e+02   1.5955066e+02   1.6828706e+02
   9.0199802e+01   8.5488830e+01   1.7792139e+02   1.8927528e+02   1.5989105e+02   1.6771185e+02
   9.0955989e+01   8.5751978e+01   1.7828307e+02   1.9002575e+02   1.6006455e+02   1.6832806e+02
   9.0222325e+01   8.5298530e+01   1.7796846e+02   1.8946496e+02   1.5988146e+02   1.6850851e+02
   9.0341449e+01   8.5520591e+01   1.7719458e+02   1.8908691e+02   1.5954758e+02   1.6822468e+02
   9.0301770e+01   8.5038725e+01   1.7772598e+02   1.8880010e+02   1.5958092e+02   1.6797922e+02
   8.9480214e+01   8.5007492e+01   1.7736650e+02   1.8882025e+02   1.5932472e+02   1.6778408e+02
   8.9632947e+01   8.4806634e+01   1.7702865e+02   1.8774117e+02   1.5919557e+02   1.6818060e+02
   9.0070295e+01   8.4614926e+01   1.7813131e+02   1.8718065e+02   1.5853678e+02   1.6808603e+02
   8.9479598e+01   8.4219808e+01   1.7825729e+02   1.8720617e+02   1.5866646e+02   1.6846979e+02
   9.0183262e+01   8.4506887e+01   1.7843976e+02   1.8655617e+02   1.5840525e+02   1.6880130e+02
   9.0059386e+01   8.4710472e+01   1.7785707e+02   1.8619994e+02   1.5799447e+02   1.6786238e+02
   9.0145782e+01   8.4510054e+01   1.7807808e+02   1.8642772e+02   1.5860232e+02   1.6791191e+02
   9.0125899e+01   8.4537504e+01   1.7815093e+02   1.8683947e+02   1.5877379e+02   1.6811488e+02
   9.0262267e+01   8.4416531e+01   1.7759419e+02   1.8638980e+02   1.5878778e+02   1.6829630e+02
   9.0155548e+01   8.4839099e+01   1.7799942e+02   1.8652380e+02   1.5893823e+02   1.6831961e+02
   8.9854129e+01   8.4537768e+01   1.7783349e+02   1.8699422e+02   1.5904380e+02   1.6861575e+02
   8.9868469e+01   8.4372805e+01   1.7774305e+02   1.8784156e+02   1.5903298e+02   1.6805039e+02
   8.9941053e+01   8.4509614e+01   1.7804517e+02   1.8790376e+02   1.5890752e+02   1.6872133e+02
   8.9721103e+01   8.4121711e+01   1.7779742e+02   1.8776475e+02   1.5912035e+02   1.6843531e+02
   8.9825887e+01   8.4408349e+01   1.7819632e+02   1.8832096e+02   1.5893137e+02   1.6792317e+02
   8.9884658e+01   8.4600233e+01   1.7809101e+02   1.8840269e+02   1.5804831e+02   1.6801670e+02
   8.9191200e+01   8.3938537e+01   1.7745923e+02   1.8740430e+02   1.5822577e+02   1.6802664e+02
   8.9324050e+01   8.4497121e+01   1.7687794e+02   1.8723643e+02   1.5825735e+02   1.6764973e+02
   8.9774595e+01   8.4750503e+01   1.7715253e+02   1.8796306e+02   1.5831067e+02   1.6757768e+02
   8.9827823e+01   8.4835052e+01   1.7692176e+02   1.8798294e+02   1.5839891e+02   1.6780581e+02
   9.0133641e+01   8.4873147e+01   1.7712270e+02   1.8776308e+02   1.5837032e+02   1.6758612e+02
   9.0124931e+01   8.5025704e+01   1.7743178e+02   1.8845425e+02   1.5832360e+02   1.6760645e+02
   8.9832486e+01   8.4657420e+01   1.7734494e+02   1.8769366e+02   1.5837938e+02   1.6760258e+02
   8.9809083e+01   8.4508646e+01   1.7718068e+02   1.8788775e+02   1.5836099e+02   1.6716752e+02
   8.9684504e+01   8.4660060e+01   1.7770276e+02   1.8890647e+02   1.5825410e+02   1.6795696e+02
   8.9828527e+01   8.4671409e+01   1.7722019e+02   1.8866241e+02   1.5824169e+02   1.6741368e+02
   8.9904453e+01   8.4591084e+01   1.7698132e+02   1.8776669e+02   1.5796033e+02   1.6756167e+02
   8.9659869e+01   8.4417235e+01   1.7746257e+02   1.8793473e+02   1.5877767e+02   1.6778091e+02
   8.9840404e+01   8.4752527e+01   1.7795104e+02   1.8933871e+02   1.5913882e+02   1.6839721e+02
   9.0438227e+01   8.4958664e+01   1.7838346e+02   1.8974773e+02   1.5921985e+02   1.6824483e+02
   9.0981503e+01   8.5120283e+01   1.7915293e+02   1.8982040e+02   1.5895362e+02   1.6897867e+02
   9.0281711e+01   8.4864789e+01   1.7835170e+02   1.8925760e+02   1.5861684e+02   1.6814814e+02
   9.0479842e+01   8.4877458e+01   1.7774059e+02   1.8880679e+02   1.5878629e+02   1.6834082e+02
   9.0285142e+01   8.4712408e+01   1.7739412e+02   1.8816330e+02   1.5860074e+02   1.6753078e+02
   8.9991465e+01   8.4743817e+01   1.7803303e+02   1.8883142e+02   1.5890436e+02   1.6807388e+02
   9.0319806e+01   8.4824582e+01   1.7758988e+02   1.8833636e+02   1.5872285e+02   1.6808189e+02
   8.9652127e+01   8.4820095e+01   1.7734512e+02   1.8807946e+02   1.5852129e+02   1.6774906e+02
   9.0416408e+01   8.5189611e+01   1.7684988e+02   1.8851610e+02   1.5859775e+02   1.6820876e+02
   8.9721895e+01   8.4707481e+01   1.7677140e+02   1.8872347e+02   1.5878233e+02   1.6795414e+02
   9.0078653e+01   8.4497297e+01   1.7667770e+02   1.8909721e+02   1.5936599e+02   1.6785094e+02
   8.9438952e+01   8.4404302e+01   1.7657925e+02   1.8817896e+02   1.5850326e+02   1.6707452e+02
   8.9495347e+01   8.4631290e+01   1.7695704e+02   1.8721611e+02   1.5839671e+02   1.6746489e+02
   8.9994457e+01   8.4603225e+01   1.7713009e+02   1.8652881e+02   1.5823597e+02   1.6741210e+02
   9.0113493e+01   8.4831269e+01   1.7752275e+02   1.8761519e+02   1.5841220e+02   1.6780299e+02
   8.9851049e+01   8.4775753e+01   1.7767971e+02   1.8810453e+02   1.5901363e+02   1.6806808e+02
   9.0094490e+01   8.4655573e+01   1.7733931e+02   1.8756152e+02   1.5889292e+02   1.6746049e+02
   9.0057626e+01   8.4815872e+01   1.7745087e+02   1.8820703e+02   1.5873438e+02   1.6805303e+02
   9.0073903e+01   8.4346236e+01   1.7768965e+02   1.8733699e+02   1.5880248e+02   1.6847349e+02
   8.9935510e+01   8.4750855e+01   1.7732761e+02   1.8665568e+02   1.5877934e+02   1.6767622e+02
   9.0011085e+01   8.4952065e+01   1.7781387e+02   1.8694100e+02   1.5886239e+02   1.6808321e+02
   9.0429605e+01   8.5035822e+01   1.7767803e+02   1.8805605e+02   1.5904750e+02   1.6821641e+02
   9.0608908e+01   8.5179053e+01   1.7832090e+02   1.8856933e+02   1.5887559e+02   1.6805910e+02
   9.0356142e+01   8.5104094e+01   1.7942936e+02   1.8952761e+02   1.5922689e+02   1.6902002e+02
   9.0851733e+01   8.5066703e+01   1.7887280e+02   1.8768478e+02   1.5872655e+02   1.6834469e+02
   9.0721611e+01   8.4885376e+01   1.7883937e+02   1.8615243e+02   1.5854012e+02   1.6817928e+02
   8.9975189e+01   8.4620557e+01   1.7735216e+02   1.8579823e+02   1.5842363e+02   1.6765167e+02
   8.9534234e+01   8.4590292e+01   1.7634822e+02   1.8734043e+02   1.5846630e+02   1.6760953e+02
   8.9597931e+01   8.4761061e+01   1.7633027e+02   1.8738925e+02   1.5827301e+02   1.6744298e+02
   8.9319299e+01   8.4486739e+01   1.7630863e+02   1.8706382e+02   1.5846472e+02   1.6754688e+02
   8.9538897e+01   8.4495361e+01   1.7631355e+02   1.8732556e+02   1.5853686e+02   1.6702138e+02
   8.9527459e+01   8.4684254e+01   1.7659526e+02   1.8805051e+02   1.5844493e+02   1.6797579e+02
   8.9740899e+01   8.4631202e+01   1.7666626e+02   1.8694276e+02   1.5840780e+02   1.6796189e+02
   9.0293060e+01   8.4450228e+01   1.7729391e+02   1.8644998e+02   1.5809740e+02   1.6777335e+02
   8.9327393e+01   8.4687861e+01   1.7712473e+02   1.8673380e+02   1.5837181e+02   1.6791842e+02
   8.9817969e+01   8.4836460e+01   1.7700446e+02   1.8735301e+02   1.5847413e+02   1.6780687e+02
   9.0414297e+01   8.4826342e+01   1.7694041e+02   1.8690229e+02   1.5801937e+02   1.6760803e+02
   9.0037127e+01   8.4912650e+01   1.7779980e+02   1.8769974e+02   1.5885359e+02   1.6836193e+02
   9.0075046e+01   8.5019370e+01   1.7748624e+02   1.8851821e+02   1.5891694e+02   1.6763117e+02
   9.0178687e+01   8.4979075e+01   1.7794338e+02   1.8930088e+02   1.5930810e+02   1.6828108e+02
   9.0352711e+01   8.4829245e+01   1.7848059e+02   1.8961022e+02   1.5917586e+02   1.6868279e+02
   9.0103640e+01   8.4830829e+01   1.7799494e+02   1.8896330e+02   1.5870570e+02   1.6826418e+02
   9.0237193e+01   8.5080076e+01   1.7811864e+02   1.8886221e+02   1.5869197e+02   1.6849645e+02
   8.9717672e+01   8.4555452e+01   1.7758979e+02   1.8800881e+02   1.5853634e+02   1.6835568e+02
   8.9480918e+01   8.4790094e+01   1.7767319e+02   1.8809943e+02   1.5840190e+02   1.6749656e+02
   9.0402419e+01   8.5408329e+01   1.7765991e+02   1.8846173e+02   1.5900580e+02   1.6823198e+02
   8.9736148e+01   8.4907283e+01   1.7758205e+02   1.8881444e+02   1.5888729e+02   1.6813002e+02
   8.9867414e+01   8.4824670e+01   1.7723022e+02   1.8827407e+02   1.5898187e+02   1.6809157e+02
   9.0415616e+01   8.4806018e+01   1.7775757e+02   1.8701516e+02   1.5815354e+02   1.6763803e+02
   8.9533178e+01   8.4557123e+01   1.7739905e+02   1.8660553e+02   1.5842988e+02   1.6803843e+02
   9.0230243e+01   8.4951625e+01   1.7761988e+02   1.8728509e+02   1.5849719e+02   1.6832049e+02
   9.0756099e+01   8.5001686e+01   1.7870687e+02   1.8855464e+02   1.5888025e+02   1.6885805e+02
   9.0412185e+01   8.4981978e+01   1.7904964e+02   1.8909615e+02   1.5942555e+02   1.6878529e+02
   9.1220017e+01   8.5140694e+01   1.7860561e+02   1.8873227e+02   1.5922575e+02   1.6805488e+02
   9.0784868e+01   8.5139374e+01   1.7884729e+02   1.8763815e+02   1.5871502e+02   1.6855346e+02
   9.0479402e+01   8.4719446e+01   1.7896324e+02   1.8843947e+02   1.5885834e+02   1.6860783e+02
   9.0427582e+01   8.4908779e+01   1.7842481e+02   1.8858490e+02   1.5882359e+02   1.6732421e+02
   9.0265171e+01   8.4853176e+01   1.7879309e+02   1.8800969e+02   1.5883749e+02   1.6840689e+02
   9.0658001e+01   8.4998343e+01   1.7865971e+02   1.8853977e+02   1.5883441e+02   1.6849267e+02
   9.0463565e+01   8.5021745e+01   1.7772950e+02   1.8729186e+02   1.5823580e+02   1.6787725e+02
   9.0009589e+01   8.4849656e+01   1.7769607e+02   1.8781165e+02   1.5893277e+02   1.6824633e+02
   9.0565886e+01   8.4836723e+01   1.7772194e+02   1.8889802e+02   1.5930977e+02   1.6847279e+02
   9.0644276e+01   8.5229114e+01   1.7874611e+02   1.8976937e+02   1.5926622e+02   1.6842792e+02
   9.0427406e+01   8.5393196e+01   1.7899835e+02   1.8988181e+02   1.5952074e+02   1.6884890e+02
   9.0504916e+01   8.5542938e+01   1.7845076e+02   1.8888958e+02   1.5888403e+02   1.6828706e+02
   9.0569933e+01   8.5411320e+01   1.7802617e+02   1.8859124e+02   1.5911146e+02   1.6902803e+02
   9.0969978e+01   8.5096352e+01   1.7766422e+02   1.8888852e+02   1.5911172e+02   1.6883526e+02
   9.0353327e+01   8.5147996e+01   1.7778942e+02   1.8853378e+02   1.5840498e+02   1.6753334e+02
   9.0023226e+01   8.4808042e+01   1.7832099e+02   1.8819823e+02   1.5878479e+02   1.6842809e+02
   9.0297811e+01   8.4772762e+01   1.7817820e+02   1.8830741e+02   1.5882148e+02   1.6861778e+02
   9.0181854e+01   8.5005909e+01   1.7824066e+02   1.8871441e+02   1.5849894e+02   1.6865965e+02
   9.0698472e+01   8.5000278e+01   1.7875456e+02   1.8909730e+02   1.5899999e+02   1.6925229e+02
   9.0290685e+01   8.5137791e+01   1.7886163e+02   1.8845557e+02   1.5873095e+02   1.6895826e+02
   9.0322886e+01   8.5307240e+01   1.7855291e+02   1.8775006e+02   1.5857082e+02   1.6816767e+02
   9.0495062e+01   8.5496133e+01   1.7901559e+02   1.8792980e+02   1.5884708e+02   1.6896055e+02
   9.1255121e+01   8.5560622e+01   1.7857332e+02   1.8836434e+02   1.5901662e+02   1.6886218e+02
   9.1348203e+01   8.5825354e+01   1.7900134e+02   1.8866699e+02   1.5893823e+02   1.6855804e+02
   9.0762609e+01   8.5423461e+01   1.7854921e+02   1.8853334e+02   1.5880925e+02   1.6872406e+02
   9.0698208e+01   8.5289380e+01   1.7842551e+02   1.8946444e+02   1.5898539e+02   1.6814277e+02
   9.0592368e+01   8.5269145e+01   1.7880250e+02   1.9017549e+02   1.5945564e+02   1.6882638e+02
   9.0557352e+01   8.4987697e+01   1.7879573e+02   1.8951423e+02   1.5906949e+02   1.6858584e+02
   9.0829914e+01   8.5010132e+01   1.7824216e+02   1.8968430e+02   1.5882641e+02   1.6850490e+02
   9.0799649e+01   8.5213717e+01   1.7863350e+02   1.8997296e+02   1.5934848e+02   1.6957860e+02
   9.1056022e+01   8.5369618e+01   1.7929845e+02   1.9036649e+02   1.5891034e+02   1.6927833e+02
   9.0760586e+01   8.4943003e+01   1.7823644e+02   1.8911375e+02   1.5810849e+02   1.6831988e+02
   9.0267458e+01   8.4960159e+01   1.7789490e+02   1.8864913e+02   1.5854857e+02   1.6881564e+02
   9.0325613e+01   8.4670002e+01   1.7793335e+02   1.8834269e+02   1.5857707e+02   1.6856261e+02
   9.0624217e+01   8.4706953e+01   1.7751597e+02   1.8764044e+02   1.5792813e+02   1.6850886e+02
   8.9998240e+01   8.4471343e+01   1.7791857e+02   1.8675659e+02   1.5828990e+02   1.6909243e+02
   9.0543715e+01   8.4683550e+01   1.7830366e+02   1.8691821e+02   1.5872769e+02   1.6945262e+02
   9.1290752e+01   8.5366362e+01   1.7956450e+02   1.8871291e+02   1.5934478e+02   1.6959541e+02
   9.1195470e+01   8.5273368e+01   1.7922516e+02   1.8964779e+02   1.5947174e+02   1.7003918e+02
   9.1097901e+01   8.5260347e+01   1.7870977e+02   1.8881981e+02   1.5924977e+02   1.6924534e+02
   9.0605829e+01   8.5171223e+01   1.7865980e+02   1.8892934e+02   1.5888509e+02   1.6920487e+02
   9.0755571e+01   8.4622668e+01   1.7797233e+02   1.8834612e+02   1.5877934e+02   1.6906806e+02
   9.0606621e+01   8.4586509e+01   1.7745624e+02   1.8713640e+02   1.5817184e+02   1.6862112e+02
   9.0264643e+01   8.4907195e+01   1.7778493e+02   1.8713033e+02   1.5883177e+02   1.6926311e+02
   9.0594392e+01   8.5212398e+01   1.7789473e+02   1.8682680e+02   1.5868784e+02   1.6894964e+02
   9.1020214e+01   8.5143333e+01   1.7827753e+02   1.8714634e+02   1.5855684e+02   1.6918138e+02
   9.0963291e+01   8.4982594e+01   1.7780930e+02   1.8774610e+02   1.5847202e+02   1.6952027e+02
   9.0664600e+01   8.4744872e+01   1.7728855e+02   1.8770616e+02   1.5804875e+02   1.6883781e+02
   9.0910239e+01   8.4948546e+01   1.7749512e+02   1.8734060e+02   1.5820404e+02   1.6915199e+02
   9.0961268e+01   8.4692436e+01   1.7764126e+02   1.8688891e+02   1.5833266e+02   1.6946265e+02
   9.1024965e+01   8.5059664e+01   1.7786754e+02   1.8801673e+02   1.5784490e+02   1.6867232e+02
   9.0727065e+01   8.4969221e+01   1.7863191e+02   1.8921976e+02   1.5862238e+02   1.6963852e+02
   9.1198638e+01   8.5062568e+01   1.7884852e+02   1.8971914e+02   1.5893480e+02   1.6998622e+02
   9.1075994e+01   8.4902972e+01   1.7839208e+02   1.8916557e+02   1.5845311e+02   1.6905204e+02
   9.0945343e+01   8.4983914e+01   1.7781634e+02   1.8891351e+02   1.5852200e+02   1.6960385e+02
   9.0397493e+01   8.4660060e+01   1.7710080e+02   1.8822823e+02   1.5803503e+02   1.6875388e+02
   9.0396349e+01   8.4810857e+01   1.7671325e+02   1.8833187e+02   1.5823272e+02   1.6813996e+02
   9.0758474e+01   8.5449503e+01   1.7843378e+02   1.8981908e+02   1.5883899e+02   1.6916466e+02
   9.1012120e+01   8.5721361e+01   1.7832460e+02   1.9004070e+02   1.5908093e+02   1.6929487e+02
   9.0884461e+01   8.5227618e+01   1.7749416e+02   1.8972477e+02   1.5859995e+02   1.6882594e+02
   9.0689586e+01   8.5117643e+01   1.7659087e+02   1.8946144e+02   1.5812512e+02   1.6845862e+02
   9.0220037e+01   8.4948370e+01   1.7628575e+02   1.8900738e+02   1.5809846e+02   1.6839114e+02
   9.0024986e+01   8.4371926e+01   1.7569453e+02   1.8718285e+02   1.5813304e+02   1.6805365e+02
   9.0362565e+01   8.4672025e+01   1.7583688e+02   1.8631546e+02   1.5754304e+02   1.6761709e+02
   8.9499042e+01   8.4182769e+01   1.7614490e+02   1.8554150e+02   1.5793183e+02   1.6798766e+02
   8.9981260e+01   8.4393833e+01   1.7627836e+02   1.8649001e+02   1.5826421e+02   1.6822433e+02
   9.0238425e+01   8.4805227e+01   1.7659667e+02   1.8836143e+02   1.5829290e+02   1.6811189e+02
   8.9509248e+01   8.4312803e+01   1.7636740e+02   1.8733867e+02   1.5820852e+02   1.6785508e+02
   8.9690134e+01   8.4481021e+01   1.7579614e+02   1.8684044e+02   1.5838202e+02   1.6836448e+02
   9.0435324e+01   8.4809538e+01   1.7644693e+02   1.8870015e+02   1.5855156e+02   1.6890125e+02
   8.9480302e+01   8.4841650e+01   1.7628109e+02   1.8868080e+02   1.5872400e+02   1.6905380e+02
   8.9765533e+01   8.4755430e+01   1.7584040e+02   1.8827732e+02   1.5876975e+02   1.6861874e+02
   9.0507907e+01   8.5006877e+01   1.7643162e+02   1.8865124e+02   1.5817025e+02   1.6878643e+02
   8.9534322e+01   8.4105259e+01   1.7653104e+02   1.8780118e+02   1.5815257e+02   1.6887186e+02
   8.9561420e+01   8.3878095e+01   1.7604249e+02   1.8594190e+02   1.5762530e+02   1.6828715e+02
   8.9641393e+01   8.3905896e+01   1.7593902e+02   1.8503183e+02   1.5745339e+02   1.6786300e+02
   8.9142020e+01   8.3683131e+01   1.7583459e+02   1.8525882e+02   1.5820052e+02   1.6836932e+02
   8.9517078e+01   8.3814573e+01   1.7600369e+02   1.8606824e+02   1.5829272e+02   1.6839853e+02
   8.9586230e+01   8.4129453e+01   1.7615774e+02   1.8731377e+02   1.5834252e+02   1.6854801e+02
   9.0072143e+01   8.4902180e+01   1.7710256e+02   1.8846208e+02   1.5904697e+02   1.6934167e+02
   8.9829846e+01   8.4264326e+01   1.7738990e+02   1.8780953e+02   1.5849965e+02   1.6903990e+02
   8.9728406e+01   8.4404038e+01   1.7688586e+02   1.8748322e+02   1.5757304e+02   1.6777422e+02
   8.9602418e+01   8.4548061e+01   1.7702953e+02   1.8829641e+02   1.5811491e+02   1.6846724e+02
   9.0115429e+01   8.4517005e+01   1.7689580e+02   1.8830521e+02   1.5799808e+02   1.6829691e+02
   8.9971758e+01   8.4515773e+01   1.7672864e+02   1.8771478e+02   1.5730207e+02   1.6844877e+02
   8.9941669e+01   8.4675280e+01   1.7673603e+02   1.8766657e+02   1.5823773e+02   1.6872898e+02
   9.0255141e+01   8.4493778e+01   1.7710520e+02   1.8734254e+02   1.5796095e+02   1.6914636e+02
   9.0744045e+01   8.5035382e+01   1.7786323e+02   1.8777804e+02   1.5776950e+02   1.6902240e+02
   9.0239833e+01   8.4608592e+01   1.7771595e+02   1.8871942e+02   1.5846490e+02   1.6904518e+02
   9.0088859e+01   8.4592051e+01   1.7722423e+02   1.8893295e+02   1.5833161e+02   1.6797244e+02
   9.0626064e+01   8.5003797e+01   1.7820037e+02   1.8908287e+02   1.5854135e+02   1.6923557e+02
   9.0627736e+01   8.4586597e+01   1.7825219e+02   1.8837507e+02   1.5827785e+02   1.6960157e+02
   9.0497262e+01   8.4422162e+01   1.7796019e+02   1.8783294e+02   1.5780074e+02   1.6925484e+02
   9.0816277e+01   8.4754462e+01   1.7777305e+02   1.8799825e+02   1.5831111e+02   1.7019658e+02
   8.9873924e+01   8.4583341e+01   1.7820459e+02   1.8870491e+02   1.5858719e+02   1.6961441e+02
   9.0554361e+01   8.4851328e+01   1.7795121e+02   1.8821750e+02   1.5854487e+02   1.6957632e+02
   9.1298143e+01   8.4912914e+01   1.7826592e+02   1.8884409e+02   1.5777082e+02   1.6940388e+02
   9.0473331e+01   8.5025000e+01   1.7786253e+02   1.8859625e+02   1.5831964e+02   1.6920742e+02
   8.9792279e+01   8.4356705e+01   1.7705619e+02   1.8807831e+02   1.5859484e+02   1.6981351e+02
   8.9919674e+01   8.4188576e+01   1.7695642e+02   1.8808350e+02   1.5888113e+02   1.6982636e+02
   9.0287518e+01   8.4490611e+01   1.7725291e+02   1.8773062e+02   1.5829589e+02   1.6929100e+02
   8.9665676e+01   8.4269517e+01   1.7703244e+02   1.8755958e+02   1.5802517e+02   1.6919220e+02
   8.9943868e+01   8.4395856e+01   1.7657828e+02   1.8730858e+02   1.5822383e+02   1.6908073e+02
   8.9522005e+01   8.4305677e+01   1.7636678e+02   1.8658881e+02   1.5796561e+02   1.6818245e+02
   9.0041174e+01   8.4744257e+01   1.7729013e+02   1.8806573e+02   1.5881972e+02   1.6923795e+02
   8.9788320e+01   8.4594427e+01   1.7690267e+02   1.8836750e+02   1.5887647e+02   1.6931871e+02
   9.0232618e+01   8.4531697e+01   1.7696012e+02   1.8861411e+02   1.5896629e+02   1.6873585e+02
   9.0114725e+01   8.4732467e+01   1.7701581e+02   1.8876297e+02   1.5852507e+02   1.6807019e+02
   8.9597843e+01   8.4523691e+01   1.7712446e+02   1.8880626e+02   1.5855508e+02   1.6845888e+02
   8.9474144e+01   8.4052207e+01   1.7649462e+02   1.8709892e+02   1.5807312e+02   1.6864197e+02
   8.9430330e+01   8.4130421e+01   1.7679700e+02   1.8708044e+02   1.5818970e+02   1.6784285e+02
   9.0380688e+01   8.4623108e+01   1.7763211e+02   1.8847229e+02   1.5850088e+02   1.6916888e+02
   8.9939557e+01   8.4138075e+01   1.7812875e+02   1.8870394e+02   1.5847079e+02   1.6939050e+02
   8.9907972e+01   8.4299254e+01   1.7793071e+02   1.8808122e+02   1.5822014e+02   1.6864857e+02
   9.0310392e+01   8.4734227e+01   1.7795077e+02   1.8848012e+02   1.5860039e+02   1.6963843e+02
   8.9960672e+01   8.4283154e+01   1.7747260e+02   1.8797881e+02   1.5854355e+02   1.6903638e+02
   9.0197602e+01   8.4442046e+01   1.7761909e+02   1.8805940e+02   1.5823483e+02   1.6807767e+02
   9.0684131e+01   8.4926111e+01   1.7831589e+02   1.8776669e+02   1.5856871e+02   1.6945860e+02
   9.0858155e+01   8.4820711e+01   1.7832785e+02   1.8773933e+02   1.5848012e+02   1.6967556e+02
   9.1146553e+01   8.4761061e+01   1.7781396e+02   1.8778147e+02   1.5817720e+02   1.6935901e+02
   9.0674893e+01   8.4598210e+01   1.7692633e+02   1.8787499e+02   1.5847721e+02   1.6979125e+02
   9.0676565e+01   8.4750239e+01   1.7659808e+02   1.8707508e+02   1.5863514e+02   1.6924191e+02
   9.1400639e+01   8.4889159e+01   1.7814459e+02   1.8834788e+02   1.5902797e+02   1.6987914e+02
   9.0653250e+01   8.5001510e+01   1.7801165e+02   1.8794775e+02   1.5865238e+02   1.6952696e+02
   9.0640845e+01   8.4752175e+01   1.7691226e+02   1.8703276e+02   1.5870667e+02   1.6901509e+02
   9.0872760e+01   8.4930422e+01   1.7792578e+02   1.8762574e+02   1.5879808e+02   1.7016218e+02
   9.0548818e+01   8.4469495e+01   1.7794180e+02   1.8735987e+02   1.5839196e+02   1.6973635e+02
   9.1500497e+01   8.5177997e+01   1.7775528e+02   1.8730479e+02   1.5833706e+02   1.7004789e+02
   9.1197142e+01   8.4930686e+01   1.7805256e+02   1.8904134e+02   1.5858235e+02   1.7093745e+02
   9.1231542e+01   8.4861622e+01   1.7797831e+02   1.9073636e+02   1.5885737e+02   1.7069991e+02
   9.1414276e+01   8.4701498e+01   1.7745923e+02   1.9102186e+02   1.5884295e+02   1.7080179e+02
