   9.6148176e+01   8.0769420e+01   1.1144129e+02   1.1869501e+02   1.4132947e+02   1.5559216e+02
   9.5886613e+01   8.0637533e+01   1.1091418e+02   1.1837978e+02   1.4072624e+02   1.5543936e+02
   9.5765347e+01   8.0394447e+01   1.1129779e+02   1.1954188e+02   1.4091567e+02   1.5611529e+02
   9.6409186e+01   8.0900091e+01   1.1185621e+02   1.2062520e+02   1.4023919e+02   1.5672969e+02
   9.6801530e+01   8.1547359e+01   1.1257407e+02   1.2205140e+02   1.4078090e+02   1.5737630e+02
   9.6613988e+01   8.1353068e+01   1.1264853e+02   1.2162608e+02   1.4086886e+02   1.5673622e+02
   9.6664884e+01   8.1410160e+01   1.1241087e+02   1.2153336e+02   1.4039354e+02   1.5681002e+02
   9.6457980e+01   8.0997015e+01   1.1279845e+02   1.2199032e+02   1.4110365e+02   1.5709205e+02
   9.6536537e+01   8.1224168e+01   1.1284116e+02   1.2166437e+02   1.4080557e+02   1.5652877e+02
   9.6478670e+01   8.0861587e+01   1.1241939e+02   1.2109134e+02   1.4070965e+02   1.5639632e+02
   9.6821224e+01   8.1154351e+01   1.1305559e+02   1.2188687e+02   1.4109524e+02   1.5730018e+02
   9.6836493e+01   8.1595932e+01   1.1308712e+02   1.2190944e+02   1.4123144e+02   1.5673412e+02
   9.6414939e+01   8.1156121e+01   1.1285566e+02   1.2116071e+02   1.4067690e+02   1.5660754e+02
   9.6666544e+01   8.1394891e+01   1.1294318e+02   1.2155195e+02   1.4068431e+02   1.5690971e+02
   9.6600489e+01   8.1707461e+01   1.1331018e+02   1.2156335e+02   1.4097320e+02   1.5678491e+02
   9.6614430e+01   8.0987279e+01   1.1227798e+02   1.2146676e+02   1.4090217e+02   1.5625094e+02
   9.6379312e+01   8.1577786e+01   1.1274147e+02   1.2111944e+02   1.4073011e+02   1.5674153e+02
   9.6764132e+01   8.1398100e+01   1.1290434e+02   1.2202761e+02   1.4097364e+02   1.5724917e+02
   9.6483870e+01   8.1773405e+01   1.1305980e+02   1.2102827e+02   1.4067844e+02   1.5603806e+02
   9.6395466e+01   8.1273515e+01   1.1319810e+02   1.2052827e+02   1.4105253e+02   1.5650907e+02
   9.5835164e+01   8.0974886e+01   1.1265672e+02   1.2016027e+02   1.4073764e+02   1.5612171e+02
   9.5903431e+01   8.0765437e+01   1.1178141e+02   1.2037636e+02   1.4039055e+02   1.5621996e+02
   9.6357293e+01   8.1042933e+01   1.1263027e+02   1.2024436e+02   1.4076873e+02   1.5676045e+02
   9.6008211e+01   8.1237113e+01   1.1243355e+02   1.2074945e+02   1.4081498e+02   1.5686501e+02
   9.6597834e+01   8.1548023e+01   1.1224667e+02   1.2103314e+02   1.4101159e+02   1.5696869e+02
   9.6703720e+01   8.1864022e+01   1.1259199e+02   1.2096299e+02   1.4094045e+02   1.5742753e+02
   9.6577475e+01   8.1686549e+01   1.1314167e+02   1.2168649e+02   1.4162323e+02   1.5755123e+02
   9.7167098e+01   8.1709895e+01   1.1319722e+02   1.2191343e+02   1.4072348e+02   1.5745552e+02
   9.7456764e+01   8.2106997e+01   1.1397637e+02   1.2220165e+02   1.4124140e+02   1.5784454e+02
   9.7059441e+01   8.2121049e+01   1.1383176e+02   1.2313992e+02   1.4099422e+02   1.5755267e+02
   9.7021822e+01   8.1981416e+01   1.1321868e+02   1.2166580e+02   1.4095727e+02   1.5694379e+02
   9.6750080e+01   8.2082876e+01   1.1286595e+02   1.2101300e+02   1.4143226e+02   1.5738637e+02
   9.6703831e+01   8.1690643e+01   1.1260206e+02   1.2170575e+02   1.4139033e+02   1.5721852e+02
   9.6650058e+01   8.1840013e+01   1.1270905e+02   1.2134483e+02   1.4093647e+02   1.5738238e+02
   9.6370792e+01   8.2179026e+01   1.1311080e+02   1.2159588e+02   1.4088148e+02   1.5775050e+02
   9.6715448e+01   8.1977986e+01   1.1320894e+02   1.2179736e+02   1.4106968e+02   1.5715291e+02
   9.6629699e+01   8.2062961e+01   1.1313902e+02   1.2119236e+02   1.4111626e+02   1.5752157e+02
   9.6968713e+01   8.2430631e+01   1.1334315e+02   1.2256379e+02   1.4126021e+02   1.5762469e+02
   9.6749416e+01   8.1781039e+01   1.1331483e+02   1.2167709e+02   1.4088347e+02   1.5699989e+02
   9.6411841e+01   8.2117066e+01   1.1336373e+02   1.2157795e+02   1.4117988e+02   1.5690927e+02
   9.6331845e+01   8.2251941e+01   1.1355249e+02   1.2131550e+02   1.4114769e+02   1.5633647e+02
   9.6566190e+01   8.2036295e+01   1.1261423e+02   1.2073429e+02   1.4106548e+02   1.5653186e+02
   9.6658356e+01   8.2002660e+01   1.1320087e+02   1.2166680e+02   1.4117822e+02   1.5720613e+02
   9.6909961e+01   8.2254043e+01   1.1295225e+02   1.2203502e+02   1.4129363e+02   1.5717083e+02
   9.6486415e+01   8.2246851e+01   1.1314178e+02   1.2138178e+02   1.4118165e+02   1.5693184e+02
   9.5970924e+01   8.1781371e+01   1.1294970e+02   1.2137901e+02   1.4135647e+02   1.5702224e+02
   9.6477010e+01   8.2166855e+01   1.1252118e+02   1.2191398e+02   1.4110819e+02   1.5719960e+02
   9.6985531e+01   8.2548909e+01   1.1341054e+02   1.2199110e+02   1.4149710e+02   1.5714140e+02
   9.6720538e+01   8.1895335e+01   1.1275807e+02   1.2211546e+02   1.4097453e+02   1.5663045e+02
   9.6548155e+01   8.2132777e+01   1.1330266e+02   1.2244374e+02   1.4116284e+02   1.5697256e+02
   9.6324100e+01   8.1915251e+01   1.1252616e+02   1.2152761e+02   1.4067944e+02   1.5726809e+02
   9.6207924e+01   8.1649926e+01   1.1297725e+02   1.2250382e+02   1.4134983e+02   1.5746127e+02
   9.7074710e+01   8.2423992e+01   1.1270806e+02   1.2237891e+02   1.4066262e+02   1.5688382e+02
   9.6492722e+01   8.1920230e+01   1.1324999e+02   1.2191829e+02   1.4133999e+02   1.5746315e+02
   9.6966721e+01   8.1822752e+01   1.1220230e+02   1.2185910e+02   1.4104910e+02   1.5704592e+02
   9.6267672e+01   8.1625806e+01   1.1238442e+02   1.2188322e+02   1.4106481e+02   1.5718931e+02
   9.6263799e+01   8.1817773e+01   1.1205161e+02   1.2150825e+02   1.4088435e+02   1.5676422e+02
   9.6966168e+01   8.2207130e+01   1.1252638e+02   1.2192206e+02   1.4093071e+02   1.5738681e+02
   9.6741671e+01   8.1875861e+01   1.1290445e+02   1.2202274e+02   1.4157599e+02   1.5747721e+02
   9.6667982e+01   8.1972675e+01   1.1276935e+02   1.2207840e+02   1.4092618e+02   1.5745696e+02
   9.6392257e+01   8.2194959e+01   1.1310925e+02   1.2241531e+02   1.4136942e+02   1.5763443e+02
   9.6393363e+01   8.2281261e+01   1.1220252e+02   1.2125465e+02   1.4121153e+02   1.5714649e+02
   9.6675838e+01   8.2441585e+01   1.1314731e+02   1.2120110e+02   1.4112401e+02   1.5755344e+02
   9.6518834e+01   8.1869776e+01   1.1299529e+02   1.2136463e+02   1.4162877e+02   1.5739101e+02
   9.6692545e+01   8.2061301e+01   1.1304574e+02   1.2098025e+02   1.4113253e+02   1.5712514e+02
   9.6761366e+01   8.2458624e+01   1.1340534e+02   1.2143898e+02   1.4117291e+02   1.5748473e+02
   9.6739458e+01   8.2456079e+01   1.1315351e+02   1.2122013e+02   1.4118929e+02   1.5683968e+02
   9.6703720e+01   8.2588077e+01   1.1330000e+02   1.2119955e+02   1.4083379e+02   1.5739378e+02
   9.6188782e+01   8.2379071e+01   1.1334371e+02   1.2198424e+02   1.4111106e+02   1.5775138e+02
   9.6325871e+01   8.3027666e+01   1.1328407e+02   1.2202728e+02   1.4124439e+02   1.5703231e+02
   9.5834611e+01   8.1544482e+01   1.1313050e+02   1.2210230e+02   1.4193702e+02   1.5767603e+02
   9.6554572e+01   8.2955637e+01   1.1293499e+02   1.2233100e+02   1.4159679e+02   1.5792078e+02
   9.5825317e+01   8.2088409e+01   1.1164776e+02   1.2210362e+02   1.4133213e+02   1.5691989e+02
   9.6616201e+01   8.2789450e+01   1.1176736e+02   1.2193489e+02   1.4055242e+02   1.5720237e+02
   9.6203609e+01   8.2405293e+01   1.1215661e+02   1.2248003e+02   1.4085304e+02   1.5685505e+02
   9.6631801e+01   8.2874092e+01   1.1215871e+02   1.2247771e+02   1.4084441e+02   1.5732939e+02
   9.6838485e+01   8.3213881e+01   1.1275718e+02   1.2317698e+02   1.4128500e+02   1.5769794e+02
   9.6559993e+01   8.2476880e+01   1.1256688e+02   1.2253536e+02   1.4178090e+02   1.5784410e+02
   9.6757714e+01   8.2517929e+01   1.1244495e+02   1.2180289e+02   1.4151392e+02   1.5760920e+02
   9.6890155e+01   8.2902528e+01   1.1287900e+02   1.2210750e+02   1.4153837e+02   1.5804802e+02
   9.6791018e+01   8.2682236e+01   1.1316236e+02   1.2249021e+02   1.4169914e+02   1.5727340e+02
   9.6609673e+01   8.2383607e+01   1.1284658e+02   1.2269634e+02   1.4152233e+02   1.5673501e+02
   9.6868248e+01   8.3209787e+01   1.1322731e+02   1.2280754e+02   1.4155674e+02   1.5716585e+02
   9.6703167e+01   8.2866901e+01   1.1286893e+02   1.2239694e+02   1.4110011e+02   1.5686811e+02
   9.6817794e+01   8.2832048e+01   1.1303070e+02   1.2267145e+02   1.4102354e+02   1.5685815e+02
   9.7211134e+01   8.3544264e+01   1.1347062e+02   1.2336187e+02   1.4151801e+02   1.5759239e+02
   9.7261920e+01   8.3402086e+01   1.1302771e+02   1.2288499e+02   1.4155309e+02   1.5708376e+02
   9.6951342e+01   8.3530876e+01   1.1271038e+02   1.2233775e+02   1.4109568e+02   1.5714992e+02
   9.6217771e+01   8.2729591e+01   1.1285743e+02   1.2142980e+02   1.4157776e+02   1.5728623e+02
   9.6373890e+01   8.2673827e+01   1.1218051e+02   1.2146554e+02   1.4135415e+02   1.5667957e+02
   9.6658799e+01   8.2888697e+01   1.1269688e+02   1.2240734e+02   1.4149843e+02   1.5737840e+02
   9.6350102e+01   8.3043267e+01   1.1238553e+02   1.2171703e+02   1.4177050e+02   1.5694988e+02
   9.6751629e+01   8.3239661e+01   1.1249297e+02   1.2248612e+02   1.4176530e+02   1.5735561e+02
   9.6591748e+01   8.3031207e+01   1.1309188e+02   1.2269778e+02   1.4175877e+02   1.5797400e+02
   9.6939503e+01   8.3362144e+01   1.1263393e+02   1.2263261e+02   1.4183844e+02   1.5728081e+02
   9.6489513e+01   8.2745856e+01   1.1283773e+02   1.2276539e+02   1.4119294e+02   1.5724618e+02
   9.7172187e+01   8.3509743e+01   1.1321370e+02   1.2311679e+02   1.4140593e+02   1.5805167e+02
   9.7096285e+01   8.3552230e+01   1.1354121e+02   1.2331661e+02   1.4186234e+02   1.5824419e+02
   9.6898564e+01   8.3422002e+01   1.1328717e+02   1.2381938e+02   1.4150230e+02   1.5783326e+02
   9.6576037e+01   8.3615519e+01   1.1361279e+02   1.2350526e+02   1.4131409e+02   1.5729110e+02
   9.6323658e+01   8.3678475e+01   1.1318394e+02   1.2323717e+02   1.4189099e+02   1.5732064e+02
   9.6791682e+01   8.3467809e+01   1.1236927e+02   1.2273861e+02   1.4125247e+02   1.5684355e+02
   9.6810049e+01   8.3548468e+01   1.1235200e+02   1.2274680e+02   1.4114459e+02   1.5713067e+02
   9.6467274e+01   8.3111424e+01   1.1243233e+02   1.2227413e+02   1.4132693e+02   1.5728966e+02
   9.6299759e+01   8.3373872e+01   1.1241894e+02   1.2172433e+02   1.4110619e+02   1.5689356e+02
   9.6333505e+01   8.3245857e+01   1.1209321e+02   1.2240446e+02   1.4090217e+02   1.5663122e+02
   9.5642643e+01   8.2805825e+01   1.1236229e+02   1.2162055e+02   1.4135846e+02   1.5734443e+02
   9.6643972e+01   8.3511513e+01   1.1274369e+02   1.2217167e+02   1.4138391e+02   1.5756694e+02
   9.6855524e+01   8.4200937e+01   1.1332678e+02   1.2289572e+02   1.4117380e+02   1.5794014e+02
   9.7186128e+01   8.4225168e+01   1.1353556e+02   1.2286220e+02   1.4143127e+02   1.5801947e+02
   9.6576258e+01   8.3847650e+01   1.1273207e+02   1.2190457e+02   1.4141345e+02   1.5718101e+02
   9.6365370e+01   8.3419679e+01   1.1286451e+02   1.2230843e+02   1.4083091e+02   1.5735140e+02
   9.6564419e+01   8.3481639e+01   1.1301974e+02   1.2320508e+02   1.4153262e+02   1.5725702e+02
   9.6427663e+01   8.3720299e+01   1.1251930e+02   1.2229847e+02   1.4160376e+02   1.5680504e+02
   9.6317019e+01   8.3527888e+01   1.1273649e+02   1.2231274e+02   1.4111837e+02   1.5659869e+02
   9.5944480e+01   8.3296532e+01   1.1267376e+02   1.2216426e+02   1.4125888e+02   1.5678325e+02
   9.6640432e+01   8.3792660e+01   1.1249031e+02   1.2239251e+02   1.4100385e+02   1.5695253e+02
   9.6494271e+01   8.3593390e+01   1.1266280e+02   1.2290004e+02   1.4091821e+02   1.5713642e+02
   9.6605247e+01   8.3676926e+01   1.1271492e+02   1.2335833e+02   1.4151104e+02   1.5747057e+02
   9.6961078e+01   8.4050903e+01   1.1284924e+02   1.2229161e+02   1.4131221e+02   1.5686745e+02
   9.6712018e+01   8.3594939e+01   1.1299031e+02   1.2276616e+02   1.4086532e+02   1.5693262e+02
   9.6557781e+01   8.3409057e+01   1.1283895e+02   1.2242870e+02   1.4078721e+02   1.5690031e+02
   9.6316798e+01   8.3150813e+01   1.1209487e+02   1.2234261e+02   1.4102708e+02   1.5655930e+02
   9.6465614e+01   8.3636209e+01   1.1291009e+02   1.2338953e+02   1.4099467e+02   1.5677163e+02
   9.6153819e+01   8.3405516e+01   1.1326725e+02   1.2239296e+02   1.4142076e+02   1.5684908e+02
   9.6395244e+01   8.3325299e+01   1.1285267e+02   1.2264423e+02   1.4096048e+02   1.5732607e+02
   9.6673293e+01   8.3388698e+01   1.1334504e+02   1.2251976e+02   1.4086632e+02   1.5762702e+02
   9.6628040e+01   8.3566946e+01   1.1314897e+02   1.2253491e+02   1.4124018e+02   1.5724353e+02
   9.7291462e+01   8.4007752e+01   1.1292879e+02   1.2327601e+02   1.4128986e+02   1.5722660e+02
   9.6840255e+01   8.4046699e+01   1.1361324e+02   1.2301389e+02   1.4158783e+02   1.5783835e+02
   9.7369798e+01   8.4576463e+01   1.1351908e+02   1.2277833e+02   1.4143746e+02   1.5769241e+02
   9.7535100e+01   8.4141742e+01   1.1353667e+02   1.2328984e+02   1.4198471e+02   1.5816121e+02
   9.6533107e+01   8.3691420e+01   1.1329569e+02   1.2256612e+02   1.4126707e+02   1.5760013e+02
   9.6070393e+01   8.3648491e+01   1.1270817e+02   1.2197926e+02   1.4155663e+02   1.5720137e+02
   9.6516289e+01   8.3703591e+01   1.1233098e+02   1.2206899e+02   1.4137296e+02   1.5681600e+02
   9.6551695e+01   8.3566614e+01   1.1280731e+02   1.2225786e+02   1.4140527e+02   1.5783492e+02
   9.6155368e+01   8.3717090e+01   1.1286805e+02   1.2206611e+02   1.4115554e+02   1.5699701e+02
   9.6739679e+01   8.3949774e+01   1.1250945e+02   1.2238068e+02   1.4121872e+02   1.5722350e+02
   9.6518613e+01   8.3965707e+01   1.1320330e+02   1.2216492e+02   1.4152852e+02   1.5812868e+02
   9.7134900e+01   8.4574914e+01   1.1310682e+02   1.2190900e+02   1.4124284e+02   1.5745231e+02
   9.6629035e+01   8.4570820e+01   1.1331627e+02   1.2228829e+02   1.4116672e+02   1.5728524e+02
   9.6877653e+01   8.4508306e+01   1.1332103e+02   1.2195116e+02   1.4207190e+02   1.5764362e+02
   9.6738130e+01   8.4047805e+01   1.1360627e+02   1.2274115e+02   1.4191478e+02   1.5793162e+02
   9.6873559e+01   8.4799300e+01   1.1366292e+02   1.2348590e+02   1.4128699e+02   1.5831633e+02
   9.6945035e+01   8.5040615e+01   1.1384127e+02   1.2348369e+02   1.4157024e+02   1.5810246e+02
   9.6810492e+01   8.4895007e+01   1.1357341e+02   1.2335180e+02   1.4136565e+02   1.5726034e+02
   9.7025031e+01   8.4993591e+01   1.1368648e+02   1.2298048e+02   1.4093204e+02   1.5724895e+02
   9.6641206e+01   8.5252830e+01   1.1379160e+02   1.2332934e+02   1.4137937e+02   1.5772162e+02
   9.6256718e+01   8.4625921e+01   1.1275464e+02   1.2178419e+02   1.4145118e+02   1.5720270e+02
   9.6117306e+01   8.4444022e+01   1.1290224e+02   1.2173075e+02   1.4106957e+02   1.5676134e+02
   9.5850101e+01   8.4325743e+01   1.1289881e+02   1.2212874e+02   1.4097696e+02   1.5718245e+02
   9.6298873e+01   8.4642185e+01   1.1268526e+02   1.2191962e+02   1.4066517e+02   1.5701814e+02
   9.6509208e+01   8.5035857e+01   1.1310051e+02   1.2300836e+02   1.4072923e+02   1.5722051e+02
   9.6706818e+01   8.4843557e+01   1.1345845e+02   1.2360794e+02   1.4122934e+02   1.5849580e+02
   9.6863822e+01   8.5359380e+01   1.1392592e+02   1.2373009e+02   1.4157665e+02   1.5800155e+02
   9.7102260e+01   8.5355397e+01   1.1392094e+02   1.2298867e+02   1.4149964e+02   1.5763897e+02
   9.6924123e+01   8.5376973e+01   1.1372963e+02   1.2267643e+02   1.4144222e+02   1.5796150e+02
   9.6304737e+01   8.4900539e+01   1.1322919e+02   1.2217809e+02   1.4131376e+02   1.5730704e+02
   9.5917594e+01   8.4518817e+01   1.1301012e+02   1.2206645e+02   1.4111272e+02   1.5746094e+02
   9.6034545e+01   8.4860375e+01   1.1337690e+02   1.2225399e+02   1.4120257e+02   1.5747455e+02
   9.5624498e+01   8.4928864e+01   1.1293222e+02   1.2165762e+02   1.4075822e+02   1.5732994e+02
   9.6327309e+01   8.5235459e+01   1.1254729e+02   1.2274469e+02   1.4129075e+02   1.5765756e+02
   9.6480551e+01   8.5201712e+01   1.1295236e+02   1.2312011e+02   1.4097873e+02   1.5771244e+02
   9.6638440e+01   8.5223288e+01   1.1279679e+02   1.2165197e+02   1.4122193e+02   1.5740186e+02
   9.6215116e+01   8.5596933e+01   1.1300182e+02   1.2258127e+02   1.4137960e+02   1.5814848e+02
   9.6099603e+01   8.4963274e+01   1.1300082e+02   1.2250371e+02   1.4130392e+02   1.5809715e+02
   9.5482762e+01   8.4729262e+01   1.1207307e+02   1.2122544e+02   1.4118221e+02   1.5697234e+02
   9.5256053e+01   8.4415697e+01   1.1174014e+02   1.2136175e+02   1.4120522e+02   1.5717116e+02
   9.5153486e+01   8.4774184e+01   1.1181494e+02   1.2058769e+02   1.4129993e+02   1.5687276e+02
   9.6038749e+01   8.4970134e+01   1.1184149e+02   1.2027390e+02   1.4174893e+02   1.5749568e+02
   9.5364816e+01   8.4984297e+01   1.1205548e+02   1.2059831e+02   1.4158539e+02   1.5711629e+02
   9.5253397e+01   8.4272413e+01   1.1201653e+02   1.2001400e+02   1.4150916e+02   1.5682894e+02
   9.5623059e+01   8.5175269e+01   1.1234935e+02   1.1976947e+02   1.4118907e+02   1.5692388e+02
   9.5493827e+01   8.5506758e+01   1.1325586e+02   1.2085866e+02   1.4150164e+02   1.5689975e+02
   9.5331512e+01   8.4760132e+01   1.1217188e+02   1.2015972e+02   1.4162478e+02   1.5688382e+02
   9.5850654e+01   8.5023354e+01   1.1253523e+02   1.2049530e+02   1.4184873e+02   1.5765579e+02
   9.5800311e+01   8.5701713e+01   1.1332335e+02   1.2192759e+02   1.4164702e+02   1.5776997e+02
   9.5353420e+01   8.4994808e+01   1.1345457e+02   1.2096919e+02   1.4124361e+02   1.5740086e+02
   9.5274530e+01   8.5161770e+01   1.1310383e+02   1.2100382e+02   1.4130823e+02   1.5728712e+02
   9.5442931e+01   8.6219638e+01   1.1410107e+02   1.2150449e+02   1.4128212e+02   1.5818267e+02
   9.5711906e+01   8.5489055e+01   1.1350813e+02   1.2080322e+02   1.4148714e+02   1.5799602e+02
   9.5190219e+01   8.5762567e+01   1.1270972e+02   1.2053115e+02   1.4119991e+02   1.5748285e+02
   9.5075039e+01   8.5477659e+01   1.1238841e+02   1.2086408e+02   1.4143093e+02   1.5758110e+02
   9.4916486e+01   8.5036631e+01   1.1162308e+02   1.2013792e+02   1.4105165e+02   1.5664749e+02
   9.4972472e+01   8.5001336e+01   1.1217420e+02   1.2123485e+02   1.4088247e+02   1.5695375e+02
   9.4820779e+01   8.4747186e+01   1.1222842e+02   1.1967974e+02   1.4123454e+02   1.5688050e+02
   9.4318565e+01   8.5130458e+01   1.1179215e+02   1.1899098e+02   1.4101071e+02   1.5677771e+02
   9.4170413e+01   8.4783588e+01   1.1228440e+02   1.1927766e+02   1.4094642e+02   1.5767637e+02
   9.4781500e+01   8.5170068e+01   1.1252561e+02   1.1898268e+02   1.4189420e+02   1.5836413e+02
   9.5050144e+01   8.5794101e+01   1.1313990e+02   1.2073197e+02   1.4205109e+02   1.5830527e+02
   9.5038305e+01   8.5963055e+01   1.1349075e+02   1.2051145e+02   1.4238115e+02   1.5918290e+02
   9.4975902e+01   8.5662545e+01   1.1303601e+02   1.2012852e+02   1.4239918e+02   1.5906816e+02
   9.5240341e+01   8.6117292e+01   1.1342735e+02   1.1973374e+02   1.4227570e+02   1.5931622e+02
   9.4639212e+01   8.6236014e+01   1.1416236e+02   1.2064201e+02   1.4217446e+02   1.5893948e+02
   9.4869020e+01   8.6491380e+01   1.1462840e+02   1.2174137e+02   1.4190184e+02   1.5832983e+02
   9.4680482e+01   8.6652589e+01   1.1372266e+02   1.2119546e+02   1.4149234e+02   1.5801826e+02
   9.4264903e+01   8.6973899e+01   1.1363238e+02   1.2144662e+02   1.4130425e+02   1.5838128e+02
   9.4156029e+01   8.5792220e+01   1.1289693e+02   1.2040501e+02   1.4208672e+02   1.5821808e+02
   9.4147509e+01   8.6277837e+01   1.1278175e+02   1.2033431e+02   1.4218365e+02   1.5756915e+02
   9.4402876e+01   8.7120945e+01   1.1341518e+02   1.2135899e+02   1.4180746e+02   1.5782231e+02
   9.4384177e+01   8.7090075e+01   1.1328263e+02   1.2069800e+02   1.4206083e+02   1.5781943e+02
   9.4028567e+01   8.7360158e+01   1.1347670e+02   1.2037426e+02   1.4217225e+02   1.5819816e+02
   9.4155255e+01   8.7829952e+01   1.1397504e+02   1.2068638e+02   1.4280690e+02   1.5894733e+02
   9.4176388e+01   8.7675161e+01   1.1398102e+02   1.2037835e+02   1.4331388e+02   1.5961784e+02
   9.4207368e+01   8.8023690e+01   1.1393222e+02   1.2062929e+02   1.4305010e+02   1.5992731e+02
   9.3960963e+01   8.7912382e+01   1.1403302e+02   1.2179990e+02   1.4310863e+02   1.6036402e+02
   9.4881080e+01   8.7807492e+01   1.1387414e+02   1.2089218e+02   1.4300595e+02   1.5995209e+02
   9.4223633e+01   8.7978769e+01   1.1422853e+02   1.2156335e+02   1.4216251e+02   1.5901936e+02
   9.3532660e+01   8.7899990e+01   1.1445402e+02   1.2065098e+02   1.4212943e+02   1.5892487e+02
   9.2692761e+01   8.8122717e+01   1.1363437e+02   1.2039860e+02   1.4188269e+02   1.5824463e+02
   9.2752509e+01   8.7835153e+01   1.1328075e+02   1.1974923e+02   1.4260321e+02   1.5933514e+02
   9.3571939e+01   8.8882842e+01   1.1333486e+02   1.2032635e+02   1.4321894e+02   1.5925769e+02
   9.3756604e+01   8.8628250e+01   1.1392039e+02   1.2028751e+02   1.4312213e+02   1.5957325e+02
   9.3865367e+01   8.9925994e+01   1.1414378e+02   1.2165042e+02   1.4272879e+02   1.5929896e+02
   9.4002012e+01   8.8888263e+01   1.1341906e+02   1.2008846e+02   1.4229650e+02   1.5866608e+02
   9.3953108e+01   8.9818227e+01   1.1349540e+02   1.2061480e+02   1.4148316e+02   1.5873191e+02
   9.4062535e+01   8.8702492e+01   1.1351764e+02   1.1969866e+02   1.4176353e+02   1.5876776e+02
   9.3066406e+01   8.8540620e+01   1.1339560e+02   1.1918904e+02   1.4142573e+02   1.5809869e+02
   9.2642418e+01   8.8214109e+01   1.1365451e+02   1.2040645e+02   1.4184851e+02   1.5860644e+02
   9.3197962e+01   8.8899881e+01   1.1337192e+02   1.2036994e+02   1.4234651e+02   1.5818655e+02
   9.2956204e+01   8.8882289e+01   1.1323174e+02   1.2047970e+02   1.4215776e+02   1.5781213e+02
   9.3148946e+01   8.8560867e+01   1.1348932e+02   1.2065662e+02   1.4264492e+02   1.5864395e+02
   9.3217988e+01   8.9022253e+01   1.1284603e+02   1.2098047e+02   1.4283457e+02   1.5873700e+02
   9.3456537e+01   8.9397116e+01   1.1333065e+02   1.2096078e+02   1.4272768e+02   1.5942355e+02
   9.4148727e+01   8.9926216e+01   1.1380155e+02   1.2256235e+02   1.4374826e+02   1.6049359e+02
   9.4345562e+01   8.9599484e+01   1.1401200e+02   1.2180190e+02   1.4396170e+02   1.6092941e+02
   9.4458973e+01   9.0098820e+01   1.1480576e+02   1.2298413e+02   1.4353439e+02   1.6055322e+02
   9.4881412e+01   8.9773305e+01   1.1441198e+02   1.2223595e+02   1.4326552e+02   1.6016564e+02
   9.4344677e+01   9.0427212e+01   1.1433696e+02   1.2231285e+02   1.4292474e+02   1.5980184e+02
   9.4349435e+01   9.0094063e+01   1.1453712e+02   1.2258647e+02   1.4318044e+02   1.6038438e+02
   9.4727616e+01   9.0438608e+01   1.1327511e+02   1.2135799e+02   1.4311582e+02   1.5984466e+02
   9.4041512e+01   9.0141640e+01   1.1341961e+02   1.2152982e+02   1.4242009e+02   1.5954470e+02
   9.3205486e+01   8.8862594e+01   1.1339128e+02   1.2113438e+02   1.4291346e+02   1.5941337e+02
   9.4242331e+01   9.0312253e+01   1.1322764e+02   1.2175310e+02   1.4384607e+02   1.5893594e+02
   9.6754063e+01   9.0513072e+01   1.1361390e+02   1.2214213e+02   1.4397442e+02   1.6054083e+02
   9.7410515e+01   9.0657684e+01   1.1389140e+02   1.2415895e+02   1.4336400e+02   1.6062747e+02
   9.6841693e+01   9.0742658e+01   1.1382058e+02   1.2346742e+02   1.4232262e+02   1.6018057e+02
   9.6397789e+01   8.9917364e+01   1.1363935e+02   1.2326384e+02   1.4174107e+02   1.5944258e+02
   9.5816465e+01   8.9930973e+01   1.1213050e+02   1.2132956e+02   1.4101292e+02   1.5795630e+02
   9.5461076e+01   8.9968039e+01   1.1244849e+02   1.2158625e+02   1.4096214e+02   1.5851084e+02
   9.5404758e+01   8.9460625e+01   1.1215085e+02   1.2127412e+02   1.4100130e+02   1.5767626e+02
   9.5459417e+01   9.0474900e+01   1.1189029e+02   1.2052462e+02   1.4047265e+02   1.5766187e+02
   9.5441824e+01   9.0104906e+01   1.1199639e+02   1.2076527e+02   1.4094952e+02   1.5757148e+02
   9.5238903e+01   8.9125706e+01   1.1106057e+02   1.2031805e+02   1.4099765e+02   1.5659327e+02
   9.4965501e+01   8.9904751e+01   1.1158225e+02   1.2148424e+02   1.4108329e+02   1.5728137e+02
   9.4909958e+01   8.9634668e+01   1.1173627e+02   1.2106932e+02   1.4150042e+02   1.5722903e+02
   9.5130361e+01   9.0931307e+01   1.1217542e+02   1.2115341e+02   1.4156813e+02   1.5705112e+02
   9.4940385e+01   9.0455094e+01   1.1220584e+02   1.2233044e+02   1.4177183e+02   1.5783879e+02
   9.5424896e+01   9.0658680e+01   1.1298976e+02   1.2251976e+02   1.4211737e+02   1.5809880e+02
   9.5352313e+01   9.0726062e+01   1.1323052e+02   1.2243567e+02   1.4207267e+02   1.5763720e+02
   9.5601152e+01   9.1041619e+01   1.1400215e+02   1.2287116e+02   1.4262744e+02   1.5830682e+02
   9.5747423e+01   9.1282270e+01   1.1394439e+02   1.2338909e+02   1.4310952e+02   1.5821277e+02
   9.5906640e+01   9.0720308e+01   1.1378053e+02   1.2283819e+02   1.4265444e+02   1.5814848e+02
   9.6020714e+01   9.0987846e+01   1.1362718e+02   1.2259898e+02   1.4300562e+02   1.5864196e+02
   9.6175948e+01   9.1438278e+01   1.1387723e+02   1.2254067e+02   1.4329285e+02   1.5846858e+02
   9.6151385e+01   9.1416149e+01   1.1382634e+02   1.2275521e+02   1.4277095e+02   1.5831722e+02
   9.6494050e+01   9.1799199e+01   1.1413315e+02   1.2343755e+02   1.4315455e+02   1.5875769e+02
   9.6679489e+01   9.1641974e+01   1.1422101e+02   1.2363494e+02   1.4234751e+02   1.5840463e+02
   9.5795885e+01   9.1755495e+01   1.1412508e+02   1.2212985e+02   1.4270843e+02   1.5861950e+02
   9.5912836e+01   9.1747860e+01   1.1443079e+02   1.2305052e+02   1.4348958e+02   1.5948905e+02
   9.6204051e+01   9.1233144e+01   1.1421437e+02   1.2198357e+02   1.4398438e+02   1.5927019e+02
   9.5488848e+01   9.1582890e+01   1.1427057e+02   1.2245514e+02   1.4307079e+02   1.5947046e+02
   9.5843794e+01   9.1130023e+01   1.1373306e+02   1.2117797e+02   1.4375690e+02   1.5949890e+02
   9.5845454e+01   9.1622390e+01   1.1303202e+02   1.2057021e+02   1.4331410e+02   1.5915911e+02
   9.5600045e+01   9.1293224e+01   1.1380343e+02   1.2188798e+02   1.4337650e+02   1.5996017e+02
   9.5861719e+01   9.2318230e+01   1.1380941e+02   1.2284494e+02   1.4343094e+02   1.5911684e+02
   9.5196194e+01   9.1754388e+01   1.1382578e+02   1.2316603e+02   1.4284674e+02   1.5857336e+02
   9.5869242e+01   9.1915265e+01   1.1381273e+02   1.2323064e+02   1.4375391e+02   1.5906594e+02
   9.5901772e+01   9.2157133e+01   1.1338697e+02   1.2179957e+02   1.4323388e+02   1.5850365e+02
   9.5993606e+01   9.1296432e+01   1.1356312e+02   1.2337758e+02   1.4349456e+02   1.5885218e+02
   9.5811707e+01   9.1705483e+01   1.1390346e+02   1.2220885e+02   1.4426486e+02   1.5914583e+02
   9.5537642e+01   9.1237901e+01   1.1310018e+02   1.2318174e+02   1.4377570e+02   1.5926223e+02
   9.5670747e+01   9.1036972e+01   1.1392968e+02   1.2222389e+02   1.4415134e+02   1.5898119e+02
   9.5613544e+01   9.1415375e+01   1.1351709e+02   1.2303469e+02   1.4365333e+02   1.5893151e+02
   9.6026578e+01   9.2111990e+01   1.1384614e+02   1.2277457e+02   1.4453373e+02   1.5893572e+02
   9.4962625e+01   9.1247528e+01   1.1335212e+02   1.2284704e+02   1.4366462e+02   1.5902147e+02
   9.5080903e+01   9.1249630e+01   1.1324756e+02   1.2249165e+02   1.4396037e+02   1.5916530e+02
   9.5388936e+01   9.1178375e+01   1.1335400e+02   1.2321073e+02   1.4336212e+02   1.5895110e+02
   9.5029454e+01   9.1220973e+01   1.1372665e+02   1.2323452e+02   1.4290759e+02   1.5858498e+02
   9.5351760e+01   9.1298424e+01   1.1433021e+02   1.2462576e+02   1.4291434e+02   1.5900675e+02
   9.4939279e+01   9.1143190e+01   1.1376947e+02   1.2311104e+02   1.4277703e+02   1.5843915e+02
   9.4442155e+01   9.0751621e+01   1.1368969e+02   1.2199663e+02   1.4245627e+02   1.5796316e+02
   9.4794999e+01   9.0948235e+01   1.1247139e+02   1.2150072e+02   1.4300053e+02   1.5754857e+02
   9.3933302e+01   9.0164875e+01   1.1210604e+02   1.2127235e+02   1.4314039e+02   1.5811983e+02
   9.4311595e+01   9.0149495e+01   1.1212043e+02   1.2085998e+02   1.4415986e+02   1.5881146e+02
   9.4031444e+01   9.0786695e+01   1.1193089e+02   1.2093146e+02   1.4411494e+02   1.5897134e+02
   9.3935515e+01   9.0088862e+01   1.1226449e+02   1.2100592e+02   1.4425524e+02   1.5911562e+02
   9.5142864e+01   9.1807055e+01   1.1285920e+02   1.2216348e+02   1.4522702e+02   1.5916530e+02
   9.5511862e+01   9.1124713e+01   1.1268239e+02   1.2162564e+02   1.4519372e+02   1.5869473e+02
   9.5497478e+01   9.1233476e+01   1.1290390e+02   1.2264899e+02   1.4474827e+02   1.5883924e+02
   9.5459527e+01   9.1293555e+01   1.1364023e+02   1.2338455e+02   1.4396236e+02   1.5901151e+02
   9.5197411e+01   9.1498136e+01   1.1352118e+02   1.2302551e+02   1.4310078e+02   1.5816519e+02
   9.4955101e+01   9.1475233e+01   1.1287613e+02   1.2204675e+02   1.4330934e+02   1.5798329e+02
   9.4534653e+01   9.1286474e+01   1.1202063e+02   1.2054509e+02   1.4340040e+02   1.5776311e+02
   9.5227838e+01   9.1345226e+01   1.1217177e+02   1.2105483e+02   1.4335271e+02   1.5819551e+02
   9.5421908e+01   9.1602916e+01   1.1285577e+02   1.2062077e+02   1.4437584e+02   1.5888416e+02
   9.5315911e+01   9.1163991e+01   1.1296840e+02   1.2156578e+02   1.4398869e+02   1.5878911e+02
   9.5957536e+01   9.1540513e+01   1.1393311e+02   1.2150316e+02   1.4493337e+02   1.5948518e+02
   9.5737244e+01   9.2198182e+01   1.1398799e+02   1.2301256e+02   1.4443968e+02   1.5898639e+02
   9.5985640e+01   9.1320774e+01   1.1349573e+02   1.2258415e+02   1.4468553e+02   1.5930217e+02
   9.6356740e+01   9.2650163e+01   1.1408049e+02   1.2286264e+02   1.4538381e+02   1.5912669e+02
   9.5607458e+01   9.1542394e+01   1.1347139e+02   1.2183985e+02   1.4402145e+02   1.5901748e+02
   9.5814473e+01   9.2373442e+01   1.1421016e+02   1.2327346e+02   1.4509248e+02   1.5963388e+02
   9.4948351e+01   9.1096609e+01   1.1339604e+02   1.2169435e+02   1.4441501e+02   1.5923943e+02
   9.5996594e+01   9.2592407e+01   1.1368184e+02   1.2240679e+02   1.4584696e+02   1.5931711e+02
   9.5417040e+01   9.1450670e+01   1.1259553e+02   1.2155273e+02   1.4502941e+02   1.5876975e+02
   9.5991504e+01   9.1515176e+01   1.1350337e+02   1.2227058e+02   1.4569770e+02   1.5945397e+02
   9.5248418e+01   9.1410506e+01   1.1360837e+02   1.2307076e+02   1.4483999e+02   1.5911275e+02
   9.6169530e+01   9.3216439e+01   1.1395535e+02   1.2288068e+02   1.4548150e+02   1.5949159e+02
   9.5068068e+01   9.1279614e+01   1.1337679e+02   1.2177545e+02   1.4366838e+02   1.5847378e+02
   9.5688118e+01   9.2501678e+01   1.1377090e+02   1.2257685e+02   1.4419737e+02   1.5895884e+02
   9.5740231e+01   9.1859611e+01   1.1298367e+02   1.2181429e+02   1.4398017e+02   1.5794069e+02
   9.6598055e+01   9.2886499e+01   1.1359841e+02   1.2284361e+02   1.4384541e+02   1.5771963e+02
   9.5505555e+01   9.2177159e+01   1.1293101e+02   1.2171969e+02   1.4404656e+02   1.5810246e+02
   9.5306506e+01   9.0790346e+01   1.1260837e+02   1.1999917e+02   1.4417181e+02   1.5773976e+02
   9.5327971e+01   9.1558659e+01   1.1280897e+02   1.2069534e+02   1.4508916e+02   1.5791580e+02
   9.4403982e+01   9.0267663e+01   1.1278053e+02   1.2055992e+02   1.4416241e+02   1.5800597e+02
   9.4823877e+01   9.2086431e+01   1.1258048e+02   1.2059765e+02   1.4509137e+02   1.5764317e+02
   9.4796437e+01   9.0764677e+01   1.1220806e+02   1.2026361e+02   1.4407478e+02   1.5809637e+02
   9.5669308e+01   9.1588865e+01   1.1289704e+02   1.2143976e+02   1.4513696e+02   1.5872726e+02
   9.5493606e+01   9.1168860e+01   1.1288664e+02   1.2173971e+02   1.4473864e+02   1.5883293e+02
   9.6225516e+01   9.2403758e+01   1.1415960e+02   1.2444928e+02   1.4464559e+02   1.5885904e+02
   9.6310270e+01   9.2744874e+01   1.1452074e+02   1.2351168e+02   1.4402078e+02   1.5812536e+02
   9.6003564e+01   9.2209246e+01   1.1442271e+02   1.2294098e+02   1.4368752e+02   1.5828823e+02
   9.6715227e+01   9.2569393e+01   1.1404198e+02   1.2216713e+02   1.4519837e+02   1.5796316e+02
   9.5770326e+01   9.1503447e+01   1.1344583e+02   1.2136884e+02   1.4365599e+02   1.5770790e+02
   9.5720869e+01   9.2055783e+01   1.1301089e+02   1.1997837e+02   1.4451138e+02   1.5676931e+02
   9.5429653e+01   9.1248966e+01   1.1278219e+02   1.2034704e+02   1.4357986e+02   1.5746260e+02
   9.5526688e+01   9.1236684e+01   1.1305548e+02   1.2160207e+02   1.4486854e+02   1.5858929e+02
   9.4905090e+01   9.1086208e+01   1.1255935e+02   1.2203724e+02   1.4444577e+02   1.5772759e+02
   9.5422572e+01   9.1794109e+01   1.1314112e+02   1.2133774e+02   1.4529861e+02   1.5871432e+02
   9.4895574e+01   9.1122610e+01   1.1326537e+02   1.2043301e+02   1.4437351e+02   1.5770181e+02
   9.5195420e+01   9.1634561e+01   1.1340312e+02   1.1928165e+02   1.4581676e+02   1.5893594e+02
   9.5249857e+01   9.1126151e+01   1.1270197e+02   1.2045425e+02   1.4500540e+02   1.5787508e+02
   9.5613986e+01   9.2350539e+01   1.1362419e+02   1.2057297e+02   1.4615157e+02   1.5974430e+02
   9.5666210e+01   9.1760252e+01   1.1330587e+02   1.2098899e+02   1.4570678e+02   1.5884145e+02
   9.6354306e+01   9.2744874e+01   1.1420197e+02   1.2183653e+02   1.4670047e+02   1.5991691e+02
   9.5945144e+01   9.1488842e+01   1.1330000e+02   1.2200426e+02   1.4609270e+02   1.5995763e+02
   9.5783493e+01   9.0580344e+01   1.1417453e+02   1.2305981e+02   1.4562623e+02   1.6018799e+02
   9.6762030e+01   9.2888158e+01   1.1409100e+02   1.2347008e+02   1.4549379e+02   1.5991182e+02
   9.7117861e+01   9.3301525e+01   1.1422897e+02   1.2356545e+02   1.4523676e+02   1.5951693e+02
   9.6049592e+01   9.2712345e+01   1.1294318e+02   1.2197981e+02   1.4466949e+02   1.5873844e+02
   9.5353862e+01   9.2104355e+01   1.1228119e+02   1.2137127e+02   1.4351525e+02   1.5722726e+02
   9.4746647e+01   9.1614534e+01   1.1226460e+02   1.1994916e+02   1.4304756e+02   1.5689289e+02
   9.5490618e+01   9.2278952e+01   1.1103833e+02   1.1961424e+02   1.4228444e+02   1.5591768e+02
   9.5598054e+01   9.1425886e+01   1.1166767e+02   1.1984903e+02   1.4240206e+02   1.5650675e+02
   9.4937619e+01   9.1886718e+01   1.1117387e+02   1.1903513e+02   1.4268608e+02   1.5634100e+02
   9.5038084e+01   9.1174170e+01   1.1140168e+02   1.1946188e+02   1.4259524e+02   1.5652799e+02
   9.5888494e+01   9.2558328e+01   1.1191363e+02   1.2032657e+02   1.4332638e+02   1.5662580e+02
   9.5622063e+01   9.1195525e+01   1.1189007e+02   1.2014478e+02   1.4299057e+02   1.5683724e+02
   9.5707259e+01   9.2293114e+01   1.1259808e+02   1.2097494e+02   1.4429374e+02   1.5763974e+02
   9.5408631e+01   9.1123827e+01   1.1243753e+02   1.2104476e+02   1.4428588e+02   1.5788239e+02
   9.6371898e+01   9.2818342e+01   1.1317033e+02   1.2099342e+02   1.4499213e+02   1.5848805e+02
   9.5990066e+01   9.1494706e+01   1.1239936e+02   1.2076926e+02   1.4485548e+02   1.5793217e+02
   9.6409296e+01   9.2525135e+01   1.1306621e+02   1.2074148e+02   1.4537949e+02   1.5826997e+02
   9.6527907e+01   9.1789352e+01   1.1301178e+02   1.2196344e+02   1.4525081e+02   1.5804946e+02
   9.6756276e+01   9.2830291e+01   1.1347936e+02   1.2183111e+02   1.4553815e+02   1.5892421e+02
   9.6965283e+01   9.2611769e+01   1.1326161e+02   1.2232557e+02   1.4534243e+02   1.5882032e+02
   9.6838042e+01   9.2501678e+01   1.1358502e+02   1.2208470e+02   1.4497697e+02   1.5870193e+02
   9.7660238e+01   9.3217435e+01   1.1403103e+02   1.2268539e+02   1.4556261e+02   1.5852235e+02
   9.7046496e+01   9.2631685e+01   1.1404995e+02   1.2210661e+02   1.4515964e+02   1.5909825e+02
   9.7887833e+01   9.3974241e+01   1.1493743e+02   1.2240668e+02   1.4581266e+02   1.5887365e+02
