   1.0956005e+02   8.4398729e+01   1.2655330e+02   1.8975871e+02   1.0845802e+02   1.1859312e+02
   1.0976683e+02   8.4388654e+01   1.2758850e+02   1.9016456e+02   1.0873793e+02   1.1839624e+02
   1.0950379e+02   8.4045519e+01   1.2887901e+02   1.8997230e+02   1.0874255e+02   1.1875113e+02
   1.0943411e+02   8.4134850e+01   1.2960440e+02   1.8939938e+02   1.0854668e+02   1.1847063e+02
   1.0945829e+02   8.3795662e+01   1.2918050e+02   1.8940357e+02   1.0817928e+02   1.1832513e+02
   1.0961932e+02   8.3914965e+01   1.2928931e+02   1.8910930e+02   1.0860981e+02   1.1865961e+02
   1.0944368e+02   8.4109747e+01   1.2950122e+02   1.8927310e+02   1.0850268e+02   1.1887723e+02
   1.0974131e+02   8.4409223e+01   1.2926009e+02   1.8939896e+02   1.0839942e+02   1.1886162e+02
   1.0984810e+02   8.4449691e+01   1.2856660e+02   1.8932700e+02   1.0842813e+02   1.1874290e+02
   1.0912212e+02   8.3950731e+01   1.2811625e+02   1.8868154e+02   1.0836130e+02   1.1842487e+02
   1.0976927e+02   8.4429205e+01   1.2796622e+02   1.8851933e+02   1.0824729e+02   1.1880923e+02
   1.0967582e+02   8.4436006e+01   1.2755038e+02   1.8893593e+02   1.0825551e+02   1.1855316e+02
   1.0979697e+02   8.4494104e+01   1.2861731e+02   1.8977819e+02   1.0853778e+02   1.1906479e+02
   1.0996203e+02   8.4543219e+01   1.2940148e+02   1.8993595e+02   1.0834233e+02   1.1924161e+02
   1.0963099e+02   8.4507034e+01   1.2925119e+02   1.9001067e+02   1.0860797e+02   1.1936536e+02
   1.0966289e+02   8.4158106e+01   1.2832993e+02   1.8968592e+02   1.0843031e+02   1.1929215e+02
   1.0926796e+02   8.4158526e+01   1.2829122e+02   1.8939056e+02   1.0803731e+02   1.1902542e+02
   1.0969992e+02   8.4587549e+01   1.2806790e+02   1.8993335e+02   1.0832738e+02   1.1936696e+02
   1.0962595e+02   8.4632718e+01   1.2803742e+02   1.8974301e+02   1.0838187e+02   1.1912743e+02
   1.0955476e+02   8.4583015e+01   1.2827090e+02   1.8933221e+02   1.0824300e+02   1.1888630e+02
   1.0958565e+02   8.4247185e+01   1.2822473e+02   1.8966048e+02   1.0825912e+02   1.1941221e+02
   1.0972452e+02   8.4566979e+01   1.2897967e+02   1.8998666e+02   1.0862577e+02   1.1953999e+02
   1.0997043e+02   8.4516941e+01   1.2928167e+02   1.9035280e+02   1.0885086e+02   1.1938383e+02
   1.0942101e+02   8.4332150e+01   1.2859087e+02   1.8965587e+02   1.0838842e+02   1.1890695e+02
   1.0954250e+02   8.4298399e+01   1.2816655e+02   1.8920443e+02   1.0823159e+02   1.1896556e+02
   1.0918920e+02   8.3921850e+01   1.2763635e+02   1.8868448e+02   1.0751031e+02   1.1856961e+02
   1.0975936e+02   8.4061975e+01   1.2776212e+02   1.8922071e+02   1.0807912e+02   1.1847314e+02
   1.0946181e+02   8.4075576e+01   1.2798822e+02   1.8953866e+02   1.0838607e+02   1.1874105e+02
   1.0951462e+02   8.4214106e+01   1.2777841e+02   1.8917336e+02   1.0867891e+02   1.1862570e+02
   1.0939826e+02   8.4444066e+01   1.2768631e+02   1.8920107e+02   1.0861452e+02   1.1838818e+02
   1.0992686e+02   8.4536671e+01   1.2774651e+02   1.8886373e+02   1.0801682e+02   1.1803396e+02
   1.0950337e+02   8.4055678e+01   1.2771166e+02   1.8898261e+02   1.0798047e+02   1.1842663e+02
   1.0933932e+02   8.3593156e+01   1.2809258e+02   1.8922357e+02   1.0877194e+02   1.1838776e+02
   1.0959900e+02   8.4383196e+01   1.2812759e+02   1.8956981e+02   1.0822781e+02   1.1852788e+02
   1.0942496e+02   8.3931505e+01   1.2790829e+02   1.8926294e+02   1.0806846e+02   1.1857650e+02
   1.0915948e+02   8.3800783e+01   1.2787051e+02   1.8875870e+02   1.0785495e+02   1.1814000e+02
   1.0876514e+02   8.3594835e+01   1.2758724e+02   1.8857021e+02   1.0795251e+02   1.1781853e+02
   1.0971293e+02   8.4122508e+01   1.2798184e+02   1.8925757e+02   1.0842444e+02   1.1852621e+02
   1.0967381e+02   8.4686451e+01   1.2889320e+02   1.8978575e+02   1.0878638e+02   1.1960976e+02
   1.0999486e+02   8.4860327e+01   1.2891553e+02   1.9005559e+02   1.0882634e+02   1.1937829e+02
   1.0999679e+02   8.4794924e+01   1.2863402e+02   1.9027211e+02   1.0885203e+02   1.1969867e+02
   1.1017361e+02   8.5041256e+01   1.2847769e+02   1.9042912e+02   1.0914311e+02   1.1919921e+02
   1.1017411e+02   8.5336786e+01   1.2866399e+02   1.9048142e+02   1.0911599e+02   1.1939777e+02
   1.0958070e+02   8.4833041e+01   1.2877599e+02   1.9033013e+02   1.0862862e+02   1.1952312e+02
   1.0922363e+02   8.4424587e+01   1.2812599e+02   1.8939199e+02   1.0864634e+02   1.1902693e+02
   1.0893129e+02   8.4192025e+01   1.2686781e+02   1.8851119e+02   1.0830362e+02   1.1890284e+02
   1.0928450e+02   8.4379838e+01   1.2787278e+02   1.8880412e+02   1.0819011e+02   1.1893038e+02
   1.0945904e+02   8.4986851e+01   1.2877373e+02   1.8975771e+02   1.0857170e+02   1.2012543e+02
   1.0965416e+02   8.5039241e+01   1.2798444e+02   1.9020730e+02   1.0908392e+02   1.1982184e+02
   1.0965550e+02   8.5088692e+01   1.2759824e+02   1.8960180e+02   1.0890341e+02   1.1919711e+02
   1.0966885e+02   8.4379502e+01   1.2808930e+02   1.8958492e+02   1.0867606e+02   1.1882006e+02
   1.0911986e+02   8.3939985e+01   1.2842656e+02   1.8974419e+02   1.0867295e+02   1.1920735e+02
   1.0960916e+02   8.4178340e+01   1.2908445e+02   1.9028622e+02   1.0886983e+02   1.1901761e+02
   1.0923412e+02   8.3922353e+01   1.2936328e+02   1.9025843e+02   1.0848858e+02   1.1952564e+02
   1.0946568e+02   8.4165411e+01   1.2865820e+02   1.8993687e+02   1.0893952e+02   1.1912961e+02
   1.0892381e+02   8.3515663e+01   1.2764156e+02   1.8920963e+02   1.0881585e+02   1.1867397e+02
   1.0923765e+02   8.3712292e+01   1.2746726e+02   1.8907555e+02   1.0835677e+02   1.1863325e+02
   1.0925965e+02   8.3800027e+01   1.2770847e+02   1.8935345e+02   1.0836525e+02   1.1912457e+02
   1.0982006e+02   8.4460101e+01   1.2819014e+02   1.8988322e+02   1.0880409e+02   1.1938022e+02
   1.0990293e+02   8.4877119e+01   1.2860438e+02   1.9078820e+02   1.0909584e+02   1.1957248e+02
   1.1007135e+02   8.5106994e+01   1.2861354e+02   1.9056236e+02   1.0941001e+02   1.1879168e+02
   1.0957558e+02   8.4667057e+01   1.2803079e+02   1.8983134e+02   1.0921926e+02   1.1889931e+02
   1.0971402e+02   8.4641954e+01   1.2820584e+02   1.9015550e+02   1.0907267e+02   1.1917545e+02
   1.0942588e+02   8.4526932e+01   1.2847190e+02   1.9014483e+02   1.0860981e+02   1.1956468e+02
   1.0984030e+02   8.4758990e+01   1.2797949e+02   1.8990967e+02   1.0851335e+02   1.1915303e+02
   1.0943940e+02   8.4293194e+01   1.2794565e+02   1.9002813e+02   1.0881778e+02   1.1948332e+02
   1.0952352e+02   8.4313344e+01   1.2829357e+02   1.8930375e+02   1.0877026e+02   1.1943639e+02
   1.0953032e+02   8.4001358e+01   1.2751655e+02   1.8875467e+02   1.0846960e+02   1.1924119e+02
   1.0925855e+02   8.4087498e+01   1.2720741e+02   1.8895742e+02   1.0837305e+02   1.1944294e+02
   1.0974408e+02   8.4450111e+01   1.2738910e+02   1.8909595e+02   1.0849697e+02   1.1920408e+02
   1.0971805e+02   8.4786193e+01   1.2842656e+02   1.9036707e+02   1.0877210e+02   1.2008118e+02
   1.0978556e+02   8.4859907e+01   1.2937545e+02   1.9109179e+02   1.0959590e+02   1.2089641e+02
   1.0953805e+02   8.4852687e+01   1.2896549e+02   1.9056126e+02   1.0947055e+02   1.2076561e+02
   1.0919768e+02   8.4410986e+01   1.2805858e+02   1.8951809e+02   1.0928550e+02   1.2009495e+02
   1.0901197e+02   8.4262130e+01   1.2705881e+02   1.8902795e+02   1.0866531e+02   1.1955057e+02
   1.0963653e+02   8.4607531e+01   1.2817452e+02   1.8942876e+02   1.0824485e+02   1.1933446e+02
   1.0988311e+02   8.4382273e+01   1.2899974e+02   1.9031577e+02   1.0863584e+02   1.1969372e+02
   1.0948054e+02   8.4047618e+01   1.2883762e+02   1.9014643e+02   1.0865926e+02   1.1959557e+02
   1.0910961e+02   8.3699110e+01   1.2762653e+02   1.8928066e+02   1.0861687e+02   1.1869379e+02
   1.0857497e+02   8.3307532e+01   1.2681684e+02   1.8884719e+02   1.0808693e+02   1.1820935e+02
   1.0923664e+02   8.3508527e+01   1.2711044e+02   1.8854570e+02   1.0751887e+02   1.1836946e+02
   1.0906109e+02   8.3558985e+01   1.2723781e+02   1.8874568e+02   1.0783128e+02   1.1859253e+02
   1.0938751e+02   8.3608352e+01   1.2663331e+02   1.8891502e+02   1.0803957e+02   1.1900115e+02
   1.0946736e+02   8.4016890e+01   1.2668940e+02   1.8914381e+02   1.0817794e+02   1.1925261e+02
   1.1022927e+02   8.4972998e+01   1.2736307e+02   1.8970347e+02   1.0841831e+02   1.1984434e+02
   1.1031298e+02   8.4860159e+01   1.2844025e+02   1.9061265e+02   1.0878461e+02   1.2024616e+02
   1.1040894e+02   8.5151240e+01   1.2957015e+02   1.9114233e+02   1.0928592e+02   1.2007094e+02
   1.0969010e+02   8.4353056e+01   1.2856131e+02   1.9057629e+02   1.0895530e+02   1.1952908e+02
   1.0938852e+02   8.3838900e+01   1.2748011e+02   1.8954403e+02   1.0817004e+02   1.1919795e+02
   1.0920507e+02   8.3493163e+01   1.2731773e+02   1.8912131e+02   1.0794772e+02   1.1867976e+02
   1.0892264e+02   8.3434308e+01   1.2739271e+02   1.8923230e+02   1.0786461e+02   1.1895943e+02
   1.0946702e+02   8.3785923e+01   1.2832203e+02   1.8995014e+02   1.0811564e+02   1.1920844e+02
   1.0959245e+02   8.3886336e+01   1.2895373e+02   1.9024139e+02   1.0799995e+02   1.1950649e+02
   1.0945778e+02   8.3688364e+01   1.2857349e+02   1.8947259e+02   1.0801145e+02   1.1930181e+02
   1.0976826e+02   8.4145764e+01   1.2785758e+02   1.8910259e+02   1.0794294e+02   1.1906832e+02
   1.0935359e+02   8.3760148e+01   1.2707888e+02   1.8917555e+02   1.0796561e+02   1.1936754e+02
   1.0970655e+02   8.4327533e+01   1.2713328e+02   1.8967954e+02   1.0857556e+02   1.1933530e+02
   1.0977875e+02   8.4574620e+01   1.2846703e+02   1.9050216e+02   1.0859101e+02   1.2008177e+02
   1.1040550e+02   8.4830186e+01   1.2905700e+02   1.9064178e+02   1.0896756e+02   1.2009512e+02
   1.1003625e+02   8.4439112e+01   1.2875013e+02   1.9010747e+02   1.0895471e+02   1.1984409e+02
   1.0983131e+02   8.4623903e+01   1.2812969e+02   1.8995501e+02   1.0863290e+02   1.2020922e+02
   1.0985935e+02   8.4671507e+01   1.2765911e+02   1.8974495e+02   1.0819851e+02   1.1943261e+02
   1.0922279e+02   8.4147192e+01   1.2797772e+02   1.8944849e+02   1.0819666e+02   1.1936780e+02
   1.0912640e+02   8.4118730e+01   1.2796891e+02   1.8915775e+02   1.0854298e+02   1.1870075e+02
   1.0926787e+02   8.4259359e+01   1.2803196e+02   1.8997524e+02   1.0841461e+02   1.1961379e+02
   1.0962654e+02   8.4753869e+01   1.2762410e+02   1.9013938e+02   1.0854517e+02   1.1967961e+02
   1.1020786e+02   8.5186082e+01   1.2794036e+02   1.9054296e+02   1.0867983e+02   1.2028050e+02
   1.1020937e+02   8.5004650e+01   1.2855376e+02   1.9092782e+02   1.0894103e+02   1.2014340e+02
   1.1037376e+02   8.5051666e+01   1.2925144e+02   1.9102110e+02   1.0899736e+02   1.2039485e+02
   1.1049357e+02   8.4647579e+01   1.2904382e+02   1.9047261e+02   1.0862459e+02   1.1996927e+02
   1.0996548e+02   8.4443898e+01   1.2805530e+02   1.8993603e+02   1.0803193e+02   1.1999278e+02
   1.0933621e+02   8.4028308e+01   1.2752973e+02   1.8955713e+02   1.0804881e+02   1.1902072e+02
   1.0879763e+02   8.3567297e+01   1.2709348e+02   1.8915053e+02   1.0796955e+02   1.1907042e+02
   1.0953419e+02   8.4267251e+01   1.2660771e+02   1.8930946e+02   1.0817970e+02   1.1941926e+02
   1.0983769e+02   8.4169944e+01   1.2715091e+02   1.8988028e+02   1.0880543e+02   1.1948660e+02
   1.0979874e+02   8.4808777e+01   1.2784045e+02   1.8985661e+02   1.0895454e+02   1.1956140e+02
   1.1008705e+02   8.4823638e+01   1.2758724e+02   1.8928721e+02   1.0873810e+02   1.1924866e+02
   1.0965399e+02   8.4575711e+01   1.2742444e+02   1.8913046e+02   1.0857883e+02   1.1948198e+02
   1.0969043e+02   8.4480839e+01   1.2725594e+02   1.8952212e+02   1.0845164e+02   1.1947954e+02
   1.0978060e+02   8.4650769e+01   1.2796362e+02   1.9021175e+02   1.0848715e+02   1.2018453e+02
   1.1003659e+02   8.4822294e+01   1.2824387e+02   1.9058007e+02   1.0897377e+02   1.1952891e+02
   1.0959749e+02   8.4556065e+01   1.2843101e+02   1.9013661e+02   1.0884657e+02   1.1994861e+02
   1.0952940e+02   8.4207809e+01   1.2749405e+02   1.8931147e+02   1.0874104e+02   1.1993115e+02
   1.0936761e+02   8.4317710e+01   1.2704387e+02   1.8875467e+02   1.0840991e+02   1.2015784e+02
   1.0941455e+02   8.3927307e+01   1.2681239e+02   1.8897757e+02   1.0872072e+02   1.1950683e+02
   1.0997522e+02   8.4369427e+01   1.2841665e+02   1.9060450e+02   1.0926729e+02   1.2085200e+02
   1.1066980e+02   8.5260049e+01   1.3014559e+02   1.9178931e+02   1.0965953e+02   1.2151132e+02
   1.1025303e+02   8.4943613e+01   1.3019538e+02   1.9195059e+02   1.0941413e+02   1.2106743e+02
   1.0953847e+02   8.4230478e+01   1.2883594e+02   1.9020268e+02   1.0870376e+02   1.2002082e+02
   1.0956693e+02   8.4167593e+01   1.2726199e+02   1.8874719e+02   1.0791313e+02   1.1874584e+02
   1.0952033e+02   8.3904806e+01   1.2699693e+02   1.8871705e+02   1.0768956e+02   1.1853452e+02
   1.0974458e+02   8.4205039e+01   1.2710944e+02   1.8893190e+02   1.0779677e+02   1.1893550e+02
   1.0936048e+02   8.3900021e+01   1.2683506e+02   1.8960029e+02   1.0799709e+02   1.1961572e+02
   1.0944889e+02   8.4309062e+01   1.2630781e+02   1.9010311e+02   1.0808222e+02   1.1990563e+02
   1.0936803e+02   8.4025034e+01   1.2600993e+02   1.8936353e+02   1.0854878e+02   1.1908242e+02
   1.0934369e+02   8.4204955e+01   1.2633115e+02   1.8911501e+02   1.0854063e+02   1.1884877e+02
   1.0949834e+02   8.4134178e+01   1.2701456e+02   1.8941466e+02   1.0826895e+02   1.1911357e+02
   1.0940128e+02   8.3869124e+01   1.2748985e+02   1.8970607e+02   1.0858505e+02   1.1975291e+02
   1.0958263e+02   8.3861065e+01   1.2768564e+02   1.8964546e+02   1.0893297e+02   1.2001427e+02
   1.0911759e+02   8.3294015e+01   1.2768413e+02   1.8948678e+02   1.0894808e+02   1.1976189e+02
   1.0982241e+02   8.3850402e+01   1.2761897e+02   1.8938779e+02   1.0857959e+02   1.1935436e+02
   1.0967305e+02   8.4383364e+01   1.2778924e+02   1.8994359e+02   1.0873760e+02   1.1966820e+02
   1.1004440e+02   8.4812807e+01   1.2781308e+02   1.9084311e+02   1.0867463e+02   1.2024910e+02
   1.0987203e+02   8.4529450e+01   1.2784608e+02   1.9050518e+02   1.0936274e+02   1.1960195e+02
   1.0982527e+02   8.4837071e+01   1.2839206e+02   1.9036825e+02   1.0941992e+02   1.2013248e+02
   1.1011316e+02   8.4690817e+01   1.2898177e+02   1.9040376e+02   1.0932958e+02   1.2014667e+02
   1.0999545e+02   8.4409391e+01   1.2923230e+02   1.9084311e+02   1.0855583e+02   1.2057578e+02
   1.0961185e+02   8.4026377e+01   1.2815210e+02   1.9007952e+02   1.0854550e+02   1.2000613e+02
   1.0936434e+02   8.3618679e+01   1.2709088e+02   1.8970481e+02   1.0820270e+02   1.1944008e+02
   1.0940430e+02   8.3521120e+01   1.2711363e+02   1.8951482e+02   1.0837079e+02   1.1949079e+02
   1.0947793e+02   8.3459412e+01   1.2739665e+02   1.8983016e+02   1.0831563e+02   1.2004726e+02
   1.0989151e+02   8.4309901e+01   1.2786170e+02   1.9024013e+02   1.0865826e+02   1.2055731e+02
   1.1002903e+02   8.4386639e+01   1.2766524e+02   1.9013938e+02   1.0890711e+02   1.2044480e+02
   1.1008285e+02   8.4461361e+01   1.2791946e+02   1.9053314e+02   1.0869260e+02   1.1995852e+02
   1.0968321e+02   8.4200421e+01   1.2802306e+02   1.9036086e+02   1.0861964e+02   1.1961942e+02
   1.0944158e+02   8.3591141e+01   1.2820878e+02   1.9019471e+02   1.0874406e+02   1.1956661e+02
   1.0936434e+02   8.3514236e+01   1.2755617e+02   1.8967241e+02   1.0856641e+02   1.1903003e+02
   1.0946736e+02   8.3433889e+01   1.2763627e+02   1.9015155e+02   1.0848816e+02   1.1935327e+02
   1.0937618e+02   8.3130886e+01   1.2800098e+02   1.9047966e+02   1.0887042e+02   1.1939567e+02
   1.0981276e+02   8.3732945e+01   1.2895474e+02   1.9101363e+02   1.0881417e+02   1.1967315e+02
   1.0941547e+02   8.3228528e+01   1.2837316e+02   1.9028790e+02   1.0892289e+02   1.1907403e+02
   1.0921851e+02   8.3380995e+01   1.2732865e+02   1.8959953e+02   1.0837297e+02   1.1880814e+02
   1.0930364e+02   8.3542278e+01   1.2702027e+02   1.8967568e+02   1.0849958e+02   1.1886867e+02
   1.0970118e+02   8.3676274e+01   1.2814178e+02   1.9054338e+02   1.0855440e+02   1.1945755e+02
   1.0990335e+02   8.4136781e+01   1.2944874e+02   1.9134056e+02   1.0920390e+02   1.1949449e+02
   1.0981704e+02   8.4213938e+01   1.2932029e+02   1.9096560e+02   1.0917829e+02   1.1938022e+02
   1.0942840e+02   8.3946365e+01   1.2782677e+02   1.9017548e+02   1.0894447e+02   1.1893449e+02
   1.0956886e+02   8.3955013e+01   1.2785783e+02   1.8996441e+02   1.0874616e+02   1.1898495e+02
   1.0965802e+02   8.3764178e+01   1.2792206e+02   1.9034398e+02   1.0894850e+02   1.1922423e+02
   1.0976541e+02   8.4167174e+01   1.2754442e+02   1.9037160e+02   1.0905672e+02   1.1919434e+02
   1.0977011e+02   8.4128385e+01   1.2771553e+02   1.9023257e+02   1.0890476e+02   1.1915471e+02
   1.1015732e+02   8.4388318e+01   1.2751537e+02   1.9025818e+02   1.0874129e+02   1.1903264e+02
   1.0951110e+02   8.4038467e+01   1.2769848e+02   1.9019210e+02   1.0854668e+02   1.1911030e+02
   1.0967540e+02   8.3886420e+01   1.2824286e+02   1.9034516e+02   1.0832495e+02   1.1910576e+02
   1.0947021e+02   8.3955349e+01   1.2735552e+02   1.8971892e+02   1.0795738e+02   1.1866801e+02
   1.0921624e+02   8.3394932e+01   1.2679720e+02   1.8895121e+02   1.0813117e+02   1.1818332e+02
   1.0948767e+02   8.3618847e+01   1.2616147e+02   1.8911308e+02   1.0825635e+02   1.1855509e+02
   1.0976826e+02   8.4052656e+01   1.2668612e+02   1.9025877e+02   1.0827474e+02   1.1939567e+02
   1.0999343e+02   8.4237362e+01   1.2738255e+02   1.9070256e+02   1.0863601e+02   1.1937342e+02
   1.0988110e+02   8.4422237e+01   1.2887893e+02   1.9098206e+02   1.0876379e+02   1.1999605e+02
   1.1019552e+02   8.4607867e+01   1.2946705e+02   1.9090792e+02   1.0919189e+02   1.1964620e+02
   1.0972443e+02   8.4168181e+01   1.2869951e+02   1.9011948e+02   1.0829321e+02   1.1937871e+02
   1.0940044e+02   8.3995313e+01   1.2650058e+02   1.8887750e+02   1.0766840e+02   1.1864408e+02
   1.0928483e+02   8.3776939e+01   1.2602655e+02   1.8926891e+02   1.0741518e+02   1.1900434e+02
   1.0955157e+02   8.3910348e+01   1.2726677e+02   1.8967971e+02   1.0867320e+02   1.1916126e+02
   1.0969161e+02   8.4348606e+01   1.2760126e+02   1.8992806e+02   1.0878831e+02   1.1909728e+02
   1.0961294e+02   8.3906653e+01   1.2786295e+02   1.8971825e+02   1.0898359e+02   1.1899116e+02
   1.0931304e+02   8.3587867e+01   1.2767489e+02   1.8927420e+02   1.0834098e+02   1.1910719e+02
   1.0933613e+02   8.3517510e+01   1.2746155e+02   1.8915061e+02   1.0768511e+02   1.1897479e+02
   1.0928668e+02   8.3415586e+01   1.2713404e+02   1.8893215e+02   1.0770332e+02   1.1832135e+02
   1.0953578e+02   8.3432965e+01   1.2736131e+02   1.8964352e+02   1.0795553e+02   1.1880730e+02
   1.0981234e+02   8.3964164e+01   1.2784255e+02   1.8987315e+02   1.0850923e+02   1.1908469e+02
   1.0955736e+02   8.3612970e+01   1.2740404e+02   1.8954101e+02   1.0850848e+02   1.1944596e+02
   1.0993701e+02   8.3885664e+01   1.2777262e+02   1.8911358e+02   1.0822781e+02   1.1946284e+02
   1.1011509e+02   8.3876932e+01   1.2815756e+02   1.8919402e+02   1.0832108e+02   1.1917125e+02
   1.0960689e+02   8.3853760e+01   1.2802902e+02   1.8906808e+02   1.0852796e+02   1.1929895e+02
   1.0946954e+02   8.3868789e+01   1.2728382e+02   1.8922298e+02   1.0893154e+02   1.1956174e+02
   1.0939163e+02   8.3849730e+01   1.2702288e+02   1.8935270e+02   1.0897629e+02   1.1982948e+02
   1.0965995e+02   8.4399904e+01   1.2721573e+02   1.9000958e+02   1.0908426e+02   1.1986289e+02
   1.1000368e+02   8.4510644e+01   1.2895600e+02   1.9102631e+02   1.0960866e+02   1.1998127e+02
   1.0975760e+02   8.4598799e+01   1.2953396e+02   1.9098332e+02   1.0941136e+02   1.2037033e+02
   1.0933454e+02   8.3788273e+01   1.2942121e+02   1.9035154e+02   1.0848253e+02   1.1983175e+02
   1.0898191e+02   8.3004446e+01   1.2827611e+02   1.8946486e+02   1.0796233e+02   1.1921122e+02
   1.0903539e+02   8.3047012e+01   1.2675883e+02   1.8877188e+02   1.0836457e+02   1.1847944e+02
   1.0863450e+02   8.2522865e+01   1.2616894e+02   1.8856752e+02   1.0828473e+02   1.1787276e+02
   1.0925293e+02   8.3223911e+01   1.2726291e+02   1.8925749e+02   1.0871191e+02   1.1854409e+02
   1.0905722e+02   8.3094112e+01   1.2736786e+02   1.8928763e+02   1.0894237e+02   1.1849170e+02
   1.0918576e+02   8.3380072e+01   1.2665892e+02   1.8871856e+02   1.0860612e+02   1.1789375e+02
   1.0877504e+02   8.2931487e+01   1.2628128e+02   1.8828887e+02   1.0782809e+02   1.1776631e+02
   1.0940053e+02   8.3463945e+01   1.2653584e+02   1.8855384e+02   1.0747454e+02   1.1769519e+02
   1.0921758e+02   8.3357319e+01   1.2743872e+02   1.8912475e+02   1.0768561e+02   1.1842940e+02
   1.0969312e+02   8.3617840e+01   1.2793852e+02   1.8964025e+02   1.0765941e+02   1.1908864e+02
   1.0949095e+02   8.3865346e+01   1.2693506e+02   1.9003242e+02   1.0729034e+02   1.1967928e+02
   1.0958229e+02   8.3734037e+01   1.2641393e+02   1.8966426e+02   1.0752307e+02   1.1934605e+02
   1.0944418e+02   8.3795662e+01   1.2694060e+02   1.9022208e+02   1.0825837e+02   1.1917847e+02
   1.0999285e+02   8.4495280e+01   1.2866836e+02   1.9093378e+02   1.0869234e+02   1.1962101e+02
   1.0944477e+02   8.4346507e+01   1.2981413e+02   1.9112302e+02   1.0900215e+02   1.2010427e+02
   1.0926275e+02   8.3844777e+01   1.2935547e+02   1.9000975e+02   1.0861040e+02   1.1940625e+02
   1.0813151e+02   8.2697329e+01   1.2750336e+02   1.8824991e+02   1.0754196e+02   1.1799190e+02
   1.0913698e+02   8.3449253e+01   1.2611286e+02   1.8844570e+02   1.0777494e+02   1.1803472e+02
   1.0929239e+02   8.3600292e+01   1.2676286e+02   1.8909982e+02   1.0778191e+02   1.1842092e+02
   1.0931103e+02   8.3864087e+01   1.2795825e+02   1.8991891e+02   1.0790020e+02   1.1854636e+02
   1.0941740e+02   8.3527669e+01   1.2759186e+02   1.8972647e+02   1.0790541e+02   1.1861386e+02
   1.0911566e+02   8.3296282e+01   1.2656875e+02   1.8872746e+02   1.0715668e+02   1.1784565e+02
   1.0897159e+02   8.3140289e+01   1.2602051e+02   1.8848961e+02   1.0716801e+02   1.1798569e+02
   1.0897679e+02   8.3187305e+01   1.2598046e+02   1.8851673e+02   1.0732871e+02   1.1821363e+02
   1.0879402e+02   8.3086304e+01   1.2588399e+02   1.8867113e+02   1.0777956e+02   1.1869278e+02
   1.0958196e+02   8.4367328e+01   1.2711187e+02   1.8973772e+02   1.0798366e+02   1.1913389e+02
   1.0991267e+02   8.4660088e+01   1.2861312e+02   1.9057268e+02   1.0868705e+02   1.1933211e+02
   1.0967675e+02   8.4225356e+01   1.2886255e+02   1.9006961e+02   1.0901659e+02   1.1930382e+02
   1.0956710e+02   8.3662589e+01   1.2802852e+02   1.8976291e+02   1.0869453e+02   1.1981672e+02
   1.0943092e+02   8.3738654e+01   1.2790544e+02   1.8951834e+02   1.0781675e+02   1.1945402e+02
   1.0918795e+02   8.3323736e+01   1.2772526e+02   1.8884408e+02   1.0746077e+02   1.1825141e+02
   1.0895664e+02   8.3028290e+01   1.2707174e+02   1.8905540e+02   1.0735599e+02   1.1792154e+02
   1.0908476e+02   8.3039456e+01   1.2676471e+02   1.8902669e+02   1.0781717e+02   1.1825847e+02
   1.0919819e+02   8.3369829e+01   1.2695537e+02   1.8927688e+02   1.0759535e+02   1.1873946e+02
   1.0963393e+02   8.3949808e+01   1.2713807e+02   1.8965536e+02   1.0845634e+02   1.1920500e+02
   1.0962461e+02   8.4498890e+01   1.2798486e+02   1.9036741e+02   1.0856658e+02   1.1935327e+02
   1.1004414e+02   8.5008680e+01   1.2859725e+02   1.9020335e+02   1.0875590e+02   1.1904557e+02
   1.0944343e+02   8.4047282e+01   1.2844235e+02   1.8972874e+02   1.0850470e+02   1.1902894e+02
   1.0915545e+02   8.3567297e+01   1.2844344e+02   1.8984519e+02   1.0826987e+02   1.1922801e+02
   1.0919752e+02   8.3755446e+01   1.2796161e+02   1.8959878e+02   1.0816719e+02   1.1924220e+02
   1.0944653e+02   8.3917988e+01   1.2716443e+02   1.8932205e+02   1.0790004e+02   1.1893508e+02
   1.0955022e+02   8.3773749e+01   1.2707182e+02   1.8952657e+02   1.0779887e+02   1.1933866e+02
   1.0985851e+02   8.4484197e+01   1.2762804e+02   1.9028849e+02   1.0827407e+02   1.2024994e+02
   1.0989940e+02   8.4292522e+01   1.2836737e+02   1.9055069e+02   1.0847271e+02   1.2030527e+02
   1.0990175e+02   8.4173974e+01   1.2845368e+02   1.9036673e+02   1.0850990e+02   1.2023785e+02
   1.0984542e+02   8.3981711e+01   1.2939568e+02   1.9085982e+02   1.0869914e+02   1.1969859e+02
   1.0957482e+02   8.3484431e+01   1.3045002e+02   1.9081020e+02   1.0826945e+02   1.1973603e+02
   1.0928643e+02   8.3575273e+01   1.2900083e+02   1.8994602e+02   1.0803781e+02   1.1856944e+02
   1.0892952e+02   8.3241290e+01   1.2731832e+02   1.8900175e+02   1.0750485e+02   1.1798367e+02
   1.0890450e+02   8.3125680e+01   1.2685538e+02   1.8873049e+02   1.0747765e+02   1.1760175e+02
   1.0960782e+02   8.3321218e+01   1.2668520e+02   1.8865392e+02   1.0752651e+02   1.1815788e+02
   1.0903531e+02   8.3308792e+01   1.2631679e+02   1.8843177e+02   1.0733114e+02   1.1795555e+02
   1.0938659e+02   8.3587027e+01   1.2731068e+02   1.8951322e+02   1.0787762e+02   1.1895985e+02
   1.0990175e+02   8.3897922e+01   1.2826494e+02   1.9003275e+02   1.0810363e+02   1.1907739e+02
   1.0970135e+02   8.3908249e+01   1.2846787e+02   1.8962321e+02   1.0784345e+02   1.1871167e+02
   1.0946912e+02   8.3603399e+01   1.2795296e+02   1.8890260e+02   1.0810372e+02   1.1888336e+02
   1.0927459e+02   8.3244396e+01   1.2787958e+02   1.8912593e+02   1.0766034e+02   1.1906202e+02
   1.0969950e+02   8.4061639e+01   1.2831540e+02   1.9021435e+02   1.0821782e+02   1.1974913e+02
   1.0994222e+02   8.4203275e+01   1.2924565e+02   1.9117726e+02   1.0860587e+02   1.2016573e+02
   1.1008100e+02   8.4682421e+01   1.2963924e+02   1.9150192e+02   1.0906856e+02   1.2028889e+02
   1.1020568e+02   8.4746397e+01   1.2994829e+02   1.9197855e+02   1.0938986e+02   1.2025540e+02
   1.0968036e+02   8.4223257e+01   1.3019941e+02   1.9102714e+02   1.0926905e+02   1.2005768e+02
   1.0926099e+02   8.3466968e+01   1.2906640e+02   1.9045707e+02   1.0869033e+02   1.1959952e+02
   1.0911163e+02   8.3057675e+01   1.2847375e+02   1.8998699e+02   1.0815628e+02   1.1941103e+02
   1.0908191e+02   8.2960452e+01   1.2732134e+02   1.8923003e+02   1.0797787e+02   1.1888756e+02
   1.0914345e+02   8.3389475e+01   1.2680341e+02   1.8888329e+02   1.0796015e+02   1.1852134e+02
   1.0932438e+02   8.3127192e+01   1.2753292e+02   1.8943136e+02   1.0809196e+02   1.1898587e+02
   1.1008864e+02   8.4287485e+01   1.2811407e+02   1.9048679e+02   1.0826391e+02   1.1995248e+02
   1.1002735e+02   8.4363298e+01   1.2791736e+02   1.9097795e+02   1.0858328e+02   1.2008379e+02
   1.0980671e+02   8.4127546e+01   1.2714579e+02   1.9092572e+02   1.0855239e+02   1.2015842e+02
   1.0930171e+02   8.3872483e+01   1.2645692e+02   1.9006063e+02   1.0865314e+02   1.1924665e+02
   1.0921213e+02   8.3952914e+01   1.2692129e+02   1.9026590e+02   1.0894422e+02   1.1910896e+02
   1.0938189e+02   8.3794150e+01   1.2800325e+02   1.9081205e+02   1.0897906e+02   1.1888353e+02
   1.0901482e+02   8.3179245e+01   1.2872243e+02   1.9015012e+02   1.0885724e+02   1.1906496e+02
   1.0887042e+02   8.3141884e+01   1.2812759e+02   1.8914675e+02   1.0776428e+02   1.1899435e+02
   1.0907485e+02   8.3256822e+01   1.2744250e+02   1.8845393e+02   1.0739696e+02   1.1858145e+02
   1.0890971e+02   8.2793628e+01   1.2765037e+02   1.8901552e+02   1.0760031e+02   1.1869496e+02
   1.0906234e+02   8.2989249e+01   1.2776615e+02   1.8983067e+02   1.0808105e+02   1.1901643e+02
   1.0866178e+02   8.2983708e+01   1.2674514e+02   1.8972429e+02   1.0757243e+02   1.1855996e+02
   1.0882567e+02   8.2752489e+01   1.2516053e+02   1.8886222e+02   1.0689481e+02   1.1838902e+02
   1.0873760e+02   8.2855001e+01   1.2500168e+02   1.8861832e+02   1.0745624e+02   1.1863233e+02
   1.0915881e+02   8.3073375e+01   1.2636314e+02   1.8922441e+02   1.0770173e+02   1.1926134e+02
   1.0972494e+02   8.3981628e+01   1.2777631e+02   1.9024567e+02   1.0789517e+02   1.1992981e+02
   1.0973014e+02   8.4135102e+01   1.2891704e+02   1.9081817e+02   1.0860813e+02   1.2010100e+02
   1.0972519e+02   8.4330975e+01   1.2876625e+02   1.9124468e+02   1.0900181e+02   1.1969489e+02
   1.0968699e+02   8.3922605e+01   1.2903895e+02   1.9131478e+02   1.0898838e+02   1.1942019e+02
   1.0950396e+02   8.3634127e+01   1.2997205e+02   1.9157472e+02   1.0896840e+02   1.2007640e+02
   1.0915092e+02   8.3219545e+01   1.2987197e+02   1.9098231e+02   1.0887504e+02   1.1981798e+02
   1.0876514e+02   8.3092349e+01   1.2821566e+02   1.8986954e+02   1.0850294e+02   1.1858884e+02
   1.0853492e+02   8.2599687e+01   1.2704924e+02   1.8946679e+02   1.0832587e+02   1.1878328e+02
   1.0924596e+02   8.3147342e+01   1.2782585e+02   1.9050048e+02   1.0844056e+02   1.1931096e+02
   1.0893876e+02   8.3145662e+01   1.2818502e+02   1.9037236e+02   1.0858698e+02   1.1926268e+02
   1.0924109e+02   8.3464869e+01   1.2796463e+02   1.9000832e+02   1.0845550e+02   1.1905254e+02
   1.0919214e+02   8.3322981e+01   1.2789771e+02   1.9011402e+02   1.0851956e+02   1.1881166e+02
   1.0946333e+02   8.3549918e+01   1.2815227e+02   1.9063103e+02   1.0815451e+02   1.1963747e+02
   1.0929063e+02   8.3616412e+01   1.2836964e+02   1.9079509e+02   1.0850604e+02   1.1972243e+02
   1.0984248e+02   8.4192445e+01   1.2886197e+02   1.9124065e+02   1.0891298e+02   1.1996347e+02
   1.1012239e+02   8.4210328e+01   1.2909520e+02   1.9056521e+02   1.0855373e+02   1.1974535e+02
   1.0929113e+02   8.3697515e+01   1.2797873e+02   1.8959735e+02   1.0826500e+02   1.1881661e+02
   1.0857422e+02   8.3259257e+01   1.2685118e+02   1.8916429e+02   1.0793194e+02   1.1843469e+02
   1.0869033e+02   8.3051378e+01   1.2620471e+02   1.8945042e+02   1.0804151e+02   1.1899687e+02
   1.0928794e+02   8.3741677e+01   1.2694412e+02   1.9068351e+02   1.0812252e+02   1.1977482e+02
   1.0968204e+02   8.4204283e+01   1.2806160e+02   1.9131663e+02   1.0875624e+02   1.2040492e+02
   1.0980361e+02   8.4467742e+01   1.2900209e+02   1.9153131e+02   1.0911440e+02   1.2051340e+02
   1.0959027e+02   8.4203611e+01   1.2951381e+02   1.9144668e+02   1.0896495e+02   1.2008563e+02
   1.0964803e+02   8.4448096e+01   1.2928897e+02   1.9074202e+02   1.0865372e+02   1.1975820e+02
   1.0920356e+02   8.3765269e+01   1.2854427e+02   1.9032845e+02   1.0836080e+02   1.1961144e+02
   1.0900055e+02   8.3723122e+01   1.2759127e+02   1.9003149e+02   1.0817223e+02   1.1959692e+02
   1.0922405e+02   8.3530440e+01   1.2727534e+02   1.9025541e+02   1.0853837e+02   1.1961572e+02
   1.0950346e+02   8.4191689e+01   1.2952960e+02   1.9193263e+02   1.0918727e+02   1.2053447e+02
   1.1025286e+02   8.4726247e+01   1.3038109e+02   1.9219894e+02   1.0940993e+02   1.2045748e+02
   1.0917392e+02   8.3796417e+01   1.2942179e+02   1.9107693e+02   1.0904438e+02   1.1998446e+02
   1.0872777e+02   8.2946935e+01   1.2808460e+02   1.8949450e+02   1.0754347e+02   1.1852889e+02
   1.0866027e+02   8.2488779e+01   1.2651913e+02   1.8883300e+02   1.0738462e+02   1.1827198e+02
   1.0845533e+02   8.2725371e+01   1.2553666e+02   1.8841674e+02   1.0749603e+02   1.1819550e+02
   1.0879830e+02   8.2592298e+01   1.2614015e+02   1.8844562e+02   1.0742475e+02   1.1796873e+02
   1.0903858e+02   8.2987151e+01   1.2644928e+02   1.8889043e+02   1.0756211e+02   1.1886481e+02
   1.0971990e+02   8.3579219e+01   1.2722824e+02   1.8982429e+02   1.0800163e+02   1.1917285e+02
   1.0933613e+02   8.3685173e+01   1.2780041e+02   1.8992571e+02   1.0802455e+02   1.1928065e+02
   1.0976213e+02   8.3688700e+01   1.2864183e+02   1.9006474e+02   1.0819926e+02   1.1995970e+02
   1.0963225e+02   8.3703140e+01   1.2940996e+02   1.9049217e+02   1.0803294e+02   1.2035942e+02
   1.0976734e+02   8.3750157e+01   1.2911300e+02   1.8984309e+02   1.0720386e+02   1.2010100e+02
   1.0950027e+02   8.3061285e+01   1.2776212e+02   1.8947855e+02   1.0736397e+02   1.1962286e+02
   1.0918576e+02   8.3302579e+01   1.2767346e+02   1.8996105e+02   1.0801313e+02   1.1979867e+02
   1.0982502e+02   8.3814972e+01   1.2940215e+02   1.9132175e+02   1.0860973e+02   1.2037999e+02
   1.0976666e+02   8.3824795e+01   1.2918428e+02   1.9161636e+02   1.0872181e+02   1.2015649e+02
   1.0910877e+02   8.3259173e+01   1.2873032e+02   1.9067570e+02   1.0847019e+02   1.1961035e+02
   1.0901877e+02   8.3010155e+01   1.2734107e+02   1.8972807e+02   1.0805880e+02   1.1918082e+02
   1.0923169e+02   8.3117537e+01   1.2678410e+02   1.8966989e+02   1.0769829e+02   1.1959070e+02
   1.0940901e+02   8.2616142e+01   1.2695311e+02   1.8970229e+02   1.0763733e+02   1.1959465e+02
   1.0971856e+02   8.3362441e+01   1.2783718e+02   1.9036464e+02   1.0814343e+02   1.2007564e+02
   1.1003113e+02   8.3901028e+01   1.2941323e+02   1.9142141e+02   1.0884960e+02   1.2087886e+02
   1.1018058e+02   8.4020920e+01   1.2991295e+02   1.9108113e+02   1.0935905e+02   1.2060046e+02
   1.0962226e+02   8.3264378e+01   1.2840272e+02   1.8988431e+02   1.0889561e+02   1.1961732e+02
   1.0910273e+02   8.2953735e+01   1.2674145e+02   1.9001932e+02   1.0868177e+02   1.1966551e+02
   1.0899703e+02   8.2790354e+01   1.2654365e+02   1.8951566e+02   1.0874902e+02   1.1962361e+02
   1.0972922e+02   8.3693401e+01   1.2780326e+02   1.9071633e+02   1.0867362e+02   1.2026379e+02
   1.1007991e+02   8.4230142e+01   1.2961809e+02   1.9222471e+02   1.0915193e+02   1.2130444e+02
   1.1014699e+02   8.4166502e+01   1.2983302e+02   1.9225855e+02   1.0942479e+02   1.2094779e+02
   1.0979152e+02   8.3971217e+01   1.2963639e+02   1.9197335e+02   1.0961604e+02   1.2101765e+02
   1.0985499e+02   8.4103702e+01   1.2874073e+02   1.9136029e+02   1.0940716e+02   1.2020158e+02
   1.0960051e+02   8.3696256e+01   1.2861530e+02   1.9099155e+02   1.0929986e+02   1.1940482e+02
   1.0923832e+02   8.3652262e+01   1.2823606e+02   1.9019697e+02   1.0892457e+02   1.1929190e+02
   1.0932513e+02   8.3514572e+01   1.2813330e+02   1.9018874e+02   1.0798441e+02   1.1927947e+02
   1.0899761e+02   8.2865328e+01   1.2763342e+02   1.8932046e+02   1.0699766e+02   1.1883198e+02
   1.0842368e+02   8.1983690e+01   1.2714335e+02   1.8890915e+02   1.0697441e+02   1.1881074e+02
   1.0888679e+02   8.2654343e+01   1.2726963e+02   1.8915817e+02   1.0755145e+02   1.1894373e+02
   1.0930960e+02   8.3214843e+01   1.2755198e+02   1.8991026e+02   1.0768007e+02   1.1947157e+02
   1.0929214e+02   8.3011246e+01   1.2768455e+02   1.8994678e+02   1.0785697e+02   1.1928988e+02
   1.0927207e+02   8.3202334e+01   1.2745375e+02   1.9059216e+02   1.0804545e+02   1.1942396e+02
   1.0943856e+02   8.3431202e+01   1.2902896e+02   1.9170074e+02   1.0896823e+02   1.2019503e+02
   1.0969035e+02   8.3655201e+01   1.2921559e+02   1.9184246e+02   1.0937979e+02   1.2032844e+02
   1.0980545e+02   8.4002869e+01   1.2777614e+02   1.9069450e+02   1.0920129e+02   1.2021904e+02
   1.0912943e+02   8.3122406e+01   1.2737231e+02   1.9034297e+02   1.0849135e+02   1.2038763e+02
   1.0943898e+02   8.3301320e+01   1.2719381e+02   1.9012804e+02   1.0837012e+02   1.2012618e+02
   1.0948264e+02   8.3768711e+01   1.2752326e+02   1.9047244e+02   1.0814931e+02   1.1990168e+02
   1.0957449e+02   8.3580898e+01   1.2864813e+02   1.9117776e+02   1.0793471e+02   1.1974695e+02
   1.0894212e+02   8.2842995e+01   1.2875433e+02   1.9082523e+02   1.0762541e+02   1.1955821e+02
   1.0898049e+02   8.2814114e+01   1.2802953e+02   1.9048654e+02   1.0762189e+02   1.1957131e+02
   1.0895513e+02   8.3217950e+01   1.2738943e+02   1.9030175e+02   1.0763700e+02   1.1978129e+02
