   1.1964631e+02   8.3181016e+01   1.3578559e+02   1.8522202e+02   1.3642142e+02   1.3628985e+02
   1.1918957e+02   8.3730899e+01   1.3594582e+02   1.8527749e+02   1.3655159e+02   1.3622599e+02
   1.2022151e+02   8.3789896e+01   1.3684033e+02   1.8557557e+02   1.3723128e+02   1.3713361e+02
   1.2109383e+02   8.3846880e+01   1.3723617e+02   1.8628033e+02   1.3757540e+02   1.3787235e+02
   1.2153283e+02   8.4063787e+01   1.3718672e+02   1.8613077e+02   1.3751748e+02   1.3735586e+02
   1.2121081e+02   8.3987721e+01   1.3692987e+02   1.8605520e+02   1.3732292e+02   1.3691144e+02
   1.2087009e+02   8.3910342e+01   1.3692175e+02   1.8656452e+02   1.3754159e+02   1.3691721e+02
   1.2123518e+02   8.4018708e+01   1.3681822e+02   1.8645165e+02   1.3740076e+02   1.3703244e+02
   1.2090731e+02   8.4139241e+01   1.3682085e+02   1.8650014e+02   1.3749756e+02   1.3700728e+02
   1.2094033e+02   8.4099588e+01   1.3699810e+02   1.8675087e+02   1.3734930e+02   1.3716916e+02
   1.2120469e+02   8.4159373e+01   1.3720341e+02   1.8697059e+02   1.3738180e+02   1.3779931e+02
   1.2108098e+02   8.4113331e+01   1.3674763e+02   1.8574139e+02   1.3706939e+02   1.3703017e+02
   1.2049792e+02   8.4048119e+01   1.3716584e+02   1.8634638e+02   1.3714610e+02   1.3701575e+02
   1.2088739e+02   8.3944917e+01   1.3743169e+02   1.8666193e+02   1.3781032e+02   1.3747921e+02
   1.2107539e+02   8.4147556e+01   1.3720891e+02   1.8623473e+02   1.3733096e+02   1.3688514e+02
   1.2102088e+02   8.3860973e+01   1.3684234e+02   1.8583137e+02   1.3697364e+02   1.3690943e+02
   1.2149797e+02   8.3996387e+01   1.3697111e+02   1.8653543e+02   1.3744523e+02   1.3728824e+02
   1.2109313e+02   8.4186246e+01   1.3700684e+02   1.8616956e+02   1.3693180e+02   1.3723949e+02
   1.2112047e+02   8.3912793e+01   1.3677716e+02   1.8622879e+02   1.3671365e+02   1.3704318e+02
   1.2028292e+02   8.3961636e+01   1.3657815e+02   1.8607581e+02   1.3708407e+02   1.3682792e+02
   1.2133180e+02   8.4234652e+01   1.3662148e+02   1.8606690e+02   1.3690952e+02   1.3670028e+02
   1.2141602e+02   8.4020021e+01   1.3671321e+02   1.8649551e+02   1.3724910e+02   1.3739578e+02
   1.2144057e+02   8.4125673e+01   1.3741063e+02   1.8647926e+02   1.3773650e+02   1.3731043e+02
   1.2125134e+02   8.4173028e+01   1.3686033e+02   1.8555897e+02   1.3718131e+02   1.3676948e+02
   1.2118311e+02   8.3542002e+01   1.3689440e+02   1.8604314e+02   1.3739351e+02   1.3711054e+02
   1.2055383e+02   8.3887408e+01   1.3699400e+02   1.8626356e+02   1.3713081e+02   1.3700850e+02
   1.2105006e+02   8.4346869e+01   1.3697897e+02   1.8673672e+02   1.3736171e+02   1.3694481e+02
   1.2081365e+02   8.3953758e+01   1.3730466e+02   1.8690507e+02   1.3750726e+02   1.3716523e+02
   1.2117298e+02   8.3679867e+01   1.3686811e+02   1.8559025e+02   1.3718969e+02   1.3677533e+02
   1.2101223e+02   8.3879267e+01   1.3677568e+02   1.8582395e+02   1.3675917e+02   1.3671697e+02
   1.2063613e+02   8.3649143e+01   1.3705987e+02   1.8622197e+02   1.3696491e+02   1.3724115e+02
   1.2026431e+02   8.4164450e+01   1.3686383e+02   1.8603266e+02   1.3693389e+02   1.3663004e+02
   1.2115114e+02   8.3940453e+01   1.3688296e+02   1.8651979e+02   1.3712801e+02   1.3686575e+02
   1.2062914e+02   8.4186859e+01   1.3665075e+02   1.8592765e+02   1.3684199e+02   1.3630453e+02
   1.2070803e+02   8.3988771e+01   1.3630654e+02   1.8599116e+02   1.3647899e+02   1.3604908e+02
   1.2071205e+02   8.3908416e+01   1.3693258e+02   1.8651115e+02   1.3717825e+02   1.3703253e+02
   1.2043450e+02   8.4107379e+01   1.3690235e+02   1.8662445e+02   1.3749232e+02   1.3688139e+02
   1.2096628e+02   8.4208567e+01   1.3674196e+02   1.8622940e+02   1.3731384e+02   1.3665652e+02
   1.2100830e+02   8.3986145e+01   1.3693896e+02   1.8652259e+02   1.3726378e+02   1.3750804e+02
   1.2088241e+02   8.4451734e+01   1.3689152e+02   1.8603816e+02   1.3699924e+02   1.3715448e+02
   1.2129729e+02   8.4335315e+01   1.3664035e+02   1.8583958e+02   1.3693005e+02   1.3664577e+02
   1.2060678e+02   8.4391336e+01   1.3640465e+02   1.8627998e+02   1.3684286e+02   1.3654766e+02
   1.2064792e+02   8.4545482e+01   1.3666604e+02   1.8658165e+02   1.3691310e+02   1.3657439e+02
   1.2085192e+02   8.3956997e+01   1.3676458e+02   1.8654190e+02   1.3709962e+02   1.3673706e+02
   1.2097423e+02   8.4084445e+01   1.3665721e+02   1.8615208e+02   1.3698832e+02   1.3670823e+02
   1.2082719e+02   8.4452959e+01   1.3660060e+02   1.8656129e+02   1.3710250e+02   1.3646231e+02
   1.2102874e+02   8.3902726e+01   1.3692498e+02   1.8708093e+02   1.3717030e+02   1.3683255e+02
   1.2055602e+02   8.4049519e+01   1.3698684e+02   1.8661301e+02   1.3706450e+02   1.3697443e+02
   1.2012453e+02   8.3841716e+01   1.3634681e+02   1.8571666e+02   1.3643985e+02   1.3622433e+02
   1.2035797e+02   8.3603713e+01   1.3606970e+02   1.8546873e+02   1.3598766e+02   1.3562581e+02
   1.2020543e+02   8.3339889e+01   1.3610429e+02   1.8526124e+02   1.3608542e+02   1.3571981e+02
   1.1980522e+02   8.3749718e+01   1.3649105e+02   1.8559296e+02   1.3659091e+02   1.3580254e+02
   1.2050290e+02   8.3424621e+01   1.3661441e+02   1.8610307e+02   1.3676869e+02   1.3631589e+02
   1.2068628e+02   8.3746130e+01   1.3681220e+02   1.8609984e+02   1.3717030e+02   1.3653560e+02
   1.2026309e+02   8.3951307e+01   1.3670535e+02   1.8576550e+02   1.3695119e+02   1.3636542e+02
   1.2031664e+02   8.3811692e+01   1.3685212e+02   1.8626565e+02   1.3697958e+02   1.3658199e+02
   1.2074359e+02   8.4036127e+01   1.3653333e+02   1.8574794e+02   1.3629841e+02   1.3590720e+02
   1.2056362e+02   8.3812917e+01   1.3633589e+02   1.8612780e+02   1.3651446e+02   1.3606839e+02
   1.2021067e+02   8.3881893e+01   1.3653788e+02   1.8592232e+02   1.3684312e+02   1.3651175e+02
   1.2076289e+02   8.4345644e+01   1.3660296e+02   1.8633755e+02   1.3709621e+02   1.3646947e+02
   1.2119954e+02   8.4264150e+01   1.3713317e+02   1.8719074e+02   1.3733969e+02   1.3706590e+02
   1.2011318e+02   8.4293649e+01   1.3681787e+02   1.8579354e+02   1.3710949e+02   1.3602986e+02
   1.2056973e+02   8.4073591e+01   1.3669679e+02   1.8565368e+02   1.3670771e+02   1.3619533e+02
   1.2043100e+02   8.4061074e+01   1.3662244e+02   1.8611923e+02   1.3658794e+02   1.3641801e+02
   1.1985973e+02   8.4538304e+01   1.3630986e+02   1.8573973e+02   1.3636035e+02   1.3588283e+02
   1.2086799e+02   8.4105453e+01   1.3630671e+02   1.8609469e+02   1.3662576e+02   1.3625665e+02
   1.2041571e+02   8.4452959e+01   1.3643872e+02   1.8615802e+02   1.3652058e+02   1.3626233e+02
   1.2034871e+02   8.4301177e+01   1.3662253e+02   1.8654225e+02   1.3698631e+02   1.3659021e+02
   1.2063185e+02   8.4374880e+01   1.3702292e+02   1.8624006e+02   1.3725679e+02   1.3651630e+02
   1.2048691e+02   8.4219333e+01   1.3691887e+02   1.8599894e+02   1.3672125e+02   1.3598915e+02
   1.2018158e+02   8.3976342e+01   1.3655185e+02   1.8591611e+02   1.3660191e+02   1.3615357e+02
   1.2026536e+02   8.3975904e+01   1.3638779e+02   1.8603921e+02   1.3682591e+02   1.3628094e+02
   1.2000729e+02   8.4244018e+01   1.3627037e+02   1.8621306e+02   1.3675908e+02   1.3648747e+02
   1.2063159e+02   8.3997437e+01   1.3661423e+02   1.8633755e+02   1.3694499e+02   1.3716235e+02
   1.2039055e+02   8.4642031e+01   1.3686951e+02   1.8627168e+02   1.3702134e+02   1.3701156e+02
   1.2142607e+02   8.4350983e+01   1.3702126e+02   1.8673462e+02   1.3719048e+02   1.3699793e+02
   1.2115105e+02   8.5026126e+01   1.3712784e+02   1.8716742e+02   1.3745528e+02   1.3702449e+02
   1.2123771e+02   8.4826025e+01   1.3750271e+02   1.8808324e+02   1.3780403e+02   1.3701698e+02
   1.2095833e+02   8.4883272e+01   1.3703034e+02   1.8773318e+02   1.3733498e+02   1.3729287e+02
   1.2117700e+02   8.4808606e+01   1.3662838e+02   1.8695941e+02   1.3695198e+02   1.3645960e+02
   1.2046193e+02   8.4201302e+01   1.3644492e+02   1.8542112e+02   1.3622381e+02   1.3612937e+02
   1.1992202e+02   8.4245418e+01   1.3645663e+02   1.8625535e+02   1.3671741e+02   1.3642238e+02
   1.2077119e+02   8.4604741e+01   1.3646790e+02   1.8660524e+02   1.3676755e+02   1.3659204e+02
   1.2080230e+02   8.4598001e+01   1.3688541e+02   1.8754614e+02   1.3716453e+02   1.3731515e+02
   1.2130219e+02   8.4995927e+01   1.3698360e+02   1.8705612e+02   1.3710460e+02   1.3707961e+02
   1.2175534e+02   8.4987699e+01   1.3714243e+02   1.8773239e+02   1.3749450e+02   1.3725495e+02
   1.2126777e+02   8.4952335e+01   1.3740688e+02   1.8812658e+02   1.3745597e+02   1.3737918e+02
   1.2089202e+02   8.4883184e+01   1.3738661e+02   1.8793918e+02   1.3743964e+02   1.3750568e+02
   1.2112895e+02   8.4772717e+01   1.3706275e+02   1.8735560e+02   1.3734004e+02   1.3726622e+02
   1.2118896e+02   8.4790837e+01   1.3700527e+02   1.8662699e+02   1.3712871e+02   1.3647104e+02
   1.2079688e+02   8.4448933e+01   1.3654714e+02   1.8570015e+02   1.3655456e+02   1.3610831e+02
   1.2028170e+02   8.4524999e+01   1.3658785e+02   1.8600523e+02   1.3651691e+02   1.3645112e+02
   1.2043109e+02   8.4545219e+01   1.3678415e+02   1.8594276e+02   1.3660925e+02   1.3665451e+02
   1.2103110e+02   8.4563864e+01   1.3692909e+02   1.8640281e+02   1.3694953e+02   1.3682390e+02
   1.2120486e+02   8.4788561e+01   1.3685413e+02   1.8658776e+02   1.3689554e+02   1.3650870e+02
   1.2114214e+02   8.5541170e+01   1.3693957e+02   1.8618607e+02   1.3707035e+02   1.3730589e+02
   1.2038592e+02   8.5065516e+01   1.3659099e+02   1.8549118e+02   1.3722935e+02   1.3698806e+02
   1.2175377e+02   8.4907606e+01   1.3694525e+02   1.8659484e+02   1.3708704e+02   1.3684714e+02
   1.2138204e+02   8.5027264e+01   1.3640377e+02   1.8570426e+02   1.3649638e+02   1.3599063e+02
   1.2089656e+02   8.4199026e+01   1.3639172e+02   1.8556623e+02   1.3637870e+02   1.3660715e+02
   1.2031411e+02   8.4357723e+01   1.3650048e+02   1.8629728e+02   1.3680197e+02   1.3672413e+02
   1.2107461e+02   8.4566052e+01   1.3657125e+02   1.8653500e+02   1.3664769e+02   1.3682888e+02
   1.2092522e+02   8.4446307e+01   1.3677314e+02   1.8677551e+02   1.3679970e+02   1.3638351e+02
   1.2058258e+02   8.4615508e+01   1.3684609e+02   1.8624783e+02   1.3674318e+02   1.3615444e+02
   1.2035342e+02   8.4312819e+01   1.3688016e+02   1.8619227e+02   1.3681054e+02   1.3608184e+02
   1.2039501e+02   8.4560887e+01   1.3694036e+02   1.8655168e+02   1.3717231e+02   1.3689030e+02
   1.2110885e+02   8.5075144e+01   1.3682390e+02   1.8675279e+02   1.3714819e+02   1.3716444e+02
   1.2122374e+02   8.4933866e+01   1.3715553e+02   1.8711299e+02   1.3749747e+02   1.3715309e+02
   1.2149910e+02   8.4951810e+01   1.3717947e+02   1.8653272e+02   1.3718262e+02   1.3731619e+02
   1.2134045e+02   8.5097378e+01   1.3711543e+02   1.8680914e+02   1.3699610e+02   1.3733096e+02
   1.2145341e+02   8.4983410e+01   1.3724613e+02   1.8713518e+02   1.3739150e+02   1.3750044e+02
   1.2122933e+02   8.5229903e+01   1.3718122e+02   1.8671802e+02   1.3730772e+02   1.3734450e+02
   1.2116337e+02   8.4944370e+01   1.3704755e+02   1.8666980e+02   1.3699907e+02   1.3678441e+02
   1.2095719e+02   8.4626275e+01   1.3660357e+02   1.8621254e+02   1.3677795e+02   1.3627972e+02
   1.2074341e+02   8.4644306e+01   1.3666473e+02   1.8665197e+02   1.3694508e+02   1.3662961e+02
   1.2067544e+02   8.4804579e+01   1.3700256e+02   1.8707044e+02   1.3735612e+02   1.3701960e+02
   1.2180942e+02   8.5031640e+01   1.3704738e+02   1.8710050e+02   1.3745763e+02   1.3697504e+02
   1.2188551e+02   8.5174582e+01   1.3730073e+02   1.8692691e+02   1.3758221e+02   1.3726954e+02
   1.2184559e+02   8.5361115e+01   1.3747153e+02   1.8754614e+02   1.3748891e+02   1.3760537e+02
   1.2185048e+02   8.5469043e+01   1.3733454e+02   1.8731192e+02   1.3738652e+02   1.3736809e+02
   1.2107950e+02   8.5130290e+01   1.3729593e+02   1.8699750e+02   1.3733236e+02   1.3694874e+02
   1.2135609e+02   8.4903317e+01   1.3734441e+02   1.8712181e+02   1.3719441e+02   1.3724097e+02
   1.2195025e+02   8.5046783e+01   1.3714715e+02   1.8734861e+02   1.3740260e+02   1.3716147e+02
   1.2161932e+02   8.5292401e+01   1.3702099e+02   1.8723451e+02   1.3696997e+02   1.3717746e+02
   1.2102228e+02   8.4728426e+01   1.3691170e+02   1.8666604e+02   1.3686260e+02   1.3681988e+02
   1.2185354e+02   8.4986473e+01   1.3722272e+02   1.8645864e+02   1.3714732e+02   1.3694901e+02
   1.2155755e+02   8.5404444e+01   1.3723722e+02   1.8682024e+02   1.3691406e+02   1.3680486e+02
   1.2160438e+02   8.5123375e+01   1.3718690e+02   1.8638805e+02   1.3669164e+02   1.3663389e+02
   1.2091997e+02   8.5021224e+01   1.3678389e+02   1.8575047e+02   1.3631728e+02   1.3644850e+02
   1.2041615e+02   8.4457511e+01   1.3704502e+02   1.8639390e+02   1.3679009e+02   1.3677437e+02
   1.2147202e+02   8.4950672e+01   1.3703025e+02   1.8659894e+02   1.3680730e+02   1.3681220e+02
   1.2129266e+02   8.5145608e+01   1.3686156e+02   1.8678852e+02   1.3662969e+02   1.3644134e+02
   1.2092443e+02   8.4336015e+01   1.3663057e+02   1.8730886e+02   1.3668849e+02   1.3664158e+02
   1.2067807e+02   8.4878370e+01   1.3648301e+02   1.8659641e+02   1.3638482e+02   1.3629763e+02
   1.2111575e+02   8.5136855e+01   1.3734057e+02   1.8737770e+02   1.3724726e+02   1.3723914e+02
   1.2079435e+02   8.5207669e+01   1.3694167e+02   1.8647323e+02   1.3656548e+02   1.3661021e+02
   1.2104971e+02   8.4496200e+01   1.3666018e+02   1.8548410e+02   1.3609608e+02   1.3619987e+02
   1.2070925e+02   8.4595288e+01   1.3641906e+02   1.8559077e+02   1.3619428e+02   1.3603108e+02
   1.2061944e+02   8.4675118e+01   1.3639399e+02   1.8583443e+02   1.3631169e+02   1.3616204e+02
   1.2085262e+02   8.4639405e+01   1.3668141e+02   1.8620599e+02   1.3639888e+02   1.3647017e+02
   1.2041676e+02   8.4876357e+01   1.3644562e+02   1.8607625e+02   1.3593367e+02   1.3606157e+02
   1.2011658e+02   8.4506179e+01   1.3645794e+02   1.8630899e+02   1.3632279e+02   1.3587322e+02
   1.2082719e+02   8.4475280e+01   1.3672370e+02   1.8686558e+02   1.3630680e+02   1.3637739e+02
   1.2090739e+02   8.4805892e+01   1.3677157e+02   1.8725198e+02   1.3657964e+02   1.3645916e+02
   1.2106840e+02   8.4834428e+01   1.3722420e+02   1.8716646e+02   1.3715807e+02   1.3708477e+02
   1.2153484e+02   8.5392014e+01   1.3724892e+02   1.8716025e+02   1.3714094e+02   1.3702239e+02
   1.2088450e+02   8.4827863e+01   1.3736486e+02   1.8722647e+02   1.3727627e+02   1.3690096e+02
   1.2108194e+02   8.4971330e+01   1.3699400e+02   1.8680224e+02   1.3684199e+02   1.3684784e+02
   1.2160927e+02   8.4835391e+01   1.3693765e+02   1.8661100e+02   1.3695713e+02   1.3681141e+02
   1.2118608e+02   8.4905943e+01   1.3655474e+02   1.8607110e+02   1.3648808e+02   1.3652923e+02
   1.2051242e+02   8.4843182e+01   1.3656461e+02   1.8559907e+02   1.3642483e+02   1.3656557e+02
   1.2191486e+02   8.5243996e+01   1.3693529e+02   1.8599902e+02   1.3647567e+02   1.3695460e+02
   1.2185266e+02   8.5107444e+01   1.3745903e+02   1.8670439e+02   1.3696604e+02   1.3698893e+02
   1.2169279e+02   8.5035317e+01   1.3737027e+02   1.8670631e+02   1.3722097e+02   1.3651044e+02
   1.2161102e+02   8.4904892e+01   1.3700326e+02   1.8641181e+02   1.3668753e+02   1.3635328e+02
   1.2144188e+02   8.4670216e+01   1.3728990e+02   1.8715309e+02   1.3689895e+02   1.3714951e+02
   1.2105792e+02   8.4679232e+01   1.3683517e+02   1.8620590e+02   1.3645174e+02   1.3638779e+02
   1.2052064e+02   8.4294087e+01   1.3613705e+02   1.8444274e+02   1.3572811e+02   1.3512915e+02
   1.2036810e+02   8.3912793e+01   1.3633187e+02   1.8529278e+02   1.3605249e+02   1.3586902e+02
   1.2052160e+02   8.4785147e+01   1.3662419e+02   1.8595901e+02   1.3644082e+02   1.3608350e+02
   1.2068270e+02   8.4443593e+01   1.3696928e+02   1.8612325e+02   1.3681840e+02   1.3648991e+02
   1.2116573e+02   8.4651397e+01   1.3696132e+02   1.8600496e+02   1.3651813e+02   1.3661013e+02
   1.2130856e+02   8.4800378e+01   1.3688855e+02   1.8625028e+02   1.3634236e+02   1.3659291e+02
   1.2077382e+02   8.4617259e+01   1.3682810e+02   1.8625229e+02   1.3637494e+02   1.3669041e+02
   1.2027122e+02   8.4891675e+01   1.3688698e+02   1.8559348e+02   1.3652530e+02   1.3599797e+02
   1.2091962e+02   8.4452084e+01   1.3649813e+02   1.8556745e+02   1.3667154e+02   1.3596049e+02
   1.2114371e+02   8.4688160e+01   1.3667434e+02   1.8566390e+02   1.3645182e+02   1.3617174e+02
   1.2144284e+02   8.4681858e+01   1.3659431e+02   1.8596373e+02   1.3646161e+02   1.3606402e+02
   1.2103162e+02   8.4789611e+01   1.3677795e+02   1.8636472e+02   1.3688060e+02   1.3670037e+02
   1.2151151e+02   8.5142720e+01   1.3683989e+02   1.8631370e+02   1.3657911e+02   1.3640185e+02
   1.2137452e+02   8.4957412e+01   1.3678922e+02   1.8692988e+02   1.3692000e+02   1.3657527e+02
   1.2117630e+02   8.4868216e+01   1.3673558e+02   1.8644912e+02   1.3666281e+02   1.3556238e+02
   1.2031228e+02   8.4465389e+01   1.3664096e+02   1.8644510e+02   1.3670203e+02   1.3562353e+02
   1.2077556e+02   8.4694638e+01   1.3667504e+02   1.8709823e+02   1.3679699e+02   1.3594914e+02
   1.2098602e+02   8.5027176e+01   1.3663109e+02   1.8671365e+02   1.3648991e+02   1.3603763e+02
   1.2110894e+02   8.4528588e+01   1.3645977e+02   1.8636551e+02   1.3633659e+02   1.3623639e+02
   1.2067990e+02   8.4529200e+01   1.3636463e+02   1.8547895e+02   1.3584570e+02   1.3556823e+02
   1.2044419e+02   8.4207954e+01   1.3661327e+02   1.8564931e+02   1.3577581e+02   1.3527950e+02
   1.2026213e+02   8.4262837e+01   1.3662402e+02   1.8579748e+02   1.3636149e+02   1.3584771e+02
   1.2057166e+02   8.4622423e+01   1.3673409e+02   1.8606070e+02   1.3625796e+02   1.3597080e+02
   1.2072559e+02   8.4614458e+01   1.3670692e+02   1.8662271e+02   1.3619803e+02   1.3618834e+02
   1.2085707e+02   8.4689123e+01   1.3654932e+02   1.8601632e+02   1.3593621e+02   1.3560379e+02
   1.2070078e+02   8.4249620e+01   1.3663869e+02   1.8548445e+02   1.3600452e+02   1.3552944e+02
   1.2066138e+02   8.4417071e+01   1.3604157e+02   1.8499968e+02   1.3536538e+02   1.3503715e+02
   1.2033814e+02   8.3853883e+01   1.3578061e+02   1.8529225e+02   1.3551747e+02   1.3497346e+02
   1.2012043e+02   8.4124272e+01   1.3624521e+02   1.8580071e+02   1.3591803e+02   1.3543029e+02
   1.2069571e+02   8.4488235e+01   1.3626460e+02   1.8584491e+02   1.3612657e+02   1.3551145e+02
   1.2081156e+02   8.4312819e+01   1.3663695e+02   1.8628706e+02   1.3634227e+02   1.3566241e+02
   1.2103625e+02   8.4368490e+01   1.3684146e+02   1.8636272e+02   1.3638150e+02   1.3580403e+02
   1.2077329e+02   8.4454447e+01   1.3682504e+02   1.8579232e+02   1.3639425e+02   1.3564197e+02
   1.2117551e+02   8.4242967e+01   1.3653761e+02   1.8595910e+02   1.3629352e+02   1.3578603e+02
   1.2110807e+02   8.4561150e+01   1.3663450e+02   1.8610229e+02   1.3609573e+02   1.3572863e+02
   1.2096191e+02   8.4447882e+01   1.3659056e+02   1.8625727e+02   1.3626880e+02   1.3586011e+02
   1.2038732e+02   8.4325423e+01   1.3635354e+02   1.8577118e+02   1.3581250e+02   1.3523477e+02
   1.2078840e+02   8.3883031e+01   1.3648153e+02   1.8519100e+02   1.3605222e+02   1.3517423e+02
   1.2063631e+02   8.4061774e+01   1.3661301e+02   1.8600252e+02   1.3626653e+02   1.3570164e+02
   1.2068235e+02   8.4555198e+01   1.3665555e+02   1.8649324e+02   1.3622206e+02   1.3562511e+02
   1.2094872e+02   8.4218458e+01   1.3698552e+02   1.8630733e+02   1.3659667e+02   1.3603178e+02
   1.2097449e+02   8.4353872e+01   1.3712277e+02   1.8659222e+02   1.3671155e+02   1.3619148e+02
   1.2099091e+02   8.4308967e+01   1.3727059e+02   1.8714741e+02   1.3697469e+02   1.3666534e+02
   1.2110422e+02   8.4502065e+01   1.3764520e+02   1.8703235e+02   1.3716890e+02   1.3680468e+02
   1.2189905e+02   8.4615158e+01   1.3741806e+02   1.8706669e+02   1.3700422e+02   1.3674606e+02
   1.2147464e+02   8.4574017e+01   1.3753373e+02   1.8709071e+02   1.3723337e+02   1.3678197e+02
   1.2152156e+02   8.4897715e+01   1.3719258e+02   1.8646205e+02   1.3687562e+02   1.3604427e+02
   1.2116145e+02   8.4308004e+01   1.3719939e+02   1.8654277e+02   1.3691284e+02   1.3567639e+02
   1.2096200e+02   8.4474667e+01   1.3701968e+02   1.8616335e+02   1.3662996e+02   1.3572365e+02
   1.2096208e+02   8.4854999e+01   1.3661694e+02   1.8539028e+02   1.3651341e+02   1.3611233e+02
   1.2028563e+02   8.4770704e+01   1.3622870e+02   1.8488436e+02   1.3640168e+02   1.3563786e+02
   1.2055043e+02   8.4798190e+01   1.3602147e+02   1.8450931e+02   1.3651665e+02   1.3578201e+02
   1.2038557e+02   8.5074094e+01   1.3460802e+02   1.8118514e+02   1.3508651e+02   1.3447916e+02
   1.2007238e+02   8.4069302e+01   1.3608761e+02   1.8415339e+02   1.3602890e+02   1.3557837e+02
   1.2077469e+02   8.4345994e+01   1.3681726e+02   1.8502868e+02   1.3619270e+02   1.3558815e+02
   1.2025829e+02   8.4345206e+01   1.3655229e+02   1.8533428e+02   1.3616868e+02   1.3514924e+02
   1.1973760e+02   8.4233776e+01   1.3650031e+02   1.8583801e+02   1.3623909e+02   1.3524202e+02
   1.2038129e+02   8.4244368e+01   1.3662576e+02   1.8592616e+02   1.3647235e+02   1.3552525e+02
   1.2034783e+02   8.4247081e+01   1.3694770e+02   1.8623359e+02   1.3698448e+02   1.3616903e+02
   1.2065719e+02   8.4620497e+01   1.3695399e+02   1.8566320e+02   1.3647270e+02   1.3584919e+02
   1.2025523e+02   8.4673105e+01   1.3713754e+02   1.8606096e+02   1.3676450e+02   1.3588361e+02
   1.2085279e+02   8.4900778e+01   1.3678136e+02   1.8563568e+02   1.3634402e+02   1.3553914e+02
   1.2077687e+02   8.4433702e+01   1.3652136e+02   1.8637014e+02   1.3629684e+02   1.3562126e+02
   1.2067710e+02   8.4654023e+01   1.3610263e+02   1.8604436e+02   1.3599142e+02   1.3498342e+02
   1.2047783e+02   8.4292336e+01   1.3658296e+02   1.8629108e+02   1.3615129e+02   1.3546060e+02
   1.2097929e+02   8.4502853e+01   1.3656173e+02   1.8556291e+02   1.3584841e+02   1.3543203e+02
   1.2030468e+02   8.3836901e+01   1.3578612e+02   1.8460130e+02   1.3501182e+02   1.3482809e+02
   1.1985624e+02   8.3944129e+01   1.3595770e+02   1.8362100e+02   1.3496281e+02   1.3457622e+02
   1.1969121e+02   8.3785082e+01   1.3632261e+02   1.8354954e+02   1.3489947e+02   1.3458155e+02
   1.1948075e+02   8.3403263e+01   1.3618572e+02   1.8411486e+02   1.3529793e+02   1.3487169e+02
   1.2035150e+02   8.3978792e+01   1.3654984e+02   1.8502824e+02   1.3555941e+02   1.3545457e+02
   1.2083916e+02   8.3950869e+01   1.3681115e+02   1.8617235e+02   1.3619515e+02   1.3592651e+02
   1.2119604e+02   8.4442543e+01   1.3694971e+02   1.8617017e+02   1.3649446e+02   1.3617890e+02
   1.2148425e+02   8.4238328e+01   1.3721643e+02   1.8639329e+02   1.3671950e+02   1.3653744e+02
   1.2147220e+02   8.4653585e+01   1.3716750e+02   1.8614273e+02   1.3672973e+02   1.3643531e+02
   1.2109828e+02   8.4711794e+01   1.3722665e+02   1.8631991e+02   1.3654015e+02   1.3624486e+02
   1.2158559e+02   8.4284458e+01   1.3707027e+02   1.8659231e+02   1.3682556e+02   1.3657902e+02
   1.2162770e+02   8.4801078e+01   1.3714767e+02   1.8694394e+02   1.3679691e+02   1.3628793e+02
   1.2179745e+02   8.4550821e+01   1.3695320e+02   1.8605607e+02   1.3642727e+02   1.3592633e+02
   1.2084074e+02   8.4180031e+01   1.3608193e+02   1.8505000e+02   1.3581818e+02   1.3493468e+02
   1.2053313e+02   8.3862636e+01   1.3587068e+02   1.8561174e+02   1.3555347e+02   1.3521677e+02
   1.2027340e+02   8.4143967e+01   1.3598408e+02   1.8546576e+02   1.3537988e+02   1.3500037e+02
   1.2102734e+02   8.4163750e+01   1.3615339e+02   1.8573169e+02   1.3577188e+02   1.3536066e+02
   1.2108754e+02   8.4186859e+01   1.3663869e+02   1.8638639e+02   1.3628557e+02   1.3572732e+02
   1.2133521e+02   8.4704179e+01   1.3695722e+02   1.8679429e+02   1.3646170e+02   1.3600741e+02
   1.2176119e+02   8.4314394e+01   1.3716235e+02   1.8654714e+02   1.3656408e+02   1.3605319e+02
   1.2130752e+02   8.4210930e+01   1.3699138e+02   1.8605476e+02   1.3639495e+02   1.3577118e+02
   1.1900856e+02   8.3483880e+01   1.3572889e+02   1.8159085e+02   1.3602549e+02   1.3326822e+02
   1.2178102e+02   8.7828322e+01   1.3686951e+02   1.8665302e+02   1.3690541e+02   1.3620922e+02
   1.2091351e+02   8.6297894e+01   1.3596259e+02   1.8486487e+02   1.3690358e+02   1.3520865e+02
   1.2013388e+02   8.4506092e+01   1.3437546e+02   1.8026101e+02   1.3556622e+02   1.3490244e+02
   1.1998729e+02   8.5020961e+01   1.3532737e+02   1.8258120e+02   1.3554901e+02   1.3468019e+02
   1.2022386e+02   8.4657611e+01   1.3554569e+02   1.8320069e+02   1.3550070e+02   1.3456985e+02
   1.2007928e+02   8.4652009e+01   1.3606874e+02   1.8406576e+02   1.3655876e+02   1.3546707e+02
   1.2087096e+02   8.5154012e+01   1.3654583e+02   1.8517335e+02   1.3712443e+02   1.3654993e+02
   1.2149264e+02   8.5110420e+01   1.3710906e+02   1.8528317e+02   1.3721302e+02   1.3685090e+02
   1.2183187e+02   8.5473245e+01   1.3717423e+02   1.8573091e+02   1.3719432e+02   1.3686671e+02
   1.2132289e+02   8.5360064e+01   1.3714522e+02   1.8590747e+02   1.3728990e+02   1.3683841e+02
   1.2106316e+02   8.5822589e+01   1.3699627e+02   1.8577791e+02   1.3710320e+02   1.3671846e+02
   1.2157555e+02   8.5421600e+01   1.3721573e+02   1.8724849e+02   1.3748087e+02   1.3701925e+02
   1.2131599e+02   8.5430791e+01   1.3692743e+02   1.8681491e+02   1.3764660e+02   1.3648161e+02
   1.2153868e+02   8.5304218e+01   1.3677542e+02   1.8645427e+02   1.3716969e+02   1.3644833e+02
   1.2138457e+02   8.5055449e+01   1.3701785e+02   1.8615296e+02   1.3713238e+02   1.3634332e+02
   1.2125213e+02   8.4927301e+01   1.3655011e+02   1.8593420e+02   1.3699330e+02   1.3625447e+02
   1.2134010e+02   8.4823312e+01   1.3680652e+02   1.8608577e+02   1.3693171e+02   1.3632812e+02
   1.2114371e+02   8.4923537e+01   1.3671304e+02   1.8602864e+02   1.3685544e+02   1.3624766e+02
   1.2187162e+02   8.4832590e+01   1.3682530e+02   1.8648092e+02   1.3717860e+02   1.3662183e+02
   1.2178190e+02   8.5269117e+01   1.3677000e+02   1.8573318e+02   1.3674466e+02   1.3626356e+02
   1.2183877e+02   8.4968967e+01   1.3667827e+02   1.8600304e+02   1.3686016e+02   1.3636114e+02
   1.2174617e+02   8.4998465e+01   1.3694813e+02   1.8620310e+02   1.3732607e+02   1.3657308e+02
   1.2165190e+02   8.5089412e+01   1.3704746e+02   1.8657134e+02   1.3749651e+02   1.3664586e+02
   1.2180924e+02   8.4860688e+01   1.3727085e+02   1.8618362e+02   1.3714016e+02   1.3667958e+02
   1.2190988e+02   8.5203205e+01   1.3693651e+02   1.8605135e+02   1.3700343e+02   1.3664953e+02
   1.2186332e+02   8.4903229e+01   1.3647559e+02   1.8544156e+02   1.3675314e+02   1.3614317e+02
   1.2118372e+02   8.4928614e+01   1.3617427e+02   1.8469513e+02   1.3618458e+02   1.3514216e+02
   1.2087035e+02   8.4621548e+01   1.3647725e+02   1.8551809e+02   1.3661170e+02   1.3594818e+02
   1.2157747e+02   8.5437093e+01   1.3697958e+02   1.8548192e+02   1.3708486e+02   1.3625508e+02
   1.2177648e+02   8.5376170e+01   1.3683255e+02   1.8499059e+02   1.3677183e+02   1.3621638e+02
   1.2167566e+02   8.4761426e+01   1.3660794e+02   1.8436420e+02   1.3659056e+02   1.3575554e+02
   1.2122679e+02   8.4519134e+01   1.3602610e+02   1.8378472e+02   1.3584937e+02   1.3542007e+02
   1.2095265e+02   8.5366804e+01   1.3577301e+02   1.8383539e+02   1.3607153e+02   1.3561078e+02
   1.2066295e+02   8.4646757e+01   1.3562956e+02   1.8370225e+02   1.3603082e+02   1.3596967e+02
   1.2044708e+02   8.4755824e+01   1.3576987e+02   1.8385793e+02   1.3591227e+02   1.3522839e+02
   1.2013930e+02   8.4452171e+01   1.3560423e+02   1.8383582e+02   1.3556395e+02   1.3504292e+02
   1.1984217e+02   8.3970389e+01   1.3473697e+02   1.8336529e+02   1.3479341e+02   1.3403964e+02
   1.1977796e+02   8.3761010e+01   1.3457719e+02   1.8294944e+02   1.3487710e+02   1.3427351e+02
   1.1989320e+02   8.3918220e+01   1.3540652e+02   1.8462952e+02   1.3608289e+02   1.3546340e+02
   1.2044481e+02   8.4850709e+01   1.3617532e+02   1.8556264e+02   1.3657553e+02   1.3614649e+02
   1.2195269e+02   8.5003892e+01   1.3641338e+02   1.8579800e+02   1.3652765e+02   1.3605319e+02
   1.2164098e+02   8.4732277e+01   1.3586894e+02   1.8438971e+02   1.3615042e+02   1.3545728e+02
   1.2090434e+02   8.4951110e+01   1.3542487e+02   1.8313736e+02   1.3602235e+02   1.3560475e+02
   1.2080037e+02   8.4666277e+01   1.3596390e+02   1.8620433e+02   1.3632855e+02   1.3575659e+02
   1.2152671e+02   8.4524211e+01   1.3544138e+02   1.8522560e+02   1.3574846e+02   1.3534458e+02
   1.2123378e+02   8.4675556e+01   1.3541622e+02   1.8513631e+02   1.3559243e+02   1.3552010e+02
   1.2120976e+02   8.4685972e+01   1.3603982e+02   1.8590004e+02   1.3626626e+02   1.3621551e+02
   1.2113742e+02   8.4370328e+01   1.3652521e+02   1.8681298e+02   1.3721118e+02   1.3670963e+02
   1.2188289e+02   8.4972906e+01   1.3693031e+02   1.8663686e+02   1.3738539e+02   1.3695233e+02
   1.2210776e+02   8.4628813e+01   1.3734197e+02   1.8665800e+02   1.3752543e+02   1.3705777e+02
   1.2200826e+02   8.4282882e+01   1.3733017e+02   1.8670902e+02   1.3767071e+02   1.3720332e+02
   1.2192142e+02   8.4680633e+01   1.3695591e+02   1.8652521e+02   1.3730728e+02   1.3687187e+02
   1.2119901e+02   8.4270190e+01   1.3662681e+02   1.8577424e+02   1.3690017e+02   1.3641627e+02
   1.2154453e+02   8.4469415e+01   1.3655447e+02   1.8509560e+02   1.3642727e+02   1.3641583e+02
   1.2063727e+02   8.4447094e+01   1.3664944e+02   1.8548515e+02   1.3650477e+02   1.3649542e+02
   1.2066732e+02   8.4461012e+01   1.3670876e+02   1.8519397e+02   1.3655858e+02   1.3707664e+02
   1.2127991e+02   8.4322447e+01   1.3643697e+02   1.8512260e+02   1.3633519e+02   1.3652739e+02
   1.2134779e+02   8.3921546e+01   1.3605537e+02   1.8487431e+02   1.3595840e+02   1.3631475e+02
   1.2036784e+02   8.3566424e+01   1.3489030e+02   1.8431588e+02   1.3542994e+02   1.3567036e+02
   1.2101913e+02   8.5758690e+01   1.3639888e+02   1.8495748e+02   1.3435572e+02   1.3639897e+02
   1.1969672e+02   8.3279053e+01   1.3527592e+02   1.8261833e+02   1.3606638e+02   1.3563472e+02
   1.2020124e+02   8.3299273e+01   1.3579966e+02   1.8327120e+02   1.3532362e+02   1.3502213e+02
   1.1952059e+02   8.3351093e+01   1.3565673e+02   1.8334135e+02   1.3520253e+02   1.3503506e+02
   1.1973297e+02   8.2953343e+01   1.3559269e+02   1.8423158e+02   1.3562449e+02   1.3528133e+02
   1.1969881e+02   8.3253668e+01   1.3595534e+02   1.8477507e+02   1.3582368e+02   1.3563786e+02
   1.2032136e+02   8.3655970e+01   1.3666735e+02   1.8581215e+02   1.3629562e+02   1.3614946e+02
   1.2081540e+02   8.4156310e+01   1.3709700e+02   1.8604864e+02   1.3661379e+02   1.3652748e+02
   1.2110029e+02   8.4126198e+01   1.3688086e+02   1.8542190e+02   1.3656906e+02   1.3591288e+02
   1.2078124e+02   8.4233689e+01   1.3677812e+02   1.8540242e+02   1.3663590e+02   1.3599352e+02
   1.2111235e+02   8.4087859e+01   1.3687178e+02   1.8572086e+02   1.3654303e+02   1.3640718e+02
   1.2106299e+02   8.4388097e+01   1.3689047e+02   1.8578297e+02   1.3670465e+02   1.3664437e+02
   1.2105836e+02   8.4665052e+01   1.3677035e+02   1.8550865e+02   1.3642282e+02   1.3655884e+02
   1.2054475e+02   8.4308442e+01   1.3703995e+02   1.8535813e+02   1.3678590e+02   1.3648458e+02
   1.2123902e+02   8.4290060e+01   1.3665695e+02   1.8526666e+02   1.3641461e+02   1.3624643e+02
   1.2127310e+02   8.4364288e+01   1.3659527e+02   1.8558326e+02   1.3647690e+02   1.3587488e+02
   1.2117944e+02   8.4451296e+01   1.3706808e+02   1.8483412e+02   1.3655745e+02   1.3628496e+02
   1.2117953e+02   8.4453397e+01   1.3701392e+02   1.8496726e+02   1.3652765e+02   1.3684933e+02
   1.2124925e+02   8.4380219e+01   1.3693110e+02   1.8474772e+02   1.3608979e+02   1.3660663e+02
   1.2105879e+02   8.4252596e+01   1.3659868e+02   1.8453971e+02   1.3590764e+02   1.3618904e+02
   1.2095011e+02   8.3820358e+01   1.3603842e+02   1.8416999e+02   1.3576978e+02   1.3590353e+02
   1.2060407e+02   8.3817557e+01   1.3613007e+02   1.8478686e+02   1.3599090e+02   1.3618965e+02
   1.2148303e+02   8.4255922e+01   1.3714278e+02   1.8606166e+02   1.3666752e+02   1.3736547e+02
   1.2139392e+02   8.4417858e+01   1.3731148e+02   1.8601055e+02   1.3671924e+02   1.3707961e+02
   1.2153125e+02   8.4824975e+01   1.3706703e+02   1.8564241e+02   1.3654880e+02   1.3685151e+02
   1.2016376e+02   8.4346519e+01   1.3619131e+02   1.8482512e+02   1.3619768e+02   1.3581128e+02
   1.2022054e+02   8.4040678e+01   1.3611329e+02   1.8435258e+02   1.3568740e+02   1.3547152e+02
   1.2084458e+02   8.4069827e+01   1.3644038e+02   1.8510303e+02   1.3606122e+02   1.3627037e+02
   1.2044350e+02   8.4383633e+01   1.3615453e+02   1.8556692e+02   1.3621699e+02   1.3634751e+02
   1.2101389e+02   8.4649121e+01   1.3589183e+02   1.8447786e+02   1.3638857e+02   1.3625290e+02
   1.2082012e+02   8.4927388e+01   1.3587680e+02   1.8471068e+02   1.3665582e+02   1.3572243e+02
   1.2170345e+02   8.4495325e+01   1.3690367e+02   1.8591236e+02   1.3670273e+02   1.3681010e+02
   1.2090233e+02   8.4207691e+01   1.3636568e+02   1.8489353e+02   1.3616545e+02   1.3625718e+02
   1.2110352e+02   8.4146768e+01   1.3600636e+02   1.8433860e+02   1.3576995e+02   1.3606786e+02
   1.2017101e+02   8.3875503e+01   1.3571780e+02   1.8425587e+02   1.3534860e+02   1.3568722e+02
   1.1987668e+02   8.3280279e+01   1.3519423e+02   1.8341832e+02   1.3452145e+02   1.3514181e+02
   1.1975167e+02   8.3373676e+01   1.3495861e+02   1.8297189e+02   1.3466402e+02   1.3486732e+02
   1.1941392e+02   8.3417618e+01   1.3536966e+02   1.8402794e+02   1.3533462e+02   1.3553809e+02
   1.1946136e+02   8.3786395e+01   1.3597735e+02   1.8482827e+02   1.3601579e+02   1.3560501e+02
   1.2077408e+02   8.4262400e+01   1.3645488e+02   1.8585173e+02   1.3655238e+02   1.3583696e+02
   1.2061455e+02   8.4251283e+01   1.3675873e+02   1.8581032e+02   1.3677297e+02   1.3632043e+02
   1.2084615e+02   8.4487009e+01   1.3682574e+02   1.8627893e+02   1.3683744e+02   1.3677218e+02
   1.2098349e+02   8.4285246e+01   1.3714968e+02   1.8623281e+02   1.3695591e+02   1.3692813e+02
   1.2060206e+02   8.4507492e+01   1.3727671e+02   1.8606420e+02   1.3704834e+02   1.3691791e+02
   1.2112082e+02   8.4780508e+01   1.3755155e+02   1.8643767e+02   1.3707044e+02   1.3712758e+02
   1.2110003e+02   8.4923624e+01   1.3741343e+02   1.8691013e+02   1.3729156e+02   1.3713692e+02
   1.2171043e+02   8.4694725e+01   1.3711770e+02   1.8702694e+02   1.3717065e+02   1.3691214e+02
   1.2166247e+02   8.4610519e+01   1.3719231e+02   1.8668474e+02   1.3704572e+02   1.3698858e+02
   1.2171000e+02   8.4783134e+01   1.3721494e+02   1.8723084e+02   1.3720280e+02   1.3719712e+02
   1.2205718e+02   8.4939643e+01   1.3754605e+02   1.8727846e+02   1.3719528e+02   1.3743256e+02
   1.2206530e+02   8.4935529e+01   1.3733262e+02   1.8698282e+02   1.3736145e+02   1.3730798e+02
   1.2202765e+02   8.5008094e+01   1.3754360e+02   1.8625290e+02   1.3741378e+02   1.3723171e+02
   1.2118966e+02   8.5404181e+01   1.3638551e+02   1.8600898e+02   1.3767167e+02   1.3713972e+02
   1.2190840e+02   8.4969229e+01   1.3683290e+02   1.8554692e+02   1.3728920e+02   1.3673139e+02
   1.2144520e+02   8.4850884e+01   1.3708424e+02   1.8552866e+02   1.3683841e+02   1.3643802e+02
   1.2149823e+02   8.4446919e+01   1.3689851e+02   1.8576751e+02   1.3709158e+02   1.3657474e+02
   1.2143734e+02   8.4706455e+01   1.3720970e+02   1.8571195e+02   1.3708005e+02   1.3658898e+02
   1.2182156e+02   8.4646145e+01   1.3730449e+02   1.8645925e+02   1.3720053e+02   1.3705559e+02
