   1.0781711e+02   8.4266061e+01   1.5138212e+02   1.7525019e+02   1.1353147e+02   1.0105560e+02
   1.0872469e+02   8.5096044e+01   1.5230875e+02   1.7570005e+02   1.1377633e+02   1.0133541e+02
   1.0991714e+02   8.6046356e+01   1.5477624e+02   1.7620321e+02   1.1409091e+02   1.0257471e+02
   1.0958613e+02   8.6943537e+01   1.5411849e+02   1.7659217e+02   1.1430658e+02   1.0324241e+02
   1.1030400e+02   8.7326546e+01   1.5342902e+02   1.7665832e+02   1.1447628e+02   1.0279387e+02
   1.1051547e+02   8.7231296e+01   1.5443299e+02   1.7645427e+02   1.1434232e+02   1.0249527e+02
   1.0939056e+02   8.7304962e+01   1.5380294e+02   1.7660195e+02   1.1426394e+02   1.0251677e+02
   1.1019782e+02   8.7172137e+01   1.5373889e+02   1.7663996e+02   1.1450888e+02   1.0261840e+02
   1.0936950e+02   8.6687499e+01   1.5374946e+02   1.7713421e+02   1.1426463e+02   1.0295535e+02
   1.0899322e+02   8.6753912e+01   1.5358728e+02   1.7660763e+02   1.1378725e+02   1.0243428e+02
   1.0983177e+02   8.6750329e+01   1.5354376e+02   1.7626141e+02   1.1435621e+02   1.0266139e+02
   1.0962379e+02   8.7055128e+01   1.5374536e+02   1.7692300e+02   1.1389150e+02   1.0275096e+02
   1.0919980e+02   8.7005668e+01   1.5370158e+02   1.7677445e+02   1.1377135e+02   1.0232443e+02
   1.0945348e+02   8.6839637e+01   1.5348329e+02   1.7634626e+02   1.1398963e+02   1.0238875e+02
   1.0960867e+02   8.7216091e+01   1.5380626e+02   1.7647542e+02   1.1404276e+02   1.0274388e+02
   1.1050114e+02   8.7548154e+01   1.5381054e+02   1.7648171e+02   1.1453020e+02   1.0298148e+02
   1.1146700e+02   8.8178375e+01   1.5454248e+02   1.7678537e+02   1.1393572e+02   1.0295684e+02
   1.1097136e+02   8.8230282e+01   1.5408904e+02   1.7685345e+02   1.1430501e+02   1.0316027e+02
   1.1041838e+02   8.8152684e+01   1.5333718e+02   1.7677340e+02   1.1416274e+02   1.0319191e+02
   1.1017065e+02   8.7321478e+01   1.5263487e+02   1.7702830e+02   1.1428508e+02   1.0309587e+02
   1.1075447e+02   8.7568602e+01   1.5308665e+02   1.7685056e+02   1.1417314e+02   1.0292695e+02
   1.0985545e+02   8.6686276e+01   1.5369485e+02   1.7715353e+02   1.1408078e+02   1.0226038e+02
   1.0951063e+02   8.7347431e+01   1.5337965e+02   1.7697666e+02   1.1393913e+02   1.0255268e+02
   1.0844540e+02   8.6214746e+01   1.5220712e+02   1.7582833e+02   1.1340887e+02   1.0241767e+02
   1.0840643e+02   8.5347363e+01   1.5218282e+02   1.7609433e+02   1.1364376e+02   1.0271225e+02
   1.0895853e+02   8.5976185e+01   1.5296824e+02   1.7640350e+02   1.1363738e+02   1.0264531e+02
   1.1113424e+02   8.7496160e+01   1.5331061e+02   1.7674299e+02   1.1455082e+02   1.0301565e+02
   1.1088712e+02   8.7935882e+01   1.5396006e+02   1.7738527e+02   1.1428578e+02   1.0289209e+02
   1.0853943e+02   8.6153664e+01   1.5218885e+02   1.7672464e+02   1.1417751e+02   1.0225173e+02
   1.0936740e+02   8.6020664e+01   1.5244000e+02   1.7656796e+02   1.1378402e+02   1.0249886e+02
   1.0813414e+02   8.6066629e+01   1.5184176e+02   1.7662118e+02   1.1363773e+02   1.0241016e+02
   1.0950163e+02   8.6024859e+01   1.5269848e+02   1.7605326e+02   1.1406592e+02   1.0230678e+02
   1.0903560e+02   8.6684616e+01   1.5361681e+02   1.7674535e+02   1.1398404e+02   1.0265274e+02
   1.0963847e+02   8.6800488e+01   1.5270032e+02   1.7736928e+02   1.1477260e+02   1.0300490e+02
   1.0974700e+02   8.6728046e+01   1.5349762e+02   1.7715012e+02   1.1393511e+02   1.0295334e+02
   1.0975644e+02   8.7071993e+01   1.5319815e+02   1.7621859e+02   1.1421832e+02   1.0244494e+02
   1.1014478e+02   8.7137183e+01   1.5374291e+02   1.7619780e+02   1.1383208e+02   1.0209706e+02
   1.1019022e+02   8.7024718e+01   1.5396495e+02   1.7670979e+02   1.1399278e+02   1.0240509e+02
   1.1045771e+02   8.7693563e+01   1.5286146e+02   1.7690640e+02   1.1423667e+02   1.0266515e+02
   1.0951115e+02   8.7134736e+01   1.5232806e+02   1.7683125e+02   1.1421718e+02   1.0257051e+02
   1.0969414e+02   8.6874328e+01   1.5251384e+02   1.7648800e+02   1.1403315e+02   1.0194178e+02
   1.0964677e+02   8.6186434e+01   1.5206765e+02   1.7642587e+02   1.1449070e+02   1.0201885e+02
   1.0810425e+02   8.5363616e+01   1.5213406e+02   1.7565033e+02   1.1386476e+02   1.0182188e+02
   1.0854511e+02   8.4945479e+01   1.5163239e+02   1.7585778e+02   1.1405552e+02   1.0220472e+02
   1.0888521e+02   8.6132430e+01   1.5296422e+02   1.7613060e+02   1.1388407e+02   1.0238866e+02
   1.0878970e+02   8.5722070e+01   1.5267664e+02   1.7618250e+02   1.1438435e+02   1.0229359e+02
   1.1021539e+02   8.6866813e+01   1.5291651e+02   1.7646956e+02   1.1373089e+02   1.0188838e+02
   1.1119777e+02   8.7004794e+01   1.5363831e+02   1.7639459e+02   1.1338572e+02   1.0220533e+02
   1.0959557e+02   8.6961801e+01   1.5293355e+02   1.7608236e+02   1.1352903e+02   1.0190770e+02
   1.0935963e+02   8.5943503e+01   1.5181668e+02   1.7614790e+02   1.1417253e+02   1.0217055e+02
   1.0932057e+02   8.6506875e+01   1.5249234e+02   1.7645820e+02   1.1444858e+02   1.0280234e+02
   1.1044137e+02   8.6884465e+01   1.5317228e+02   1.7616153e+02   1.1417812e+02   1.0290546e+02
   1.0852178e+02   8.5059517e+01   1.5160661e+02   1.7600931e+02   1.1414404e+02   1.0263046e+02
   1.0903892e+02   8.5092024e+01   1.5117056e+02   1.7596229e+02   1.1428299e+02   1.0244564e+02
   1.0868239e+02   8.5004901e+01   1.5188405e+02   1.7554713e+02   1.1361825e+02   1.0238089e+02
   1.0825089e+02   8.4845773e+01   1.5138482e+02   1.7502518e+02   1.1328732e+02   1.0121499e+02
   1.0850133e+02   8.4789934e+01   1.5267052e+02   1.7557413e+02   1.1337156e+02   1.0149751e+02
   1.0877887e+02   8.5397434e+01   1.5192093e+02   1.7602521e+02   1.1411984e+02   1.0225584e+02
   1.0965700e+02   8.6102806e+01   1.5321169e+02   1.7628929e+02   1.1378288e+02   1.0237756e+02
   1.0988105e+02   8.6596357e+01   1.5307048e+02   1.7638952e+02   1.1391623e+02   1.0245761e+02
   1.0968994e+02   8.6478562e+01   1.5344038e+02   1.7678354e+02   1.1431873e+02   1.0281729e+02
   1.0937317e+02   8.6082708e+01   1.5379586e+02   1.7639511e+02   1.1357892e+02   1.0252883e+02
   1.0917848e+02   8.5332944e+01   1.5182752e+02   1.7556233e+02   1.1348542e+02   1.0182145e+02
   1.0863940e+02   8.5280339e+01   1.5243851e+02   1.7583410e+02   1.1402450e+02   1.0201177e+02
   1.0890426e+02   8.6090660e+01   1.5244629e+02   1.7624341e+02   1.1433061e+02   1.0198923e+02
   1.1037522e+02   8.6402624e+01   1.5330992e+02   1.7696670e+02   1.1498049e+02   1.0269792e+02
   1.0869471e+02   8.6557820e+01   1.5273650e+02   1.7665893e+02   1.1383767e+02   1.0260922e+02
   1.0990779e+02   8.6220077e+01   1.5236904e+02   1.7585490e+02   1.1367968e+02   1.0207294e+02
   1.0923510e+02   8.6335687e+01   1.5326517e+02   1.7576507e+02   1.1335094e+02   1.0212974e+02
   1.1028302e+02   8.7031884e+01   1.5309294e+02   1.7586967e+02   1.1355280e+02   1.0199456e+02
   1.0989521e+02   8.6579579e+01   1.5351562e+02   1.7597593e+02   1.1379634e+02   1.0222106e+02
   1.0982058e+02   8.5932580e+01   1.5148243e+02   1.7537708e+02   1.1363564e+02   1.0149987e+02
   1.0960317e+02   8.5724342e+01   1.5284643e+02   1.7507202e+02   1.1300629e+02   1.0164729e+02
   1.0836947e+02   8.5994274e+01   1.5191831e+02   1.7567681e+02   1.1388827e+02   1.0167962e+02
   1.1055680e+02   8.7452992e+01   1.5275808e+02   1.7635299e+02   1.1451193e+02   1.0243349e+02
   1.1099556e+02   8.7303476e+01   1.5325582e+02   1.7669965e+02   1.1500514e+02   1.0266095e+02
   1.1022124e+02   8.7095587e+01   1.5211982e+02   1.7585621e+02   1.1392331e+02   1.0204952e+02
   1.0893371e+02   8.5379695e+01   1.5183529e+02   1.7566326e+02   1.1425249e+02   1.0206499e+02
   1.0878673e+02   8.5837942e+01   1.5128512e+02   1.7566352e+02   1.1379826e+02   1.0165690e+02
   1.0971563e+02   8.6449725e+01   1.5211842e+02   1.7584931e+02   1.1392532e+02   1.0188480e+02
   1.1110243e+02   8.6962413e+01   1.5383038e+02   1.7702289e+02   1.1452583e+02   1.0265213e+02
   1.1046042e+02   8.7052419e+01   1.5271517e+02   1.7675426e+02   1.1426297e+02   1.0217448e+02
   1.0903176e+02   8.5625946e+01   1.5183722e+02   1.7667151e+02   1.1401200e+02   1.0207041e+02
   1.1078173e+02   8.5902782e+01   1.5158782e+02   1.7602338e+02   1.1351129e+02   1.0159573e+02
   1.0935963e+02   8.5017572e+01   1.5237525e+02   1.7594019e+02   1.1326757e+02   1.0150205e+02
   1.0861554e+02   8.5582691e+01   1.5230167e+02   1.7604033e+02   1.1351706e+02   1.0173773e+02
   1.0896884e+02   8.4580909e+01   1.5119231e+02   1.7614493e+02   1.1345405e+02   1.0180694e+02
   1.0899139e+02   8.5414911e+01   1.5159953e+02   1.7574829e+02   1.1331799e+02   1.0167682e+02
   1.0953256e+02   8.5417533e+01   1.5196209e+02   1.7541754e+02   1.1376724e+02   1.0177146e+02
   1.1002830e+02   8.6148596e+01   1.5254276e+02   1.7558392e+02   1.1354196e+02   1.0212528e+02
   1.1090250e+02   8.6835093e+01   1.5344466e+02   1.7604374e+02   1.1339839e+02   1.0267494e+02
   1.1053338e+02   8.6273557e+01   1.5331848e+02   1.7620173e+02   1.1399103e+02   1.0256422e+02
   1.0914143e+02   8.6136449e+01   1.5289545e+02   1.7627758e+02   1.1385165e+02   1.0223102e+02
   1.0972865e+02   8.5688164e+01   1.5308036e+02   1.7565994e+02   1.1389001e+02   1.0224736e+02
   1.0816245e+02   8.5197935e+01   1.5149100e+02   1.7555630e+02   1.1354144e+02   1.0159556e+02
   1.0879005e+02   8.4808460e+01   1.5184744e+02   1.7533871e+02   1.1375946e+02   1.0210405e+02
   1.0756605e+02   8.4393556e+01   1.5147361e+02   1.7519252e+02   1.1361912e+02   1.0209680e+02
   1.0872329e+02   8.5459041e+01   1.5190179e+02   1.7553227e+02   1.1367907e+02   1.0179593e+02
   1.0943224e+02   8.5847030e+01   1.5222695e+02   1.7556050e+02   1.1376156e+02   1.0176561e+02
   1.0822318e+02   8.5154592e+01   1.5099657e+02   1.7578246e+02   1.1313728e+02   1.0120757e+02
   1.0948380e+02   8.4860541e+01   1.5217042e+02   1.7622882e+02   1.1365032e+02   1.0160368e+02
   1.0926167e+02   8.6185123e+01   1.5251148e+02   1.7668112e+02   1.1375448e+02   1.0194352e+02
   1.0917053e+02   8.5934940e+01   1.5284678e+02   1.7696766e+02   1.1386450e+02   1.0256221e+02
   1.0993357e+02   8.5632588e+01   1.5293573e+02   1.7637309e+02   1.1376156e+02   1.0232120e+02
   1.0804431e+02   8.5209207e+01   1.5240312e+02   1.7629034e+02   1.1336151e+02   1.0207084e+02
   1.0951508e+02   8.5321584e+01   1.5262150e+02   1.7559903e+02   1.1326128e+02   1.0182975e+02
   1.0787836e+02   8.4632291e+01   1.5139077e+02   1.7575039e+02   1.1393519e+02   1.0200006e+02
   1.0942211e+02   8.5189546e+01   1.5136403e+02   1.7584424e+02   1.1360636e+02   1.0201850e+02
   1.0882719e+02   8.5576923e+01   1.5174468e+02   1.7554521e+02   1.1385882e+02   1.0199482e+02
   1.0970480e+02   8.7018339e+01   1.5281916e+02   1.7665867e+02   1.1419927e+02   1.0262128e+02
   1.1089594e+02   8.6391439e+01   1.5299428e+02   1.7617088e+02   1.1390382e+02   1.0199167e+02
   1.0925669e+02   8.6112156e+01   1.5286373e+02   1.7618215e+02   1.1374915e+02   1.0168958e+02
   1.0924087e+02   8.5054623e+01   1.5052434e+02   1.7525421e+02   1.1489005e+02   1.0210178e+02
   1.0844208e+02   8.4951159e+01   1.5174686e+02   1.7575554e+02   1.1303373e+02   1.0167674e+02
   1.0913662e+02   8.5357237e+01   1.5251471e+02   1.7554363e+02   1.1428604e+02   1.0163532e+02
   1.0923301e+02   8.5749072e+01   1.5302906e+02   1.7599629e+02   1.1311683e+02   1.0081346e+02
   1.0933577e+02   8.5982739e+01   1.5131710e+02   1.7600022e+02   1.1546076e+02   1.0250480e+02
   1.1029989e+02   8.6628078e+01   1.5295391e+02   1.7726459e+02   1.1339673e+02   1.0223050e+02
   1.1047309e+02   8.7000425e+01   1.5352130e+02   1.7689111e+02   1.1421797e+02   1.0223408e+02
   1.1167323e+02   8.7447312e+01   1.5366042e+02   1.7715947e+02   1.1413487e+02   1.0254237e+02
   1.1080139e+02   8.6818227e+01   1.5349875e+02   1.7742302e+02   1.1426996e+02   1.0295011e+02
   1.1038413e+02   8.6312006e+01   1.5184263e+02   1.7677786e+02   1.1472909e+02   1.0263998e+02
   1.0920434e+02   8.5170496e+01   1.5253944e+02   1.7647393e+02   1.1434311e+02   1.0243908e+02
   1.0816079e+02   8.4404828e+01   1.5123138e+02   1.7611120e+02   1.1453387e+02   1.0234348e+02
   1.0937938e+02   8.4733920e+01   1.5157095e+02   1.7581295e+02   1.1341918e+02   1.0171510e+02
   1.0829222e+02   8.4489504e+01   1.5141261e+02   1.7565706e+02   1.1429234e+02   1.0258781e+02
   1.0903525e+02   8.5552543e+01   1.5229992e+02   1.7606340e+02   1.1378201e+02   1.0233309e+02
   1.1064506e+02   8.6118186e+01   1.5293739e+02   1.7678520e+02   1.1408060e+02   1.0301609e+02
   1.0869602e+02   8.5611091e+01   1.5219261e+02   1.7669170e+02   1.1400720e+02   1.0254919e+02
   1.1008684e+02   8.5539173e+01   1.5173253e+02   1.7659889e+02   1.1372783e+02   1.0210519e+02
   1.0891755e+02   8.5539435e+01   1.5151075e+02   1.7619343e+02   1.1434616e+02   1.0257173e+02
   1.0943119e+02   8.6061386e+01   1.5226584e+02   1.7638349e+02   1.1408156e+02   1.0217649e+02
   1.1042835e+02   8.6952189e+01   1.5395368e+02   1.7682810e+02   1.1485973e+02   1.0259026e+02
   1.0969457e+02   8.6860871e+01   1.5416341e+02   1.7684672e+02   1.1370834e+02   1.0211733e+02
   1.0953754e+02   8.5977933e+01   1.5324735e+02   1.7644990e+02   1.1402092e+02   1.0173092e+02
   1.0973818e+02   8.5913705e+01   1.5175691e+02   1.7610849e+02   1.1378113e+02   1.0154846e+02
   1.0925345e+02   8.5107753e+01   1.5257684e+02   1.7596876e+02   1.1353366e+02   1.0151831e+02
   1.0903377e+02   8.5295456e+01   1.5208784e+02   1.7595137e+02   1.1429452e+02   1.0174568e+02
   1.0955755e+02   8.5629092e+01   1.5175053e+02   1.7540565e+02   1.1280967e+02   1.0127415e+02
   1.0783598e+02   8.6184948e+01   1.4830887e+02   1.7074794e+02   1.1253494e+02   9.8577365e+01
   1.1197165e+02   8.6911205e+01   1.5463223e+02   1.7742293e+02   1.1533152e+02   1.0341491e+02
   1.1050734e+02   8.7000425e+01   1.5390466e+02   1.7680372e+02   1.1569102e+02   1.0311553e+02
   1.1090765e+02   8.7877421e+01   1.5378389e+02   1.7702865e+02   1.1522063e+02   1.0290170e+02
   1.1021312e+02   8.6411275e+01   1.5354734e+02   1.7670629e+02   1.1556894e+02   1.0313563e+02
   1.0957512e+02   8.6065056e+01   1.5195038e+02   1.7630773e+02   1.1514679e+02   1.0227157e+02
   1.0932301e+02   8.5840826e+01   1.5346843e+02   1.7659837e+02   1.1516898e+02   1.0237783e+02
   1.0931558e+02   8.6137411e+01   1.5310404e+02   1.7748821e+02   1.1571024e+02   1.0232828e+02
   1.0992544e+02   8.6361379e+01   1.5268170e+02   1.7704840e+02   1.1478379e+02   1.0225156e+02
   1.0856827e+02   8.5429767e+01   1.5161281e+02   1.7640569e+02   1.1467071e+02   1.0234506e+02
   1.0944055e+02   8.5290126e+01   1.5193544e+02   1.7603028e+02   1.1436050e+02   1.0180388e+02
   1.0896036e+02   8.5537338e+01   1.5335370e+02   1.7628719e+02   1.1415470e+02   1.0193120e+02
   1.0994991e+02   8.6038229e+01   1.5215530e+02   1.7620557e+02   1.1462571e+02   1.0203764e+02
   1.0945855e+02   8.5922356e+01   1.5138011e+02   1.7574593e+02   1.1365399e+02   1.0206132e+02
   1.0905535e+02   8.6310608e+01   1.5218466e+02   1.7588059e+02   1.1436443e+02   1.0272903e+02
   1.1051966e+02   8.7292903e+01   1.5303876e+02   1.7624516e+02   1.1445242e+02   1.0286002e+02
   1.1099521e+02   8.6844792e+01   1.5289842e+02   1.7637790e+02   1.1455414e+02   1.0298454e+02
   1.0960177e+02   8.6169306e+01   1.5232063e+02   1.7591982e+02   1.1420312e+02   1.0215622e+02
   1.0968033e+02   8.6090835e+01   1.5220782e+02   1.7589125e+02   1.1449682e+02   1.0240929e+02
   1.1086597e+02   8.6138459e+01   1.5194383e+02   1.7561712e+02   1.1406382e+02   1.0226152e+02
   1.1024650e+02   8.6148946e+01   1.5313960e+02   1.7562106e+02   1.1401926e+02   1.0238115e+02
   1.1049397e+02   8.6025034e+01   1.5292341e+02   1.7559720e+02   1.1438986e+02   1.0210510e+02
   1.1081415e+02   8.6351504e+01   1.5308411e+02   1.7594954e+02   1.1483404e+02   1.0303785e+02
   1.1042800e+02   8.6802061e+01   1.5316119e+02   1.7606855e+02   1.1432580e+02   1.0326531e+02
   1.1030199e+02   8.7002697e+01   1.5228900e+02   1.7597575e+02   1.1395721e+02   1.0345310e+02
   1.0999579e+02   8.6200590e+01   1.5151031e+02   1.7509552e+02   1.1334753e+02   1.0288676e+02
   1.0932869e+02   8.6032986e+01   1.5270897e+02   1.7533137e+02   1.1409869e+02   1.0345563e+02
   1.0999928e+02   8.7262493e+01   1.5301019e+02   1.7591773e+02   1.1453527e+02   1.0368729e+02
   1.1067599e+02   8.7219412e+01   1.5283708e+02   1.7632800e+02   1.1437334e+02   1.0405527e+02
   1.1072039e+02   8.6786244e+01   1.5293888e+02   1.7560122e+02   1.1370214e+02   1.0364613e+02
   1.0892777e+02   8.5339935e+01   1.5245407e+02   1.7524495e+02   1.1350884e+02   1.0348036e+02
   1.0859256e+02   8.5456856e+01   1.5214988e+02   1.7518142e+02   1.1382797e+02   1.0311011e+02
   1.0886101e+02   8.5827631e+01   1.5235838e+02   1.7533976e+02   1.1344636e+02   1.0285871e+02
   1.0902695e+02   8.5414038e+01   1.5237262e+02   1.7549426e+02   1.1427774e+02   1.0352388e+02
   1.0942805e+02   8.6449725e+01   1.5298406e+02   1.7636610e+02   1.1337715e+02   1.0332823e+02
   1.1025576e+02   8.7229811e+01   1.5391637e+02   1.7666373e+02   1.1453125e+02   1.0407624e+02
   1.1041926e+02   8.7287310e+01   1.5399825e+02   1.7715807e+02   1.1408121e+02   1.0365985e+02
   1.0985807e+02   8.6806430e+01   1.5246508e+02   1.7567025e+02   1.1496101e+02   1.0361738e+02
   1.1308939e+02   8.8547839e+01   1.5449215e+02   1.7801357e+02   1.1426586e+02   1.0385341e+02
   1.1089856e+02   8.8073163e+01   1.5494340e+02   1.7661803e+02   1.1450468e+02   1.0358855e+02
   1.1261996e+02   8.8365728e+01   1.5406143e+02   1.7685240e+02   1.1433550e+02   1.0397636e+02
   1.0990071e+02   8.7148280e+01   1.5279015e+02   1.7664407e+02   1.1443608e+02   1.0399393e+02
   1.1096043e+02   8.6712841e+01   1.5142922e+02   1.7646310e+02   1.1462580e+02   1.0371281e+02
   1.0982976e+02   8.5947523e+01   1.5214437e+02   1.7611513e+02   1.1362332e+02   1.0260713e+02
   1.0886564e+02   8.4822354e+01   1.5124055e+02   1.7532674e+02   1.1343387e+02   1.0206866e+02
   1.0963480e+02   8.5161582e+01   1.5182070e+02   1.7551480e+02   1.1417105e+02   1.0266733e+02
   1.0905815e+02   8.4672314e+01   1.5203698e+02   1.7623118e+02   1.1371717e+02   1.0194169e+02
   1.0959600e+02   8.5334168e+01   1.5179352e+02   1.7590174e+02   1.1369803e+02   1.0197105e+02
   1.0916336e+02   8.5604624e+01   1.5133370e+02   1.7595897e+02   1.1330908e+02   1.0162457e+02
   1.0814821e+02   8.3835864e+01   1.5147221e+02   1.7497878e+02   1.1336536e+02   1.0126227e+02
   1.0724631e+02   8.3851157e+01   1.5185766e+02   1.7502369e+02   1.1317075e+02   1.0143861e+02
   1.0725636e+02   8.3586293e+01   1.5076858e+02   1.7496768e+02   1.1429688e+02   1.0268044e+02
   1.0815747e+02   8.4806100e+01   1.5111052e+02   1.7538424e+02   1.1419001e+02   1.0306275e+02
   1.0875274e+02   8.5168573e+01   1.5212611e+02   1.7577302e+02   1.1375588e+02   1.0232400e+02
   1.0981394e+02   8.6185997e+01   1.5268494e+02   1.7594324e+02   1.1468076e+02   1.0332753e+02
   1.1036176e+02   8.6680246e+01   1.5450045e+02   1.7586495e+02   1.1343247e+02   1.0302631e+02
   1.0985091e+02   8.6808790e+01   1.5299900e+02   1.7587124e+02   1.1404853e+02   1.0301687e+02
   1.0817591e+02   8.5158786e+01   1.5176967e+02   1.7558287e+02   1.1334211e+02   1.0210335e+02
   1.0896832e+02   8.4275761e+01   1.5124239e+02   1.7551803e+02   1.1429531e+02   1.0255399e+02
   1.0861782e+02   8.5109239e+01   1.5241107e+02   1.7562263e+02   1.1336536e+02   1.0183455e+02
   1.0945400e+02   8.5515841e+01   1.5225518e+02   1.7581863e+02   1.1473870e+02   1.0290458e+02
   1.0890916e+02   8.6082970e+01   1.5244035e+02   1.7579976e+02   1.1271836e+02   1.0167342e+02
   1.0988525e+02   8.6994658e+01   1.5373321e+02   1.7640420e+02   1.1426481e+02   1.0321314e+02
   1.0922479e+02   8.6782924e+01   1.5330965e+02   1.7603194e+02   1.1370852e+02   1.0291865e+02
   1.1001659e+02   8.6224534e+01   1.5306742e+02   1.7614956e+02   1.1450756e+02   1.0342872e+02
   1.0878166e+02   8.6240175e+01   1.5181520e+02   1.7652243e+02   1.1443932e+02   1.0272265e+02
   1.0859282e+02   8.5226509e+01   1.5245966e+02   1.7624035e+02   1.1403647e+02   1.0258388e+02
   1.0794320e+02   8.5008571e+01   1.5127472e+02   1.7588207e+02   1.1429033e+02   1.0254412e+02
   1.0842155e+02   8.4681314e+01   1.5160040e+02   1.7497213e+02   1.1285372e+02   1.0155422e+02
   1.0752533e+02   8.4136993e+01   1.5044465e+02   1.7551209e+02   1.1389255e+02   1.0202593e+02
   1.0828025e+02   8.4612368e+01   1.5142756e+02   1.7515783e+02   1.1274545e+02   1.0155134e+02
   1.0812392e+02   8.4774030e+01   1.5208093e+02   1.7508670e+02   1.1318491e+02   1.0188165e+02
   1.0863966e+02   8.5670513e+01   1.5276848e+02   1.7565138e+02   1.1343142e+02   1.0208282e+02
   1.0945199e+02   8.4984453e+01   1.5247050e+02   1.7640472e+02   1.1520516e+02   1.0268385e+02
   1.0819610e+02   8.4853725e+01   1.5062912e+02   1.7641495e+02   1.1375291e+02   1.0221739e+02
   1.0888617e+02   8.3947630e+01   1.5174284e+02   1.7605580e+02   1.1389036e+02   1.0198503e+02
   1.0836379e+02   8.4966714e+01   1.5141742e+02   1.7591773e+02   1.1334770e+02   1.0182739e+02
   1.0854030e+02   8.4852065e+01   1.5281147e+02   1.7600607e+02   1.1394454e+02   1.0206971e+02
   1.0892943e+02   8.5964738e+01   1.5376572e+02   1.7633429e+02   1.1401830e+02   1.0208220e+02
   1.1030199e+02   8.6684441e+01   1.5404439e+02   1.7649962e+02   1.1365661e+02   1.0193513e+02
   1.0815992e+02   8.5342994e+01   1.5144800e+02   1.7586739e+02   1.1319006e+02   1.0119726e+02
   1.0839140e+02   8.4045676e+01   1.5217146e+02   1.7521585e+02   1.1258850e+02   1.0063860e+02
   1.0686216e+02   8.3239374e+01   1.5041887e+02   1.7467992e+02   1.1299982e+02   1.0065591e+02
   1.0785110e+02   8.3893713e+01   1.5141550e+02   1.7461962e+02   1.1282942e+02   1.0096411e+02
   1.0775279e+02   8.3730303e+01   1.5058455e+02   1.7501268e+02   1.1407379e+02   1.0211034e+02
   1.0834832e+02   8.4827772e+01   1.5131745e+02   1.7519261e+02   1.1263368e+02   1.0125362e+02
   1.0917420e+02   8.5411241e+01   1.5221629e+02   1.7620601e+02   1.1386686e+02   1.0234313e+02
   1.0955983e+02   8.5909598e+01   1.5313751e+02   1.7621720e+02   1.1353209e+02   1.0240116e+02
   1.1075080e+02   8.7533736e+01   1.5378896e+02   1.7648564e+02   1.1391667e+02   1.0244275e+02
   1.1072283e+02   8.7507258e+01   1.5425726e+02   1.7647254e+02   1.1412019e+02   1.0308958e+02
   1.1110121e+02   8.7701865e+01   1.5445309e+02   1.7632922e+02   1.1427739e+02   1.0334771e+02
   1.0912692e+02   8.6387856e+01   1.5245450e+02   1.7632870e+02   1.1396202e+02   1.0286351e+02
   1.1050577e+02   8.6076940e+01   1.5170020e+02   1.7566047e+02   1.1368344e+02   1.0203318e+02
   1.0866361e+02   8.5351645e+01   1.5219401e+02   1.7560419e+02   1.1331904e+02   1.0195995e+02
   1.0868737e+02   8.4916030e+01   1.5182289e+02   1.7569594e+02   1.1374207e+02   1.0186907e+02
   1.0960867e+02   8.5735003e+01   1.5215259e+02   1.7624900e+02   1.1397111e+02   1.0244101e+02
   1.0932590e+02   8.5588633e+01   1.5266860e+02   1.7687957e+02   1.1382220e+02   1.0282305e+02
   1.0853838e+02   8.5090189e+01   1.5170194e+02   1.7631183e+02   1.1385480e+02   1.0224832e+02
   1.0889989e+02   8.5035398e+01   1.5119205e+02   1.7532360e+02   1.1337278e+02   1.0128307e+02
   1.0697629e+02   8.3543037e+01   1.5073014e+02   1.7509666e+02   1.1338615e+02   1.0136093e+02
   1.0705546e+02   8.4299617e+01   1.5081673e+02   1.7528375e+02   1.1344531e+02   1.0163278e+02
   1.0725242e+02   8.4453939e+01   1.5276577e+02   1.7563609e+02   1.1355865e+02   1.0206744e+02
   1.1067731e+02   8.6614358e+01   1.5379656e+02   1.7697640e+02   1.1458114e+02   1.0311710e+02
   1.0811159e+02   8.5924191e+01   1.5173096e+02   1.7668558e+02   1.1361327e+02   1.0250331e+02
   1.0925511e+02   8.4906331e+01   1.5150192e+02   1.7618696e+02   1.1435840e+02   1.0259148e+02
   1.0907397e+02   8.6007644e+01   1.5204423e+02   1.7596972e+02   1.1351976e+02   1.0203135e+02
   1.0951229e+02   8.6397993e+01   1.5359025e+02   1.7589282e+02   1.1419210e+02   1.0271749e+02
   1.0936906e+02   8.7468197e+01   1.5370559e+02   1.7633665e+02   1.1351775e+02   1.0290310e+02
   1.1021792e+02   8.7153698e+01   1.5236624e+02   1.7523210e+02   1.1380962e+02   1.0271373e+02
   1.1011953e+02   8.7537319e+01   1.5251987e+02   1.7636295e+02   1.1370179e+02   1.0313458e+02
   1.0955703e+02   8.6391788e+01   1.5148462e+02   1.7491848e+02   1.1415628e+02   1.0187938e+02
   1.0976317e+02   8.6992648e+01   1.5272758e+02   1.7605615e+02   1.1443067e+02   1.0260966e+02
   1.0958962e+02   8.6862007e+01   1.5375890e+02   1.7651841e+02   1.1444238e+02   1.0213446e+02
   1.1002646e+02   8.6673081e+01   1.5403207e+02   1.7645104e+02   1.1463987e+02   1.0191565e+02
   1.1020237e+02   8.6726036e+01   1.5420893e+02   1.7667562e+02   1.1431322e+02   1.0213044e+02
   1.0878559e+02   8.5888101e+01   1.5235716e+02   1.7598047e+02   1.1329833e+02   1.0131269e+02
   1.0856233e+02   8.4626437e+01   1.5234309e+02   1.7569227e+02   1.1387027e+02   1.0135455e+02
   1.0730888e+02   8.3844603e+01   1.5069370e+02   1.7557596e+02   1.1335574e+02   1.0104888e+02
   1.0798925e+02   8.3770588e+01   1.4947345e+02   1.7529843e+02   1.1337305e+02   1.0174228e+02
   1.0667664e+02   8.2663857e+01   1.4930786e+02   1.7533705e+02   1.1331476e+02   1.0120800e+02
   1.0715744e+02   8.3904287e+01   1.5037911e+02   1.7530428e+02   1.1255285e+02   1.0159975e+02
   1.0837156e+02   8.5098840e+01   1.5126764e+02   1.7550912e+02   1.1466993e+02   1.0302745e+02
   1.0929662e+02   8.6299947e+01   1.5309687e+02   1.7579670e+02   1.1317486e+02   1.0206883e+02
   1.0977645e+02   8.6271634e+01   1.5346310e+02   1.7653161e+02   1.1466180e+02   1.0311282e+02
   1.0893625e+02   8.5844496e+01   1.5200220e+02   1.7614248e+02   1.1339786e+02   1.0193749e+02
   1.0868213e+02   8.5179234e+01   1.5164383e+02   1.7572906e+02   1.1435254e+02   1.0243384e+02
   1.0852667e+02   8.6217980e+01   1.5214429e+02   1.7581051e+02   1.1348201e+02   1.0209785e+02
   1.0948520e+02   8.6100447e+01   1.5332713e+02   1.7603369e+02   1.1413146e+02   1.0259673e+02
   1.0870835e+02   8.6146499e+01   1.5319701e+02   1.7658212e+02   1.1398133e+02   1.0222272e+02
   1.0798017e+02   8.5380657e+01   1.5089826e+02   1.7602766e+02   1.1494099e+02   1.0269163e+02
   1.0901446e+02   8.5163243e+01   1.5107391e+02   1.7661253e+02   1.1382736e+02   1.0218226e+02
   1.0833346e+02   8.5180545e+01   1.5067473e+02   1.7671949e+02   1.1443626e+02   1.0286491e+02
   1.0896360e+02   8.5406173e+01   1.5154002e+02   1.7612911e+02   1.1473022e+02   1.0247841e+02
   1.0887412e+02   8.5958534e+01   1.5268302e+02   1.7676781e+02   1.1491076e+02   1.0284280e+02
   1.0952400e+02   8.6396070e+01   1.5234912e+02   1.7661130e+02   1.1497044e+02   1.0241872e+02
   1.0916686e+02   8.6191589e+01   1.5285796e+02   1.7695726e+02   1.1413548e+02   1.0268726e+02
   1.0912535e+02   8.5715516e+01   1.5187427e+02   1.7558532e+02   1.1419106e+02   1.0192683e+02
   1.0852195e+02   8.5045622e+01   1.5357391e+02   1.7631079e+02   1.1400860e+02   1.0187964e+02
   1.0945750e+02   8.6084193e+01   1.5384751e+02   1.7716008e+02   1.1481621e+02   1.0316691e+02
   1.0943888e+02   8.6583074e+01   1.5353205e+02   1.7660484e+02   1.1411739e+02   1.0185588e+02
   1.0785844e+02   8.5486742e+01   1.4998929e+02   1.7554145e+02   1.1369654e+02   1.0198503e+02
   1.0793446e+02   8.4427461e+01   1.4949818e+02   1.7537507e+02   1.1392209e+02   1.0153946e+02
   1.0865137e+02   8.4849880e+01   1.5179064e+02   1.7632215e+02   1.1412499e+02   1.0197979e+02
   1.0849714e+02   8.5575787e+01   1.5324682e+02   1.7640892e+02   1.1498652e+02   1.0270867e+02
   1.0979445e+02   8.6838588e+01   1.5398697e+02   1.7708309e+02   1.1435683e+02   1.0266908e+02
   1.0905736e+02   8.5660289e+01   1.5173882e+02   1.7699938e+02   1.1535808e+02   1.0275009e+02
   1.0777097e+02   8.4846035e+01   1.5007099e+02   1.7547206e+02   1.1366386e+02   1.0177810e+02
   1.0887796e+02   8.5157737e+01   1.5109488e+02   1.7667439e+02   1.1518952e+02   1.0267284e+02
   1.0784594e+02   8.4823315e+01   1.5189576e+02   1.7581138e+02   1.1308127e+02   1.0137316e+02
   1.0956070e+02   8.5467692e+01   1.5276865e+02   1.7590768e+02   1.1480948e+02   1.0147601e+02
   1.0749203e+02   8.4634738e+01   1.5266764e+02   1.7502212e+02   1.1324057e+02   1.0057167e+02
   1.0957372e+02   8.6376933e+01   1.5387827e+02   1.7708397e+02   1.1572274e+02   1.0185998e+02
   1.0871289e+02   8.6369418e+01   1.5353380e+02   1.7695280e+02   1.1411057e+02   1.0145076e+02
   1.0992378e+02   8.6191327e+01   1.5292315e+02   1.7636715e+02   1.1506412e+02   1.0201317e+02
   1.0748443e+02   8.4921798e+01   1.5076142e+02   1.7460643e+02   1.1333250e+02   1.0131907e+02
   1.0994921e+02   8.6314890e+01   1.5210208e+02   1.7718586e+02   1.1538771e+02   1.0315608e+02
   1.0809927e+02   8.4933071e+01   1.5129097e+02   1.7555185e+02   1.1215184e+02   1.0100029e+02
   1.0971231e+02   8.5986672e+01   1.5284861e+02   1.7669589e+02   1.1460718e+02   1.0207932e+02
   1.0965446e+02   8.6201551e+01   1.5371328e+02   1.7680084e+02   1.1417288e+02   1.0220900e+02
   1.1078488e+02   8.6817528e+01   1.5422361e+02   1.7702769e+02   1.1432825e+02   1.0241444e+02
   1.1021696e+02   8.6877212e+01   1.5279120e+02   1.7672822e+02   1.1413128e+02   1.0207748e+02
   1.0926481e+02   8.5222228e+01   1.5210129e+02   1.7634259e+02   1.1407781e+02   1.0207399e+02
   1.0835933e+02   8.4635787e+01   1.5093400e+02   1.7611356e+02   1.1448851e+02   1.0153045e+02
   1.0769992e+02   8.3598527e+01   1.5195877e+02   1.7597636e+02   1.1367924e+02   1.0114552e+02
   1.0687413e+02   8.3209576e+01   1.5153189e+02   1.7549286e+02   1.1395049e+02   1.0152338e+02
   1.0643730e+02   8.3576593e+01   1.5092098e+02   1.7549959e+02   1.1379241e+02   1.0131086e+02
   1.0739434e+02   8.3292592e+01   1.5089337e+02   1.7513327e+02   1.1335469e+02   1.0119026e+02
   1.0736751e+02   8.2851997e+01   1.5167354e+02   1.7536834e+02   1.1441537e+02   1.0175128e+02
   1.0653692e+02   8.3833592e+01   1.5119354e+02   1.7565050e+02   1.1384379e+02   1.0191853e+02
   1.0758405e+02   8.4079669e+01   1.5093960e+02   1.7602539e+02   1.1510921e+02   1.0337707e+02
   1.0756657e+02   8.4573307e+01   1.5196095e+02   1.7565924e+02   1.1335172e+02   1.0229385e+02
   1.0850273e+02   8.5624898e+01   1.5309241e+02   1.7659802e+02   1.1529613e+02   1.0377179e+02
   1.0935325e+02   8.6611911e+01   1.5457831e+02   1.7721802e+02   1.1494030e+02   1.0345520e+02
   1.0986594e+02   8.7366481e+01   1.5457735e+02   1.7719372e+02   1.1528992e+02   1.0323516e+02
   1.0915314e+02   8.6704190e+01   1.5346450e+02   1.7696198e+02   1.1439728e+02   1.0329056e+02
   1.0920207e+02   8.6212387e+01   1.5113097e+02   1.7618146e+02   1.1490368e+02   1.0362612e+02
   1.0770849e+02   8.4865172e+01   1.5073407e+02   1.7586381e+02   1.1451106e+02   1.0184522e+02
   1.0793918e+02   8.5445496e+01   1.5194741e+02   1.7689836e+02   1.1445374e+02   1.0279841e+02
   1.0954182e+02   8.6371603e+01   1.5321668e+02   1.7715082e+02   1.1491312e+02   1.0289751e+02
   1.0888294e+02   8.6960403e+01   1.5286451e+02   1.7738073e+02   1.1516898e+02   1.0302404e+02
   1.0882116e+02   8.5736314e+01   1.5163003e+02   1.7645305e+02   1.1396062e+02   1.0244188e+02
   1.0852606e+02   8.5318089e+01   1.5230446e+02   1.7634810e+02   1.1409869e+02   1.0292075e+02
   1.0857325e+02   8.5378297e+01   1.5259091e+02   1.7578490e+02   1.1434337e+02   1.0260756e+02
   1.0858601e+02   8.6184948e+01   1.5140055e+02   1.7598082e+02   1.1391536e+02   1.0295981e+02
   1.0836352e+02   8.4941023e+01   1.5151092e+02   1.7590069e+02   1.1372197e+02   1.0184819e+02
   1.0825901e+02   8.5476081e+01   1.5141943e+02   1.7644125e+02   1.1422916e+02   1.0304353e+02
   1.0874112e+02   8.5650676e+01   1.5212532e+02   1.7579609e+02   1.1423361e+02   1.0290153e+02
   1.0905605e+02   8.6841559e+01   1.5287439e+02   1.7651981e+02   1.1395721e+02   1.0210763e+02
   1.1046435e+02   8.6981113e+01   1.5427858e+02   1.7687057e+02   1.1550751e+02   1.0319514e+02
   1.0913042e+02   8.6364175e+01   1.5440328e+02   1.7615786e+02   1.1408873e+02   1.0193452e+02
   1.0983142e+02   8.6696587e+01   1.5374090e+02   1.7597802e+02   1.1617810e+02   1.0311457e+02
   1.0826557e+02   8.5836282e+01   1.5281872e+02   1.7553577e+02   1.1340197e+02   1.0203965e+02
   1.1023120e+02   8.7398464e+01   1.5379883e+02   1.7683981e+02   1.1659886e+02   1.0422270e+02
   1.0967544e+02   8.7772209e+01   1.5463319e+02   1.7813460e+02   1.1484068e+02   1.0437816e+02
   1.0967788e+02   8.7100743e+01   1.5376187e+02   1.7672892e+02   1.1557130e+02   1.0390453e+02
   1.0927993e+02   8.5956524e+01   1.5320872e+02   1.7715658e+02   1.1422269e+02   1.0253023e+02
   1.0748199e+02   8.5862760e+01   1.5152691e+02   1.7766176e+02   1.1570771e+02   1.0351558e+02
   1.0787059e+02   8.4773069e+01   1.5024620e+02   1.7720692e+02   1.1333914e+02   1.0197682e+02
   1.0867261e+02   8.5299039e+01   1.5062589e+02   1.7711516e+02   1.1531972e+02   1.0257540e+02
   1.0848045e+02   8.5170933e+01   1.5194531e+02   1.7715457e+02   1.1357132e+02   1.0187694e+02
   1.0818290e+02   8.5993925e+01   1.5105643e+02   1.7707838e+02   1.1536909e+02   1.0214486e+02
   1.0772614e+02   8.4895233e+01   1.4992663e+02   1.7518535e+02   1.1320990e+02   1.0098430e+02
   1.0918547e+02   8.6286315e+01   1.5197301e+02   1.7681875e+02   1.1575647e+02   1.0317207e+02
   1.0727200e+02   8.4672314e+01   1.5100898e+02   1.7430993e+02   1.1251562e+02   1.0108348e+02
   1.1038605e+02   8.6480921e+01   1.5241396e+02   1.7598327e+02   1.1504227e+02   1.0270404e+02
   1.0800210e+02   8.5188147e+01   1.5217042e+02   1.7573134e+02   1.1333783e+02   1.0199237e+02
   1.0886503e+02   8.5890373e+01   1.5303605e+02   1.7655101e+02   1.1529543e+02   1.0262224e+02
   1.0932310e+02   8.5872197e+01   1.5346686e+02   1.7703127e+02   1.1476500e+02   1.0282891e+02
   1.0874181e+02   8.5472061e+01   1.5291642e+02   1.7730575e+02   1.1500409e+02   1.0256597e+02
   1.0878157e+02   8.5803076e+01   1.5187636e+02   1.7749730e+02   1.1454794e+02   1.0210877e+02
   1.0849932e+02   8.4744843e+01   1.5160634e+02   1.7701004e+02   1.1439152e+02   1.0223722e+02
   1.0663479e+02   8.3654628e+01   1.4950814e+02   1.7606121e+02   1.1429321e+02   1.0148082e+02
   1.0839000e+02   8.4662177e+01   1.4985812e+02   1.7624140e+02   1.1466110e+02   1.0264645e+02
   1.0708543e+02   8.3398939e+01   1.4953681e+02   1.7544786e+02   1.1335242e+02   1.0186724e+02
   1.0728205e+02   8.4626786e+01   1.5115797e+02   1.7619570e+02   1.1428622e+02   1.0231159e+02
   1.0874138e+02   8.5239792e+01   1.5289117e+02   1.7649089e+02   1.1484452e+02   1.0291131e+02
   1.0928037e+02   8.6232311e+01   1.5346983e+02   1.7736998e+02   1.1483500e+02   1.0264147e+02
   1.0826723e+02   8.6084106e+01   1.5120219e+02   1.7590209e+02   1.1535668e+02   1.0238761e+02
   1.0853891e+02   8.5929959e+01   1.5157602e+02   1.7754519e+02   1.1269214e+02   1.0208255e+02
   1.0957992e+02   8.5438680e+01   1.5137993e+02   1.7647533e+02   1.1547500e+02   1.0278985e+02
   1.0808678e+02   8.5628306e+01   1.5192006e+02   1.7678852e+02   1.1397137e+02   1.0254543e+02
   1.0845904e+02   8.5494257e+01   1.5254206e+02   1.7550772e+02   1.1470514e+02   1.0289532e+02
   1.0865050e+02   8.6639350e+01   1.5515173e+02   1.7667335e+02   1.1482215e+02   1.0367724e+02
