   9.6720541e+01   1.1856404e+02   1.1817733e+02   1.7941382e+02   1.2415599e+02   9.5189926e+01
   9.7017829e+01   1.1899753e+02   1.1845296e+02   1.7956492e+02   1.2429726e+02   9.4877351e+01
   9.7420129e+01   1.2011371e+02   1.1894015e+02   1.7925181e+02   1.2437377e+02   9.5080997e+01
   9.8045281e+01   1.2159977e+02   1.1942510e+02   1.7999111e+02   1.2446549e+02   9.5654834e+01
   9.8296401e+01   1.2244800e+02   1.1958519e+02   1.8020689e+02   1.2464793e+02   9.5724201e+01
   9.7692222e+01   1.2195367e+02   1.1923505e+02   1.8002307e+02   1.2437822e+02   9.4819967e+01
   9.7636528e+01   1.2140526e+02   1.1888345e+02   1.8031552e+02   1.2438737e+02   9.5114490e+01
   9.7345462e+01   1.2056840e+02   1.1915869e+02   1.8038926e+02   1.2463027e+02   9.5483451e+01
   9.7383026e+01   1.2100142e+02   1.1920724e+02   1.8042590e+02   1.2433682e+02   9.5816921e+01
   9.7601499e+01   1.2104652e+02   1.1904685e+02   1.8052308e+02   1.2443338e+02   9.6040080e+01
   9.7861146e+01   1.2145996e+02   1.1940275e+02   1.8053706e+02   1.2423626e+02   9.5683564e+01
   9.7912000e+01   1.2113563e+02   1.1901489e+02   1.7961262e+02   1.2409323e+02   9.5245313e+01
   9.7683311e+01   1.2056194e+02   1.1883160e+02   1.7986666e+02   1.2427129e+02   9.5358313e+01
   9.7794544e+01   1.2069714e+02   1.1923582e+02   1.8007899e+02   1.2433444e+02   9.5598218e+01
   9.7599040e+01   1.2041722e+02   1.1919080e+02   1.8008736e+02   1.2428151e+02   9.5822145e+01
   9.7609795e+01   1.2137722e+02   1.1913019e+02   1.8023301e+02   1.2417366e+02   9.5569411e+01
   9.7321725e+01   1.2063308e+02   1.1906298e+02   1.8018008e+02   1.2438890e+02   9.5554969e+01
   9.7465453e+01   1.2066849e+02   1.1909232e+02   1.8022771e+02   1.2431831e+02   9.5651761e+01
   9.7365972e+01   1.2090632e+02   1.1912681e+02   1.8006970e+02   1.2455852e+02   9.5573559e+01
   9.7650816e+01   1.2152510e+02   1.1917198e+02   1.7953381e+02   1.2412242e+02   9.5218042e+01
   9.7101408e+01   1.2075560e+02   1.1875102e+02   1.7967769e+02   1.2445220e+02   9.5436131e+01
   9.7420129e+01   1.2109146e+02   1.1907750e+02   1.8004120e+02   1.2408109e+02   9.5505191e+01
   9.7660726e+01   1.2120315e+02   1.1899953e+02   1.7966156e+02   1.2409284e+02   9.5337956e+01
   9.7522990e+01   1.2053951e+02   1.1902941e+02   1.7970742e+02   1.2406826e+02   9.5134079e+01
   9.7624928e+01   1.2066073e+02   1.1907996e+02   1.8006002e+02   1.2424617e+02   9.5588078e+01
   9.7485656e+01   1.2053813e+02   1.1903786e+02   1.7961854e+02   1.2394896e+02   9.5279190e+01
   9.7905778e+01   1.2133128e+02   1.1878735e+02   1.7927869e+02   1.2403131e+02   9.5231793e+01
   9.7833799e+01   1.2096117e+02   1.1924873e+02   1.7914480e+02   1.2433843e+02   9.5157893e+01
   9.7841404e+01   1.2139904e+02   1.1926555e+02   1.8003666e+02   1.2430064e+02   9.5521092e+01
   9.7747378e+01   1.2066150e+02   1.1942817e+02   1.8038888e+02   1.2429188e+02   9.6067811e+01
   9.7904011e+01   1.2129733e+02   1.1951644e+02   1.8091071e+02   1.2409000e+02   9.5911793e+01
   9.7495873e+01   1.2162527e+02   1.1899937e+02   1.8049904e+02   1.2425616e+02   9.5642466e+01
   9.7302136e+01   1.2093067e+02   1.1916999e+02   1.8021903e+02   1.2402063e+02   9.5393573e+01
   9.7537355e+01   1.2139527e+02   1.1864923e+02   1.7960172e+02   1.2374455e+02   9.5157125e+01
   9.7530902e+01   1.2108838e+02   1.1890957e+02   1.7970942e+02   1.2374900e+02   9.5466474e+01
   9.7491340e+01   1.2097653e+02   1.1893784e+02   1.7997191e+02   1.2358138e+02   9.5610202e+01
   9.8208444e+01   1.2144935e+02   1.1900690e+02   1.8019176e+02   1.2380969e+02   9.5716673e+01
   9.8140382e+01   1.2135955e+02   1.1926501e+02   1.8003367e+02   1.2410890e+02   9.5957730e+01
   9.8066406e+01   1.2176308e+02   1.1947980e+02   1.8034655e+02   1.2434865e+02   9.5868774e+01
   9.7844630e+01   1.2183245e+02   1.1929950e+02   1.7966548e+02   1.2387737e+02   9.5224648e+01
   9.8422461e+01   1.2130578e+02   1.1880072e+02   1.7891357e+02   1.2339341e+02   9.4845394e+01
   9.7306054e+01   1.1989592e+02   1.1814860e+02   1.7888031e+02   1.2349965e+02   9.4955860e+01
   9.7722335e+01   1.2009780e+02   1.1856450e+02   1.7904770e+02   1.2389911e+02   9.4928435e+01
   9.7753984e+01   1.2029454e+02   1.1875832e+02   1.7931848e+02   1.2419340e+02   9.4657111e+01
   9.7242140e+01   1.2004987e+02   1.1836616e+02   1.7938793e+02   1.2388044e+02   9.4648431e+01
   9.7305900e+01   1.1999640e+02   1.1874656e+02   1.7951937e+02   1.2378979e+02   9.5205597e+01
   9.7551413e+01   1.2008997e+02   1.1862918e+02   1.7926656e+02   1.2381837e+02   9.4945643e+01
   9.7861146e+01   1.2019160e+02   1.1858079e+02   1.7921424e+02   1.2372765e+02   9.5302235e+01
   9.7903473e+01   1.2026143e+02   1.1859677e+02   1.8005395e+02   1.2432783e+02   9.5705073e+01
   9.7942728e+01   1.2073425e+02   1.1899676e+02   1.8022203e+02   1.2460530e+02   9.5296781e+01
   9.7856614e+01   1.2078433e+02   1.1877475e+02   1.7952067e+02   1.2414139e+02   9.4868056e+01
   9.7731246e+01   1.2072680e+02   1.1888653e+02   1.7968537e+02   1.2430663e+02   9.5346253e+01
   9.7608720e+01   1.2069730e+02   1.1890527e+02   1.7994410e+02   1.2383005e+02   9.5522168e+01
   9.7148268e+01   1.2056655e+02   1.1857387e+02   1.7954963e+02   1.2391086e+02   9.5359773e+01
   9.7309050e+01   1.2083150e+02   1.1866567e+02   1.7994886e+02   1.2388897e+02   9.5309764e+01
   9.7706356e+01   1.2037965e+02   1.1876799e+02   1.8026305e+02   1.2413210e+02   9.5757540e+01
   9.8043975e+01   1.2079071e+02   1.1908756e+02   1.8038412e+02   1.2439359e+02   9.5730884e+01
   9.8336347e+01   1.2076298e+02   1.1925149e+02   1.8030253e+02   1.2434942e+02   9.5454874e+01
   9.8126786e+01   1.2087636e+02   1.1917398e+02   1.8006639e+02   1.2426446e+02   9.5932918e+01
   9.7808218e+01   1.2053268e+02   1.1885472e+02   1.7980651e+02   1.2392238e+02   9.5602520e+01
   9.7721874e+01   1.2060097e+02   1.1865937e+02   1.7987711e+02   1.2392446e+02   9.5481223e+01
   9.7571309e+01   1.2145204e+02   1.1895267e+02   1.7944009e+02   1.2385924e+02   9.4761278e+01
   9.7850468e+01   1.2144129e+02   1.1901773e+02   1.7951184e+02   1.2384234e+02   9.5032601e+01
   9.7613252e+01   1.2035400e+02   1.1870231e+02   1.7930804e+02   1.2352684e+02   9.5020387e+01
   9.7279397e+01   1.2028317e+02   1.1850220e+02   1.7962223e+02   1.2383289e+02   9.5415466e+01
   9.7685077e+01   1.2085677e+02   1.1853723e+02   1.7990154e+02   1.2409868e+02   9.5361924e+01
   9.8010021e+01   1.2074239e+02   1.1891902e+02   1.7952144e+02   1.2416728e+02   9.5371987e+01
   9.8429528e+01   1.2065973e+02   1.1876285e+02   1.7927186e+02   1.2397009e+02   9.5166497e+01
   9.7636758e+01   1.2034524e+02   1.1842600e+02   1.7880872e+02   1.2380331e+02   9.4793618e+01
   9.7765968e+01   1.2005955e+02   1.1852348e+02   1.7935090e+02   1.2382843e+02   9.5009709e+01
   9.7394856e+01   1.2009988e+02   1.1853884e+02   1.7958343e+02   1.2417012e+02   9.5035982e+01
   9.6997626e+01   1.1964957e+02   1.1872229e+02   1.7982457e+02   1.2390341e+02   9.4995421e+01
   9.7195972e+01   1.1999095e+02   1.1857042e+02   1.7996684e+02   1.2404099e+02   9.5241779e+01
   9.7488421e+01   1.2073256e+02   1.1907419e+02   1.7998758e+02   1.2426207e+02   9.5655756e+01
   9.7999497e+01   1.2156466e+02   1.1936979e+02   1.8077051e+02   1.2410667e+02   9.6069732e+01
   9.7856230e+01   1.2113386e+02   1.1932716e+02   1.8115107e+02   1.2448685e+02   9.6345742e+01
   9.8060568e+01   1.2147586e+02   1.1927876e+02   1.8111405e+02   1.2453801e+02   9.6075493e+01
   9.7580758e+01   1.2072273e+02   1.1905253e+02   1.8070430e+02   1.2480334e+02   9.5622493e+01
   9.7903089e+01   1.2097500e+02   1.1904808e+02   1.8053322e+02   1.2437815e+02   9.5983157e+01
   9.8057188e+01   1.2129779e+02   1.1939683e+02   1.8029178e+02   1.2471707e+02   9.5793568e+01
   9.9049379e+01   1.2276918e+02   1.1987680e+02   1.8103677e+02   1.2469433e+02   9.6271151e+01
   9.8147680e+01   1.2150927e+02   1.1945737e+02   1.8113947e+02   1.2436278e+02   9.6369633e+01
   9.8208828e+01   1.2133320e+02   1.1945291e+02   1.8106427e+02   1.2412311e+02   9.6554382e+01
   9.8241092e+01   1.2149237e+02   1.1949693e+02   1.8134143e+02   1.2433582e+02   9.6456207e+01
   9.8923473e+01   1.2257452e+02   1.2003374e+02   1.8174849e+02   1.2449007e+02   9.6448986e+01
   9.8567725e+01   1.2233523e+02   1.1972539e+02   1.8146250e+02   1.2454200e+02   9.6425787e+01
   9.8373912e+01   1.2196573e+02   1.1946267e+02   1.8138545e+02   1.2436870e+02   9.6570898e+01
   9.8198073e+01   1.2155268e+02   1.1946482e+02   1.8145021e+02   1.2442608e+02   9.6309868e+01
   9.8418851e+01   1.2238455e+02   1.1919111e+02   1.8033265e+02   1.2418118e+02   9.5776284e+01
   9.8761770e+01   1.2279530e+02   1.1925088e+02   1.8021857e+02   1.2405597e+02   9.5822990e+01
   9.8275430e+01   1.2140680e+02   1.1889390e+02   1.8012854e+02   1.2426138e+02   9.5630098e+01
   9.7789013e+01   1.2059075e+02   1.1893216e+02   1.7955432e+02   1.2415391e+02   9.5067324e+01
   9.8006487e+01   1.2100941e+02   1.1899584e+02   1.7932816e+02   1.2409000e+02   9.5122710e+01
   9.8584933e+01   1.2160791e+02   1.1932808e+02   1.7996753e+02   1.2436839e+02   9.5734572e+01
   9.8680265e+01   1.2177998e+02   1.1942887e+02   1.8022072e+02   1.2442270e+02   9.5861246e+01
   9.8798489e+01   1.2220072e+02   1.1953257e+02   1.8073472e+02   1.2466361e+02   9.5870694e+01
   9.8901657e+01   1.2241858e+02   1.1983823e+02   1.8065452e+02   1.2456766e+02   9.6287052e+01
   9.8819614e+01   1.2162335e+02   1.1940567e+02   1.7983886e+02   1.2463910e+02   9.5929307e+01
   9.9227445e+01   1.2214879e+02   1.1927677e+02   1.7946022e+02   1.2424418e+02   9.5420306e+01
   9.8762231e+01   1.2195367e+02   1.1957067e+02   1.8011425e+02   1.2430440e+02   9.5661440e+01
   9.8574639e+01   1.2146526e+02   1.1936342e+02   1.8029862e+02   1.2406073e+02   9.5684102e+01
   9.8373835e+01   1.2111903e+02   1.1906367e+02   1.8010058e+02   1.2428658e+02   9.5560500e+01
   9.7892104e+01   1.2089887e+02   1.1902034e+02   1.8059544e+02   1.2410775e+02   9.5537608e+01
   9.8229569e+01   1.2162335e+02   1.1927669e+02   1.8110222e+02   1.2442339e+02   9.5949280e+01
   9.8008945e+01   1.2194169e+02   1.1943455e+02   1.8129357e+02   1.2437676e+02   9.6139099e+01
   9.8732194e+01   1.2290115e+02   1.1981634e+02   1.8154139e+02   1.2486664e+02   9.6489086e+01
   9.8688024e+01   1.2253557e+02   1.1973576e+02   1.8125639e+02   1.2461283e+02   9.6075109e+01
   9.9113830e+01   1.2259841e+02   1.1983193e+02   1.8146065e+02   1.2469971e+02   9.6435389e+01
   9.9088019e+01   1.2237448e+02   1.1966386e+02   1.8089373e+02   1.2447978e+02   9.6069962e+01
   9.8863785e+01   1.2212321e+02   1.1975197e+02   1.8106688e+02   1.2441817e+02   9.6405968e+01
   9.8472854e+01   1.2162081e+02   1.1936941e+02   1.8053560e+02   1.2440818e+02   9.6132032e+01
   9.8338729e+01   1.2166644e+02   1.1898555e+02   1.8032435e+02   1.2418840e+02   9.5628024e+01
   9.8657987e+01   1.2178060e+02   1.1933576e+02   1.8038519e+02   1.2448662e+02   9.5533306e+01
   9.9096623e+01   1.2183191e+02   1.1934821e+02   1.8032281e+02   1.2424587e+02   9.5644694e+01
   9.8136618e+01   1.2082198e+02   1.1885795e+02   1.8069116e+02   1.2463849e+02   9.5865778e+01
   9.8100513e+01   1.2084533e+02   1.1889889e+02   1.8079479e+02   1.2419033e+02   9.5424377e+01
   9.8406713e+01   1.2117242e+02   1.1906728e+02   1.8047760e+02   1.2432015e+02   9.5561806e+01
   9.8328896e+01   1.2095894e+02   1.1894683e+02   1.8063823e+02   1.2433083e+02   9.5242010e+01
   9.8686103e+01   1.2082267e+02   1.1908403e+02   1.8063508e+02   1.2436255e+02   9.5357699e+01
   9.8166885e+01   1.2033479e+02   1.1889229e+02   1.7940383e+02   1.2396033e+02   9.5044508e+01
   9.8042976e+01   1.2087636e+02   1.1896089e+02   1.7951837e+02   1.2397039e+02   9.5535918e+01
   9.8140306e+01   1.2096962e+02   1.1898670e+02   1.8027173e+02   1.2400880e+02   9.5707685e+01
   9.8435981e+01   1.2094404e+02   1.1891418e+02   1.8027795e+02   1.2417527e+02   9.5660749e+01
   9.8688945e+01   1.2120707e+02   1.1944354e+02   1.8003029e+02   1.2438045e+02   9.6113058e+01
   9.8891824e+01   1.2217114e+02   1.1950361e+02   1.8058707e+02   1.2458748e+02   9.5994757e+01
   9.8480997e+01   1.2168680e+02   1.1949624e+02   1.8060351e+02   1.2445527e+02   9.5946284e+01
   9.8724897e+01   1.2239561e+02   1.1989070e+02   1.8131885e+02   1.2482178e+02   9.6429321e+01
   9.8833288e+01   1.2208833e+02   1.1986781e+02   1.8171815e+02   1.2464571e+02   9.6674526e+01
   9.8977016e+01   1.2279952e+02   1.2006585e+02   1.8196051e+02   1.2478575e+02   9.7166167e+01
   9.8928313e+01   1.2261846e+02   1.1993387e+02   1.8211384e+02   1.2487962e+02   9.6577581e+01
   9.9370405e+01   1.2288179e+02   1.1983178e+02   1.8134181e+02   1.2460046e+02   9.6057518e+01
   9.8931386e+01   1.2094627e+02   1.1936388e+02   1.8095764e+02   1.2487709e+02   9.5372755e+01
   9.9555538e+01   1.2189421e+02   1.2007138e+02   1.8144951e+02   1.2495452e+02   9.5893894e+01
   9.9265624e+01   1.2298727e+02   1.1964703e+02   1.8058715e+02   1.2425770e+02   9.5270356e+01
   9.9640269e+01   1.2223552e+02   1.1956914e+02   1.8071351e+02   1.2419470e+02   9.6090243e+01
   9.9364106e+01   1.2040546e+02   1.1905107e+02   1.8016679e+02   1.2435925e+02   9.5845575e+01
   9.8852569e+01   1.2063769e+02   1.1887646e+02   1.8040301e+02   1.2423519e+02   9.6123275e+01
   9.8751476e+01   1.2096348e+02   1.1928998e+02   1.8019714e+02   1.2441149e+02   9.6295041e+01
   9.8916867e+01   1.2084041e+02   1.1933599e+02   1.8085186e+02   1.2446011e+02   9.6328074e+01
   9.9093320e+01   1.2121921e+02   1.1959625e+02   1.8131193e+02   1.2487056e+02   9.6408964e+01
   9.8989537e+01   1.2181417e+02   1.1952689e+02   1.8136617e+02   1.2449230e+02   9.6215457e+01
   9.9479027e+01   1.2131776e+02   1.1912044e+02   1.8070591e+02   1.2447863e+02   9.6327305e+01
   9.9097775e+01   1.2090770e+02   1.1902749e+02   1.8014813e+02   1.2395073e+02   9.5852104e+01
   9.9460667e+01   1.2128780e+02   1.1924212e+02   1.8018731e+02   1.2411581e+02   9.5625950e+01
   9.9184580e+01   1.2069108e+02   1.1915355e+02   1.8051924e+02   1.2445266e+02   9.6053754e+01
   9.9429632e+01   1.2067118e+02   1.1933883e+02   1.8068747e+02   1.2438222e+02   9.6353193e+01
   9.9156925e+01   1.2118564e+02   1.1906813e+02   1.8037328e+02   1.2434919e+02   9.5854332e+01
   9.8989921e+01   1.2119916e+02   1.1930957e+02   1.8065836e+02   1.2461014e+02   9.5843424e+01
   9.8847499e+01   1.2032734e+02   1.1939583e+02   1.8022349e+02   1.2465139e+02   9.6137409e+01
   9.8967721e+01   1.2061910e+02   1.1926785e+02   1.8051793e+02   1.2440488e+02   9.5973017e+01
   9.8816081e+01   1.2082958e+02   1.1901235e+02   1.8034578e+02   1.2447225e+02   9.6270613e+01
   9.9006284e+01   1.2127897e+02   1.1950192e+02   1.8076491e+02   1.2456128e+02   9.6336447e+01
   9.9212081e+01   1.2148062e+02   1.1939852e+02   1.8049888e+02   1.2453616e+02   9.6058363e+01
   9.8935073e+01   1.2105712e+02   1.1944730e+02   1.8007461e+02   1.2443015e+02   9.6326614e+01
   9.8810626e+01   1.2076697e+02   1.1950361e+02   1.8055849e+02   1.2483798e+02   9.6493618e+01
   9.9208317e+01   1.2106380e+02   1.1997221e+02   1.8152618e+02   1.2485512e+02   9.6931332e+01
   9.8937454e+01   1.2115975e+02   1.1977816e+02   1.8189261e+02   1.2473804e+02   9.6495385e+01
   9.8853338e+01   1.2140972e+02   1.1958028e+02   1.8102763e+02   1.2461390e+02   9.6277911e+01
   9.9149397e+01   1.2132744e+02   1.1951798e+02   1.8099191e+02   1.2452126e+02   9.6456899e+01
   9.8842813e+01   1.2095625e+02   1.1912589e+02   1.8037405e+02   1.2436255e+02   9.6176587e+01
   9.8944445e+01   1.2100265e+02   1.1906413e+02   1.7993357e+02   1.2442009e+02   9.6125502e+01
   9.8567879e+01   1.2101494e+02   1.1911767e+02   1.8013338e+02   1.2433974e+02   9.6066121e+01
   9.9374399e+01   1.2153001e+02   1.1935535e+02   1.8105397e+02   1.2409960e+02   9.6439384e+01
   9.9245344e+01   1.2105627e+02   1.1910031e+02   1.8077351e+02   1.2444559e+02   9.6047762e+01
   9.9478566e+01   1.2124110e+02   1.1909309e+02   1.8029139e+02   1.2449138e+02   9.5673501e+01
   9.9117594e+01   1.2101087e+02   1.1885564e+02   1.7941051e+02   1.2421698e+02   9.5393112e+01
   9.9482023e+01   1.2079294e+02   1.1877883e+02   1.7956100e+02   1.2391432e+02   9.5632249e+01
   9.8593460e+01   1.2057062e+02   1.1837691e+02   1.8010457e+02   1.2409215e+02   9.5650225e+01
   9.9063053e+01   1.2124763e+02   1.1911191e+02   1.8077236e+02   1.2436317e+02   9.6109755e+01
   9.8790577e+01   1.2084671e+02   1.1888184e+02   1.8021219e+02   1.2414001e+02   9.5865087e+01
   9.8834210e+01   1.2041322e+02   1.1851326e+02   1.7887201e+02   1.2357677e+02   9.4968765e+01
   9.8948977e+01   1.2012646e+02   1.1837599e+02   1.7919965e+02   1.2415637e+02   9.5273352e+01
   9.8774982e+01   1.1976019e+02   1.1859838e+02   1.7929106e+02   1.2426369e+02   9.5566108e+01
   9.8809705e+01   1.1965840e+02   1.1878574e+02   1.7981980e+02   1.2414339e+02   9.5798562e+01
   9.8769528e+01   1.1982709e+02   1.1865607e+02   1.7965365e+02   1.2408493e+02   9.5548440e+01
   9.9269081e+01   1.2142316e+02   1.1916361e+02   1.8042990e+02   1.2410460e+02   9.5727812e+01
   9.8967874e+01   1.2082958e+02   1.1901097e+02   1.7983340e+02   1.2451934e+02   9.5452647e+01
   9.9346130e+01   1.2032749e+02   1.1895651e+02   1.7977717e+02   1.2416321e+02   9.5540681e+01
   9.8826374e+01   1.2020973e+02   1.1874572e+02   1.7913650e+02   1.2403169e+02   9.5675421e+01
   9.9548317e+01   1.2143092e+02   1.1892163e+02   1.8031667e+02   1.2431009e+02   9.6148318e+01
   9.9083103e+01   1.2127375e+02   1.1898877e+02   1.8049650e+02   1.2454216e+02   9.6111982e+01
   9.9015272e+01   1.2058430e+02   1.1864908e+02   1.8004296e+02   1.2402563e+02   9.5515254e+01
   9.8720825e+01   1.2010656e+02   1.1843376e+02   1.7949440e+02   1.2378972e+02   9.5565033e+01
   9.8590003e+01   1.1996114e+02   1.1823495e+02   1.7952298e+02   1.2388789e+02   9.5609050e+01
   9.9058521e+01   1.1994962e+02   1.1847324e+02   1.7924996e+02   1.2388297e+02   9.5285182e+01
   9.8739953e+01   1.1945107e+02   1.1809498e+02   1.7933416e+02   1.2375008e+02   9.5164807e+01
   9.8118796e+01   1.1854046e+02   1.1797484e+02   1.7968860e+02   1.2415952e+02   9.5540374e+01
   9.8604137e+01   1.1928145e+02   1.1887616e+02   1.8070675e+02   1.2438821e+02   9.6011273e+01
   9.8688100e+01   1.2009750e+02   1.1908165e+02   1.8032742e+02   1.2448201e+02   9.6329303e+01
   9.8236713e+01   1.1931510e+02   1.1838974e+02   1.7969974e+02   1.2403239e+02   9.5659520e+01
   9.7896252e+01   1.1886125e+02   1.1826944e+02   1.7990046e+02   1.2403461e+02   9.5555968e+01
   9.8557585e+01   1.1976572e+02   1.1841294e+02   1.8044234e+02   1.2406265e+02   9.5715060e+01
   9.8533848e+01   1.1925234e+02   1.1833320e+02   1.8036437e+02   1.2409346e+02   9.5693858e+01
   9.8759311e+01   1.1982264e+02   1.1862711e+02   1.8072181e+02   1.2422920e+02   9.5897888e+01
   9.8924472e+01   1.2002006e+02   1.1857625e+02   1.8057025e+02   1.2422827e+02   9.5913559e+01
   9.8762615e+01   1.2042644e+02   1.1883221e+02   1.8082605e+02   1.2441103e+02   9.5995832e+01
   9.8687102e+01   1.2013422e+02   1.1896365e+02   1.8115238e+02   1.2450766e+02   9.6382769e+01
   9.9017499e+01   1.2087352e+02   1.1927024e+02   1.8119594e+02   1.2472852e+02   9.6478408e+01
   9.8987847e+01   1.2077588e+02   1.1899400e+02   1.8086423e+02   1.2444506e+02   9.6425096e+01
   9.9464277e+01   1.2117204e+02   1.1908357e+02   1.8106158e+02   1.2426615e+02   9.6359953e+01
   9.9283062e+01   1.2094281e+02   1.1918896e+02   1.8072519e+02   1.2468296e+02   9.6178507e+01
   9.9676758e+01   1.2128235e+02   1.1910554e+02   1.8077627e+02   1.2459301e+02   9.6463582e+01
   9.9232054e+01   1.2098314e+02   1.1917145e+02   1.8078649e+02   1.2445166e+02   9.6436004e+01
   9.8918787e+01   1.2055134e+02   1.1856296e+02   1.8030860e+02   1.2449291e+02   9.5997753e+01
   9.9182199e+01   1.2066526e+02   1.1901136e+02   1.8091770e+02   1.2451604e+02   9.6245186e+01
   9.9187346e+01   1.2106188e+02   1.1910362e+02   1.8144398e+02   1.2411835e+02   9.6288666e+01
   9.9539944e+01   1.2119831e+02   1.1906897e+02   1.8109208e+02   1.2412972e+02   9.5903189e+01
   9.8775367e+01   1.2038641e+02   1.1850343e+02   1.7968437e+02   1.2391816e+02   9.5162579e+01
   9.8752090e+01   1.2011155e+02   1.1827420e+02   1.7900645e+02   1.2384026e+02   9.4927129e+01
   9.8537382e+01   1.1974213e+02   1.1811596e+02   1.7907013e+02   1.2402678e+02   9.5270202e+01
   9.9272230e+01   1.2058437e+02   1.1901696e+02   1.8004012e+02   1.2419209e+02   9.5906722e+01
   9.9167911e+01   1.2074016e+02   1.1889613e+02   1.8015988e+02   1.2411258e+02   9.5977242e+01
   9.8565344e+01   1.2061049e+02   1.1842385e+02   1.8007592e+02   1.2383220e+02   9.5687866e+01
   9.8520635e+01   1.2028301e+02   1.1846617e+02   1.8057447e+02   1.2379809e+02   9.5805014e+01
   9.8778823e+01   1.2032227e+02   1.1863994e+02   1.8080946e+02   1.2390740e+02   9.5758846e+01
   9.8906727e+01   1.1996975e+02   1.1851810e+02   1.7989939e+02   1.2379532e+02   9.5303618e+01
   9.8527011e+01   1.1947964e+02   1.1800142e+02   1.7832568e+02   1.2359544e+02   9.4742764e+01
   9.8683645e+01   1.1978239e+02   1.1809383e+02   1.7892525e+02   1.2386100e+02   9.5489596e+01
   9.8679343e+01   1.1989324e+02   1.1851188e+02   1.7959910e+02   1.2424195e+02   9.5972710e+01
   9.8661675e+01   1.2059498e+02   1.1899123e+02   1.8041623e+02   1.2417573e+02   9.5818458e+01
   9.8346795e+01   1.2038119e+02   1.1848484e+02   1.8023209e+02   1.2404145e+02   9.5755389e+01
   9.8701928e+01   1.2042851e+02   1.1855382e+02   1.7976688e+02   1.2400289e+02   9.5827369e+01
   9.8891593e+01   1.2042605e+02   1.1874134e+02   1.7966786e+02   1.2444052e+02   9.5660134e+01
   9.9352122e+01   1.2082336e+02   1.1905315e+02   1.8067887e+02   1.2445197e+02   9.5834206e+01
   9.8946903e+01   1.2038587e+02   1.1877045e+02   1.8026973e+02   1.2460254e+02   9.5894508e+01
   9.8667974e+01   1.2092122e+02   1.1886755e+02   1.8070184e+02   1.2466476e+02   9.5800252e+01
   9.8851494e+01   1.2109046e+02   1.1894276e+02   1.8052738e+02   1.2474565e+02   9.5976781e+01
   9.8261602e+01   1.1990123e+02   1.1890681e+02   1.8105820e+02   1.2457649e+02   9.6285977e+01
   9.8574946e+01   1.2008359e+02   1.1877921e+02   1.8131224e+02   1.2444429e+02   9.6125272e+01
   9.8279348e+01   1.2034362e+02   1.1869363e+02   1.8081453e+02   1.2452625e+02   9.6039004e+01
   9.8670970e+01   1.2075445e+02   1.1891917e+02   1.8097270e+02   1.2445266e+02   9.6371399e+01
   9.8797106e+01   1.2056986e+02   1.1881608e+02   1.8054935e+02   1.2414347e+02   9.5622647e+01
   9.8762307e+01   1.2050302e+02   1.1825707e+02   1.7971787e+02   1.2397446e+02   9.5277500e+01
   9.9132958e+01   1.1999341e+02   1.1845865e+02   1.7962484e+02   1.2379018e+02   9.5345254e+01
   9.8631178e+01   1.1943363e+02   1.1825999e+02   1.7932064e+02   1.2370160e+02   9.5314757e+01
   9.8860943e+01   1.1963105e+02   1.1835317e+02   1.7954379e+02   1.2377888e+02   9.5680798e+01
   9.8379980e+01   1.1931402e+02   1.1799535e+02   1.7985806e+02   1.2401065e+02   9.5293939e+01
   9.8479537e+01   1.1943924e+02   1.1821144e+02   1.7996684e+02   1.2413141e+02   9.5486908e+01
   9.8605674e+01   1.1975312e+02   1.1833043e+02   1.8001523e+02   1.2434650e+02   9.5861553e+01
   9.8258607e+01   1.2030913e+02   1.1878390e+02   1.7983947e+02   1.2405704e+02   9.5574712e+01
   9.8614431e+01   1.2025859e+02   1.1867212e+02   1.8011079e+02   1.2434435e+02   9.5804323e+01
   9.7829958e+01   1.1939614e+02   1.1811089e+02   1.8068870e+02   1.2408401e+02   9.6038159e+01
   9.8012786e+01   1.1960570e+02   1.1833489e+02   1.8092937e+02   1.2435971e+02   9.6410807e+01
   9.8518331e+01   1.2003965e+02   1.1851680e+02   1.8094389e+02   1.2462481e+02   9.6186727e+01
   9.8725127e+01   1.2055634e+02   1.1878336e+02   1.8068617e+02   1.2441218e+02   9.6088553e+01
   9.8169420e+01   1.2008490e+02   1.1865277e+02   1.8017156e+02   1.2415668e+02   9.5680952e+01
   9.8349330e+01   1.2031113e+02   1.1840264e+02   1.7983624e+02   1.2438829e+02   9.4944490e+01
   9.9214309e+01   1.2113847e+02   1.1873527e+02   1.8020244e+02   1.2453071e+02   9.5958191e+01
   9.8885294e+01   1.2058322e+02   1.1856857e+02   1.8063554e+02   1.2442977e+02   9.5802326e+01
   9.8696397e+01   1.2096601e+02   1.1844943e+02   1.8033395e+02   1.2419363e+02   9.5609203e+01
   9.8924241e+01   1.2107640e+02   1.1861405e+02   1.8009412e+02   1.2414992e+02   9.5720591e+01
   9.8708765e+01   1.2107294e+02   1.1894053e+02   1.8099805e+02   1.2482477e+02   9.6569822e+01
   9.8518945e+01   1.2104029e+02   1.1864785e+02   1.8126400e+02   1.2442339e+02   9.6434237e+01
   9.8887599e+01   1.2084817e+02   1.1897917e+02   1.8112165e+02   1.2470478e+02   9.6250794e+01
   9.8433292e+01   1.1998795e+02   1.1836239e+02   1.8096248e+02   1.2458571e+02   9.4587206e+01
   9.9151932e+01   1.2055411e+02   1.1892340e+02   1.8108278e+02   1.2459316e+02   9.3603388e+01
   1.0045386e+02   1.2182884e+02   1.1927008e+02   1.8066112e+02   1.2455491e+02   9.4609945e+01
   1.0005855e+02   1.2108892e+02   1.1861159e+02   1.7997951e+02   1.2394497e+02   9.5004870e+01
   9.9342750e+01   1.1966485e+02   1.1811319e+02   1.7989094e+02   1.2421022e+02   9.4971838e+01
   9.9583116e+01   1.2042075e+02   1.1833381e+02   1.8010242e+02   1.2412211e+02   9.5086451e+01
   9.8908878e+01   1.1957789e+02   1.1835187e+02   1.8017732e+02   1.2430901e+02   9.5617269e+01
   9.9514517e+01   1.2012116e+02   1.1870454e+02   1.8090088e+02   1.2419347e+02   9.5893126e+01
   9.8734499e+01   1.1936134e+02   1.1827259e+02   1.7980045e+02   1.2426346e+02   9.5213740e+01
   9.9186731e+01   1.2004457e+02   1.1810897e+02   1.7936826e+02   1.2422543e+02   9.5114874e+01
   9.9183121e+01   1.1992335e+02   1.1850527e+02   1.8010373e+02   1.2443438e+02   9.5841350e+01
   9.8885832e+01   1.1953818e+02   1.1847916e+02   1.8011387e+02   1.2421913e+02   9.5827292e+01
   9.9137029e+01   1.1966493e+02   1.1875340e+02   1.8085394e+02   1.2450521e+02   9.6217224e+01
   9.9026948e+01   1.2026419e+02   1.1907658e+02   1.8097232e+02   1.2435756e+02   9.6524038e+01
   9.9425561e+01   1.2057170e+02   1.1904047e+02   1.8168719e+02   1.2480188e+02   9.6868801e+01
   9.9121205e+01   1.2085017e+02   1.1884166e+02   1.8162989e+02   1.2453148e+02   9.6547852e+01
   9.8883835e+01   1.2068731e+02   1.1876100e+02   1.8160023e+02   1.2473228e+02   9.6642186e+01
   9.9010970e+01   1.2047752e+02   1.1875939e+02   1.8079732e+02   1.2398345e+02   9.5861707e+01
   9.9248878e+01   1.1980021e+02   1.1860376e+02   1.8024346e+02   1.2373295e+02   9.5753392e+01
   9.8608516e+01   1.1881386e+02   1.1842331e+02   1.8006539e+02   1.2378042e+02   9.5513794e+01
   9.9065972e+01   1.1902641e+02   1.1825700e+02   1.7881317e+02   1.2371697e+02   9.4670939e+01
   9.8723975e+01   1.1896834e+02   1.1798928e+02   1.7850328e+02   1.2400596e+02   9.5149904e+01
   9.8442511e+01   1.1953449e+02   1.1822704e+02   1.7920003e+02   1.2414231e+02   9.4949714e+01
   9.8385972e+01   1.1947488e+02   1.1776720e+02   1.7877653e+02   1.2419847e+02   9.4890871e+01
   9.8803866e+01   1.1936526e+02   1.1796800e+02   1.7872237e+02   1.2409054e+02   9.4946718e+01
   9.8685642e+01   1.1979944e+02   1.1829802e+02   1.7970826e+02   1.2442931e+02   9.5382665e+01
   9.8688177e+01   1.1993310e+02   1.1822381e+02   1.7996530e+02   1.2450136e+02   9.5107346e+01
   9.8987694e+01   1.1933945e+02   1.1817395e+02   1.7990530e+02   1.2435349e+02   9.5428910e+01
   9.8810089e+01   1.2028186e+02   1.1837699e+02   1.7994871e+02   1.2425270e+02   9.5446962e+01
   9.9119745e+01   1.2089434e+02   1.1865968e+02   1.8047299e+02   1.2418433e+02   9.5931074e+01
   9.8521404e+01   1.1959234e+02   1.1840280e+02   1.8017379e+02   1.2449199e+02   9.5502425e+01
   9.8220428e+01   1.1952573e+02   1.1851902e+02   1.8033480e+02   1.2432622e+02   9.5567721e+01
   9.8249235e+01   1.1962007e+02   1.1835863e+02   1.8053844e+02   1.2471177e+02   9.5533998e+01
   9.7964775e+01   1.2018154e+02   1.1863126e+02   1.8046631e+02   1.2416390e+02   9.5673117e+01
   9.7963776e+01   1.1933231e+02   1.1850796e+02   1.8045294e+02   1.2416275e+02   9.5714291e+01
   9.7519687e+01   1.1871606e+02   1.1804935e+02   1.7955785e+02   1.2392446e+02   9.4865674e+01
   9.8021313e+01   1.1969504e+02   1.1806649e+02   1.7941896e+02   1.2399889e+02   9.5334423e+01
   9.8209212e+01   1.2007522e+02   1.1863249e+02   1.7976158e+02   1.2433459e+02   9.5696469e+01
   9.7865218e+01   1.1933092e+02   1.1853270e+02   1.7973062e+02   1.2401410e+02   9.5042895e+01
   9.7969998e+01   1.1905837e+02   1.1842508e+02   1.8041108e+02   1.2417089e+02   9.5793261e+01
   9.8246623e+01   1.1925526e+02   1.1857142e+02   1.8040739e+02   1.2404813e+02   9.5646076e+01
   9.8316912e+01   1.1983155e+02   1.1867082e+02   1.7998604e+02   1.2457611e+02   9.5869773e+01
   9.9093089e+01   1.2107824e+02   1.1885004e+02   1.7989355e+02   1.2419739e+02   9.5788422e+01
   9.8608593e+01   1.1999971e+02   1.1834841e+02   1.7963129e+02   1.2425954e+02   9.5413700e+01
   9.8160816e+01   1.1960632e+02   1.1809767e+02   1.7991275e+02   1.2409069e+02   9.5122864e+01
   9.8330970e+01   1.1968014e+02   1.1830447e+02   1.8050311e+02   1.2413502e+02   9.5386198e+01
   9.8242628e+01   1.1991129e+02   1.1863686e+02   1.8060389e+02   1.2426115e+02   9.5526316e+01
   9.8259759e+01   1.1968567e+02   1.1851050e+02   1.8029239e+02   1.2418372e+02   9.5566185e+01
   9.8216971e+01   1.1988878e+02   1.1880779e+02   1.8048191e+02   1.2464701e+02   9.5938372e+01
   9.7724639e+01   1.1952412e+02   1.1844167e+02   1.8031344e+02   1.2419931e+02   9.5741793e+01
   9.7541273e+01   1.1865784e+02   1.1840687e+02   1.7994540e+02   1.2403876e+02   9.5594147e+01
   9.8119027e+01   1.1905207e+02   1.1848146e+02   1.8013722e+02   1.2438406e+02   9.5762610e+01
   9.8591155e+01   1.2030437e+02   1.1904569e+02   1.8129795e+02   1.2460799e+02   9.6263315e+01
   9.9178665e+01   1.2164194e+02   1.1962030e+02   1.8160023e+02   1.2465546e+02   9.6389913e+01
   9.8097825e+01   1.1974252e+02   1.1854407e+02   1.8074255e+02   1.2435979e+02   9.5722127e+01
   9.7947106e+01   1.1963728e+02   1.1828427e+02   1.7998320e+02   1.2416958e+02   9.5208593e+01
   9.8147142e+01   1.1939015e+02   1.1821382e+02   1.7962123e+02   1.2410075e+02   9.4868056e+01
   9.7748683e+01   1.1993479e+02   1.1833804e+02   1.8033534e+02   1.2461798e+02   9.5565493e+01
   9.7838331e+01   1.2070337e+02   1.1884927e+02   1.8107871e+02   1.2436132e+02   9.5702769e+01
   9.8176564e+01   1.2110382e+02   1.1885718e+02   1.8069623e+02   1.2447824e+02   9.5724739e+01
   9.8009406e+01   1.2015365e+02   1.1840602e+02   1.7987473e+02   1.2429818e+02   9.5103582e+01
   9.8021774e+01   1.2002821e+02   1.1825385e+02   1.7993895e+02   1.2427444e+02   9.5229181e+01
   9.7267798e+01   1.1953818e+02   1.1842039e+02   1.8039095e+02   1.2459831e+02   9.5844883e+01
   9.8367612e+01   1.2028309e+02   1.1870139e+02   1.8072150e+02   1.2435526e+02   9.5777744e+01
   9.8640934e+01   1.2030537e+02   1.1842707e+02   1.8042068e+02   1.2432898e+02   9.5663437e+01
   9.7863143e+01   1.1934283e+02   1.1792806e+02   1.7917875e+02   1.2386070e+02   9.4698824e+01
   9.7772651e+01   1.1972892e+02   1.1797891e+02   1.7932594e+02   1.2396517e+02   9.5037825e+01
   9.8046203e+01   1.2043865e+02   1.1865284e+02   1.8006355e+02   1.2430502e+02   9.5915864e+01
   9.8769221e+01   1.2154568e+02   1.1939891e+02   1.8149637e+02   1.2458210e+02   9.6600243e+01
   9.8619501e+01   1.2184743e+02   1.1895950e+02   1.8085417e+02   1.2447955e+02   9.6256786e+01
   9.8103663e+01   1.1980374e+02   1.1803891e+02   1.7950554e+02   1.2416098e+02   9.4430880e+01
   9.8059031e+01   1.1952719e+02   1.1849775e+02   1.8086569e+02   1.2460269e+02   9.5516176e+01
   9.8862556e+01   1.2092530e+02   1.1898217e+02   1.8139674e+02   1.2434980e+02   9.5401946e+01
   9.8119565e+01   1.2031574e+02   1.1859047e+02   1.8053645e+02   1.2432030e+02   9.4201883e+01
   9.7999650e+01   1.1937632e+02   1.1823848e+02   1.8043674e+02   1.2420638e+02   9.4313808e+01
   9.8704693e+01   1.2026903e+02   1.1855766e+02   1.8119286e+02   1.2437262e+02   9.5341106e+01
   9.8393039e+01   1.1981857e+02   1.1851380e+02   1.8077328e+02   1.2423803e+02   9.5267052e+01
   9.8974865e+01   1.1982617e+02   1.1881347e+02   1.8088551e+02   1.2487839e+02   9.5702538e+01
   9.8848652e+01   1.2038257e+02   1.1884858e+02   1.8193724e+02   1.2496888e+02   9.5910871e+01
   9.8099361e+01   1.1981557e+02   1.1852486e+02   1.8154108e+02   1.2429203e+02   9.5337726e+01
   9.7750297e+01   1.1919073e+02   1.1826053e+02   1.8055796e+02   1.2417266e+02   9.5246465e+01
   9.8395190e+01   1.1941596e+02   1.1858255e+02   1.8087468e+02   1.2434058e+02   9.5489136e+01
   9.8380979e+01   1.1911237e+02   1.1847316e+02   1.8093383e+02   1.2457342e+02   9.6093699e+01
   9.7889800e+01   1.1891764e+02   1.1864462e+02   1.8051425e+02   1.2404706e+02   9.5706456e+01
   9.8137771e+01   1.1911560e+02   1.1859277e+02   1.8020735e+02   1.2425585e+02   9.5354165e+01
   9.7791932e+01   1.1908172e+02   1.1868372e+02   1.8096487e+02   1.2447033e+02   9.5976781e+01
   9.7782253e+01   1.1929228e+02   1.1871822e+02   1.8118994e+02   1.2448508e+02   9.5807319e+01
   9.7351991e+01   1.1870854e+02   1.1810351e+02   1.8008352e+02   1.2467029e+02   9.5022308e+01
   9.7698060e+01   1.1900114e+02   1.1809468e+02   1.7950177e+02   1.2441118e+02   9.4609484e+01
   9.7380721e+01   1.1906659e+02   1.1817065e+02   1.7940268e+02   1.2414224e+02   9.4769190e+01
   9.7635837e+01   1.1933223e+02   1.1802623e+02   1.7951652e+02   1.2404790e+02   9.4874739e+01
   9.7592434e+01   1.1873005e+02   1.1809921e+02   1.7995708e+02   1.2397600e+02   9.5049118e+01
   9.7863681e+01   1.1924250e+02   1.1817718e+02   1.7972125e+02   1.2388482e+02   9.5111571e+01
   9.7534282e+01   1.1877376e+02   1.1819823e+02   1.7966862e+02   1.2394981e+02   9.5087373e+01
   9.8239095e+01   1.2017163e+02   1.1881846e+02   1.8070360e+02   1.2431470e+02   9.5623953e+01
   9.8416316e+01   1.2062977e+02   1.1894967e+02   1.8126884e+02   1.2448485e+02   9.5525087e+01
   9.7946415e+01   1.2025544e+02   1.1864555e+02   1.8138798e+02   1.2432898e+02   9.5470161e+01
   9.7572000e+01   1.1969251e+02   1.1840003e+02   1.8077866e+02   1.2443146e+02   9.5452339e+01
   9.7345078e+01   1.1934567e+02   1.1837630e+02   1.8088605e+02   1.2407587e+02   9.5108959e+01
   9.7181069e+01   1.1905668e+02   1.1840933e+02   1.8066904e+02   1.2412065e+02   9.5404942e+01
   9.6995322e+01   1.1836009e+02   1.1831592e+02   1.8070698e+02   1.2403623e+02   9.5391499e+01
   9.7448552e+01   1.1980013e+02   1.1885818e+02   1.8128197e+02   1.2450705e+02   9.5652222e+01
   9.7579836e+01   1.2035123e+02   1.1886133e+02   1.8131063e+02   1.2459854e+02   9.5492976e+01
   9.7709890e+01   1.1968137e+02   1.1830985e+02   1.8059928e+02   1.2420085e+02   9.5037979e+01
   9.7429732e+01   1.1936434e+02   1.1759259e+02   1.7899938e+02   1.2363354e+02   9.4056311e+01
   9.7375498e+01   1.1911652e+02   1.1764667e+02   1.7887509e+02   1.2380324e+02   9.4072290e+01
   9.7701901e+01   1.1936933e+02   1.1846410e+02   1.8051002e+02   1.2441471e+02   9.5125860e+01
   9.7925981e+01   1.1971625e+02   1.1842846e+02   1.8108086e+02   1.2427690e+02   9.5529235e+01
