   6.6503738e+01   7.1583372e+01   1.6615906e+02   1.7290588e+02   1.3172949e+02   1.6294544e+02
   6.7149006e+01   7.1809905e+01   1.6618276e+02   1.7248340e+02   1.3179422e+02   1.6322991e+02
   6.7099430e+01   7.1478819e+01   1.6805104e+02   1.7323105e+02   1.3264424e+02   1.6397703e+02
   6.7354714e+01   7.1977538e+01   1.6902356e+02   1.7386542e+02   1.3327173e+02   1.6486060e+02
   6.7236743e+01   7.1789255e+01   1.6922988e+02   1.7369988e+02   1.3347387e+02   1.6496419e+02
   6.7264711e+01   7.1658389e+01   1.6900988e+02   1.7336130e+02   1.3302647e+02   1.6411304e+02
   6.6928660e+01   7.1608988e+01   1.6856736e+02   1.7334327e+02   1.3273041e+02   1.6404952e+02
   6.7023280e+01   7.1832732e+01   1.6828811e+02   1.7356352e+02   1.3274879e+02   1.6447375e+02
   6.7498824e+01   7.1860787e+01   1.6798447e+02   1.7377725e+02   1.3354601e+02   1.6447636e+02
   6.7129925e+01   7.1782285e+01   1.6854218e+02   1.7377368e+02   1.3356379e+02   1.6443942e+02
   6.7079826e+01   7.1810427e+01   1.6851578e+02   1.7324220e+02   1.3307395e+02   1.6482696e+02
   6.6859742e+01   7.1376183e+01   1.6804590e+02   1.7293150e+02   1.3229651e+02   1.6385096e+02
   6.7051597e+01   7.1632948e+01   1.6796949e+02   1.7346063e+02   1.3291329e+02   1.6384713e+02
   6.7315943e+01   7.1830728e+01   1.6809434e+02   1.7301697e+02   1.3231725e+02   1.6321301e+02
   6.6978584e+01   7.1667102e+01   1.6855934e+02   1.7317293e+02   1.3235437e+02   1.6346019e+02
   6.6816526e+01   7.1800146e+01   1.6849313e+02   1.7298325e+02   1.3232553e+02   1.6357729e+02
   6.6872288e+01   7.1653249e+01   1.6839685e+02   1.7327034e+02   1.3271359e+02   1.6325509e+02
   6.7138812e+01   7.1631380e+01   1.6836967e+02   1.7331939e+02   1.3294849e+02   1.6336034e+02
   6.6751529e+01   7.1580672e+01   1.6735707e+02   1.7209655e+02   1.3181513e+02   1.6270331e+02
   6.6666841e+01   7.1341506e+01   1.6754073e+02   1.7223073e+02   1.3215327e+02   1.6405066e+02
   6.7053165e+01   7.1600885e+01   1.6779863e+02   1.7304407e+02   1.3294274e+02   1.6459076e+02
   6.7068587e+01   7.1961507e+01   1.6748889e+02   1.7267073e+02   1.3264102e+02   1.6406390e+02
   6.7092721e+01   7.1889714e+01   1.6806873e+02   1.7258752e+02   1.3280760e+02   1.6408882e+02
   6.7292331e+01   7.1703173e+01   1.6842125e+02   1.7274383e+02   1.3284821e+02   1.6413926e+02
   6.7597539e+01   7.1924652e+01   1.6832680e+02   1.7302603e+02   1.3328803e+02   1.6461577e+02
   6.7981686e+01   7.1843013e+01   1.6821684e+02   1.7343597e+02   1.3347143e+02   1.6486931e+02
   6.7884364e+01   7.1847108e+01   1.6857102e+02   1.7322974e+02   1.3257227e+02   1.6312083e+02
   6.7278913e+01   7.1976231e+01   1.6789499e+02   1.7324864e+02   1.3234652e+02   1.6359097e+02
   6.7258438e+01   7.1637305e+01   1.6803631e+02   1.7359193e+02   1.3284960e+02   1.6300486e+02
   6.7147786e+01   7.1864185e+01   1.6808484e+02   1.7344468e+02   1.3267421e+02   1.6307047e+02
   6.7290850e+01   7.1771830e+01   1.6821179e+02   1.7316300e+02   1.3234635e+02   1.6272309e+02
   6.7111802e+01   7.1666144e+01   1.6808999e+02   1.7306533e+02   1.3242816e+02   1.6379659e+02
   6.6976319e+01   7.1438653e+01   1.6837298e+02   1.7348476e+02   1.3331425e+02   1.6427318e+02
   6.7064318e+01   7.1588687e+01   1.6823392e+02   1.7335572e+02   1.3329779e+02   1.6416392e+02
   6.7216094e+01   7.1220485e+01   1.6747277e+02   1.7235053e+02   1.3251904e+02   1.6373011e+02
   6.6823148e+01   7.1159583e+01   1.6737266e+02   1.7231472e+02   1.3186532e+02   1.6273677e+02
   6.7095335e+01   7.1659435e+01   1.6763945e+02   1.7270985e+02   1.3238233e+02   1.6274025e+02
   6.7071114e+01   7.1600798e+01   1.6855987e+02   1.7356501e+02   1.3265835e+02   1.6344128e+02
   6.7289717e+01   7.1728179e+01   1.6900666e+02   1.7379955e+02   1.3406512e+02   1.6488961e+02
   6.7643630e+01   7.2048722e+01   1.6900274e+02   1.7357328e+02   1.3384111e+02   1.6522540e+02
   6.7428512e+01   7.1727133e+01   1.6856884e+02   1.7404525e+02   1.3318304e+02   1.6477321e+02
   6.7514420e+01   7.1456079e+01   1.6819262e+02   1.7334727e+02   1.3277772e+02   1.6426909e+02
   6.6757976e+01   7.1706048e+01   1.6748514e+02   1.7256818e+02   1.3275446e+02   1.6364865e+02
   6.6843275e+01   7.1462701e+01   1.6765591e+02   1.7301767e+02   1.3255772e+02   1.6365998e+02
   6.6689668e+01   7.1160977e+01   1.6668252e+02   1.7202955e+02   1.3168688e+02   1.6347274e+02
   6.6666144e+01   7.0863000e+01   1.6668610e+02   1.7142070e+02   1.3062497e+02   1.6167782e+02
   6.6988081e+01   7.1181714e+01   1.6672556e+02   1.7225112e+02   1.3163591e+02   1.6148448e+02
   6.6792305e+01   7.1464530e+01   1.6683613e+02   1.7234443e+02   1.3211546e+02   1.6226210e+02
   6.6858435e+01   7.1205325e+01   1.6703400e+02   1.7222176e+02   1.3180450e+02   1.6238800e+02
   6.6920295e+01   7.1282259e+01   1.6728039e+02   1.7239802e+02   1.3200106e+02   1.6285187e+02
   6.7188388e+01   7.1377577e+01   1.6778338e+02   1.7278486e+02   1.3223622e+02   1.6280543e+02
   6.7119818e+01   7.1407897e+01   1.6794666e+02   1.7275167e+02   1.3202868e+02   1.6274696e+02
   6.7096729e+01   7.1842578e+01   1.6799484e+02   1.7282939e+02   1.3247722e+02   1.6318173e+02
   6.6967693e+01   7.1561765e+01   1.6743801e+02   1.7252662e+02   1.3238442e+02   1.6280351e+02
   6.6943471e+01   7.1452419e+01   1.6772971e+02   1.7272588e+02   1.3252052e+02   1.6347561e+02
   6.6952968e+01   7.1357276e+01   1.6785613e+02   1.7252914e+02   1.3273163e+02   1.6410276e+02
   6.6922038e+01   7.1421489e+01   1.6742328e+02   1.7234966e+02   1.3267134e+02   1.6366782e+02
   6.7047153e+01   7.1488752e+01   1.6762838e+02   1.7272875e+02   1.3339302e+02   1.6345557e+02
   6.7071026e+01   7.1645582e+01   1.6818591e+02   1.7295450e+02   1.3352388e+02   1.6393556e+02
   6.7152752e+01   7.1618398e+01   1.6816561e+02   1.7307901e+02   1.3394610e+02   1.6368777e+02
   6.6990608e+01   7.1990085e+01   1.6812858e+02   1.7269460e+02   1.3322416e+02   1.6354941e+02
   6.7245805e+01   7.1913935e+01   1.6779340e+02   1.7327165e+02   1.3269111e+02   1.6355995e+02
   6.7170265e+01   7.1730967e+01   1.6730793e+02   1.7304816e+02   1.3255476e+02   1.6312353e+02
   6.7035304e+01   7.1761200e+01   1.6762420e+02   1.7294936e+02   1.3239871e+02   1.6224589e+02
   6.7083486e+01   7.1746998e+01   1.6647838e+02   1.7293394e+02   1.3193729e+02   1.6261035e+02
   6.6836566e+01   7.1286877e+01   1.6688815e+02   1.7258046e+02   1.3213097e+02   1.6292017e+02
   6.6823322e+01   7.1487445e+01   1.6686479e+02   1.7239079e+02   1.3206345e+02   1.6343928e+02
   6.6874641e+01   7.1737501e+01   1.6671720e+02   1.7200716e+02   1.3229599e+02   1.6335947e+02
   6.6842316e+01   7.1769477e+01   1.6695497e+02   1.7246598e+02   1.3242023e+02   1.6353712e+02
   6.7141600e+01   7.1773572e+01   1.6765966e+02   1.7267073e+02   1.3282015e+02   1.6397372e+02
   6.7173489e+01   7.1715197e+01   1.6789430e+02   1.7288018e+02   1.3316213e+02   1.6416985e+02
   6.6855298e+01   7.1649677e+01   1.6754535e+02   1.7239898e+02   1.3255119e+02   1.6442321e+02
   6.6762420e+01   7.1443968e+01   1.6706440e+02   1.7239140e+02   1.3297001e+02   1.6405283e+02
   6.6943820e+01   7.1591824e+01   1.6749168e+02   1.7231525e+02   1.3295790e+02   1.6416566e+02
   6.7066583e+01   7.2096729e+01   1.6700263e+02   1.7309757e+02   1.3334379e+02   1.6349199e+02
   6.7592835e+01   7.2493857e+01   1.6844477e+02   1.7366372e+02   1.3308946e+02   1.6342037e+02
   6.7150923e+01   7.2117030e+01   1.6796565e+02   1.7361955e+02   1.3280368e+02   1.6300103e+02
   6.7292157e+01   7.2276474e+01   1.6797986e+02   1.7328986e+02   1.3291451e+02   1.6358060e+02
   6.7387039e+01   7.2235175e+01   1.6717366e+02   1.7374127e+02   1.3312414e+02   1.6371539e+02
   6.7830171e+01   7.2228553e+01   1.6735376e+02   1.7303335e+02   1.3292723e+02   1.6353948e+02
   6.7411086e+01   7.2324568e+01   1.6771211e+02   1.7271351e+02   1.3291042e+02   1.6343562e+02
   6.7485580e+01   7.2505794e+01   1.6767665e+02   1.7327853e+02   1.3300687e+02   1.6344529e+02
   6.7586213e+01   7.2110582e+01   1.6780987e+02   1.7348154e+02   1.3315542e+02   1.6378187e+02
   6.7408821e+01   7.2071026e+01   1.6787321e+02   1.7311586e+02   1.3278783e+02   1.6325222e+02
   6.7580550e+01   7.2287365e+01   1.6822634e+02   1.7315228e+02   1.3288079e+02   1.6330571e+02
   6.7516075e+01   7.2146566e+01   1.6782364e+02   1.7388651e+02   1.3323322e+02   1.6384233e+02
   6.7794971e+01   7.2718647e+01   1.6787661e+02   1.7336496e+02   1.3373142e+02   1.6384686e+02
   6.8002161e+01   7.2470943e+01   1.6809948e+02   1.7423328e+02   1.3359175e+02   1.6394227e+02
   6.7576106e+01   7.2343126e+01   1.6713663e+02   1.7368184e+02   1.3299162e+02   1.6404787e+02
   6.7625333e+01   7.2263579e+01   1.6760860e+02   1.7362286e+02   1.3299388e+02   1.6420844e+02
   6.7406904e+01   7.2461533e+01   1.6734243e+02   1.7297785e+02   1.3354392e+02   1.6424216e+02
   6.7473034e+01   7.2391047e+01   1.6763631e+02   1.7260137e+02   1.3308319e+02   1.6360230e+02
   6.7526182e+01   7.2196316e+01   1.6765304e+02   1.7281850e+02   1.3268162e+02   1.6378134e+02
   6.7214874e+01   7.2217314e+01   1.6763927e+02   1.7273625e+02   1.3298709e+02   1.6302516e+02
   6.7478871e+01   7.2098385e+01   1.6743635e+02   1.7296077e+02   1.3326494e+02   1.6337542e+02
   6.7419450e+01   7.2102480e+01   1.6799005e+02   1.7323688e+02   1.3351595e+02   1.6450738e+02
   6.7976197e+01   7.2163730e+01   1.6818827e+02   1.7278234e+02   1.3338195e+02   1.6455547e+02
   6.7338857e+01   7.1949309e+01   1.6822974e+02   1.7295180e+02   1.3308702e+02   1.6410241e+02
   6.7383292e+01   7.2031906e+01   1.6758708e+02   1.7274775e+02   1.3272579e+02   1.6362695e+02
   6.7680746e+01   7.2096119e+01   1.6771873e+02   1.7329752e+02   1.3252095e+02   1.6334178e+02
   6.7680659e+01   7.2306010e+01   1.6772492e+02   1.7344747e+02   1.3346281e+02   1.6351543e+02
   6.7522261e+01   7.2637880e+01   1.6784097e+02   1.7348755e+02   1.3347160e+02   1.6311290e+02
   6.7551797e+01   7.2148832e+01   1.6783409e+02   1.7333237e+02   1.3333786e+02   1.6323967e+02
   6.7440797e+01   7.2382770e+01   1.6719614e+02   1.7251529e+02   1.3305601e+02   1.6358217e+02
   6.7541342e+01   7.2138638e+01   1.6750937e+02   1.7302185e+02   1.3287722e+02   1.6355621e+02
   6.7420060e+01   7.2163643e+01   1.6788166e+02   1.7334161e+02   1.3323305e+02   1.6386568e+02
   6.7427379e+01   7.2115462e+01   1.6753385e+02   1.7262368e+02   1.3258038e+02   1.6348738e+02
   6.7391657e+01   7.2025110e+01   1.6746737e+02   1.7255546e+02   1.3299545e+02   1.6371792e+02
   6.7934811e+01   7.2413264e+01   1.6724136e+02   1.7191794e+02   1.3221993e+02   1.6365344e+02
   6.7808998e+01   7.2210866e+01   1.6745770e+02   1.7285910e+02   1.3253063e+02   1.6349748e+02
   6.7463624e+01   7.2302961e+01   1.6714935e+02   1.7268014e+02   1.3213724e+02   1.6305243e+02
   6.7533501e+01   7.1847195e+01   1.6647551e+02   1.7280473e+02   1.3260094e+02   1.6345549e+02
   6.7226637e+01   7.2234042e+01   1.6711790e+02   1.7282459e+02   1.3274923e+02   1.6391909e+02
   6.7884800e+01   7.2086187e+01   1.6744812e+02   1.7318888e+02   1.3295956e+02   1.6404787e+02
   6.7398975e+01   7.1947392e+01   1.6758830e+02   1.7352188e+02   1.3290005e+02   1.6446591e+02
   6.7789220e+01   7.2021799e+01   1.6778495e+02   1.7346934e+02   1.3331129e+02   1.6508660e+02
   6.8080401e+01   7.1925872e+01   1.6830066e+02   1.7363366e+02   1.3382134e+02   1.6485101e+02
   6.7576019e+01   7.2216268e+01   1.6809861e+02   1.7277031e+02   1.3272152e+02   1.6510481e+02
   6.7527489e+01   7.1964469e+01   1.6762481e+02   1.7297811e+02   1.3352893e+02   1.6397808e+02
   6.7573841e+01   7.2387126e+01   1.6751817e+02   1.7277606e+02   1.3316370e+02   1.6425880e+02
   6.7691115e+01   7.2231080e+01   1.6780351e+02   1.7275890e+02   1.3333220e+02   1.6515195e+02
   6.7015962e+01   7.2095509e+01   1.6729712e+02   1.7264851e+02   1.3328968e+02   1.6424356e+02
   6.7458135e+01   7.2055256e+01   1.6766646e+02   1.7304686e+02   1.3340155e+02   1.6440927e+02
   6.7042884e+01   7.2017094e+01   1.6720686e+02   1.7239479e+02   1.3293586e+02   1.6393495e+02
   6.7505010e+01   7.2118250e+01   1.6794326e+02   1.7287539e+02   1.3341837e+02   1.6441206e+02
   6.7641713e+01   7.2611741e+01   1.6834091e+02   1.7349670e+02   1.3377307e+02   1.6454633e+02
   6.8110983e+01   7.2475909e+01   1.6924922e+02   1.7459529e+02   1.3365257e+02   1.6476214e+02
   6.7437224e+01   7.1991827e+01   1.6805618e+02   1.7339267e+02   1.3314017e+02   1.6522113e+02
   6.7374144e+01   7.2006029e+01   1.6791216e+02   1.7301314e+02   1.3211930e+02   1.6512555e+02
   6.7871208e+01   7.2038005e+01   1.6799005e+02   1.7388032e+02   1.3343954e+02   1.6471222e+02
   6.8130500e+01   7.2829561e+01   1.6744602e+02   1.7320578e+02   1.3279506e+02   1.6355446e+02
   6.7784777e+01   7.2463450e+01   1.6752122e+02   1.7338404e+02   1.3302168e+02   1.6350132e+02
   6.7440361e+01   7.2088191e+01   1.6637026e+02   1.7217453e+02   1.3159740e+02   1.6283688e+02
   6.7266454e+01   7.1795441e+01   1.6526408e+02   1.7188205e+02   1.3101513e+02   1.6204498e+02
   6.6803631e+01   7.1800669e+01   1.6533919e+02   1.7186933e+02   1.3142149e+02   1.6231647e+02
   6.7264537e+01   7.1913499e+01   1.6565720e+02   1.7199043e+02   1.3122502e+02   1.6284193e+02
   6.6676076e+01   7.1869500e+01   1.6603621e+02   1.7224302e+02   1.3202311e+02   1.6284211e+02
   6.7272292e+01   7.2153275e+01   1.6659339e+02   1.7245160e+02   1.3160080e+02   1.6338718e+02
   6.7230122e+01   7.1970917e+01   1.6654652e+02   1.7228911e+02   1.3244576e+02   1.6421289e+02
   6.7110757e+01   7.2065799e+01   1.6686915e+02   1.7228728e+02   1.3254413e+02   1.6490599e+02
   6.7525136e+01   7.1858958e+01   1.6735288e+02   1.7308450e+02   1.3283975e+02   1.6454859e+02
   6.6906529e+01   7.1953665e+01   1.6761801e+02   1.7304538e+02   1.3262167e+02   1.6447593e+02
   6.7294074e+01   7.2143865e+01   1.6758883e+02   1.7291486e+02   1.3233807e+02   1.6441982e+02
   6.6786467e+01   7.1844843e+01   1.6686828e+02   1.7281440e+02   1.3250815e+02   1.6379694e+02
   6.7330144e+01   7.2090282e+01   1.6708157e+02   1.7297236e+02   1.3255685e+02   1.6431256e+02
   6.7876348e+01   7.2407688e+01   1.6744507e+02   1.7344582e+02   1.3292723e+02   1.6378100e+02
   6.7174186e+01   7.2445327e+01   1.6725905e+02   1.7209255e+02   1.3191289e+02   1.6315777e+02
   6.7260529e+01   7.2063708e+01   1.6694966e+02   1.7275088e+02   1.3221522e+02   1.6345252e+02
   6.6901302e+01   7.2091066e+01   1.6636451e+02   1.7280055e+02   1.3253577e+02   1.6381262e+02
   6.6860700e+01   7.1941555e+01   1.6670291e+02   1.7241658e+02   1.3253167e+02   1.6361310e+02
   6.6979891e+01   7.1848415e+01   1.6660672e+02   1.7197179e+02   1.3203922e+02   1.6379467e+02
   6.6805025e+01   7.1906704e+01   1.6689782e+02   1.7199897e+02   1.3211433e+02   1.6383789e+02
   6.7699653e+01   7.2428773e+01   1.6755781e+02   1.7256452e+02   1.3259100e+02   1.6387867e+02
   6.7866677e+01   7.2659749e+01   1.6779880e+02   1.7306228e+02   1.3261357e+02   1.6411644e+02
   6.7589437e+01   7.2227247e+01   1.6750405e+02   1.7313346e+02   1.3244846e+02   1.6427353e+02
   6.7211738e+01   7.2461533e+01   1.6689782e+02   1.7232953e+02   1.3215153e+02   1.6279227e+02
   6.7187342e+01   7.2235262e+01   1.6693310e+02   1.7281065e+02   1.3186253e+02   1.6304111e+02
   6.7064492e+01   7.1956105e+01   1.6681949e+02   1.7245979e+02   1.3184702e+02   1.6296226e+02
   6.6654556e+01   7.1811037e+01   1.6633645e+02   1.7205264e+02   1.3235681e+02   1.6306785e+02
   6.6849461e+01   7.1890846e+01   1.6694182e+02   1.7282608e+02   1.3237711e+02   1.6385322e+02
   6.7241535e+01   7.1895987e+01   1.6706127e+02   1.7265208e+02   1.3243966e+02   1.6428154e+02
   6.6882831e+01   7.1995051e+01   1.6648901e+02   1.7233816e+02   1.3188510e+02   1.6353991e+02
   6.7193615e+01   7.2057347e+01   1.6686906e+02   1.7233842e+02   1.3191873e+02   1.6376984e+02
   6.7309147e+01   7.2125568e+01   1.6730340e+02   1.7296382e+02   1.3281466e+02   1.6417969e+02
   6.7166257e+01   7.2169742e+01   1.6765348e+02   1.7276857e+02   1.3234365e+02   1.6447218e+02
   6.7080523e+01   7.1877429e+01   1.6773050e+02   1.7219152e+02   1.3182716e+02   1.6456244e+02
   6.6648108e+01   7.1865056e+01   1.6684022e+02   1.7217009e+02   1.3240037e+02   1.6449631e+02
   6.6835346e+01   7.1883092e+01   1.6640424e+02   1.7209229e+02   1.3156386e+02   1.6363950e+02
   6.6935194e+01   7.1715632e+01   1.6638063e+02   1.7226454e+02   1.3164018e+02   1.6293141e+02
   6.7070852e+01   7.1606287e+01   1.6581604e+02   1.7174282e+02   1.3078206e+02   1.6273206e+02
   6.6732971e+01   7.1756321e+01   1.6601103e+02   1.7201692e+02   1.3160603e+02   1.6314583e+02
   6.6770523e+01   7.1650374e+01   1.6561068e+02   1.7150844e+02   1.3107908e+02   1.6303196e+02
   6.6718072e+01   7.1430376e+01   1.6609066e+02   1.7208122e+02   1.3175972e+02   1.6351552e+02
   6.6571610e+01   7.1630857e+01   1.6582885e+02   1.7187298e+02   1.3169699e+02   1.6337629e+02
   6.6618746e+01   7.1869151e+01   1.6595204e+02   1.7267683e+02   1.3246458e+02   1.6356274e+02
   6.7151794e+01   7.1915765e+01   1.6783174e+02   1.7377751e+02   1.3297846e+02   1.6461376e+02
   6.7516946e+01   7.2446286e+01   1.6792505e+02   1.7316936e+02   1.3269530e+02   1.6422831e+02
   6.7236046e+01   7.2057347e+01   1.6741161e+02   1.7287766e+02   1.3248549e+02   1.6441651e+02
   6.6924478e+01   7.1618572e+01   1.6686288e+02   1.7206423e+02   1.3211372e+02   1.6457447e+02
   6.6605677e+01   7.1735236e+01   1.6726854e+02   1.7246188e+02   1.3250675e+02   1.6456253e+02
   6.6809382e+01   7.1943733e+01   1.6689355e+02   1.7256278e+02   1.3235062e+02   1.6432798e+02
   6.7081917e+01   7.1881785e+01   1.6722838e+02   1.7294265e+02   1.3205953e+02   1.6415904e+02
   6.6761462e+01   7.1728092e+01   1.6654504e+02   1.7257767e+02   1.3188710e+02   1.6327949e+02
   6.6714325e+01   7.1696464e+01   1.6615662e+02   1.7195968e+02   1.3089315e+02   1.6303884e+02
   6.6585638e+01   7.1486574e+01   1.6586213e+02   1.7232762e+02   1.3161117e+02   1.6264319e+02
   6.6364159e+01   7.1603935e+01   1.6584566e+02   1.7248236e+02   1.3148849e+02   1.6283845e+02
   6.6538415e+01   7.1293673e+01   1.6548948e+02   1.7201378e+02   1.3208662e+02   1.6287251e+02
   6.6750658e+01   7.1719292e+01   1.6554725e+02   1.7160184e+02   1.3142550e+02   1.6259484e+02
   6.6605939e+01   7.1385070e+01   1.6595684e+02   1.7192866e+02   1.3190026e+02   1.6274060e+02
   6.6282869e+01   7.1558454e+01   1.6611724e+02   1.7222986e+02   1.3159757e+02   1.6273250e+02
   6.6582501e+01   7.1646540e+01   1.6651036e+02   1.7254674e+02   1.3178446e+02   1.6290754e+02
   6.6823584e+01   7.1557321e+01   1.6661578e+02   1.7237153e+02   1.3177723e+02   1.6335938e+02
   6.6654556e+01   7.1723213e+01   1.6623887e+02   1.7240960e+02   1.3189904e+02   1.6335930e+02
   6.6566295e+01   7.1887535e+01   1.6666675e+02   1.7253899e+02   1.3205700e+02   1.6359114e+02
   6.6687752e+01   7.1302908e+01   1.6669246e+02   1.7137078e+02   1.3157274e+02   1.6421419e+02
   6.6620925e+01   7.1321902e+01   1.6660289e+02   1.7165194e+02   1.3225617e+02   1.6451574e+02
   6.6437956e+01   7.1547999e+01   1.6647803e+02   1.7217784e+02   1.3184868e+02   1.6430620e+02
   6.6792043e+01   7.1452768e+01   1.6656769e+02   1.7248471e+02   1.3228388e+02   1.6478889e+02
   6.6560284e+01   7.1514977e+01   1.6665952e+02   1.7286432e+02   1.3282276e+02   1.6470072e+02
   6.6873508e+01   7.1686445e+01   1.6705665e+02   1.7283488e+02   1.3223343e+02   1.6466813e+02
   6.6412428e+01   7.1613693e+01   1.6611088e+02   1.7241152e+02   1.3256783e+02   1.6410049e+02
   6.6649938e+01   7.1843100e+01   1.6661622e+02   1.7237048e+02   1.3225704e+02   1.6465724e+02
   6.7428250e+01   7.1857999e+01   1.6732047e+02   1.7288480e+02   1.3295337e+02   1.6421681e+02
   6.6757715e+01   7.2021974e+01   1.6713498e+02   1.7260860e+02   1.3228858e+02   1.6378953e+02
   6.6827330e+01   7.1776883e+01   1.6720851e+02   1.7283261e+02   1.3297445e+02   1.6445266e+02
   6.6290362e+01   7.1507049e+01   1.6640790e+02   1.7195523e+02   1.3245953e+02   1.6438070e+02
   6.6524648e+01   7.1464530e+01   1.6615993e+02   1.7225722e+02   1.3209708e+02   1.6420836e+02
   6.6207155e+01   7.1480475e+01   1.6600145e+02   1.7225391e+02   1.3252261e+02   1.6377028e+02
   6.6640267e+01   7.1425061e+01   1.6641922e+02   1.7239366e+02   1.3180145e+02   1.6446861e+02
   6.6580497e+01   7.1643491e+01   1.6630997e+02   1.7211529e+02   1.3135222e+02   1.6384782e+02
   6.6242616e+01   7.1521338e+01   1.6567515e+02   1.7182445e+02   1.3107498e+02   1.6297367e+02
   6.6262917e+01   7.1316936e+01   1.6590770e+02   1.7161544e+02   1.3067873e+02   1.6268502e+02
   6.6355185e+01   7.1255859e+01   1.6591841e+02   1.7165970e+02   1.3103046e+02   1.6245317e+02
   6.6271194e+01   7.1196264e+01   1.6528953e+02   1.7129411e+02   1.3026861e+02   1.6188065e+02
   6.6394392e+01   7.1197397e+01   1.6545402e+02   1.7157727e+02   1.3124645e+02   1.6261854e+02
   6.5956314e+01   7.1358583e+01   1.6581543e+02   1.7167529e+02   1.3100432e+02   1.6329474e+02
   6.6431247e+01   7.1286964e+01   1.6584139e+02   1.7180999e+02   1.3158625e+02   1.6377307e+02
   6.6563246e+01   7.1478819e+01   1.6666388e+02   1.7227944e+02   1.3214160e+02   1.6380095e+02
   6.6857651e+01   7.1355272e+01   1.6637897e+02   1.7248201e+02   1.3181165e+02   1.6306873e+02
   6.6622057e+01   7.1549393e+01   1.6626178e+02   1.7182977e+02   1.3154451e+02   1.6225330e+02
   6.6441790e+01   7.1330876e+01   1.6579731e+02   1.7195872e+02   1.3144850e+02   1.6274635e+02
   6.6661613e+01   7.1334884e+01   1.6614826e+02   1.7215240e+02   1.3141330e+02   1.6258978e+02
   6.6421402e+01   7.1128130e+01   1.6577230e+02   1.7209760e+02   1.3133454e+02   1.6259737e+02
   6.6312841e+01   7.1377402e+01   1.6609101e+02   1.7208392e+02   1.3151350e+02   1.6254195e+02
   6.6710143e+01   7.1523080e+01   1.6657475e+02   1.7262063e+02   1.3190357e+02   1.6340905e+02
   6.6941729e+01   7.1595135e+01   1.6672583e+02   1.7218107e+02   1.3186793e+02   1.6336914e+02
   6.6771656e+01   7.1553575e+01   1.6650705e+02   1.7208174e+02   1.3234304e+02   1.6374327e+02
   6.7225765e+01   7.1686183e+01   1.6738948e+02   1.7286014e+02   1.3282538e+02   1.6440483e+02
   6.7321693e+01   7.1700821e+01   1.6829160e+02   1.7321719e+02   1.3303989e+02   1.6504801e+02
   6.6991479e+01   7.1567341e+01   1.6789944e+02   1.7300521e+02   1.3274548e+02   1.6508957e+02
   6.7350010e+01   7.1646104e+01   1.6741056e+02   1.7244376e+02   1.3235088e+02   1.6461263e+02
   6.6821231e+01   7.1495461e+01   1.6680616e+02   1.7226820e+02   1.3236996e+02   1.6367270e+02
   6.6762594e+01   7.1639221e+01   1.6680860e+02   1.7194382e+02   1.3240020e+02   1.6413090e+02
   6.7168087e+01   7.1427762e+01   1.6710353e+02   1.7262960e+02   1.3238120e+02   1.6396109e+02
   6.6552094e+01   7.1313189e+01   1.6704498e+02   1.7188780e+02   1.3225460e+02   1.6341123e+02
   6.6801627e+01   7.1405458e+01   1.6713114e+02   1.7231594e+02   1.3222986e+02   1.6378370e+02
   6.7226985e+01   7.1593566e+01   1.6740351e+02   1.7289525e+02   1.3228135e+02   1.6353338e+02
   6.7229076e+01   7.1456079e+01   1.6667677e+02   1.7247835e+02   1.3103142e+02   1.6274269e+02
   6.6958457e+01   7.1399097e+01   1.6642166e+02   1.7216033e+02   1.3158494e+02   1.6268563e+02
   6.6480823e+01   7.1339763e+01   1.6599125e+02   1.7160899e+02   1.3102880e+02   1.6203086e+02
   6.6477687e+01   7.1282172e+01   1.6631537e+02   1.7155497e+02   1.3151175e+02   1.6250065e+02
   6.6986164e+01   7.1435430e+01   1.6659818e+02   1.7236343e+02   1.3228963e+02   1.6382822e+02
   6.6884834e+01   7.1361284e+01   1.6670457e+02   1.7251555e+02   1.3245796e+02   1.6421254e+02
   6.6922822e+01   7.1261697e+01   1.6718865e+02   1.7249926e+02   1.3248323e+02   1.6431953e+02
   6.7140293e+01   7.1384460e+01   1.6752871e+02   1.7222333e+02   1.3215267e+02   1.6413325e+02
   6.7104919e+01   7.1660916e+01   1.6657039e+02   1.7204829e+02   1.3247138e+02   1.6354688e+02
   6.7419189e+01   7.1858348e+01   1.6695035e+02   1.7194582e+02   1.3225304e+02   1.6383075e+02
   6.7049332e+01   7.1463223e+01   1.6743975e+02   1.7238660e+02   1.3261470e+02   1.6441485e+02
   6.7007336e+01   7.1825675e+01   1.6745143e+02   1.7212513e+02   1.3187264e+02   1.6418675e+02
   6.7076603e+01   7.1620489e+01   1.6671450e+02   1.7256086e+02   1.3201910e+02   1.6339589e+02
   6.7151358e+01   7.1685486e+01   1.6684894e+02   1.7230331e+02   1.3240351e+02   1.6355220e+02
   6.6872898e+01   7.1392476e+01   1.6682419e+02   1.7197475e+02   1.3201352e+02   1.6368298e+02
   6.7242320e+01   7.1438740e+01   1.6682341e+02   1.7230418e+02   1.3248602e+02   1.6318600e+02
   6.7149964e+01   7.1972746e+01   1.6691934e+02   1.7228536e+02   1.3201126e+02   1.6308990e+02
   6.6779410e+01   7.1617788e+01   1.6690566e+02   1.7296138e+02   1.3297402e+02   1.6404473e+02
   6.7542562e+01   7.2202502e+01   1.6795372e+02   1.7335755e+02   1.3350341e+02   1.6487001e+02
   6.7533239e+01   7.2139770e+01   1.6786380e+02   1.7335494e+02   1.3347936e+02   1.6390132e+02
   6.7173837e+01   7.1941729e+01   1.6697475e+02   1.7201692e+02   1.3237066e+02   1.6388119e+02
   6.6847457e+01   7.1215781e+01   1.6731272e+02   1.7256975e+02   1.3252052e+02   1.6415477e+02
   6.6969348e+01   7.1377925e+01   1.6674377e+02   1.7164149e+02   1.3128365e+02   1.6304389e+02
   6.7265931e+01   7.1206719e+01   1.6672112e+02   1.7185600e+02   1.3136974e+02   1.6277711e+02
   6.6975883e+01   7.1525258e+01   1.6664846e+02   1.7218037e+02   1.3220006e+02   1.6363453e+02
   6.6826110e+01   7.1013296e+01   1.6691742e+02   1.7212470e+02   1.3156830e+02   1.6326450e+02
   6.7186471e+01   7.1268057e+01   1.6732361e+02   1.7266585e+02   1.3249029e+02   1.6392293e+02
   6.7357241e+01   7.1545036e+01   1.6745552e+02   1.7279332e+02   1.3195793e+02   1.6404386e+02
   6.6969348e+01   7.1226062e+01   1.6670901e+02   1.7201831e+02   1.3238033e+02   1.6316849e+02
   6.6954711e+01   7.1369212e+01   1.6695471e+02   1.7206484e+02   1.3197397e+02   1.6384878e+02
   6.7268981e+01   7.1598881e+01   1.6726105e+02   1.7289578e+02   1.3313843e+02   1.6395386e+02
   6.7534110e+01   7.1758848e+01   1.6780386e+02   1.7281318e+02   1.3357110e+02   1.6460941e+02
   6.7551013e+01   7.1740987e+01   1.6818434e+02   1.7252670e+02   1.3310358e+02   1.6412898e+02
   6.7626117e+01   7.1814348e+01   1.6768170e+02   1.7280778e+02   1.3291033e+02   1.6392336e+02
   6.7197362e+01   7.1815219e+01   1.6663574e+02   1.7235785e+02   1.3145974e+02   1.6321484e+02
   6.7022932e+01   7.1168209e+01   1.6638855e+02   1.7242372e+02   1.3216181e+02   1.6314261e+02
   6.7465105e+01   7.1799972e+01   1.6681513e+02   1.7204245e+02   1.3137775e+02   1.6331591e+02
   6.6904700e+01   7.1308223e+01   1.6722446e+02   1.7200472e+02   1.3221470e+02   1.6296792e+02
   6.7123216e+01   7.1898775e+01   1.6706667e+02   1.7177200e+02   1.3212836e+02   1.6314069e+02
   6.7227247e+01   7.1344207e+01   1.6716922e+02   1.7186392e+02   1.3197902e+02   1.6299223e+02
   6.6717375e+01   7.1351177e+01   1.6667799e+02   1.7121691e+02   1.3121160e+02   1.6269991e+02
   6.7169916e+01   7.1332183e+01   1.6693781e+02   1.7122153e+02   1.3153719e+02   1.6320857e+02
   6.7126178e+01   7.1652900e+01   1.6738503e+02   1.7187874e+02   1.3191045e+02   1.6388607e+02
   6.7456044e+01   7.1707878e+01   1.6708723e+02   1.7193467e+02   1.3175092e+02   1.6410616e+02
   6.7035478e+01   7.1379494e+01   1.6637557e+02   1.7215920e+02   1.3193720e+02   1.6294866e+02
   6.6575792e+01   7.1517155e+01   1.6659853e+02   1.7155793e+02   1.3175754e+02   1.6264276e+02
   6.7289020e+01   7.1718943e+01   1.6707033e+02   1.7219231e+02   1.3214944e+02   1.6330197e+02
   6.6758238e+01   7.1479690e+01   1.6647028e+02   1.7176547e+02   1.3210745e+02   1.6303361e+02
   6.6822800e+01   7.1198094e+01   1.6646287e+02   1.7176983e+02   1.3173715e+02   1.6325814e+02
   6.6630596e+01   7.1078032e+01   1.6699366e+02   1.7235698e+02   1.3225626e+02   1.6353852e+02
   6.7100389e+01   7.1698555e+01   1.6753446e+02   1.7284611e+02   1.3258717e+02   1.6444351e+02
   6.6763640e+01   7.1455643e+01   1.6716608e+02   1.7268467e+02   1.3290606e+02   1.6371504e+02
   6.7181069e+01   7.1619095e+01   1.6748575e+02   1.7266236e+02   1.3261436e+02   1.6445197e+02
   6.6632077e+01   7.1513322e+01   1.6773903e+02   1.7293263e+02   1.3309391e+02   1.6470560e+02
   6.6925349e+01   7.1786467e+01   1.6735985e+02   1.7245282e+02   1.3249133e+02   1.6358522e+02
   6.6666405e+01   7.1827417e+01   1.6694060e+02   1.7193380e+02   1.3199191e+02   1.6262176e+02
   6.6363288e+01   7.1864534e+01   1.6665830e+02   1.7156917e+02   1.3186358e+02   1.6245639e+02
   6.6941468e+01   7.1679213e+01   1.6700246e+02   1.7180128e+02   1.3220860e+02   1.6255206e+02
   6.6914109e+01   7.1761287e+01   1.6722359e+02   1.7209385e+02   1.3260233e+02   1.6361824e+02
   6.7175318e+01   7.1832035e+01   1.6795729e+02   1.7285430e+02   1.3329596e+02   1.6431796e+02
   6.6960984e+01   7.2098210e+01   1.6790658e+02   1.7293228e+02   1.3311342e+02   1.6442043e+02
   6.7587607e+01   7.2100476e+01   1.6756565e+02   1.7262472e+02   1.3291007e+02   1.6373482e+02
   6.7043755e+01   7.1904874e+01   1.6763640e+02   1.7266419e+02   1.3292793e+02   1.6373778e+02
   6.7070417e+01   7.1572220e+01   1.6763596e+02   1.7251851e+02   1.3286406e+02   1.6436327e+02
   6.6898078e+01   7.1622580e+01   1.6726741e+02   1.7277415e+02   1.3324978e+02   1.6436954e+02
   6.6535888e+01   7.1996794e+01   1.6690827e+02   1.7229616e+02   1.3310567e+02   1.6375773e+02
   6.6795616e+01   7.1707181e+01   1.6700995e+02   1.7290588e+02   1.3307552e+02   1.6382099e+02
   6.6703783e+01   7.1981721e+01   1.6737902e+02   1.7209054e+02   1.3231734e+02   1.6301375e+02
   6.6669803e+01   7.1831948e+01   1.6745456e+02   1.7219710e+02   1.3182062e+02   1.6221383e+02
   6.6609337e+01   7.1853033e+01   1.6662058e+02   1.7171189e+02   1.3143848e+02   1.6262054e+02
   6.6586858e+01   7.1724607e+01   1.6672408e+02   1.7203173e+02   1.3191855e+02   1.6325300e+02
   6.6110530e+01   7.1496158e+01   1.6600493e+02   1.7140973e+02   1.3202877e+02   1.6275036e+02
   6.6783592e+01   7.1284611e+01   1.6624689e+02   1.7210361e+02   1.3251799e+02   1.6286642e+02
   6.6401537e+01   7.1577361e+01   1.6616559e+02   1.7196621e+02   1.3249255e+02   1.6329264e+02
   6.6445972e+01   7.1810340e+01   1.6693032e+02   1.7222141e+02   1.3286014e+02   1.6256034e+02
   6.6634691e+01   7.1988691e+01   1.6711564e+02   1.7226123e+02   1.3273869e+02   1.6293237e+02
   6.6755014e+01   7.1939202e+01   1.6746833e+02   1.7232561e+02   1.3230000e+02   1.6366991e+02
   6.6722167e+01   7.1745779e+01   1.6761052e+02   1.7249412e+02   1.3278399e+02   1.6405144e+02
   6.6326520e+01   7.1604457e+01   1.6711842e+02   1.7194408e+02   1.3204776e+02   1.6349487e+02
   6.6713541e+01   7.1671807e+01   1.6655967e+02   1.7207774e+02   1.3201980e+02   1.6342804e+02
   6.6705003e+01   7.1926220e+01   1.6661291e+02   1.7127642e+02   1.3128121e+02   1.6244019e+02
   6.6571436e+01   7.1729224e+01   1.6741248e+02   1.7227795e+02   1.3224075e+02   1.6330188e+02
   6.6805810e+01   7.2009079e+01   1.6708418e+02   1.7192936e+02   1.3217366e+02   1.6378004e+02
   6.6609075e+01   7.1897032e+01   1.6722123e+02   1.7219135e+02   1.3220834e+02   1.6450024e+02
   6.6376357e+01   7.1646801e+01   1.6739767e+02   1.7179936e+02   1.3243478e+02   1.6457525e+02
   6.6500427e+01   7.1491540e+01   1.6696203e+02   1.7210379e+02   1.3279201e+02   1.6462613e+02
   6.6085437e+01   7.1499817e+01   1.6719719e+02   1.7204027e+02   1.3252374e+02   1.6423842e+02
   6.6535714e+01   7.1650199e+01   1.6749037e+02   1.7233982e+02   1.3306794e+02   1.6429470e+02
   6.6765557e+01   7.1803196e+01   1.6746624e+02   1.7251773e+02   1.3316317e+02   1.6479412e+02
   6.6723822e+01   7.1588687e+01   1.6760895e+02   1.7271638e+02   1.3314671e+02   1.6375712e+02
   6.6829508e+01   7.1674421e+01   1.6783949e+02   1.7293620e+02   1.3274513e+02   1.6312100e+02
   6.7299911e+01   7.1747783e+01   1.6765583e+02   1.7238695e+02   1.3302638e+02   1.6367165e+02
   6.6448673e+01   7.1555927e+01   1.6692674e+02   1.7229390e+02   1.3261270e+02   1.6271551e+02
   6.6542771e+01   7.1554882e+01   1.6733337e+02   1.7236543e+02   1.3250344e+02   1.6289203e+02
   6.6221531e+01   7.1639221e+01   1.6717105e+02   1.7220433e+02   1.3243940e+02   1.6387082e+02
   6.6582501e+01   7.1569432e+01   1.6754361e+02   1.7289151e+02   1.3329596e+02   1.6441285e+02
   6.6302037e+01   7.1497987e+01   1.6746964e+02   1.7268031e+02   1.3330580e+02   1.6467188e+02
   6.7226288e+01   7.2048809e+01   1.6792680e+02   1.7318739e+02   1.3295537e+02   1.6440056e+02
   6.7363689e+01   7.1765905e+01   1.6749691e+02   1.7299650e+02   1.3250632e+02   1.6357250e+02
   6.6753446e+01   7.1901040e+01   1.6730479e+02   1.7185382e+02   1.3199566e+02   1.6315324e+02
   6.6898688e+01   7.1987732e+01   1.6742677e+02   1.7254552e+02   1.3258830e+02   1.6347971e+02
   6.6529702e+01   7.1732100e+01   1.6724929e+02   1.7172347e+02   1.3248009e+02   1.6300277e+02
   6.6985990e+01   7.1638611e+01   1.6778948e+02   1.7272945e+02   1.3291965e+02   1.6335024e+02
   6.6656473e+01   7.1695419e+01   1.6823218e+02   1.7257959e+02   1.3277868e+02   1.6386019e+02
   6.6503738e+01   7.1652726e+01   1.6771063e+02   1.7174081e+02   1.3274252e+02   1.6447113e+02
   6.6529440e+01   7.1827243e+01   1.6744376e+02   1.7242781e+02   1.3310898e+02   1.6449483e+02
   6.6287225e+01   7.1863314e+01   1.6726088e+02   1.7195506e+02   1.3230296e+02   1.6331660e+02
   6.6483698e+01   7.1373307e+01   1.6740804e+02   1.7224999e+02   1.3235559e+02   1.6382046e+02
   6.6016084e+01   7.1470455e+01   1.6668984e+02   1.7155262e+02   1.3214657e+02   1.6348511e+02
   6.6079861e+01   7.1374702e+01   1.6719632e+02   1.7160568e+02   1.3212104e+02   1.6356021e+02
   6.6196438e+01   7.1894767e+01   1.6729294e+02   1.7191550e+02   1.3258691e+02   1.6380835e+02
   6.6252026e+01   7.2329273e+01   1.6747208e+02   1.7206833e+02   1.3277058e+02   1.6336461e+02
   6.6867409e+01   7.1984421e+01   1.6755354e+02   1.7263736e+02   1.3266925e+02   1.6310053e+02
   6.6122641e+01   7.1853033e+01   1.6690670e+02   1.7182672e+02   1.3272562e+02   1.6349557e+02
   6.6162458e+01   7.2019795e+01   1.6693275e+02   1.7204898e+02   1.3313616e+02   1.6357546e+02
   6.6502082e+01   7.1959590e+01   1.6694208e+02   1.7237658e+02   1.3311865e+02   1.6442130e+02
   6.6597226e+01   7.2311848e+01   1.6750353e+02   1.7250806e+02   1.3327147e+02   1.6339336e+02
   6.7156586e+01   7.2421106e+01   1.6828402e+02   1.7283095e+02   1.3314488e+02   1.6359750e+02
   6.6580236e+01   7.1910886e+01   1.6712635e+02   1.7155915e+02   1.3275524e+02   1.6351630e+02
   6.6287835e+01   7.1842665e+01   1.6702119e+02   1.7206545e+02   1.3239645e+02   1.6328297e+02
   6.6392040e+01   7.1828724e+01   1.6741361e+02   1.7275742e+02   1.3286145e+02   1.6396571e+02
   6.6498859e+01   7.1951836e+01   1.6753742e+02   1.7204872e+02   1.3261976e+02   1.6371513e+02
   6.6361110e+01   7.1799449e+01   1.6716155e+02   1.7258552e+02   1.3289238e+02   1.6349879e+02
   6.5947688e+01   7.1912890e+01   1.6640145e+02   1.7210675e+02   1.3265356e+02   1.6309887e+02
   6.6394654e+01   7.1683657e+01   1.6672417e+02   1.7191899e+02   1.3248175e+02   1.6275271e+02
