   7.9967122e+01   1.1031594e+02   1.5919816e+02   2.0230971e+02   9.5922841e+01   1.0389027e+02
   7.9896291e+01   1.1011034e+02   1.5941720e+02   2.0283684e+02   9.6162217e+01   1.0380272e+02
   7.9905664e+01   1.1043054e+02   1.6133796e+02   2.0238594e+02   9.6287963e+01   1.0423531e+02
   8.0092249e+01   1.1129254e+02   1.6287680e+02   2.0297576e+02   9.6490465e+01   1.0518283e+02
   7.9347326e+01   1.1015004e+02   1.6292322e+02   2.0241883e+02   9.5900026e+01   1.0472645e+02
   7.9561146e+01   1.1063950e+02   1.6311113e+02   2.0244855e+02   9.6043281e+01   1.0534129e+02
   7.9941036e+01   1.1067496e+02   1.6231280e+02   2.0241530e+02   9.5654283e+01   1.0485520e+02
   8.0052456e+01   1.1092512e+02   1.6290846e+02   2.0251708e+02   9.5652514e+01   1.0462475e+02
   7.9900889e+01   1.1084960e+02   1.6258870e+02   2.0236613e+02   9.6043900e+01   1.0521024e+02
   7.9623577e+01   1.1012962e+02   1.6295293e+02   2.0277865e+02   9.6144443e+01   1.0543246e+02
   7.9889747e+01   1.1060068e+02   1.6329834e+02   2.0291545e+02   9.6512660e+01   1.0533457e+02
   7.9492172e+01   1.1005180e+02   1.6197482e+02   2.0283188e+02   9.6225974e+01   1.0493885e+02
   7.9832799e+01   1.1080344e+02   1.6200197e+02   2.0280633e+02   9.6211118e+01   1.0472096e+02
   7.9755955e+01   1.1077727e+02   1.6237107e+02   2.0233465e+02   9.5714061e+01   1.0458160e+02
   7.9741275e+01   1.0980818e+02   1.6219837e+02   2.0090715e+02   9.5389793e+01   1.0422957e+02
   7.9480234e+01   1.0954165e+02   1.6173607e+02   2.0210518e+02   9.5476630e+01   1.0431711e+02
   7.9535502e+01   1.0944226e+02   1.6228459e+02   2.0217044e+02   9.5613517e+01   1.0495636e+02
   7.8986094e+01   1.0920686e+02   1.6179938e+02   2.0227098e+02   9.5590437e+01   1.0465049e+02
   7.9017398e+01   1.0923560e+02   1.6240477e+02   2.0167701e+02   9.5546046e+01   1.0459027e+02
   7.9585287e+01   1.0982286e+02   1.6235887e+02   2.0183070e+02   9.5013263e+01   1.0369095e+02
   7.9113078e+01   1.0994294e+02   1.6140888e+02   2.0157903e+02   9.4869655e+01   1.0350525e+02
   7.8937636e+01   1.0890355e+02   1.6102678e+02   2.0159998e+02   9.5037227e+01   1.0355901e+02
   7.9252884e+01   1.0929644e+02   1.6120169e+02   2.0155816e+02   9.4693594e+01   1.0347872e+02
   7.9444597e+01   1.0932102e+02   1.6174836e+02   2.0182282e+02   9.4957642e+01   1.0418235e+02
   7.9148361e+01   1.0934844e+02   1.6180672e+02   2.0195175e+02   9.5125214e+01   1.0411576e+02
   7.9191249e+01   1.0940680e+02   1.6162650e+02   2.0144081e+02   9.4890082e+01   1.0401778e+02
   7.9846063e+01   1.1036245e+02   1.6169000e+02   2.0155436e+02   9.5268026e+01   1.0377319e+02
   7.9003603e+01   1.0919493e+02   1.6210145e+02   2.0148573e+02   9.5078170e+01   1.0381979e+02
   7.9213091e+01   1.0944544e+02   1.6235401e+02   2.0105128e+02   9.4807048e+01   1.0395561e+02
   7.9394370e+01   1.0955598e+02   1.6316101e+02   2.0170150e+02   9.5238314e+01   1.0436946e+02
   7.9613938e+01   1.0994966e+02   1.6277166e+02   2.0207662e+02   9.5326124e+01   1.0430049e+02
   7.9527543e+01   1.1022008e+02   1.6273062e+02   2.0200057e+02   9.5677540e+01   1.0442358e+02
   7.9083366e+01   1.1019452e+02   1.6267553e+02   2.0160060e+02   9.5494315e+01   1.0425901e+02
   7.9560085e+01   1.0952538e+02   1.6237045e+02   2.0114387e+02   9.5589288e+01   1.0448353e+02
   7.9551242e+01   1.0951097e+02   1.6281773e+02   2.0137900e+02   9.5643406e+01   1.0476969e+02
   7.9911678e+01   1.1018754e+02   1.6275424e+02   2.0168019e+02   9.5926466e+01   1.0424708e+02
   7.8944091e+01   1.0903505e+02   1.6321292e+02   2.0225197e+02   9.6326960e+01   1.0461741e+02
   7.9165516e+01   1.0952308e+02   1.6310892e+02   2.0166807e+02   9.5741474e+01   1.0419013e+02
   7.9652051e+01   1.1011414e+02   1.6348421e+02   2.0138608e+02   9.6210588e+01   1.0529584e+02
   7.9563799e+01   1.0953670e+02   1.6320283e+02   2.0131471e+02   9.5578676e+01   1.0504276e+02
   7.9775497e+01   1.0981525e+02   1.6237585e+02   2.0157151e+02   9.5680900e+01   1.0459407e+02
   7.9490757e+01   1.1006621e+02   1.6173571e+02   2.0117128e+02   9.5233539e+01   1.0396322e+02
   7.9272869e+01   1.1057105e+02   1.6169062e+02   2.0138342e+02   9.5169694e+01   1.0429500e+02
   7.9372086e+01   1.0961921e+02   1.6215540e+02   2.0148335e+02   9.5203562e+01   1.0459522e+02
   7.9429741e+01   1.0974433e+02   1.6225789e+02   2.0182008e+02   9.5585927e+01   1.0478499e+02
   7.9803441e+01   1.1007497e+02   1.6269534e+02   2.0168620e+02   9.5869960e+01   1.0470133e+02
   7.9690341e+01   1.1057565e+02   1.6331443e+02   2.0167426e+02   9.5841044e+01   1.0440103e+02
   7.9571581e+01   1.1017560e+02   1.6361677e+02   2.0189374e+02   9.6293003e+01   1.0491374e+02
   7.9840758e+01   1.1060200e+02   1.6355673e+02   2.0182539e+02   9.6080863e+01   1.0467693e+02
   8.0084113e+01   1.1062915e+02   1.6397296e+02   2.0150466e+02   9.5898877e+01   1.0435160e+02
   7.9784340e+01   1.1051614e+02   1.6347263e+02   2.0113397e+02   9.5733073e+01   1.0418376e+02
   7.9306914e+01   1.0930520e+02   1.6265626e+02   2.0141897e+02   9.5532340e+01   1.0411585e+02
   7.9478289e+01   1.0975848e+02   1.6184713e+02   2.0167258e+02   9.5405002e+01   1.0453058e+02
   7.9501457e+01   1.0971604e+02   1.6104447e+02   2.0152031e+02   9.5236723e+01   1.0403325e+02
   7.9069836e+01   1.0910880e+02   1.6168664e+02   2.0072056e+02   9.4963301e+01   1.0410753e+02
   7.9448842e+01   1.0977917e+02   1.6114643e+02   2.0064602e+02   9.4546183e+01   1.0374188e+02
   7.9605980e+01   1.1002014e+02   1.6154294e+02   2.0078847e+02   9.4812707e+01   1.0338834e+02
   7.9362182e+01   1.1006895e+02   1.6133893e+02   2.0120241e+02   9.5038112e+01   1.0332476e+02
   7.9217247e+01   1.0989793e+02   1.6145946e+02   2.0170265e+02   9.5608300e+01   1.0417571e+02
   7.9592096e+01   1.0930617e+02   1.6106932e+02   2.0202524e+02   9.5638454e+01   1.0355857e+02
   7.9806536e+01   1.1044557e+02   1.6212091e+02   2.0218299e+02   9.6145239e+01   1.0435947e+02
   7.9445305e+01   1.0961673e+02   1.6119692e+02   2.0208166e+02   9.5493431e+01   1.0395049e+02
   7.9769042e+01   1.1018170e+02   1.6238867e+02   2.0246835e+02   9.5866865e+01   1.0463934e+02
   7.9840581e+01   1.0963840e+02   1.6227964e+02   2.0182150e+02   9.5313921e+01   1.0390459e+02
   7.9703163e+01   1.0989404e+02   1.6145539e+02   2.0128854e+02   9.4911482e+01   1.0463537e+02
   7.9085311e+01   1.0925329e+02   1.6068589e+02   2.0103263e+02   9.5001414e+01   1.0396092e+02
   7.9444243e+01   1.0968305e+02   1.6080208e+02   2.0114272e+02   9.5225846e+01   1.0423151e+02
   7.9184086e+01   1.0958605e+02   1.6131921e+02   2.0090600e+02   9.4960737e+01   1.0405722e+02
   7.9464936e+01   1.0975035e+02   1.6065971e+02   2.0083260e+02   9.4597914e+01   1.0360756e+02
   7.9238028e+01   1.0989095e+02   1.6096205e+02   2.0060269e+02   9.4563869e+01   1.0335616e+02
   7.8783770e+01   1.0921898e+02   1.6049205e+02   2.0026807e+02   9.4659991e+01   1.0369501e+02
   7.9203098e+01   1.0958569e+02   1.6069155e+02   2.0079714e+02   9.4606049e+01   1.0391750e+02
   7.9339544e+01   1.0972514e+02   1.6132505e+02   2.0113273e+02   9.4455720e+01   1.0394836e+02
   7.9441679e+01   1.0983727e+02   1.6149554e+02   2.0115457e+02   9.4804395e+01   1.0421931e+02
   7.9583961e+01   1.0979651e+02   1.6108170e+02   2.0081359e+02   9.4784940e+01   1.0440015e+02
   7.9839343e+01   1.1067911e+02   1.6186579e+02   2.0182619e+02   9.5223458e+01   1.0455551e+02
   7.9370582e+01   1.0954245e+02   1.6213842e+02   2.0104483e+02   9.5281025e+01   1.0453606e+02
   7.9438053e+01   1.0993410e+02   1.6226912e+02   2.0084330e+02   9.5223281e+01   1.0456241e+02
   7.9634100e+01   1.0996983e+02   1.6082410e+02   2.0029575e+02   9.4343770e+01   1.0360420e+02
   7.9454766e+01   1.0996169e+02   1.6054661e+02   2.0045192e+02   9.4503472e+01   1.0386268e+02
   7.9046933e+01   1.0898367e+02   1.6040796e+02   2.0001428e+02   9.4201842e+01   1.0355318e+02
   7.9753390e+01   1.1029020e+02   1.6132355e+02   2.0048074e+02   9.4519831e+01   1.0380484e+02
   8.0055020e+01   1.0994259e+02   1.6088910e+02   2.0011748e+02   9.4533803e+01   1.0339913e+02
   7.9548236e+01   1.1094962e+02   1.6202399e+02   2.0127492e+02   9.4842684e+01   1.0496671e+02
   8.0001786e+01   1.1025704e+02   1.6208731e+02   2.0174156e+02   9.5370250e+01   1.0445718e+02
   8.0341353e+01   1.1023343e+02   1.6244076e+02   2.0146159e+02   9.5561167e+01   1.0368944e+02
   8.0009568e+01   1.1044221e+02   1.6267916e+02   2.0119923e+02   9.5367509e+01   1.0399709e+02
   8.0029818e+01   1.1031417e+02   1.6227805e+02   2.0100291e+02   9.5135649e+01   1.0415166e+02
   7.9571404e+01   1.1007912e+02   1.6084214e+02   2.0032573e+02   9.4543176e+01   1.0411319e+02
   7.9531876e+01   1.0995674e+02   1.6029689e+02   2.0021555e+02   9.4543884e+01   1.0347748e+02
   7.9296568e+01   1.1003818e+02   1.6019962e+02   1.9997413e+02   9.4490827e+01   1.0315569e+02
   7.8893952e+01   1.0917220e+02   1.6147052e+02   2.0002534e+02   9.4651148e+01   1.0384941e+02
   7.9374208e+01   1.0937373e+02   1.6116897e+02   1.9997263e+02   9.4208297e+01   1.0364028e+02
   7.9689987e+01   1.0968173e+02   1.6059242e+02   2.0037525e+02   9.4781226e+01   1.0419888e+02
   7.9692021e+01   1.1010831e+02   1.6065007e+02   2.0080554e+02   9.5008930e+01   1.0387267e+02
   7.9907433e+01   1.1033168e+02   1.6239893e+02   2.0108047e+02   9.5761635e+01   1.0491427e+02
   7.9219369e+01   1.0977749e+02   1.6222057e+02   2.0081863e+02   9.5517837e+01   1.0485440e+02
   7.9432748e+01   1.1005419e+02   1.6281923e+02   2.0089804e+02   9.5853336e+01   1.0539046e+02
   7.9884353e+01   1.1018427e+02   1.6217131e+02   2.0105977e+02   9.5251490e+01   1.0459257e+02
   7.9488193e+01   1.0988741e+02   1.6231872e+02   2.0181389e+02   9.5722108e+01   1.0463952e+02
   7.9598905e+01   1.1025961e+02   1.6226673e+02   2.0164836e+02   9.5553563e+01   1.0434081e+02
   7.9567601e+01   1.1000803e+02   1.6156947e+02   2.0134248e+02   9.5212670e+01   1.0432666e+02
   7.9437877e+01   1.0982719e+02   1.6143461e+02   2.0110629e+02   9.4880090e+01   1.0389168e+02
   7.9296391e+01   1.0951026e+02   1.6107179e+02   2.0120197e+02   9.5332845e+01   1.0392714e+02
   7.9579716e+01   1.1002324e+02   1.6107294e+02   2.0136556e+02   9.5206480e+01   1.0395385e+02
   7.9217866e+01   1.0954121e+02   1.6093588e+02   2.0151465e+02   9.4843922e+01   1.0344741e+02
   7.9031812e+01   1.0949815e+02   1.6148988e+02   2.0194415e+02   9.5470882e+01   1.0388779e+02
   7.9606245e+01   1.1011441e+02   1.6134380e+02   2.0194026e+02   9.5819910e+01   1.0414883e+02
   7.9916364e+01   1.1043036e+02   1.6228539e+02   2.0160653e+02   9.5584070e+01   1.0387594e+02
   7.9314872e+01   1.0991765e+02   1.6181884e+02   2.0134558e+02   9.5308261e+01   1.0407039e+02
   7.9118472e+01   1.0942449e+02   1.6122760e+02   2.0133762e+02   9.5290753e+01   1.0374038e+02
   7.9287017e+01   1.0977679e+02   1.6125413e+02   2.0173360e+02   9.5420124e+01   1.0395977e+02
   7.9632950e+01   1.1021840e+02   1.6082844e+02   2.0147327e+02   9.5466460e+01   1.0402512e+02
   7.9532318e+01   1.1010397e+02   1.6185775e+02   2.0125379e+02   9.5454788e+01   1.0447345e+02
   7.9748792e+01   1.1034140e+02   1.6171193e+02   2.0088866e+02   9.5506961e+01   1.0430588e+02
   7.9321151e+01   1.0938726e+02   1.6181866e+02   2.0131277e+02   9.5247599e+01   1.0451616e+02
   8.0113295e+01   1.1004968e+02   1.6209102e+02   2.0102529e+02   9.4952867e+01   1.0449485e+02
   7.9993916e+01   1.1062747e+02   1.6260992e+02   2.0097400e+02   9.5283236e+01   1.0456551e+02
   8.0431727e+01   1.1086119e+02   1.6253891e+02   2.0064761e+02   9.5220452e+01   1.0415131e+02
   8.0547745e+01   1.1117661e+02   1.6324201e+02   2.0067449e+02   9.5752704e+01   1.0427272e+02
   7.9813345e+01   1.1049686e+02   1.6234119e+02   2.0077380e+02   9.5444442e+01   1.0450325e+02
   7.9631624e+01   1.0988140e+02   1.6200524e+02   2.0067546e+02   9.4994251e+01   1.0408950e+02
   7.9456889e+01   1.0986168e+02   1.6121947e+02   2.0051779e+02   9.4756378e+01   1.0362710e+02
   7.9488546e+01   1.0955837e+02   1.6103545e+02   2.0060030e+02   9.4881062e+01   1.0342619e+02
   7.9693259e+01   1.1004685e+02   1.6069137e+02   2.0021802e+02   9.4734801e+01   1.0344282e+02
   7.9597402e+01   1.0993145e+02   1.6120877e+02   2.0006141e+02   9.4445374e+01   1.0371695e+02
   8.0073767e+01   1.1018312e+02   1.6154993e+02   2.0006230e+02   9.4638503e+01   1.0373826e+02
   8.0457902e+01   1.1046865e+02   1.6193963e+02   2.0096011e+02   9.4982667e+01   1.0407614e+02
   8.0295370e+01   1.1074199e+02   1.6134397e+02   2.0055352e+02   9.4926161e+01   1.0407066e+02
   7.9953327e+01   1.1002377e+02   1.6170901e+02   2.0125219e+02   9.5359285e+01   1.0432631e+02
   8.0107459e+01   1.1044301e+02   1.6096851e+02   2.0079007e+02   9.4513553e+01   1.0400009e+02
   7.9731460e+01   1.0991544e+02   1.6119144e+02   2.0102352e+02   9.4867710e+01   1.0424407e+02
   7.9390479e+01   1.0925125e+02   1.5992991e+02   2.0095118e+02   9.4527878e+01   1.0398709e+02
   7.9301077e+01   1.0962345e+02   1.5985404e+02   2.0069633e+02   9.4923331e+01   1.0387727e+02
   7.9462637e+01   1.0990952e+02   1.6041397e+02   2.0060410e+02   9.4753990e+01   1.0306470e+02
   7.9270481e+01   1.1021716e+02   1.6072612e+02   2.0077220e+02   9.5145110e+01   1.0301632e+02
   7.9182495e+01   1.0972912e+02   1.6013303e+02   2.0012004e+02   9.4517355e+01   1.0249451e+02
   7.9393574e+01   1.0999865e+02   1.6035808e+02   1.9960583e+02   9.4421322e+01   1.0288625e+02
   7.9441325e+01   1.0999061e+02   1.6034508e+02   2.0021475e+02   9.4381706e+01   1.0336809e+02
   7.9153136e+01   1.0954254e+02   1.6065750e+02   2.0049586e+02   9.4985143e+01   1.0405536e+02
   7.9601116e+01   1.0986247e+02   1.6142162e+02   2.0120648e+02   9.5252993e+01   1.0415060e+02
   7.9649575e+01   1.1033955e+02   1.6191717e+02   2.0215001e+02   9.5836888e+01   1.0471716e+02
   7.9525067e+01   1.0969207e+02   1.6199658e+02   2.0206733e+02   9.6165666e+01   1.0477048e+02
   7.9976054e+01   1.1089789e+02   1.6268367e+02   2.0127616e+02   9.6737976e+01   1.0528894e+02
   8.0167944e+01   1.0971268e+02   1.6215345e+02   2.0112238e+02   9.6480384e+01   1.0530079e+02
   8.0752369e+01   1.0975866e+02   1.6253228e+02   2.0182362e+02   9.5839276e+01   1.0558111e+02
   8.0462058e+01   1.1010609e+02   1.6277360e+02   2.0118446e+02   9.5960688e+01   1.0540584e+02
   8.0405021e+01   1.0963477e+02   1.6260152e+02   2.0128200e+02   9.5653664e+01   1.0549304e+02
   8.1652573e+01   1.1084987e+02   1.6123839e+02   2.0146372e+02   9.5418886e+01   1.0354716e+02
   7.9665315e+01   1.0983232e+02   1.6263910e+02   2.0223234e+02   9.5908781e+01   1.0606879e+02
   7.9576002e+01   1.1045556e+02   1.6195502e+02   2.0120197e+02   9.5662153e+01   1.0482832e+02
   7.9566540e+01   1.1045309e+02   1.6141401e+02   2.0137255e+02   9.5603083e+01   1.0502675e+02
   7.9462548e+01   1.1022883e+02   1.6057420e+02   2.0089468e+02   9.5452577e+01   1.0511766e+02
   7.9585641e+01   1.0825404e+02   1.5926847e+02   2.0022722e+02   9.5309942e+01   1.0536066e+02
   8.0425006e+01   1.0914885e+02   1.6019484e+02   2.0032148e+02   9.5320818e+01   1.0518734e+02
   8.0303063e+01   1.0964078e+02   1.6063858e+02   2.0072374e+02   9.5895074e+01   1.0566609e+02
   8.1332196e+01   1.1152988e+02   1.6215301e+02   2.0100583e+02   9.6567928e+01   1.0642162e+02
   8.1109709e+01   1.0939787e+02   1.6248524e+02   2.0213109e+02   9.6746023e+01   1.0631905e+02
   8.1077256e+01   1.1048094e+02   1.6338774e+02   2.0285514e+02   9.6885299e+01   1.0656576e+02
   7.9644534e+01   1.1024431e+02   1.6249682e+02   2.0263097e+02   9.6770872e+01   1.0555777e+02
   7.9837132e+01   1.1031709e+02   1.6142400e+02   2.0182875e+02   9.6267447e+01   1.0549755e+02
   8.0446052e+01   1.0917529e+02   1.6018680e+02   2.0126201e+02   9.5772158e+01   1.0459018e+02
   8.0970080e+01   1.0972311e+02   1.6067324e+02   2.0063204e+02   9.5799571e+01   1.0450007e+02
   8.0551282e+01   1.0901586e+02   1.5997943e+02   2.0024977e+02   9.5458767e+01   1.0477181e+02
   8.0333924e+01   1.0935498e+02   1.5930852e+02   2.0013118e+02   9.5497941e+01   1.0468674e+02
   7.9780980e+01   1.0845999e+02   1.5999738e+02   2.0019229e+02   9.5450278e+01   1.0522978e+02
   8.0255665e+01   1.0935878e+02   1.5985395e+02   2.0016249e+02   9.5529775e+01   1.0550754e+02
   8.0443576e+01   1.0962770e+02   1.6049090e+02   2.0067104e+02   9.5805142e+01   1.0697245e+02
   8.0525992e+01   1.1066001e+02   1.6157265e+02   2.0068634e+02   9.5606089e+01   1.0614051e+02
   8.1026321e+01   1.0980880e+02   1.6252503e+02   2.0194981e+02   9.5828487e+01   1.0830507e+02
   8.0402368e+01   1.1053153e+02   1.6147511e+02   2.0160255e+02   9.5627401e+01   1.0595525e+02
   8.0137348e+01   1.1040675e+02   1.5995211e+02   2.0106649e+02   9.5522524e+01   1.0572189e+02
   8.0043790e+01   1.1000060e+02   1.5906092e+02   1.9926449e+02   9.4708450e+01   1.0464854e+02
   8.0391492e+01   1.1027322e+02   1.5805779e+02   1.9890928e+02   9.3999075e+01   1.0399558e+02
   7.9488635e+01   1.0897483e+02   1.5670350e+02   1.9854097e+02   9.3571080e+01   1.0397825e+02
   7.9682117e+01   1.0905017e+02   1.5718915e+02   1.9859084e+02   9.3867493e+01   1.0446974e+02
   8.0997405e+01   1.1109588e+02   1.5896577e+02   1.9890751e+02   9.4130038e+01   1.0504002e+02
   8.0238333e+01   1.0940963e+02   1.5936202e+02   1.9956727e+02   9.4854888e+01   1.0519061e+02
   8.0592136e+01   1.1085287e+02   1.6065786e+02   1.9988473e+02   9.4996992e+01   1.0511376e+02
   8.0136905e+01   1.1038624e+02   1.6076008e+02   1.9993576e+02   9.5202412e+01   1.0489314e+02
   8.0319687e+01   1.1093785e+02   1.6109098e+02   2.0107640e+02   9.5988543e+01   1.0600539e+02
   8.0402280e+01   1.1007072e+02   1.6174544e+02   2.0169257e+02   9.5846969e+01   1.0588875e+02
   8.0576927e+01   1.1075534e+02   1.6251035e+02   2.0171415e+02   9.6423347e+01   1.0645222e+02
   7.9859505e+01   1.0967500e+02   1.6172024e+02   2.0258986e+02   9.6498954e+01   1.0661369e+02
   8.0674463e+01   1.1105184e+02   1.6212621e+02   2.0249356e+02   9.6485955e+01   1.0747287e+02
   8.1000677e+01   1.1059749e+02   1.6189453e+02   2.0274841e+02   9.6954892e+01   1.0722111e+02
   8.0505565e+01   1.0972753e+02   1.6252803e+02   2.0300963e+02   9.6444216e+01   1.0664517e+02
   8.0463826e+01   1.1039517e+02   1.6162942e+02   2.0259852e+02   9.6263910e+01   1.0597798e+02
   8.0043436e+01   1.1002253e+02   1.6056492e+02   2.0212118e+02   9.6464113e+01   1.0489641e+02
   7.9974904e+01   1.1015137e+02   1.6011172e+02   2.0191700e+02   9.6223852e+01   1.0586329e+02
   8.0158305e+01   1.1014828e+02   1.6043484e+02   2.0153110e+02   9.5898611e+01   1.0524641e+02
   8.0449501e+01   1.0985407e+02   1.6126244e+02   2.0218114e+02   9.6218369e+01   1.0566574e+02
   7.9967830e+01   1.0976016e+02   1.6038444e+02   2.0195626e+02   9.6206078e+01   1.0533997e+02
   8.0284316e+01   1.0999582e+02   1.6140260e+02   2.0226355e+02   9.6523272e+01   1.0542052e+02
   8.0349311e+01   1.1041745e+02   1.6217609e+02   2.0236003e+02   9.6515136e+01   1.0511111e+02
   7.9468473e+01   1.0960771e+02   1.6217211e+02   2.0289626e+02   9.6388772e+01   1.0591626e+02
   8.0161754e+01   1.1047201e+02   1.6255412e+02   2.0325449e+02   9.7167651e+01   1.0550497e+02
   8.0587273e+01   1.1035308e+02   1.6274292e+02   2.0351951e+02   9.6847274e+01   1.0536225e+02
   8.0112499e+01   1.1008708e+02   1.6253051e+02   2.0303094e+02   9.6227743e+01   1.0462042e+02
   8.0056170e+01   1.1029931e+02   1.6275026e+02   2.0237603e+02   9.6266475e+01   1.0526569e+02
   8.0043702e+01   1.1018975e+02   1.6120903e+02   2.0147468e+02   9.5393065e+01   1.0437618e+02
   8.0271671e+01   1.1016764e+02   1.5944435e+02   2.0012579e+02   9.4784940e+01   1.0315940e+02
   7.9382786e+01   1.1000148e+02   1.5833758e+02   1.9967896e+02   9.4655216e+01   1.0312907e+02
   7.9569193e+01   1.0925276e+02   1.5866379e+02   2.0021130e+02   9.5137063e+01   1.0371164e+02
   7.9730664e+01   1.0988343e+02   1.5992248e+02   2.0023624e+02   9.4874872e+01   1.0378910e+02
   8.0082610e+01   1.0955174e+02   1.6063433e+02   2.0034562e+02   9.4771234e+01   1.0293692e+02
   8.0328353e+01   1.1060457e+02   1.6053927e+02   2.0027055e+02   9.4997435e+01   1.0332246e+02
   8.0168917e+01   1.1042497e+02   1.6013595e+02   2.0087036e+02   9.5362380e+01   1.0294859e+02
   8.0238952e+01   1.1051906e+02   1.5991090e+02   2.0108277e+02   9.5476187e+01   1.0371261e+02
   7.9586879e+01   1.0974159e+02   1.5979930e+02   1.9996626e+02   9.4708803e+01   1.0387691e+02
   7.9559024e+01   1.0939124e+02   1.6016549e+02   1.9967233e+02   9.4337845e+01   1.0427431e+02
   8.0101357e+01   1.0997557e+02   1.6020139e+02   1.9979745e+02   9.4482956e+01   1.0448000e+02
   8.0057054e+01   1.1017374e+02   1.6062523e+02   1.9996865e+02   9.4866383e+01   1.0506990e+02
   7.9947756e+01   1.1031160e+02   1.6117030e+02   1.9977570e+02   9.4548747e+01   1.0521440e+02
   7.9961021e+01   1.0923472e+02   1.6005017e+02   1.9997935e+02   9.4907237e+01   1.0506920e+02
   7.9753479e+01   1.0979995e+02   1.5947530e+02   2.0000632e+02   9.4679799e+01   1.0475492e+02
   7.9594749e+01   1.0962398e+02   1.5939262e+02   1.9966101e+02   9.4699165e+01   1.0412381e+02
   7.9868347e+01   1.0941458e+02   1.6084948e+02   2.0099036e+02   9.5061722e+01   1.0460884e+02
   7.9625788e+01   1.0956916e+02   1.6080872e+02   2.0022439e+02   9.4739577e+01   1.0457974e+02
   7.9613231e+01   1.0965060e+02   1.6057615e+02   2.0037259e+02   9.4666888e+01   1.0501835e+02
   8.0172188e+01   1.1032115e+02   1.6251159e+02   2.0087920e+02   9.5279434e+01   1.0533236e+02
   7.9947137e+01   1.0951884e+02   1.6141100e+02   2.0089707e+02   9.5332579e+01   1.0538816e+02
   8.0059796e+01   1.1043470e+02   1.6172944e+02   2.0130658e+02   9.5082415e+01   1.0459442e+02
   7.9859062e+01   1.1025236e+02   1.6132788e+02   2.0146124e+02   9.5354067e+01   1.0426388e+02
   7.9554691e+01   1.1051623e+02   1.6059047e+02   2.0095278e+02   9.5261129e+01   1.0457196e+02
   7.9348740e+01   1.0914585e+02   1.6061240e+02   2.0051187e+02   9.4846310e+01   1.0420189e+02
   8.0047416e+01   1.1031567e+02   1.5966648e+02   1.9963262e+02   9.4685281e+01   1.0401796e+02
   7.9431244e+01   1.0918874e+02   1.5947185e+02   1.9945117e+02   9.4664943e+01   1.0415608e+02
   7.9765593e+01   1.0937355e+02   1.6083860e+02   1.9994327e+02   9.4915019e+01   1.0494098e+02
   8.0027431e+01   1.0980836e+02   1.6075486e+02   1.9985626e+02   9.4820489e+01   1.0534837e+02
   8.0181562e+01   1.1000812e+02   1.6115315e+02   2.0069129e+02   9.5566827e+01   1.0585772e+02
   8.0947973e+01   1.0995815e+02   1.6183750e+02   2.0196785e+02   9.5946805e+01   1.0645762e+02
   8.0651560e+01   1.0972948e+02   1.6205839e+02   2.0227523e+02   9.5718924e+01   1.0525905e+02
   8.0146190e+01   1.0980526e+02   1.6160174e+02   2.0110169e+02   9.5155545e+01   1.0473105e+02
   7.9595103e+01   1.0922871e+02   1.6027257e+02   2.0033422e+02   9.5052349e+01   1.0418190e+02
   7.9357937e+01   1.0980225e+02   1.5988711e+02   1.9988659e+02   9.4950479e+01   1.0403317e+02
   7.9240946e+01   1.0907351e+02   1.5950068e+02   1.9968055e+02   9.4363755e+01   1.0374984e+02
   7.9672655e+01   1.0960647e+02   1.5990931e+02   2.0005522e+02   9.4497547e+01   1.0453182e+02
   7.9473602e+01   1.0939256e+02   1.5990683e+02   2.0052708e+02   9.4034623e+01   1.0396870e+02
   7.9569458e+01   1.1101726e+02   1.6118259e+02   2.0083295e+02   9.4848874e+01   1.0410470e+02
   7.9350421e+01   1.1049695e+02   1.6070888e+02   2.0151226e+02   9.5219744e+01   1.0468489e+02
   7.9723678e+01   1.0995214e+02   1.6223993e+02   2.0189419e+02   9.5691246e+01   1.0507813e+02
   7.9926534e+01   1.1018197e+02   1.6191372e+02   2.0113114e+02   9.5345932e+01   1.0507636e+02
   8.0086678e+01   1.1038765e+02   1.6219528e+02   2.0109550e+02   9.5459032e+01   1.0497060e+02
   7.9912562e+01   1.0992658e+02   1.6122681e+02   2.0103386e+02   9.4989564e+01   1.0392820e+02
   7.9036941e+01   1.0915637e+02   1.6047976e+02   2.0143515e+02   9.5484588e+01   1.0357068e+02
   7.9486778e+01   1.0905441e+02   1.6106091e+02   2.0166463e+02   9.5510586e+01   1.0328541e+02
   7.9637991e+01   1.0956473e+02   1.6123158e+02   2.0169991e+02   9.5733692e+01   1.0361286e+02
   7.9439380e+01   1.0927044e+02   1.6062390e+02   2.0060065e+02   9.5024671e+01   1.0377708e+02
   7.9490226e+01   1.0955156e+02   1.6085505e+02   2.0083640e+02   9.5024317e+01   1.0460052e+02
   7.9568928e+01   1.0991420e+02   1.6046093e+02   2.0085020e+02   9.5118670e+01   1.0454446e+02
   7.9212914e+01   1.0873510e+02   1.6139783e+02   2.0035624e+02   9.5166687e+01   1.0465075e+02
   8.0091276e+01   1.0918361e+02   1.6149784e+02   2.0086240e+02   9.6181495e+01   1.0522465e+02
   8.0690115e+01   1.0997354e+02   1.6127084e+02   2.0052443e+02   9.5083034e+01   1.0529885e+02
   8.0271052e+01   1.0880805e+02   1.6104164e+02   1.9953845e+02   9.4361809e+01   1.0483999e+02
   8.0483104e+01   1.0878877e+02   1.6130666e+02   1.9959566e+02   9.4844276e+01   1.0492860e+02
   8.0504061e+01   1.0971966e+02   1.6149032e+02   1.9957108e+02   9.4650087e+01   1.0453491e+02
   8.0834342e+01   1.0969782e+02   1.6127571e+02   1.9983875e+02   9.4895388e+01   1.0476447e+02
   8.0661641e+01   1.1002288e+02   1.6205556e+02   1.9960592e+02   9.5066940e+01   1.0479631e+02
   8.0831866e+01   1.0989466e+02   1.6210057e+02   1.9994708e+02   9.5628904e+01   1.0527479e+02
   8.0749362e+01   1.0985867e+02   1.6265422e+02   2.0041150e+02   9.6111371e+01   1.0547756e+02
   8.0805515e+01   1.1016428e+02   1.6344469e+02   2.0112300e+02   9.6228892e+01   1.0547606e+02
   8.1064080e+01   1.1023485e+02   1.6372713e+02   2.0083552e+02   9.5870756e+01   1.0547906e+02
   8.0976713e+01   1.1033327e+02   1.6353126e+02   2.0021086e+02   9.6195909e+01   1.0575540e+02
   8.0169712e+01   1.0927407e+02   1.6322432e+02   2.0067865e+02   9.6325103e+01   1.0611999e+02
   8.0484519e+01   1.1009203e+02   1.6416105e+02   2.0082084e+02   9.6537332e+01   1.0631622e+02
   8.0704087e+01   1.0992092e+02   1.6402416e+02   2.0124600e+02   9.6058933e+01   1.0589539e+02
   8.0772177e+01   1.0999706e+02   1.6312926e+02   2.0066538e+02   9.5713972e+01   1.0585276e+02
   8.0784822e+01   1.0998972e+02   1.6291040e+02   2.0053513e+02   9.5822563e+01   1.0556263e+02
   8.0945320e+01   1.1010892e+02   1.6271506e+02   2.0038807e+02   9.5784185e+01   1.0509228e+02
   8.0814800e+01   1.1008638e+02   1.6217671e+02   1.9958735e+02   9.5422158e+01   1.0467348e+02
   8.0557472e+01   1.1012652e+02   1.6134627e+02   2.0046200e+02   9.5717686e+01   1.0493328e+02
   7.9701748e+01   1.0879240e+02   1.6133425e+02   2.0042424e+02   9.5390589e+01   1.0477756e+02
   7.9674423e+01   1.0887773e+02   1.6160192e+02   2.0010094e+02   9.5412961e+01   1.0463678e+02
   7.9771518e+01   1.0888693e+02   1.6144744e+02   1.9970239e+02   9.5189679e+01   1.0448053e+02
   8.0134076e+01   1.0960877e+02   1.6167930e+02   2.0022731e+02   9.5446122e+01   1.0530159e+02
   8.0112676e+01   1.0900047e+02   1.6126262e+02   2.0000588e+02   9.5175795e+01   1.0471592e+02
   8.0211716e+01   1.0972320e+02   1.6143744e+02   2.0027064e+02   9.5039969e+01   1.0447451e+02
   8.0497694e+01   1.0985469e+02   1.6153701e+02   1.9932047e+02   9.4800504e+01   1.0381227e+02
   7.9950498e+01   1.0926753e+02   1.6143276e+02   1.9930367e+02   9.5319403e+01   1.0385719e+02
   8.0573036e+01   1.1020761e+02   1.6232712e+02   1.9977933e+02   9.5275985e+01   1.0468153e+02
   8.0088535e+01   1.0962230e+02   1.6045438e+02   2.0008573e+02   9.4767785e+01   1.0454313e+02
   7.9727215e+01   1.0935197e+02   1.6114731e+02   1.9998280e+02   9.5303928e+01   1.0478640e+02
   8.0098174e+01   1.0994082e+02   1.6185350e+02   2.0016408e+02   9.4948445e+01   1.0478782e+02
   8.0585062e+01   1.1023060e+02   1.6188940e+02   2.0029893e+02   9.5395275e+01   1.0501163e+02
   8.0283520e+01   1.0971073e+02   1.6237709e+02   2.0081571e+02   9.5883755e+01   1.0572976e+02
   8.0840709e+01   1.1004428e+02   1.6268774e+02   2.0039753e+02   9.5944683e+01   1.0577725e+02
   8.0275827e+01   1.0959542e+02   1.6330028e+02   2.0148087e+02   9.6426707e+01   1.0588522e+02
   8.0073414e+01   1.0938257e+02   1.6311255e+02   2.0094084e+02   9.5834147e+01   1.0557784e+02
   8.0270167e+01   1.1006020e+02   1.6322892e+02   2.0115625e+02   9.5896312e+01   1.0580289e+02
   8.0324639e+01   1.0963565e+02   1.6230944e+02   2.0078998e+02   9.6180080e+01   1.0519662e+02
   8.0102064e+01   1.0954837e+02   1.6227433e+02   2.0029460e+02   9.5547726e+01   1.0485635e+02
   8.0086413e+01   1.0936886e+02   1.6175243e+02   2.0021466e+02   9.5863063e+01   1.0443039e+02
   8.0402015e+01   1.0965431e+02   1.6192469e+02   2.0012084e+02   9.5621564e+01   1.0486811e+02
   8.0386982e+01   1.0999538e+02   1.6175428e+02   2.0025622e+02   9.5509083e+01   1.0461786e+02
   8.0631222e+01   1.1033999e+02   1.6219139e+02   2.0037640e+02   9.5808945e+01   1.0440722e+02
   8.0897127e+01   1.1099003e+02   1.6312811e+02   2.0113167e+02   9.6394785e+01   1.0524853e+02
   8.0319334e+01   1.1037828e+02   1.6291818e+02   2.0123769e+02   9.6370997e+01   1.0519087e+02
   8.0852205e+01   1.1046883e+02   1.6355646e+02   2.0192982e+02   9.6970544e+01   1.0593323e+02
   8.0478948e+01   1.1010716e+02   1.6275715e+02   2.0121886e+02   9.5923106e+01   1.0518389e+02
   8.0455426e+01   1.1022592e+02   1.6314589e+02   2.0102095e+02   9.6013303e+01   1.0545139e+02
   8.0079692e+01   1.0960674e+02   1.6202143e+02   2.0077433e+02   9.5423749e+01   1.0486006e+02
   8.0606815e+01   1.1021389e+02   1.6205901e+02   2.0157726e+02   9.5576466e+01   1.0445736e+02
   8.2337719e+01   1.1265921e+02   1.6103890e+02   2.0245146e+02   9.6080598e+01   1.0417987e+02
   8.0583205e+01   1.0961275e+02   1.6155903e+02   2.0238514e+02   9.5537115e+01   1.0441138e+02
   8.0272555e+01   1.0987928e+02   1.6153878e+02   2.0212932e+02   9.5903210e+01   1.0490543e+02
   8.0357004e+01   1.1023582e+02   1.6125166e+02   2.0128359e+02   9.5272713e+01   1.0503073e+02
   8.0068992e+01   1.0925355e+02   1.5907887e+02   2.0014914e+02   9.4089007e+01   1.0364346e+02
   8.0168740e+01   1.0917264e+02   1.5742269e+02   1.9948707e+02   9.3813198e+01   1.0340019e+02
   8.0160693e+01   1.0888790e+02   1.5717536e+02   1.9887647e+02   9.3372557e+01   1.0254146e+02
   8.0165379e+01   1.0903231e+02   1.5750449e+02   1.9890238e+02   9.3619362e+01   1.0289597e+02
   7.9761526e+01   1.0818498e+02   1.5785184e+02   1.9910488e+02   9.4182476e+01   1.0394500e+02
   8.0381145e+01   1.0917158e+02   1.5945646e+02   1.9962626e+02   9.5057389e+01   1.0463846e+02
   8.0739547e+01   1.0976617e+02   1.6035048e+02   1.9990834e+02   9.4253484e+01   1.0454393e+02
   8.0722480e+01   1.0960249e+02   1.6054989e+02   2.0048437e+02   9.4696512e+01   1.0470867e+02
   8.0295458e+01   1.0917521e+02   1.6116959e+02   2.0129526e+02   9.5684879e+01   1.0589848e+02
   8.0811086e+01   1.1013943e+02   1.6219342e+02   2.0138104e+02   9.5192597e+01   1.0597833e+02
   8.1035076e+01   1.0966943e+02   1.6161651e+02   2.0054963e+02   9.5228676e+01   1.0499554e+02
   8.0879795e+01   1.0983497e+02   1.6129392e+02   2.0089538e+02   9.5428436e+01   1.0449503e+02
   8.1042857e+01   1.0999918e+02   1.6034544e+02   2.0165030e+02   9.5958124e+01   1.0471849e+02
   8.0349134e+01   1.0897058e+02   1.6075362e+02   2.0124441e+02   9.5883225e+01   1.0448053e+02
   8.0812412e+01   1.1011034e+02   1.6220297e+02   2.0106402e+02   9.5846085e+01   1.0520653e+02
   8.0921887e+01   1.1019275e+02   1.6275291e+02   2.0050648e+02   9.5703449e+01   1.0468993e+02
   8.0954517e+01   1.1039694e+02   1.6258684e+02   2.0025737e+02   9.5474419e+01   1.0422665e+02
   8.1060631e+01   1.1014881e+02   1.6198119e+02   2.0012756e+02   9.5225404e+01   1.0439564e+02
   8.0614420e+01   1.0977891e+02   1.6182458e+02   2.0123283e+02   9.5637128e+01   1.0529540e+02
   8.1111743e+01   1.1021539e+02   1.6254289e+02   2.0141269e+02   9.5672853e+01   1.0540355e+02
   8.0998554e+01   1.1015137e+02   1.6348563e+02   2.0242264e+02   9.6244986e+01   1.0574161e+02
   8.1023668e+01   1.1009239e+02   1.6376816e+02   2.0192823e+02   9.6173713e+01   1.0529566e+02
   8.0983964e+01   1.1052312e+02   1.6340189e+02   2.0223596e+02   9.6160714e+01   1.0524340e+02
   8.0679415e+01   1.1006427e+02   1.6347060e+02   2.0182327e+02   9.6435992e+01   1.0486457e+02
   8.1193982e+01   1.1092397e+02   1.6392530e+02   2.0244510e+02   9.5207806e+01   1.0576778e+02
   8.1219449e+01   1.1000944e+02   1.6344575e+02   2.0277211e+02   9.6311131e+01   1.0569624e+02
   8.0932321e+01   1.0963106e+02   1.6333831e+02   2.0273161e+02   9.5949104e+01   1.0494681e+02
   8.0633609e+01   1.0965670e+02   1.6228839e+02   2.0180443e+02   9.5395806e+01   1.0417969e+02
   8.0236653e+01   1.0929476e+02   1.6143223e+02   2.0120250e+02   9.5558957e+01   1.0412080e+02
   8.0239660e+01   1.0954740e+02   1.6093888e+02   2.0098974e+02   9.4887252e+01   1.0409427e+02
   8.0212777e+01   1.0942033e+02   1.6217618e+02   2.0111999e+02   9.4982313e+01   1.0364125e+02
   8.0318803e+01   1.0997991e+02   1.6237399e+02   2.0115687e+02   9.5151124e+01   1.0380679e+02
   8.1086010e+01   1.1106758e+02   1.6315924e+02   2.0181725e+02   9.5925140e+01   1.0475377e+02
   7.9870028e+01   1.0942564e+02   1.6275105e+02   2.0141145e+02   9.5598750e+01   1.0501517e+02
   7.9978087e+01   1.0996399e+02   1.6291482e+02   2.0178834e+02   9.5042356e+01   1.0452094e+02
   8.0057408e+01   1.0960745e+02   1.6239044e+02   2.0177074e+02   9.5181897e+01   1.0446815e+02
   7.9921493e+01   1.0980393e+02   1.6251592e+02   2.0199703e+02   9.5372549e+01   1.0455047e+02
   7.9645419e+01   1.0912365e+02   1.6150058e+02   2.0142224e+02   9.5035901e+01   1.0445055e+02
   7.9917425e+01   1.1004057e+02   1.6184165e+02   2.0165552e+02   9.4723040e+01   1.0398462e+02
   7.8989985e+01   1.0888879e+02   1.6120850e+02   2.0157841e+02   9.5101692e+01   1.0386542e+02
   7.9673451e+01   1.0946286e+02   1.6090537e+02   2.0168072e+02   9.4495867e+01   1.0413353e+02
   7.9772579e+01   1.0965847e+02   1.6132823e+02   2.0167860e+02   9.4962859e+01   1.0415520e+02
   8.0142653e+01   1.0981048e+02   1.6199755e+02   2.0171432e+02   9.5528803e+01   1.0416793e+02
   8.0064305e+01   1.1021106e+02   1.6166895e+02   2.0190259e+02   9.5492458e+01   1.0432215e+02
   7.9660982e+01   1.0878815e+02   1.6070720e+02   2.0151032e+02   9.5145376e+01   1.0443278e+02
   7.9698122e+01   1.0978722e+02   1.6186942e+02   2.0209218e+02   9.5428171e+01   1.0427617e+02
   7.9736589e+01   1.0949576e+02   1.6131966e+02   2.0196343e+02   9.4875049e+01   1.0324306e+02
   8.0192262e+01   1.1012829e+02   1.6184846e+02   2.0238187e+02   9.5815754e+01   1.0378822e+02
   7.9916453e+01   1.0974044e+02   1.6142436e+02   2.0154436e+02   9.4852146e+01   1.0355441e+02
   7.9776647e+01   1.0937284e+02   1.6070287e+02   2.0058615e+02   9.4969668e+01   1.0384870e+02
   7.9616503e+01   1.0863367e+02   1.5997430e+02   2.0047376e+02   9.4780784e+01   1.0400531e+02
   7.9896202e+01   1.0950248e+02   1.6035216e+02   1.9980586e+02   9.4879029e+01   1.0349154e+02
   7.9734997e+01   1.0838987e+02   1.6019927e+02   1.9996503e+02   9.3836101e+01   1.0321494e+02
   8.0320660e+01   1.0880230e+02   1.5966241e+02   2.0018062e+02   9.4190965e+01   1.0396684e+02
   8.0018765e+01   1.0882264e+02   1.6006362e+02   2.0053972e+02   9.5106556e+01   1.0509413e+02
