   7.8667973e+01   8.6142497e+01   1.6282290e+02   2.1964377e+02   7.8116884e+01   1.5984080e+02
   7.8543024e+01   8.6118393e+01   1.6240452e+02   2.1913885e+02   7.8115294e+01   1.5884813e+02
   7.8588880e+01   8.6232884e+01   1.6408924e+02   2.1980922e+02   7.8299248e+01   1.5987084e+02
   7.9231310e+01   8.6269457e+01   1.6443731e+02   2.1948651e+02   7.8678037e+01   1.5959390e+02
   7.9042376e+01   8.6269206e+01   1.6433035e+02   2.1942692e+02   7.8550825e+01   1.5940200e+02
   7.8805364e+01   8.6567818e+01   1.6440885e+02   2.1975332e+02   7.8278325e+01   1.5978832e+02
   7.8532182e+01   8.6429224e+01   1.6410003e+02   2.1925184e+02   7.8344776e+01   1.5945765e+02
   7.8539913e+01   8.6333648e+01   1.6358742e+02   2.1868407e+02   7.8526304e+01   1.5893902e+02
   7.8729914e+01   8.6246442e+01   1.6375874e+02   2.1837734e+02   7.8741810e+01   1.5870184e+02
   7.9482986e+01   8.6423282e+01   1.6477551e+02   2.1927025e+02   7.8791857e+01   1.6000341e+02
   7.9106450e+01   8.6301343e+01   1.6428491e+02   2.1924096e+02   7.8492576e+01   1.5978531e+02
   7.8409454e+01   8.6289124e+01   1.6346322e+02   2.1845367e+02   7.8240497e+01   1.5930341e+02
   7.8743244e+01   8.6094290e+01   1.6359621e+02   2.1886501e+02   7.8456170e+01   1.5928492e+02
   7.8681125e+01   8.6176978e+01   1.6396244e+02   2.1895339e+02   7.8472490e+01   1.5888805e+02
   7.8826070e+01   8.6314567e+01   1.6418464e+02   2.1907809e+02   7.8565053e+01   1.5914908e+02
   7.8760396e+01   8.6165847e+01   1.6389089e+02   2.1896118e+02   7.8560450e+01   1.5929370e+02
   7.8825981e+01   8.6305026e+01   1.6440743e+02   2.1949814e+02   7.8800478e+01   1.5968387e+02
   7.8955996e+01   8.6525804e+01   1.6399717e+02   2.1934942e+02   7.8633094e+01   1.5942786e+02
   7.8192349e+01   8.6233972e+01   1.6341635e+02   2.1884752e+02   7.8271128e+01   1.5916758e+02
   7.8364220e+01   8.6138145e+01   1.6350724e+02   2.1955396e+02   7.8013274e+01   1.5939924e+02
   7.8624605e+01   8.6201667e+01   1.6351201e+02   2.1930180e+02   7.8226687e+01   1.5928843e+02
   7.8328584e+01   8.6008925e+01   1.6318570e+02   2.1899047e+02   7.8002394e+01   1.5898538e+02
   7.8822693e+01   8.6102659e+01   1.6358357e+02   2.1871253e+02   7.8495505e+01   1.5893065e+02
   7.8895387e+01   8.6356329e+01   1.6391198e+02   2.1898595e+02   7.8601208e+01   1.5904313e+02
   7.8908718e+01   8.6150113e+01   1.6422624e+02   2.2008030e+02   7.8673936e+01   1.5976104e+02
   7.8708230e+01   8.6174132e+01   1.6446367e+02   2.2027455e+02   7.8573506e+01   1.5959039e+02
   7.8874325e+01   8.6341097e+01   1.6412037e+02   2.1951923e+02   7.8031770e+01   1.5946201e+02
   7.8523028e+01   8.6249873e+01   1.6400521e+02   2.1911659e+02   7.8172623e+01   1.5864041e+02
   7.8616962e+01   8.6073535e+01   1.6392855e+02   2.1868098e+02   7.8505883e+01   1.5836104e+02
   7.8882946e+01   8.6164089e+01   1.6404622e+02   2.1848907e+02   7.8749091e+01   1.5854701e+02
   7.9270146e+01   8.6639960e+01   1.6486464e+02   2.1954124e+02   7.8854877e+01   1.5925613e+02
   7.9572387e+01   8.6291384e+01   1.6515145e+02   2.2024969e+02   7.8778718e+01   1.5986548e+02
   7.8955907e+01   8.5947579e+01   1.6399759e+02   2.1956091e+02   7.8549905e+01   1.5964789e+02
   7.9111160e+01   8.6077803e+01   1.6350130e+02   2.1930038e+02   7.8473243e+01   1.5940518e+02
   7.8844466e+01   8.6389220e+01   1.6402103e+02   2.1938198e+02   7.8425120e+01   1.5972112e+02
   7.8762707e+01   8.6284354e+01   1.6404362e+02   2.1921610e+02   7.8414826e+01   1.5924583e+02
   7.9018381e+01   8.6310382e+01   1.6434115e+02   2.1904328e+02   7.8641882e+01   1.5888361e+02
   7.8861884e+01   8.6270043e+01   1.6488673e+02   2.1918857e+02   7.8982507e+01   1.5930140e+02
   7.9300716e+01   8.6234306e+01   1.6532503e+02   2.1955915e+02   7.9003681e+01   1.5960504e+02
   7.9509024e+01   8.6347123e+01   1.6546488e+02   2.1983006e+02   7.8990625e+01   1.6005664e+02
   7.9586073e+01   8.6244349e+01   1.6451933e+02   2.1995535e+02   7.8692766e+01   1.5925420e+02
   7.9222512e+01   8.6363777e+01   1.6427152e+02   2.2017420e+02   7.8318079e+01   1.5936032e+02
   7.8749465e+01   8.6181915e+01   1.6430901e+02   2.2062271e+02   7.8417672e+01   1.5946636e+02
   7.8505077e+01   8.5941302e+01   1.6382862e+02   2.2021111e+02   7.8501112e+01   1.5875180e+02
   7.8659175e+01   8.5911926e+01   1.6330178e+02   2.1928875e+02   7.8244263e+01   1.5836648e+02
   7.8824026e+01   8.6179907e+01   1.6355838e+02   2.1956426e+02   7.8179485e+01   1.5882436e+02
   7.8760574e+01   8.6212379e+01   1.6336329e+02   2.1943487e+02   7.8057630e+01   1.5816311e+02
   7.8658819e+01   8.6050603e+01   1.6278992e+02   2.1870767e+02   7.8151867e+01   1.5756296e+02
   7.8621406e+01   8.5994697e+01   1.6184730e+02   2.1843141e+02   7.7762115e+01   1.5749308e+02
   7.7745607e+01   8.6059391e+01   1.6266246e+02   2.1890644e+02   7.7982475e+01   1.5865388e+02
   7.8763329e+01   8.6257489e+01   1.6400822e+02   2.1983751e+02   7.8284853e+01   1.5918507e+02
   7.8550311e+01   8.6109606e+01   1.6339752e+02   2.1969164e+02   7.8420936e+01   1.5859287e+02
   7.8077797e+01   8.5977791e+01   1.6321842e+02   2.1935863e+02   7.8470900e+01   1.5861421e+02
   7.8918049e+01   8.6133960e+01   1.6396202e+02   2.1986873e+02   7.8669333e+01   1.5912615e+02
   7.8667795e+01   8.6283768e+01   1.6415803e+02   2.1989861e+02   7.8556851e+01   1.5912147e+02
   7.8732403e+01   8.6330384e+01   1.6387047e+02   2.1963222e+02   7.8703646e+01   1.5872694e+02
   7.8870593e+01   8.6253388e+01   1.6380853e+02   2.1924506e+02   7.8580619e+01   1.5894144e+02
   7.8795055e+01   8.6203759e+01   1.6423385e+02   2.1937637e+02   7.8782902e+01   1.5906698e+02
   7.9335464e+01   8.6637951e+01   1.6505654e+02   2.2024609e+02   7.9026780e+01   1.5954478e+02
   7.9546882e+01   8.6762903e+01   1.6508257e+02   2.2019772e+02   7.8702642e+01   1.5955716e+02
   7.8977057e+01   8.6460107e+01   1.6439128e+02   2.1973055e+02   7.8891618e+01   1.5870317e+02
   7.9081478e+01   8.6377838e+01   1.6392378e+02   2.1934381e+02   7.8745074e+01   1.5850005e+02
   7.9098185e+01   8.6399430e+01   1.6428173e+02   2.2008733e+02   7.8829351e+01   1.5876343e+02
   7.9549904e+01   8.6638286e+01   1.6449347e+02   2.2027196e+02   7.8409052e+01   1.5884453e+02
   7.9084322e+01   8.6451068e+01   1.6401123e+02   2.1990078e+02   7.8247527e+01   1.5888110e+02
   7.8643801e+01   8.6265691e+01   1.6422155e+02   2.2033004e+02   7.8276735e+01   1.5946678e+02
   7.8785368e+01   8.6225937e+01   1.6331308e+02   2.1922322e+02   7.8265102e+01   1.5856885e+02
   7.8315787e+01   8.6052444e+01   1.6332078e+02   2.1863352e+02   7.8089684e+01   1.5787505e+02
   7.8490947e+01   8.6129441e+01   1.6401734e+02   2.1969005e+02   7.8305776e+01   1.5884788e+02
   7.9325866e+01   8.6103329e+01   1.6482229e+02   2.2039214e+02   7.8222503e+01   1.5888412e+02
   7.8540535e+01   8.5874934e+01   1.6347862e+02   2.1929142e+02   7.7878446e+01   1.5792183e+02
   7.8408210e+01   8.6155385e+01   1.6266857e+02   2.1898821e+02   7.8146343e+01   1.5814118e+02
   7.8753909e+01   8.6371728e+01   1.6317465e+02   2.1920196e+02   7.8450897e+01   1.5866124e+02
   7.8690368e+01   8.6302934e+01   1.6371915e+02   2.1886276e+02   7.8627571e+01   1.5881072e+02
   7.9168125e+01   8.6484544e+01   1.6410472e+02   2.1902236e+02   7.8616942e+01   1.5909343e+02
   7.9093475e+01   8.6337415e+01   1.6418188e+02   2.1929519e+02   7.8616523e+01   1.5903359e+02
   7.8985855e+01   8.6595520e+01   1.6422574e+02   2.1946266e+02   7.8710844e+01   1.5861890e+02
   7.8550666e+01   8.6609831e+01   1.6432491e+02   2.1967364e+02   7.8870611e+01   1.5843452e+02
   7.8897698e+01   8.6630252e+01   1.6417134e+02   2.2009520e+02   7.8616272e+01   1.5858760e+02
   7.8746266e+01   8.6363945e+01   1.6484748e+02   2.2001778e+02   7.8262926e+01   1.5899994e+02
   7.8598744e+01   8.6022148e+01   1.6437956e+02   2.1892293e+02   7.8644141e+01   1.5835820e+02
   7.8774082e+01   8.6196059e+01   1.6466855e+02   2.1846045e+02   7.8726578e+01   1.5819031e+02
   7.9059527e+01   8.6239914e+01   1.6470880e+02   2.1872768e+02   7.9030295e+01   1.5818420e+02
   7.9321601e+01   8.6379093e+01   1.6566088e+02   2.1936549e+02   7.9216927e+01   1.5881582e+02
   7.9330398e+01   8.6258577e+01   1.6544730e+02   2.1926397e+02   7.9125536e+01   1.5847880e+02
   7.9266235e+01   8.6099730e+01   1.6443781e+02   2.1874282e+02   7.9054398e+01   1.5813482e+02
   7.9364257e+01   8.6311386e+01   1.6460360e+02   2.1870341e+02   7.8817300e+01   1.5818035e+02
   7.9137110e+01   8.6205851e+01   1.6448736e+02   2.1875086e+02   7.8403863e+01   1.5827727e+02
   7.9129822e+01   8.6314316e+01   1.6428382e+02   2.1952425e+02   7.8039720e+01   1.5875992e+02
   7.9194430e+01   8.6000974e+01   1.6398186e+02   2.1945839e+02   7.8067171e+01   1.5876845e+02
   7.9311647e+01   8.6246191e+01   1.6348163e+02   2.2000389e+02   7.7479907e+01   1.5944937e+02
   7.8579104e+01   8.5946491e+01   1.6276046e+02   2.1941922e+02   7.7693906e+01   1.5919294e+02
   7.8293481e+01   8.6024324e+01   1.6265342e+02   2.1885020e+02   7.8347538e+01   1.5812461e+02
   7.9061571e+01   8.6429559e+01   1.6384084e+02   2.1969716e+02   7.8167183e+01   1.5880302e+02
   7.9196207e+01   8.6497684e+01   1.6450811e+02   2.2019429e+02   7.8404030e+01   1.5930843e+02
   7.9069481e+01   8.6024910e+01   1.6418657e+02   2.1916170e+02   7.8621712e+01   1.5883390e+02
   7.9126712e+01   8.6339674e+01   1.6434106e+02   2.1866323e+02   7.8664646e+01   1.5862894e+02
   7.9362658e+01   8.6216899e+01   1.6463675e+02   2.1813397e+02   7.8752606e+01   1.5834874e+02
   7.9188387e+01   8.6099228e+01   1.6410455e+02   2.1854021e+02   7.8522286e+01   1.5863413e+02
   7.9420778e+01   8.6074288e+01   1.6323483e+02   2.1855837e+02   7.8106841e+01   1.5829777e+02
   7.9209893e+01   8.5976703e+01   1.6298743e+02   2.1796156e+02   7.7721776e+01   1.5787797e+02
   7.8844910e+01   8.5835934e+01   1.6259300e+02   2.1772154e+02   7.7564519e+01   1.5737917e+02
   7.8809985e+01   8.5893681e+01   1.6288851e+02   2.1839609e+02   7.8204928e+01   1.5815198e+02
   7.9712622e+01   8.6199407e+01   1.6324361e+02   2.1976721e+02   7.7726211e+01   1.5918289e+02
   7.8929691e+01   8.5903306e+01   1.6277896e+02   2.1987953e+02   7.7604356e+01   1.5930626e+02
   7.8183284e+01   8.5700856e+01   1.6245365e+02   2.1894862e+02   7.7753997e+01   1.5872544e+02
   7.8744133e+01   8.5880458e+01   1.6319440e+02   2.1896436e+02   7.8290042e+01   1.5887349e+02
   7.9327821e+01   8.6323020e+01   1.6471734e+02   2.1946559e+02   7.8657616e+01   1.5926491e+02
   7.9904933e+01   8.6338921e+01   1.6492322e+02   2.2026325e+02   7.8664562e+01   1.5993972e+02
   7.9163592e+01   8.6344947e+01   1.6421695e+02   2.1912940e+02   7.8353229e+01   1.5930015e+02
   7.9097208e+01   8.6135048e+01   1.6408982e+02   2.1855201e+02   7.8391895e+01   1.5878921e+02
   7.9440773e+01   8.6277240e+01   1.6407568e+02   2.1814192e+02   7.8669918e+01   1.5855722e+02
   7.9388518e+01   8.6127014e+01   1.6347636e+02   2.1817874e+02   7.8302512e+01   1.5873372e+02
   7.9187231e+01   8.5972603e+01   1.6331994e+02   2.1815389e+02   7.8168271e+01   1.5873632e+02
   7.9009939e+01   8.5833089e+01   1.6320846e+02   2.1791855e+02   7.8425204e+01   1.5845017e+02
   7.9149551e+01   8.5964233e+01   1.6380920e+02   2.1778213e+02   7.8698625e+01   1.5862618e+02
   7.9575231e+01   8.6108434e+01   1.6421318e+02   2.1777912e+02   7.8544465e+01   1.5883131e+02
   7.9623220e+01   8.6153042e+01   1.6448694e+02   2.1745263e+02   7.8796293e+01   1.5868828e+02
   7.9903156e+01   8.6245186e+01   1.6483961e+02   2.1777351e+02   7.9356274e+01   1.5824371e+02
   8.0046234e+01   8.6225686e+01   1.6514392e+02   2.1829298e+02   7.9042849e+01   1.5888771e+02
   7.9952211e+01   8.6369636e+01   1.6525288e+02   2.1909215e+02   7.8770851e+01   1.5920256e+02
   7.9831972e+01   8.6440774e+01   1.6521137e+02   2.1940441e+02   7.8657700e+01   1.5929529e+02
   7.9870808e+01   8.6146514e+01   1.6458025e+02   2.1897557e+02   7.8638534e+01   1.5922859e+02
   7.9495605e+01   8.6124587e+01   1.6419737e+02   2.1892100e+02   7.8153290e+01   1.5915603e+02
   7.9529553e+01   8.6105421e+01   1.6450292e+02   2.1895775e+02   7.8316489e+01   1.5908246e+02
   7.9547149e+01   8.6217568e+01   1.6471199e+02   2.1973340e+02   7.8514419e+01   1.5909251e+02
   8.0046767e+01   8.6569240e+01   1.6510584e+02   2.1996046e+02   7.8587231e+01   1.5931940e+02
   8.0166740e+01   8.6713943e+01   1.6548295e+02   2.2065217e+02   7.8778048e+01   1.5962069e+02
   8.0163452e+01   8.6564135e+01   1.6542663e+02   2.2043532e+02   7.8344860e+01   1.6007103e+02
   7.9209982e+01   8.6018466e+01   1.6433947e+02   2.1923928e+02   7.8108347e+01   1.5906698e+02
   7.8655354e+01   8.5921048e+01   1.6375623e+02   2.1880392e+02   7.8131195e+01   1.5903409e+02
   7.8348313e+01   8.5785719e+01   1.6338171e+02   2.1835140e+02   7.7964565e+01   1.5875791e+02
   7.8139650e+01   8.5860456e+01   1.6205787e+02   2.1746176e+02   7.8187436e+01   1.5758388e+02
   7.8162400e+01   8.5922806e+01   1.6239398e+02   2.1752201e+02   7.8237065e+01   1.5791354e+02
   7.8256690e+01   8.5895522e+01   1.6260722e+02   2.1763902e+02   7.7433039e+01   1.5805289e+02
   7.8413454e+01   8.6026165e+01   1.6276239e+02   2.1723211e+02   7.8140067e+01   1.5734268e+02
   7.8305301e+01   8.5957203e+01   1.6325449e+02   2.1712958e+02   7.8362686e+01   1.5781286e+02
   7.8976880e+01   8.6054955e+01   1.6333534e+02   2.1763115e+02   7.8222587e+01   1.5804251e+02
   7.8545246e+01   8.5826393e+01   1.6289663e+02   2.1815129e+02   7.8091860e+01   1.5839151e+02
   7.8276152e+01   8.5717678e+01   1.6287211e+02   2.1725412e+02   7.8359506e+01   1.5779052e+02
   7.8880457e+01   8.6086842e+01   1.6297848e+02   2.1774857e+02   7.8567229e+01   1.5783404e+02
   7.9164303e+01   8.6484210e+01   1.6416782e+02   2.1843710e+02   7.8408968e+01   1.5857270e+02
   7.9235309e+01   8.6267867e+01   1.6415711e+02   2.1904135e+02   7.8277739e+01   1.5850273e+02
   7.8592879e+01   8.6027504e+01   1.6308385e+02   2.1811154e+02   7.7755169e+01   1.5832840e+02
   7.8693567e+01   8.6161411e+01   1.6333141e+02   2.1790323e+02   7.8153122e+01   1.5864735e+02
   7.8702720e+01   8.6236231e+01   1.6392796e+02   2.1779619e+02   7.8449475e+01   1.5863279e+02
   7.9130800e+01   8.6243847e+01   1.6529414e+02   2.1937194e+02   7.8842742e+01   1.5914699e+02
   7.8983723e+01   8.6199742e+01   1.6453104e+02   2.1855787e+02   7.8455668e+01   1.5892755e+02
   7.8872637e+01   8.6248032e+01   1.6399491e+02   2.1855711e+02   7.8486550e+01   1.5898003e+02
   7.8771505e+01   8.6312474e+01   1.6420816e+02   2.1926121e+02   7.8470900e+01   1.5922256e+02
   7.8743244e+01   8.6091361e+01   1.6397516e+02   2.1896804e+02   7.7906818e+01   1.5879641e+02
   7.8622472e+01   8.6124587e+01   1.6393708e+02   2.1867704e+02   7.7817854e+01   1.5898639e+02
   7.8597145e+01   8.5997794e+01   1.6392980e+02   2.1843994e+02   7.8015952e+01   1.5891048e+02
   7.8551022e+01   8.6128185e+01   1.6482781e+02   2.1906613e+02   7.8596354e+01   1.5941129e+02
   7.9003896e+01   8.6020390e+01   1.6502558e+02   2.1902495e+02   7.8877055e+01   1.5904748e+02
   7.9027002e+01   8.5994865e+01   1.6451263e+02   2.1862524e+02   7.8612004e+01   1.5899568e+02
   7.9408603e+01   8.6293811e+01   1.6385741e+02   2.1929988e+02   7.8147766e+01   1.5973551e+02
   7.8805808e+01   8.6187690e+01   1.6355193e+02   2.1860741e+02   7.8127345e+01   1.5930023e+02
   7.8494057e+01   8.6224012e+01   1.6337744e+02   2.1882242e+02   7.8161157e+01   1.5871096e+02
   7.8343781e+01   8.6033865e+01   1.6349754e+02   2.1855778e+02   7.7762533e+01   1.5868685e+02
   7.8885434e+01   8.5935360e+01   1.6321290e+02   2.1787000e+02   7.7844468e+01   1.5829476e+02
   7.8759863e+01   8.6092365e+01   1.6336480e+02   2.1738878e+02   7.8429054e+01   1.5823592e+02
   7.8929424e+01   8.6046251e+01   1.6373363e+02   2.1762244e+02   7.8387375e+01   1.5836146e+02
   7.9127689e+01   8.6295820e+01   1.6450075e+02   2.1868240e+02   7.8353815e+01   1.5903367e+02
   7.9209804e+01   8.6539111e+01   1.6542219e+02   2.1977407e+02   7.8456337e+01   1.5922775e+02
   7.8753020e+01   8.6412988e+01   1.6409551e+02   2.1976194e+02   7.8132451e+01   1.5877389e+02
   7.8317209e+01   8.6395664e+01   1.6318285e+02   2.1895607e+02   7.8129354e+01   1.5846850e+02
   7.8439403e+01   8.6361099e+01   1.6397910e+02   2.1934967e+02   7.8011767e+01   1.5907686e+02
   7.9348705e+01   8.6339758e+01   1.6395935e+02   2.1891757e+02   7.7946990e+01   1.5845135e+02
   7.9237353e+01   8.6383780e+01   1.6384394e+02   2.1852707e+02   7.8155633e+01   1.5833543e+02
   7.8970392e+01   8.6564219e+01   1.6350088e+02   2.1882083e+02   7.7827897e+01   1.5878795e+02
   7.8438337e+01   8.5937452e+01   1.6238971e+02   2.1877496e+02   7.7394374e+01   1.5885767e+02
   7.8343958e+01   8.5948332e+01   1.6192011e+02   2.1866650e+02   7.7548785e+01   1.5899040e+02
   7.8370263e+01   8.6124503e+01   1.6225881e+02   2.1906964e+02   7.7871835e+01   1.5937246e+02
   7.8575372e+01   8.6023403e+01   1.6279720e+02   2.1938198e+02   7.7961720e+01   1.5914172e+02
   7.8335338e+01   8.6028676e+01   1.6254697e+02   2.1909140e+02   7.7436722e+01   1.5850633e+02
   7.8051403e+01   8.5903222e+01   1.6206206e+02   2.1932473e+02   7.7318968e+01   1.5865262e+02
   7.8740312e+01   8.6140404e+01   1.6288449e+02   2.1998858e+02   7.7409857e+01   1.5951130e+02
   7.8620428e+01   8.6085419e+01   1.6364358e+02   2.1959564e+02   7.7668966e+01   1.5941497e+02
   7.8746977e+01   8.6255899e+01   1.6406831e+02   2.1868374e+02   7.8204091e+01   1.5898070e+02
   7.8677926e+01   8.6381269e+01   1.6436525e+02   2.1887171e+02   7.8581959e+01   1.5861789e+02
   7.8775770e+01   8.6415834e+01   1.6481961e+02   2.1915668e+02   7.8441942e+01   1.5918524e+02
   7.9015893e+01   8.6453746e+01   1.6406965e+02   2.1889632e+02   7.8000804e+01   1.5947289e+02
   7.8057624e+01   8.5534477e+01   1.6196405e+02   2.1820988e+02   7.7507692e+01   1.5902229e+02
   7.7712015e+01   8.5659428e+01   1.6126565e+02   2.1815046e+02   7.7121957e+01   1.5915980e+02
   7.7652295e+01   8.5230090e+01   1.6081873e+02   2.1851970e+02   7.7252851e+01   1.5984866e+02
   7.8761907e+01   8.6189448e+01   1.6092879e+02   2.1931218e+02   7.7378221e+01   1.6005873e+02
   7.9828951e+01   8.6345700e+01   1.6243842e+02   2.1967975e+02   7.7879032e+01   1.5987670e+02
   8.0031926e+01   8.6495341e+01   1.6259433e+02   2.1888661e+02   7.8130358e+01   1.5874661e+02
   7.9615844e+01   8.6300423e+01   1.6283846e+02   2.1916153e+02   7.8252548e+01   1.5937488e+02
   8.0164696e+01   8.6122578e+01   1.6276515e+02   2.1915509e+02   7.8300838e+01   1.5921955e+02
   7.9869741e+01   8.6243596e+01   1.6298158e+02   2.1934976e+02   7.7998711e+01   1.5898655e+02
   8.0048011e+01   8.6223761e+01   1.6276992e+02   2.1962360e+02   7.8156889e+01   1.5924876e+02
   7.9563945e+01   8.6092198e+01   1.6213880e+02   2.1903390e+02   7.8068678e+01   1.5869999e+02
   7.9519333e+01   8.5980637e+01   1.6231606e+02   2.1858013e+02   7.8101317e+01   1.5844783e+02
   7.9478720e+01   8.6140572e+01   1.6251299e+02   2.1781510e+02   7.7924226e+01   1.5904162e+02
   7.8818872e+01   8.5879956e+01   1.6207829e+02   2.1770831e+02   7.7932930e+01   1.5851420e+02
   7.9658590e+01   8.5955613e+01   1.6254169e+02   2.1844162e+02   7.8097384e+01   1.5887248e+02
   7.9483874e+01   8.6182669e+01   1.6301857e+02   2.1905140e+02   7.8203003e+01   1.5883273e+02
   7.9643393e+01   8.6268955e+01   1.6336221e+02   2.1950994e+02   7.8096631e+01   1.5950862e+02
   8.0214906e+01   8.6358589e+01   1.6391181e+02   2.1972880e+02   7.8498518e+01   1.5897685e+02
   7.9709334e+01   8.6439100e+01   1.6460436e+02   2.2032326e+02   7.8680380e+01   1.5904489e+02
   8.0289734e+01   8.6451737e+01   1.6447664e+02   2.2100652e+02   7.8395996e+01   1.5990507e+02
   7.9864143e+01   8.6497851e+01   1.6384050e+02   2.2052889e+02   7.8248698e+01   1.5971727e+02
   7.9753946e+01   8.6296991e+01   1.6408790e+02   2.1988363e+02   7.8546306e+01   1.5938685e+02
   7.9610779e+01   8.6542375e+01   1.6439454e+02   2.1931628e+02   7.8490316e+01   1.5861287e+02
   7.9423177e+01   8.6544049e+01   1.6411309e+02   2.1942910e+02   7.8366285e+01   1.5882854e+02
   7.9920663e+01   8.6504128e+01   1.6406455e+02   2.1930615e+02   7.8189528e+01   1.5949691e+02
   7.9478009e+01   8.5892928e+01   1.6302200e+02   2.1874776e+02   7.8177226e+01   1.5938819e+02
   7.9705068e+01   8.5901297e+01   1.6304594e+02   2.1852372e+02   7.8467552e+01   1.5922508e+02
   7.9320179e+01   8.5736090e+01   1.6285805e+02   2.1807823e+02   7.7621346e+01   1.5903526e+02
   7.8862861e+01   8.5893598e+01   1.6246830e+02   2.1800617e+02   7.7902801e+01   1.5779361e+02
   7.8975724e+01   8.6063826e+01   1.6273904e+02   2.1827666e+02   7.7978625e+01   1.5811976e+02
   7.8909162e+01   8.5963480e+01   1.6261609e+02   2.1832102e+02   7.7948664e+01   1.5828957e+02
   7.8954840e+01   8.6253304e+01   1.6236904e+02   2.1853945e+02   7.7958707e+01   1.5843729e+02
   7.9528664e+01   8.6163336e+01   1.6316905e+02   2.1914572e+02   7.8168020e+01   1.5861848e+02
   7.9129645e+01   8.6171705e+01   1.6273259e+02   2.1926732e+02   7.7979295e+01   1.5862718e+02
   7.8933156e+01   8.6308457e+01   1.6266723e+02   2.1897030e+02   7.7677586e+01   1.5883675e+02
   7.9193274e+01   8.6432070e+01   1.6314603e+02   2.1943429e+02   7.8239911e+01   1.5855437e+02
   7.9400160e+01   8.6427467e+01   1.6375405e+02   2.2038569e+02   7.8031351e+01   1.5892563e+02
   7.9443350e+01   8.6445795e+01   1.6211311e+02   2.2012240e+02   7.7596405e+01   1.5852374e+02
   7.9106450e+01   8.6425207e+01   1.6208817e+02   2.1962192e+02   7.7422745e+01   1.5895651e+02
   7.8948708e+01   8.6237236e+01   1.6202264e+02   2.1967130e+02   7.7669217e+01   1.5969082e+02
   7.9076501e+01   8.6127683e+01   1.6177324e+02   2.1903851e+02   7.7705790e+01   1.5902087e+02
   7.8666462e+01   8.5883304e+01   1.6247533e+02   2.1897448e+02   7.7813920e+01   1.5903727e+02
   7.8405189e+01   8.5924982e+01   1.6176671e+02   2.1831248e+02   7.7684449e+01   1.5842172e+02
   7.8587636e+01   8.6007251e+01   1.6215110e+02   2.1861185e+02   7.7897026e+01   1.5877239e+02
   7.8594745e+01   8.5981809e+01   1.6249072e+02   2.1889640e+02   7.8004486e+01   1.5881072e+02
   7.9550526e+01   8.6151954e+01   1.6334731e+02   2.1952275e+02   7.8166597e+01   1.5939815e+02
   7.9444328e+01   8.6119063e+01   1.6385071e+02   2.1976353e+02   7.8340257e+01   1.5984297e+02
   7.9172835e+01   8.6020307e+01   1.6342707e+02   2.1910278e+02   7.8385451e+01   1.5919294e+02
   7.9501470e+01   8.6265691e+01   1.6315515e+02   2.1860733e+02   7.8350133e+01   1.5902823e+02
   7.9303560e+01   8.6258661e+01   1.6306225e+02   2.1899993e+02   7.7907990e+01   1.5889131e+02
   7.9379809e+01   8.5846312e+01   1.6199092e+02   2.1883765e+02   7.7631389e+01   1.5898245e+02
   7.9098452e+01   8.6082573e+01   1.6231891e+02   2.1836538e+02   7.8083909e+01   1.5883407e+02
   7.9423977e+01   8.6203508e+01   1.6295488e+02   2.1820025e+02   7.8179820e+01   1.5919737e+02
   7.9982693e+01   8.6330803e+01   1.6301664e+02   2.1854054e+02   7.8036373e+01   1.5921587e+02
   7.9451437e+01   8.6112702e+01   1.6246260e+02   2.1862842e+02   7.7803124e+01   1.5851696e+02
   7.9173635e+01   8.6308792e+01   1.6261132e+02   2.1856130e+02   7.8133120e+01   1.5842482e+02
   7.9202161e+01   8.6246107e+01   1.6341912e+02   2.1872818e+02   7.8297909e+01   1.5859580e+02
   7.9138709e+01   8.6387127e+01   1.6383021e+02   2.1921543e+02   7.8492827e+01   1.5850675e+02
   7.9494627e+01   8.6520113e+01   1.6450535e+02   2.1974344e+02   7.8617528e+01   1.5876561e+02
   7.9360081e+01   8.6212798e+01   1.6435922e+02   2.1972085e+02   7.8816714e+01   1.5925922e+02
   7.9408425e+01   8.5998631e+01   1.6405492e+02   2.1957941e+02   7.8627487e+01   1.5900438e+02
   7.9803090e+01   8.6561373e+01   1.6355922e+02   2.1960619e+02   7.7628459e+01   1.5911887e+02
   7.9385675e+01   8.6228699e+01   1.6327701e+02   2.1906947e+02   7.7411782e+01   1.5939957e+02
   7.9153995e+01   8.6046502e+01   1.6303246e+02   2.1845082e+02   7.7818188e+01   1.5939271e+02
   7.8704498e+01   8.5742702e+01   1.6238628e+02   2.1775853e+02   7.7914266e+01   1.5897484e+02
   7.8555821e+01   8.5870666e+01   1.6254203e+02   2.1819079e+02   7.8024572e+01   1.5893550e+02
   7.8786079e+01   8.6309629e+01   1.6293337e+02   2.1860088e+02   7.8054952e+01   1.5849754e+02
   7.9509824e+01   8.6329296e+01   1.6384494e+02   2.1864717e+02   7.8233550e+01   1.5880946e+02
   7.9427532e+01   8.6114041e+01   1.6356574e+02   2.1796449e+02   7.8087341e+01   1.5861806e+02
   7.9038288e+01   8.6045916e+01   1.6149320e+02   2.1794734e+02   7.7530959e+01   1.5776817e+02
   7.8876992e+01   8.5865393e+01   1.6162175e+02   2.1876107e+02   7.7849238e+01   1.5844733e+02
   7.8907473e+01   8.6139233e+01   1.6302133e+02   2.1907374e+02   7.8085332e+01   1.5850976e+02
   7.9282854e+01   8.6393153e+01   1.6339393e+02   2.1928372e+02   7.8155717e+01   1.5865589e+02
   8.0459295e+01   8.6330468e+01   1.6466202e+02   2.1980805e+02   7.8534673e+01   1.5937221e+02
   8.0788730e+01   8.6426044e+01   1.6525046e+02   2.1965565e+02   7.8759301e+01   1.5921930e+02
   8.0139368e+01   8.6173463e+01   1.6448376e+02   2.1845836e+02   7.8534254e+01   1.5926475e+02
   7.9618954e+01   8.6045080e+01   1.6405208e+02   2.1867520e+02   7.8575263e+01   1.5879289e+02
   7.9853834e+01   8.6257991e+01   1.6371195e+02   2.1838178e+02   7.8674605e+01   1.5865915e+02
   8.0171094e+01   8.6280086e+01   1.6456419e+02   2.1889724e+02   7.8825669e+01   1.5910699e+02
   7.9925551e+01   8.5933267e+01   1.6424473e+02   2.1884526e+02   7.8272467e+01   1.5907627e+02
   7.9506091e+01   8.5825305e+01   1.6388294e+02   2.1766739e+02   7.8394657e+01   1.5892035e+02
   7.9553547e+01   8.6237821e+01   1.6305681e+02   2.1875488e+02   7.7979964e+01   1.5927922e+02
   7.9032511e+01   8.6006749e+01   1.6272171e+02   2.1905977e+02   7.7526774e+01   1.5935764e+02
   7.9433930e+01   8.6158147e+01   1.6313557e+02   2.1975734e+02   7.7985823e+01   1.5909117e+02
   7.9658057e+01   8.6190870e+01   1.6370718e+02   2.1948073e+02   7.8142243e+01   1.5883407e+02
   7.9732795e+01   8.6281090e+01   1.6441639e+02   2.1888142e+02   7.8584971e+01   1.5831752e+02
   7.9819086e+01   8.6477682e+01   1.6499612e+02   2.1904629e+02   7.8517516e+01   1.5883340e+02
   8.0385889e+01   8.6548066e+01   1.6498365e+02   2.1943788e+02   7.8490735e+01   1.5943196e+02
   8.0358162e+01   8.6434497e+01   1.6418381e+02   2.1926029e+02   7.7867483e+01   1.5933044e+02
   7.9586251e+01   8.6030015e+01   1.6213361e+02   2.1814041e+02   7.7129741e+01   1.5826522e+02
   7.8775415e+01   8.5934439e+01   1.6157246e+02   2.1822076e+02   7.6968216e+01   1.5828622e+02
   7.9101118e+01   8.5680016e+01   1.6184563e+02   2.1854297e+02   7.7242808e+01   1.5873397e+02
   7.9522976e+01   8.6205265e+01   1.6222668e+02   2.1895231e+02   7.7427265e+01   1.5913285e+02
   7.9471522e+01   8.6215392e+01   1.6296936e+02   2.1866884e+02   7.7515978e+01   1.5875950e+02
   7.9104939e+01   8.6099144e+01   1.6270238e+02   2.1871814e+02   7.7511626e+01   1.5902246e+02
   7.9331109e+01   8.6059140e+01   1.6249114e+02   2.1800918e+02   7.7703029e+01   1.5884486e+02
   7.9231221e+01   8.5919207e+01   1.6286792e+02   2.1828110e+02   7.7766300e+01   1.5901451e+02
   7.9222512e+01   8.5731654e+01   1.6201259e+02   2.1755783e+02   7.7409438e+01   1.5817374e+02
   7.9132933e+01   8.5832419e+01   1.6122263e+02   2.1775861e+02   7.7831328e+01   1.5767201e+02
   7.9105828e+01   8.5576239e+01   1.6272121e+02   2.1884777e+02   7.8002059e+01   1.5873263e+02
   7.9884138e+01   8.6207274e+01   1.6387674e+02   2.1987141e+02   7.7753662e+01   1.5985896e+02
   7.9826729e+01   8.5944231e+01   1.6361161e+02   2.1936566e+02   7.7856268e+01   1.5956110e+02
   7.9556213e+01   8.5895355e+01   1.6333467e+02   2.1891808e+02   7.8300671e+01   1.5874209e+02
   7.9335908e+01   8.6035539e+01   1.6346992e+02   2.1857845e+02   7.7982726e+01   1.5867556e+02
   7.9227044e+01   8.6090775e+01   1.6411928e+02   2.1955940e+02   7.8319836e+01   1.5909150e+02
   8.0428457e+01   8.6536601e+01   1.6496432e+02   2.2026585e+02   7.8255477e+01   1.5966329e+02
   7.9840148e+01   8.6326953e+01   1.6421435e+02   2.2017353e+02   7.8382856e+01   1.5942694e+02
   7.9845302e+01   8.6437677e+01   1.6388218e+02   2.1974487e+02   7.8176640e+01   1.5934199e+02
   7.9465301e+01   8.6298582e+01   1.6368785e+02   2.1945337e+02   7.8035117e+01   1.5899166e+02
   7.9316446e+01   8.6157143e+01   1.6414071e+02   2.1930030e+02   7.8393569e+01   1.5862660e+02
   7.9433308e+01   8.6423366e+01   1.6396579e+02   2.1901675e+02   7.8336324e+01   1.5893634e+02
   8.0077516e+01   8.6356413e+01   1.6455314e+02   2.1948358e+02   7.8339922e+01   1.5949908e+02
   8.0091468e+01   8.6175387e+01   1.6492121e+02   2.1956317e+02   7.8369214e+01   1.5985251e+02
   7.9564567e+01   8.6102576e+01   1.6428558e+02   2.1911257e+02   7.8234220e+01   1.5900296e+02
   7.9787271e+01   8.6089436e+01   1.6340983e+02   2.1869746e+02   7.7997289e+01   1.5878519e+02
   7.9806289e+01   8.6312809e+01   1.6359545e+02   2.1906320e+02   7.8183251e+01   1.5912147e+02
   7.9776074e+01   8.6140655e+01   1.6438676e+02   2.1998372e+02   7.8213046e+01   1.5923805e+02
   7.9493916e+01   8.6068346e+01   1.6436483e+02   2.1986496e+02   7.8340006e+01   1.5946142e+02
   7.9293074e+01   8.5725545e+01   1.6365580e+02   2.1938608e+02   7.8230705e+01   1.5874803e+02
   7.9237087e+01   8.5909750e+01   1.6305598e+02   2.1906244e+02   7.8159148e+01   1.5859680e+02
   7.8775504e+01   8.5786305e+01   1.6325475e+02   2.1921451e+02   7.8390807e+01   1.5866501e+02
   7.9146885e+01   8.5970929e+01   1.6323960e+02   2.1904202e+02   7.8244597e+01   1.5885625e+02
   7.8998386e+01   8.6135467e+01   1.6230660e+02   2.1933118e+02   7.7493799e+01   1.5906757e+02
   7.8580793e+01   8.6049348e+01   1.6228175e+02   2.2021421e+02   7.7333363e+01   1.5990072e+02
   7.8870504e+01   8.5971598e+01   1.6215897e+02   2.1972336e+02   7.7754164e+01   1.5874268e+02
   7.9163770e+01   8.6037715e+01   1.6317382e+02   2.1918338e+02   7.8166932e+01   1.5845913e+02
   7.8934756e+01   8.6293727e+01   1.6337175e+02   2.1963422e+02   7.8012102e+01   1.5873305e+02
   7.8885967e+01   8.6342687e+01   1.6379707e+02   2.2002423e+02   7.7998042e+01   1.5883532e+02
   7.9203761e+01   8.6324442e+01   1.6403291e+02   2.1976746e+02   7.8172706e+01   1.5830781e+02
   7.9940125e+01   8.6363275e+01   1.6434952e+02   2.1962611e+02   7.8017793e+01   1.5889801e+02
   8.0096800e+01   8.6114041e+01   1.6394353e+02   2.1967339e+02   7.7881208e+01   1.5937321e+02
   7.9377588e+01   8.5780949e+01   1.6256513e+02   2.1927594e+02   7.7787474e+01   1.5945021e+02
   7.9018648e+01   8.5799277e+01   1.6164552e+02   2.1890251e+02   7.7813753e+01   1.5932166e+02
   7.8930490e+01   8.5982729e+01   1.6176185e+02   2.1952961e+02   7.7600088e+01   1.5905225e+02
   7.8853708e+01   8.6072112e+01   1.6245198e+02   2.1925602e+02   7.7893092e+01   1.5873012e+02
   7.9048241e+01   8.5816434e+01   1.6257651e+02   2.1804525e+02   7.8045160e+01   1.5788860e+02
   7.9230510e+01   8.6041983e+01   1.6262480e+02   2.1757265e+02   7.7724370e+01   1.5751802e+02
   7.9412691e+01   8.6179237e+01   1.6287386e+02   2.1796273e+02   7.7808396e+01   1.5823484e+02
   7.9419711e+01   8.6229452e+01   1.6362634e+02   2.1831307e+02   7.8123328e+01   1.5844088e+02
   7.9533552e+01   8.6116301e+01   1.6384938e+02   2.1863754e+02   7.8253636e+01   1.5831150e+02
   7.9700358e+01   8.6190285e+01   1.6421712e+02   2.1895833e+02   7.8491069e+01   1.5900405e+02
   8.0786331e+01   8.6386123e+01   1.6460185e+02   2.1957681e+02   7.8002645e+01   1.5988507e+02
   8.0575801e+01   8.6158733e+01   1.6449773e+02   2.1996255e+02   7.7972934e+01   1.5971969e+02
   7.9970874e+01   8.5848571e+01   1.6312846e+02   2.1834110e+02   7.8210953e+01   1.5880151e+02
   7.9426999e+01   8.5895439e+01   1.6331751e+02   2.1845886e+02   7.8317577e+01   1.5841092e+02
   7.9432775e+01   8.5752326e+01   1.6410572e+02   2.1877957e+02   7.8025074e+01   1.5938108e+02
   7.9624198e+01   8.5912261e+01   1.6388812e+02   2.1930866e+02   7.7897361e+01   1.6022661e+02
   7.9419445e+01   8.5855183e+01   1.6371296e+02   2.1903407e+02   7.8431397e+01   1.5947891e+02
   7.9443261e+01   8.6020725e+01   1.6391315e+02   2.1902997e+02   7.8638367e+01   1.5917335e+02
   7.9714755e+01   8.6152791e+01   1.6415226e+02   2.1896846e+02   7.8666152e+01   1.5861823e+02
   8.0341455e+01   8.6471154e+01   1.6460235e+02   2.1960954e+02   7.8817802e+01   1.5844825e+02
   8.0342877e+01   8.6499860e+01   1.6477969e+02   2.1916354e+02   7.8667743e+01   1.5848407e+02
   8.0196422e+01   8.6199742e+01   1.6496080e+02   2.1920865e+02   7.8607819e+01   1.5880578e+02
   7.9904311e+01   8.5875436e+01   1.6460001e+02   2.1946266e+02   7.8044072e+01   1.5913301e+02
   7.9872941e+01   8.5797854e+01   1.6358056e+02   2.1900796e+02   7.7450196e+01   1.5841502e+02
   7.9204205e+01   8.5936699e+01   1.6337911e+02   2.1834855e+02   7.8023986e+01   1.5792049e+02
   7.9889292e+01   8.5980135e+01   1.6344891e+02   2.1853468e+02   7.8196893e+01   1.5816780e+02
   8.0164429e+01   8.5855518e+01   1.6317850e+02   2.1913007e+02   7.7730480e+01   1.5861706e+02
   7.9578430e+01   8.5893263e+01   1.6287395e+02   2.1922556e+02   7.7921966e+01   1.5838448e+02
   7.8938755e+01   8.5875436e+01   1.6275000e+02   2.1954342e+02   7.7760106e+01   1.5841176e+02
   7.9288453e+01   8.6069517e+01   1.6297245e+02   2.1915643e+02   7.7769229e+01   1.5846976e+02
   7.9276544e+01   8.5935946e+01   1.6270908e+02   2.1871738e+02   7.7929415e+01   1.5840029e+02
   7.9301872e+01   8.5883722e+01   1.6320210e+02   2.1871211e+02   7.8016538e+01   1.5893098e+02
   7.8939555e+01   8.6163001e+01   1.6340916e+02   2.1924464e+02   7.8162496e+01   1.5864819e+02
   7.9525376e+01   8.6160825e+01   1.6375179e+02   2.1957531e+02   7.8325109e+01   1.5931103e+02
   7.9804867e+01   8.6245688e+01   1.6429336e+02   2.2001762e+02   7.8405537e+01   1.5911008e+02
   7.9651925e+01   8.6322517e+01   1.6468010e+02   2.1989091e+02   7.8242756e+01   1.5908941e+02
   7.9812243e+01   8.6337749e+01   1.6449698e+02   2.1973240e+02   7.8297407e+01   1.5892178e+02
   7.9866720e+01   8.6244600e+01   1.6439630e+02   2.1970812e+02   7.8367373e+01   1.5890060e+02
   8.0249210e+01   8.6614852e+01   1.6524385e+02   2.1991317e+02   7.7974022e+01   1.5904263e+02
   8.0665736e+01   8.6528232e+01   1.6508232e+02   2.1938625e+02   7.8153122e+01   1.5869631e+02
   7.9993802e+01   8.6274729e+01   1.6423754e+02   2.1958543e+02   7.7799860e+01   1.5866526e+02
   7.9374566e+01   8.6340093e+01   1.6331551e+02   2.1979106e+02   7.7213767e+01   1.5873297e+02
   7.9275122e+01   8.6287953e+01   1.6328019e+02   2.1982739e+02   7.7694074e+01   1.5862576e+02
   7.9304093e+01   8.6307369e+01   1.6417301e+02   2.2012315e+02   7.8327620e+01   1.5914297e+02
   7.9218246e+01   8.6283852e+01   1.6450326e+02   2.2042310e+02   7.8449558e+01   1.5930977e+02
   7.9655213e+01   8.6382943e+01   1.6424139e+02   2.2055776e+02   7.8272048e+01   1.5942008e+02
   7.9662944e+01   8.6397505e+01   1.6404772e+02   2.2067217e+02   7.8330549e+01   1.5932500e+02
   7.9471610e+01   8.6153042e+01   1.6357897e+02   2.1944583e+02   7.8154880e+01   1.5824136e+02
