   0.0000000e+00   2.8640479e-14   0.0000000e+00   0.0000000e+00   0.0000000e+00   0.0000000e+00
  -2.5179224e-02  -2.6835462e-02   5.1424253e-01   2.0592511e-03  -1.2504755e-03  -1.8445684e-03
  -3.6285655e-02  -4.5567363e-02   6.3807966e-01   1.1536754e-03  -1.2304380e-03  -1.5455583e-03
  -2.1160628e-02  -6.8838970e-02   6.8938457e-01   1.6501895e-03  -1.6219153e-03  -1.6217931e-03
  -2.8492072e-02  -8.9490645e-02   7.5436878e-01  -3.7742070e-04  -9.6338188e-04  -1.7716015e-03
  -2.6504162e-02  -6.9967354e-02   7.4364307e-01   2.9733262e-03  -1.4487841e-03  -1.3401522e-03
  -4.1568473e-02  -6.3682775e-02   7.4318611e-01   3.2350077e-03  -1.6172815e-03  -1.1480697e-03
  -4.4111028e-02  -8.7258846e-02   7.3003970e-01   1.1934302e-03  -1.0436413e-03  -1.5167211e-03
  -4.5142375e-02  -5.9756634e-02   7.3162449e-01   2.8662867e-03  -1.8257111e-03  -1.5074696e-03
  -4.3080595e-02  -8.5132105e-02   7.4896297e-01   3.9708497e-03  -1.7632613e-03  -1.4732568e-03
  -4.1311300e-02  -9.3067029e-02   7.3751630e-01   2.7064868e-03  -2.0599726e-03  -1.4308448e-03
  -4.6253717e-02  -1.0604323e-01   7.5612040e-01   2.9727827e-03  -1.6599156e-03  -1.6399395e-03
  -4.4084887e-02  -8.5187424e-02   7.0113136e-01   3.4159784e-03  -1.6854770e-03  -1.4695016e-03
  -4.5401541e-02  -4.9761772e-02   7.1627119e-01   3.9444938e-03  -2.1812387e-03  -1.6750941e-03
  -4.4785963e-02  -6.7732409e-02   7.2546317e-01   4.9843832e-03  -2.5370375e-03  -1.6092556e-03
  -4.5542617e-02  -5.0964788e-02   7.2890635e-01   5.1177570e-03  -2.5429100e-03  -1.5629771e-03
  -5.1042214e-02  -5.0171660e-02   7.0964767e-01   5.1290475e-03  -2.3517974e-03  -1.4332651e-03
  -5.5872077e-02  -4.4901251e-02   7.1924895e-01   5.8783764e-03  -2.8857946e-03  -1.4579387e-03
  -4.1927756e-02  -5.6719623e-02   7.4838642e-01   6.3613827e-03  -2.9669986e-03  -1.4096717e-03
  -4.1722748e-02  -5.8502419e-02   7.1239174e-01   6.1643409e-03  -2.9155964e-03  -1.2961482e-03
  -4.2370449e-02  -7.4071196e-02   7.5130531e-01   5.4470724e-03  -2.9861266e-03  -1.6617037e-03
  -4.6518713e-02  -7.7576245e-02   7.7600887e-01   5.5076034e-03  -2.7624528e-03  -1.4862103e-03
  -4.9777574e-02  -6.7799146e-02   7.6050924e-01   6.6070508e-03  -3.0545149e-03  -1.4813884e-03
  -4.8258220e-02  -5.5866908e-02   7.4870580e-01   6.0573706e-03  -3.2780224e-03  -1.4276274e-03
  -4.9555105e-02  -7.0399755e-02   7.6341096e-01   6.1375577e-03  -3.2917884e-03  -1.5763835e-03
  -5.2717112e-02  -8.0205012e-02   7.7155970e-01   5.9375176e-03  -2.6320445e-03  -1.6882420e-03
  -3.9409943e-02  -6.5833498e-02   7.5583378e-01   5.5922786e-03  -2.8836376e-03  -1.5580635e-03
  -3.7874581e-02  -7.2326283e-02   7.7621904e-01   5.6437458e-03  -2.7626257e-03  -1.5749054e-03
  -4.2803908e-02  -7.2777272e-02   7.6141820e-01   5.7920941e-03  -2.9839614e-03  -1.4837449e-03
  -3.7540383e-02  -1.0168447e-01   7.4910729e-01   5.3909339e-03  -3.2721358e-03  -1.5724014e-03
  -4.1061061e-02  -6.8823785e-02   7.3566611e-01   5.1545529e-03  -2.5022436e-03  -1.3180536e-03
  -4.1543840e-02  -5.5529126e-02   7.5035581e-01   4.6578214e-03  -2.6684531e-03  -1.5209559e-03
  -2.5011719e-02  -5.7263751e-02   7.2594645e-01   5.1218308e-03  -2.8570320e-03  -1.2179122e-03
  -4.6019442e-02  -7.5239961e-02   7.3306786e-01   3.7655786e-03  -2.3358586e-03  -1.4490303e-03
  -4.3707557e-02  -7.2379113e-02   7.3876051e-01   4.8245338e-03  -2.1684390e-03  -1.5026930e-03
  -3.6169512e-02  -8.7370065e-02   7.7027180e-01   5.5795532e-03  -2.7790450e-03  -1.7488861e-03
  -4.6311299e-02  -6.8253853e-02   8.0826549e-01   4.9641922e-03  -2.5985642e-03  -1.5689206e-03
  -4.1151843e-02  -8.3504172e-02   7.7670168e-01   5.6858704e-03  -2.7922939e-03  -1.5548214e-03
  -3.7903065e-02  -8.2839606e-02   7.3349472e-01   4.6619244e-03  -2.9595117e-03  -1.6313482e-03
  -4.1178642e-02  -6.2721495e-02   7.3985018e-01   5.0612588e-03  -2.7722047e-03  -1.5259086e-03
  -4.0844181e-02  -6.3900352e-02   7.4849854e-01   4.7383981e-03  -2.5545561e-03  -1.4676424e-03
  -4.4788078e-02  -4.8046008e-02   7.5432661e-01   5.3847213e-03  -2.7060694e-03  -1.5154582e-03
  -4.5971419e-02  -7.1757464e-02   7.7487075e-01   4.1983310e-03  -3.1280583e-03  -1.7622215e-03
  -3.6940135e-02  -6.9182618e-02   7.3676200e-01   4.4511587e-03  -3.3338222e-03  -1.5332168e-03
  -4.7938057e-02  -3.9582390e-02   6.7121555e-01   3.4395600e-03  -2.3844708e-03  -1.5728355e-03
  -3.4955664e-02  -5.2252789e-02   7.3424845e-01   5.0319289e-03  -2.5130537e-03  -1.5352863e-03
  -3.8303368e-02  -7.1296382e-02   7.7219921e-01   4.0711241e-03  -2.7782087e-03  -1.4992146e-03
  -4.9276547e-02  -6.9170264e-02   7.7036211e-01   4.3859863e-03  -2.5408842e-03  -1.4268760e-03
  -4.7205320e-02  -7.0548488e-02   7.2653923e-01   4.6632913e-03  -2.9184218e-03  -1.4107193e-03
  -4.5648446e-02  -6.9037816e-02   7.1642413e-01   4.7847727e-03  -3.0633919e-03  -1.4175936e-03
  -3.4950776e-02  -4.6232430e-02   7.1193445e-01   4.7787436e-03  -3.0165040e-03  -1.4983551e-03
  -4.2846392e-02  -5.7518717e-02   7.5360362e-01   3.9048665e-03  -3.0781332e-03  -1.8800921e-03
  -4.0939170e-02  -7.8835788e-02   7.4663757e-01   4.3233041e-03  -3.0610293e-03  -1.5527289e-03
  -4.0176707e-02  -7.4082868e-02   7.0609558e-01   4.6255884e-03  -2.9000174e-03  -1.4188649e-03
  -5.3302961e-02  -5.5428903e-02   7.2304460e-01   3.4123778e-03  -2.7690523e-03  -1.4307259e-03
  -4.4563949e-02  -4.2953755e-02   7.1151222e-01   4.9784702e-03  -3.1712148e-03  -1.5274464e-03
  -4.8855054e-02  -4.1289572e-02   7.4898486e-01   5.1039546e-03  -3.2711790e-03  -1.4953107e-03
  -4.5223857e-02  -5.4161501e-02   7.4556453e-01   5.1645691e-03  -3.4799059e-03  -1.8186378e-03
  -5.3672009e-02  -6.0237820e-02   7.4745547e-01   4.4949640e-03  -3.0724380e-03  -1.4532738e-03
  -4.0536214e-02  -6.7073746e-02   7.4248485e-01   4.6868073e-03  -3.2236706e-03  -1.4346728e-03
  -3.9204101e-02  -4.5668497e-02   7.2208229e-01   4.8385916e-03  -3.2034683e-03  -1.3253556e-03
  -3.9047832e-02  -5.2041273e-02   7.3846041e-01   5.2174399e-03  -3.1827234e-03  -1.5549276e-03
  -4.4236545e-02  -6.3587713e-02   7.6773563e-01   4.6039726e-03  -2.7597272e-03  -1.5665396e-03
  -5.0087662e-02  -6.6373929e-02   7.1798984e-01   4.4337424e-03  -2.7473014e-03  -1.3352062e-03
  -4.3178150e-02  -7.0106167e-02   7.0433394e-01   4.9226978e-03  -2.4863246e-03  -1.4593354e-03
  -4.5292568e-02  -3.4623929e-02   6.8603773e-01   4.5317344e-03  -2.6885441e-03  -1.1127434e-03
  -4.3228126e-02  -1.6507815e-02   7.4392622e-01   5.1596725e-03  -2.4218217e-03  -1.3656531e-03
  -5.1576769e-02  -2.9774137e-02   7.5851567e-01   4.2911147e-03  -2.8203334e-03  -1.2840393e-03
  -4.2055760e-02  -5.5694826e-02   7.7555718e-01   4.8686646e-03  -3.0654453e-03  -1.1897494e-03
  -4.3196823e-02  -7.1312054e-02   7.5272014e-01   4.1093936e-03  -2.6309600e-03  -1.3442044e-03
  -4.1711465e-02  -7.4596732e-02   7.5343020e-01   3.9520196e-03  -2.3094939e-03  -1.4077152e-03
  -5.9306200e-02  -7.7831230e-02   7.8815232e-01   2.2169278e-03  -1.9483559e-03  -1.6766216e-03
  -6.4595449e-02  -6.9397365e-02   7.3286087e-01   3.6638906e-03  -2.5714334e-03  -1.2768426e-03
  -6.0728161e-02  -6.1608240e-02   7.3638203e-01   4.7437564e-03  -2.3399041e-03  -1.3210340e-03
  -6.1009061e-02  -3.6765094e-02   7.3394124e-01   6.5481791e-03  -2.7621279e-03  -1.3830818e-03
  -6.0063998e-02  -5.1456321e-02   7.8907335e-01   6.2885795e-03  -2.5236625e-03  -1.4049541e-03
  -5.7362293e-02  -6.4562412e-02   7.8509823e-01   5.0676297e-03  -2.3629060e-03  -1.4124194e-03
  -5.4572744e-02  -7.5444108e-02   8.1090699e-01   5.3196032e-03  -2.4542096e-03  -1.2701421e-03
  -4.8472671e-02  -4.4452335e-02   7.8703043e-01   6.2800248e-03  -2.4400899e-03  -1.0309985e-03
  -4.2011412e-02  -7.4656454e-02   7.8274627e-01   6.0987954e-03  -1.6772211e-03  -1.2378333e-03
  -3.9757893e-02  -1.1627668e-01   8.1743574e-01   6.2993120e-03  -1.8452128e-03  -1.3533648e-03
  -3.8839411e-02  -1.0076462e-01   7.8616098e-01   6.7175222e-03  -1.8696370e-03  -1.4603434e-03
  -4.8696877e-02  -1.1274862e-01   8.2164364e-01   6.7730994e-03  -2.0992558e-03  -1.4438741e-03
  -4.0006010e-02  -1.2407957e-01   8.2517445e-01   7.1849130e-03  -2.1979856e-03  -1.4295922e-03
  -4.1795004e-02  -9.7781969e-02   7.7693582e-01   6.4561377e-03  -1.8720947e-03  -1.2869897e-03
  -3.9407483e-02  -9.2633441e-02   7.8022416e-01   6.0591631e-03  -1.8174006e-03  -1.4801622e-03
  -4.1341515e-02  -7.1588149e-02   7.7901153e-01   5.9676584e-03  -1.6496687e-03  -1.5073149e-03
  -4.9352416e-02  -1.2832880e-01   8.1799634e-01   6.4573419e-03  -1.4783569e-03  -1.3388931e-03
  -3.9735192e-02  -1.2210964e-01   7.7190691e-01   6.6932411e-03  -1.5620060e-03  -1.5355477e-03
  -3.4479522e-02  -9.0795108e-02   7.8530851e-01   6.3067311e-03  -1.8010936e-03  -1.3304834e-03
  -3.3995903e-02  -9.4901870e-02   7.9309890e-01   8.0965154e-03  -2.1654885e-03  -1.4372387e-03
  -4.2526038e-02  -9.2179947e-02   8.0069533e-01   6.5109090e-03  -1.9573694e-03  -1.1993027e-03
  -3.9620347e-02  -9.3427175e-02   8.2512380e-01   6.4353111e-03  -1.8236590e-03  -1.3279788e-03
  -4.1903033e-02  -7.7191150e-02   8.1414493e-01   6.6196497e-03  -1.7959937e-03  -1.2996016e-03
  -4.0642433e-02  -9.4813902e-02   8.1277999e-01   6.9163766e-03  -2.1044625e-03  -1.3414623e-03
  -3.8517043e-02  -1.0567453e-01   8.1691612e-01   7.2011555e-03  -2.2029010e-03  -1.3595111e-03
  -4.1245046e-02  -8.1731823e-02   7.5726576e-01   7.4774446e-03  -1.5266786e-03  -1.4089153e-03
  -4.3027371e-02  -8.3013367e-02   7.6867964e-01   6.5763380e-03  -1.5439915e-03  -1.6177214e-03
  -4.2672173e-02  -6.3914288e-02   8.0999524e-01   6.6492818e-03  -1.7419188e-03  -1.7481120e-03
  -4.7478803e-02  -1.0367969e-01   8.4776847e-01   7.8594253e-03  -2.1101858e-03  -1.7118831e-03
  -4.9556247e-02  -1.0914037e-01   8.2603476e-01   7.1931065e-03  -1.8742051e-03  -1.4964889e-03
  -4.8765269e-02  -1.1580706e-01   8.5501471e-01   7.9118290e-03  -2.0324028e-03  -1.3582906e-03
  -4.9016749e-02  -8.7685761e-02   8.0085654e-01   7.1050836e-03  -1.8719451e-03  -1.5907730e-03
  -4.1651077e-02  -9.4400499e-02   8.1552885e-01   7.2493509e-03  -1.8320932e-03  -1.4931504e-03
  -3.8888371e-02  -9.3278561e-02   8.1526023e-01   8.6066021e-03  -1.6441385e-03  -1.3208031e-03
  -4.5744780e-02  -8.5040990e-02   8.1037197e-01   7.3741122e-03  -1.5342258e-03  -1.3862805e-03
  -3.2132633e-02  -9.8899123e-02   8.2284410e-01   6.6183678e-03  -1.3090521e-03  -1.6350218e-03
  -3.8417550e-02  -9.5075508e-02   8.0802516e-01   6.4604751e-03  -1.0976795e-03  -1.6806246e-03
  -3.8012615e-02  -1.0686986e-01   8.4149908e-01   6.4542544e-03  -1.2835240e-03  -1.3987015e-03
  -3.4906481e-02  -8.2207854e-02   7.7497256e-01   5.3099690e-03  -1.2842461e-03  -1.3996287e-03
  -4.7004503e-02  -7.0566123e-02   7.6594923e-01   4.4498555e-03  -7.1037511e-04  -1.6542081e-03
  -4.6311049e-02  -8.3152393e-02   7.9396417e-01   6.3450996e-03  -1.4286940e-03  -1.6163832e-03
  -5.8826318e-02  -7.6916620e-02   8.0598508e-01   4.8262524e-03  -9.0331605e-04  -1.6636069e-03
  -5.0302215e-02  -8.8884330e-02   8.0414095e-01   5.3149836e-03  -1.1470281e-03  -1.6362888e-03
  -5.8234811e-02  -8.2336091e-02   7.8966887e-01   4.9235119e-03  -9.6659266e-04  -1.6051664e-03
  -5.3846389e-02  -7.3009781e-02   8.0025541e-01   6.5829910e-03  -1.5972918e-03  -1.4134736e-03
  -4.3302450e-02  -7.3564327e-02   7.7673868e-01   7.1551064e-03  -1.9075368e-03  -1.2033298e-03
  -4.1755375e-02  -7.5292923e-02   7.9292544e-01   6.6033922e-03  -1.7522200e-03  -1.2681910e-03
  -3.2805929e-02  -8.5487909e-02   8.0455847e-01   6.7184706e-03  -1.7663799e-03  -1.5659657e-03
  -3.3664961e-02  -6.8827876e-02   7.7171705e-01   6.8980109e-03  -1.5129662e-03  -1.2401980e-03
  -3.6308747e-02  -6.1148941e-02   7.5946836e-01   6.8425746e-03  -1.4512146e-03  -1.3757885e-03
  -3.1943196e-02  -4.1011716e-02   7.6490118e-01   6.4034574e-03  -1.2557285e-03  -1.2621319e-03
  -4.5591153e-02  -4.2095497e-02   7.7449864e-01   6.3926359e-03  -1.3425486e-03  -1.3133852e-03
  -4.1407551e-02  -5.0059021e-02   8.0753715e-01   6.5741851e-03  -1.2925323e-03  -1.4340609e-03
  -4.6093279e-02  -2.6773839e-02   7.8476918e-01   7.1138217e-03  -1.8569648e-03  -1.1518066e-03
  -3.8406105e-02  -5.7480292e-02   8.0360028e-01   5.7050470e-03  -1.4767842e-03  -1.3788409e-03
  -4.0432961e-02  -4.0188763e-02   7.7047086e-01   6.5610113e-03  -1.5563621e-03  -1.1809815e-03
  -4.4258779e-02  -3.6850274e-02   7.8596664e-01   5.1624317e-03  -1.4228681e-03  -1.3280986e-03
  -5.5731135e-02  -4.1995447e-02   7.9209932e-01   4.6269759e-03  -9.8795281e-04  -1.5546399e-03
  -4.9230210e-02  -4.2726856e-02   7.6815547e-01   5.3919405e-03  -1.6260028e-03  -1.4290376e-03
  -5.7653225e-02  -5.4494831e-02   7.9086795e-01   4.8172364e-03  -1.2043261e-03  -1.3432420e-03
  -5.1610125e-02  -4.3104469e-02   7.5757889e-01   5.2747727e-03  -1.3612800e-03  -1.0762155e-03
  -4.9765436e-02  -5.7863820e-02   7.9743325e-01   5.9011608e-03  -1.2592725e-03  -1.5952165e-03
  -5.7537808e-02  -2.2759559e-02   8.0504554e-01   5.7226371e-03  -1.0143340e-03  -1.4092445e-03
  -6.1713968e-02  -5.1542927e-02   8.6433296e-01   5.9197494e-03  -1.2484783e-03  -1.4466354e-03
  -5.8204494e-02  -6.1070591e-02   8.2656930e-01   6.3911305e-03  -1.3008350e-03  -1.2735242e-03
  -5.1876784e-02  -7.3256304e-02   8.3687478e-01   6.5301238e-03  -1.4013313e-03  -1.1893206e-03
  -4.9766170e-02  -5.7586257e-02   8.1444822e-01   5.6231930e-03  -1.2597334e-03  -1.2572238e-03
  -5.2428931e-02  -7.0595844e-02   8.2554414e-01   6.4660125e-03  -1.5533351e-03  -1.2466684e-03
  -5.9088970e-02  -8.2749210e-02   8.0468543e-01   4.5787920e-03  -7.4159482e-04  -1.6269132e-03
  -6.4453960e-02  -4.1695819e-02   8.2232829e-01   3.9677775e-03  -9.1739950e-04  -1.6444808e-03
  -5.9981325e-02  -6.8973660e-02   8.3444624e-01   6.3047337e-03  -1.2594023e-03  -1.6351608e-03
  -6.3263736e-02  -6.9694014e-02   8.6293359e-01   5.0261091e-03  -1.4366497e-03  -1.6598988e-03
  -5.8119713e-02  -8.9878944e-02   8.2476374e-01   5.8176483e-03  -1.4233265e-03  -1.4173569e-03
  -6.4571553e-02  -8.3945263e-02   8.3548981e-01   3.9878181e-03  -8.2564237e-04  -1.4027699e-03
  -5.6298336e-02  -6.2733104e-02   7.9341269e-01   6.0593720e-03  -1.2752698e-03  -1.1916708e-03
  -5.2461567e-02  -4.7107754e-02   8.2060019e-01   5.6879286e-03  -1.6780419e-03  -1.3177383e-03
  -5.0205019e-02  -4.4145231e-02   8.2248184e-01   7.4020600e-03  -1.6171485e-03  -1.2306638e-03
  -5.6296853e-02  -6.8169809e-02   8.5924458e-01   6.1914909e-03  -1.6515166e-03  -1.1626985e-03
  -6.2078102e-02  -5.4258622e-02   8.5601203e-01   6.7658447e-03  -1.0604113e-03  -1.2532569e-03
  -5.9991212e-02  -3.7394303e-02   8.3115690e-01   6.7419698e-03  -1.6401993e-03  -1.3952386e-03
  -5.6083485e-02  -3.3815229e-02   8.5324134e-01   6.3002191e-03  -1.5659011e-03  -1.0735770e-03
  -6.0951910e-02  -4.4452212e-02   8.3178457e-01   6.4933517e-03  -1.3120105e-03  -1.0697217e-03
  -4.6527251e-02  -4.6208827e-02   8.3897514e-01   7.0510735e-03  -1.5892569e-03  -1.1580584e-03
  -5.8779496e-02  -6.5408849e-02   8.3145800e-01   7.1320358e-03  -1.2076357e-03  -1.2561773e-03
  -6.0606678e-02  -4.8643097e-02   7.9207625e-01   6.1107153e-03  -9.3724105e-04  -1.3464722e-03
  -5.6646808e-02  -4.9392236e-02   8.1300971e-01   6.0621976e-03  -1.0446203e-03  -1.3060280e-03
  -5.3765070e-02  -5.4348856e-02   8.3402477e-01   7.2200772e-03  -1.0258054e-03  -1.1909824e-03
  -5.7128426e-02  -4.9939749e-02   8.1535870e-01   6.6811921e-03  -1.3851173e-03  -1.0617986e-03
  -5.6575470e-02  -1.6622379e-02   7.9170669e-01   7.7923375e-03  -1.6627117e-03  -9.4645746e-04
  -6.0769106e-02  -2.6997246e-02   8.1092251e-01   6.4424254e-03  -1.8021990e-03  -1.2755045e-03
  -6.8326480e-02  -4.9046843e-02   8.5391551e-01   6.5028511e-03  -1.3256708e-03  -1.2719620e-03
  -6.5986392e-02  -3.3148861e-02   8.3411717e-01   4.9937931e-03  -1.2297248e-03  -1.3494727e-03
  -6.4963426e-02  -3.3845391e-02   8.1999522e-01   4.9010194e-03  -9.5957869e-04  -1.4952137e-03
  -6.2945193e-02  -4.5677419e-02   8.3967348e-01   5.5154110e-03  -1.4860451e-03  -1.2635343e-03
  -6.7493692e-02  -4.9342498e-02   8.3023546e-01   4.6312830e-03  -1.2894983e-03  -1.5187239e-03
  -6.8730361e-02  -5.5891258e-02   8.3644918e-01   5.9200419e-03  -1.5851563e-03  -1.4254856e-03
  -7.3918175e-02  -2.8905151e-02   8.1257708e-01   5.0400757e-03  -1.3795579e-03  -1.1544883e-03
  -7.0927901e-02  -1.0933670e-02   8.2793133e-01   6.8985051e-03  -1.8824294e-03  -1.0645913e-03
  -7.9150892e-02   3.8223428e-03   8.3451320e-01   6.2169493e-03  -1.7420805e-03  -9.4231221e-04
  -7.0675972e-02  -2.2480488e-02   8.3285230e-01   6.5105452e-03  -1.9267263e-03  -1.0156185e-03
  -7.2264661e-02  -2.6096571e-02   7.8807762e-01   4.7989595e-03  -1.6904900e-03  -1.1017204e-03
  -7.6866293e-02  -2.3765845e-02   7.9970244e-01   4.3034224e-03  -1.4717785e-03  -1.3180547e-03
  -7.8345697e-02  -2.7514308e-02   7.9021169e-01   3.7035477e-03  -1.1843114e-03  -1.7236398e-03
  -7.5003721e-02  -3.4547618e-02   8.2055582e-01   5.4761709e-03  -2.2708842e-03  -1.4727382e-03
  -8.0567951e-02  -2.3938778e-02   8.0500961e-01   5.2232065e-03  -2.0993714e-03  -1.2569516e-03
  -9.2350656e-02  -3.2912470e-02   8.1064625e-01   3.7551153e-03  -1.4469904e-03  -1.4117667e-03
  -8.5421714e-02   6.0866548e-03   7.7020224e-01   5.8626848e-03  -1.8371294e-03  -1.0804353e-03
  -9.4133841e-02   1.2432202e-03   8.1370128e-01   5.9040153e-03  -1.9366051e-03  -1.2276237e-03
  -8.5982960e-02  -2.1736444e-02   8.1386712e-01   6.2210831e-03  -2.1972685e-03  -1.2398669e-03
  -9.3258137e-02  -1.8701896e-02   7.9950042e-01   5.7174474e-03  -1.9701536e-03  -1.0420449e-03
  -8.7637102e-02  -6.4015015e-03   7.8258959e-01   5.4725652e-03  -1.9860835e-03  -1.0550734e-03
  -8.0389308e-02   1.8280303e-02   7.6530775e-01   5.5261966e-03  -2.4233368e-03  -1.1319199e-03
  -9.6302951e-02   3.0570418e-02   7.8542500e-01   5.3169189e-03  -1.5928979e-03  -1.0928665e-03
  -8.5286089e-02   9.5553940e-04   8.0054111e-01   4.7585180e-03  -1.9112012e-03  -8.5181050e-04
  -9.6116218e-02  -1.6489694e-02   7.9444321e-01   4.2393603e-03  -2.2085476e-03  -1.0240043e-03
  -8.3812951e-02  -1.7668082e-02   7.8700071e-01   4.8090763e-03  -2.5046389e-03  -1.1337522e-03
  -8.3421997e-02   1.3689839e-02   7.4389258e-01   4.8357593e-03  -1.8898143e-03  -1.2436616e-03
  -7.5661964e-02   2.2960901e-02   7.5118817e-01   4.8247131e-03  -2.3339959e-03  -1.1115524e-03
  -7.4114732e-02  -1.2884419e-02   7.6721663e-01   4.8316171e-03  -1.8647577e-03  -1.1968778e-03
  -7.5022437e-02  -2.1408181e-02   7.5556845e-01   4.7987938e-03  -1.8343017e-03  -1.0813845e-03
  -8.3265447e-02  -7.3112542e-03   7.6673363e-01   4.7753975e-03  -1.9763273e-03  -8.6373628e-04
  -8.7202844e-02   3.1595104e-03   7.5036223e-01   6.6048242e-03  -2.0270594e-03  -9.5523415e-04
  -9.2671387e-02   1.1049541e-02   7.4077089e-01   5.9274300e-03  -2.0119869e-03  -8.4439685e-04
  -8.9363004e-02   1.3598222e-02   7.5222116e-01   5.3116173e-03  -1.5046687e-03  -1.0561114e-03
  -8.7261881e-02   1.0572551e-02   7.1539907e-01   5.6879441e-03  -1.9054112e-03  -8.3362659e-04
  -8.7681068e-02   2.0186267e-03   7.4907559e-01   3.6146212e-03  -1.5586354e-03  -1.0867214e-03
  -8.5786557e-02  -4.9829209e-03   7.3603069e-01   5.8622687e-03  -2.1270929e-03  -1.0321893e-03
  -9.3278600e-02  -8.3527211e-03   7.3098344e-01   5.3052183e-03  -2.0905828e-03  -1.0021927e-03
  -9.0026984e-02  -5.2842641e-03   7.2490233e-01   5.7360784e-03  -1.9766736e-03  -8.8124492e-04
  -8.7654236e-02   2.7261801e-03   7.2118363e-01   5.6202527e-03  -1.5232604e-03  -8.9104901e-04
  -8.9778220e-02  -1.9111773e-03   7.4648996e-01   5.4262479e-03  -1.8368811e-03  -1.0873077e-03
  -8.1845479e-02  -2.5365093e-02   7.4767099e-01   6.0232046e-03  -2.3154568e-03  -9.5738450e-04
  -1.0280369e-01   1.5670686e-02   7.2617925e-01   5.0449844e-03  -1.6576778e-03  -1.0458953e-03
  -9.0347117e-02   7.0130281e-03   7.4422722e-01   6.1943539e-03  -1.9723960e-03  -1.1217548e-03
  -9.2411586e-02   1.2590539e-03   7.3179582e-01   5.2687978e-03  -1.5566292e-03  -1.2254785e-03
  -9.0784015e-02  -2.3396333e-03   7.3975428e-01   4.5790041e-03  -1.6458691e-03  -9.4663864e-04
  -8.1998039e-02  -1.4214029e-02   7.1465036e-01   5.7957999e-03  -1.7540093e-03  -9.3671711e-04
  -8.9006881e-02   6.7130711e-03   7.0515801e-01   5.5300840e-03  -1.6797199e-03  -7.3371249e-04
  -1.0071864e-01   1.1279959e-02   7.3028623e-01   5.4344732e-03  -1.4754979e-03  -7.5281979e-04
  -8.4081894e-02  -7.1982594e-03   7.1479250e-01   5.9362205e-03  -1.7678486e-03  -7.2542271e-04
  -9.1603761e-02  -2.9543818e-03   6.9515973e-01   4.5969956e-03  -1.4595372e-03  -7.4940846e-04
  -9.2021863e-02   7.3897608e-03   7.1826631e-01   4.7163926e-03  -1.5356230e-03  -8.6593475e-04
  -8.8001695e-02  -1.1241860e-02   7.2919701e-01   5.5398069e-03  -1.7762156e-03  -9.2938544e-04
  -9.3597664e-02  -9.8060546e-03   7.0004760e-01   5.4580769e-03  -1.4555208e-03  -8.5775039e-04
  -9.8318167e-02   3.7944202e-03   6.7963324e-01   5.0694455e-03  -1.6490975e-03  -8.3307272e-04
  -9.3632219e-02   1.0467551e-02   6.8978755e-01   5.4776315e-03  -1.6935444e-03  -1.0121096e-03
  -9.8922335e-02  -2.0021860e-03   7.0161007e-01   4.3145900e-03  -1.3247345e-03  -1.1670560e-03
  -9.7020916e-02  -3.8011941e-03   7.1701358e-01   4.3246739e-03  -1.6471849e-03  -1.0078817e-03
  -8.6512832e-02   3.1751726e-03   6.6586504e-01   4.3646379e-03  -1.8336101e-03  -8.8780519e-04
  -9.8277657e-02   8.1063554e-03   6.8444383e-01   3.9911253e-03  -1.5519777e-03  -9.0507868e-04
  -8.6573214e-02   5.3105287e-03   6.8055735e-01   5.0468776e-03  -1.5246108e-03  -1.0368942e-03
  -9.7807279e-02   7.2526527e-03   6.9606131e-01   4.6839079e-03  -1.6195124e-03  -9.8259015e-04
  -9.6859410e-02  -2.8319173e-03   7.0064234e-01   4.8031698e-03  -1.3957053e-03  -1.1853839e-03
  -1.0148983e-01   5.1850773e-03   6.7018196e-01   4.8996387e-03  -1.2794543e-03  -1.3119022e-03
  -1.0382652e-01   2.4789451e-03   7.0473661e-01   4.1284152e-03  -1.0117617e-03  -1.0885303e-03
  -8.9506402e-02  -1.7103628e-03   6.9887406e-01   4.6416717e-03  -1.5245438e-03  -1.1981298e-03
  -9.3402500e-02   9.4934257e-03   6.9067978e-01   4.7468208e-03  -1.6328616e-03  -1.1430705e-03
  -9.1270071e-02  -9.0180208e-04   6.9879827e-01   3.9744243e-03  -1.8312380e-03  -8.9759168e-04
  -8.5908158e-02   8.7902330e-04   6.7063816e-01   4.6876151e-03  -1.7496251e-03  -8.0489758e-04
  -8.1299371e-02   2.2890241e-02   6.7101582e-01   4.8598001e-03  -1.6729585e-03  -8.2619224e-04
  -8.3748199e-02   2.3032155e-02   6.9066855e-01   5.7427050e-03  -1.8095800e-03  -9.3348484e-04
  -8.9808147e-02   3.6204324e-03   7.3253540e-01   5.6785325e-03  -1.9035143e-03  -1.0495113e-03
  -8.9107249e-02   2.3479585e-03   7.1430214e-01   4.4763577e-03  -1.9818151e-03  -1.0500245e-03
  -8.3217991e-02  -6.6425574e-03   7.0839512e-01   4.2032135e-03  -1.8562101e-03  -1.0152591e-03
  -8.3500680e-02   2.1732065e-03   6.6170524e-01   4.7530041e-03  -1.8898610e-03  -9.2089329e-04
  -8.9265102e-02   7.4707957e-03   6.7117279e-01   3.5903041e-03  -1.5437515e-03  -1.1717365e-03
  -9.7744191e-02   2.1000593e-02   6.4979761e-01   3.4080937e-03  -1.2033496e-03  -9.0966346e-04
  -8.7074948e-02  -5.2336127e-03   6.9407291e-01   4.6070989e-03  -1.9021131e-03  -1.0294088e-03
  -8.3270667e-02   1.7459994e-02   6.6175518e-01   5.1729324e-03  -2.1595433e-03  -1.0901996e-03
  -8.6720958e-02   3.6251831e-03   7.0953352e-01   5.0218845e-03  -2.0984981e-03  -8.0360760e-04
  -9.4676758e-02   1.1053448e-02   6.9074169e-01   4.6290132e-03  -1.4022528e-03  -9.3530939e-04
  -8.8798636e-02   5.0966975e-03   6.9193927e-01   4.9114934e-03  -1.5220050e-03  -7.3555643e-04
  -8.3795691e-02   9.3489118e-03   7.0679214e-01   4.5055370e-03  -1.6564816e-03  -8.5892085e-04
  -9.8058299e-02   5.6263627e-03   7.0650673e-01   3.7285455e-03  -1.5955444e-03  -8.8989525e-04
  -9.3200353e-02  -4.3322961e-03   7.0245276e-01   4.6878964e-03  -1.7397022e-03  -7.9089596e-04
  -1.0458690e-01   3.2399317e-02   6.8651288e-01   4.7440847e-03  -1.0238781e-03  -7.5680195e-04
  -9.9682559e-02   3.4155531e-02   6.9288123e-01   4.8512140e-03  -1.2261957e-03  -5.4007994e-04
  -8.9918328e-02   2.5705871e-02   6.8018460e-01   4.9097031e-03  -1.7782917e-03  -5.8873901e-04
  -9.0427600e-02   8.3245909e-03   6.9346278e-01   5.5525327e-03  -1.5299306e-03  -5.2788080e-04
  -8.8629841e-02   1.1466700e-02   6.4089420e-01   5.5648985e-03  -1.0494263e-03  -4.8525093e-04
  -9.0643862e-02   1.2697231e-02   6.4694629e-01   5.3704529e-03  -7.7759753e-04  -8.9566340e-04
  -8.7375055e-02   1.2435660e-02   6.4734403e-01   6.1414922e-03  -1.0339515e-03  -1.0578953e-03
  -8.4273278e-02   2.1460067e-02   6.7319074e-01   6.5157728e-03  -1.6110589e-03  -8.4427783e-04
  -8.6234954e-02   1.8934596e-02   6.6669745e-01   7.2635776e-03  -1.4245312e-03  -7.5948573e-04
  -9.9648250e-02   9.8551333e-03   6.8323025e-01   4.7354451e-03  -7.6194934e-04  -7.4993329e-04
  -8.8070699e-02  -2.4796211e-03   6.4215096e-01   6.1252371e-03  -1.1326017e-03  -7.8434623e-04
  -9.5290707e-02   3.5818678e-02   6.4296041e-01   5.1480071e-03  -7.8143976e-04  -8.1619379e-04
  -9.0307452e-02   3.9848692e-03   6.7017316e-01   5.4725981e-03  -7.4987189e-04  -9.8428675e-04
  -9.2904124e-02   1.7911846e-02   6.2927719e-01   3.9164290e-03  -6.7507760e-04  -8.0848047e-04
  -7.4058844e-02   3.8625824e-03   6.2185028e-01   5.5828608e-03  -1.1417148e-03  -8.9932376e-04
  -8.8915490e-02   1.1184890e-02   6.4544895e-01   4.1797658e-03  -1.2006055e-03  -7.5939233e-04
  -9.7905331e-02   2.8899443e-02   6.3684487e-01   4.4602577e-03  -8.8616649e-04  -5.9292769e-04
  -9.7686000e-02   2.2918582e-02   6.6649696e-01   4.8381335e-03  -1.0121329e-03  -7.9779127e-04
  -1.0522165e-01   3.0759074e-02   6.7034656e-01   4.6037371e-03  -9.3004698e-04  -7.2094607e-04
  -9.1296543e-02   1.8964458e-02   6.6565671e-01   5.5328751e-03  -1.1386283e-03  -6.8523637e-04
  -9.3263912e-02   1.9940783e-02   6.5507111e-01   4.3519879e-03  -8.7918432e-04  -5.8529008e-04
  -8.4159814e-02   3.7505245e-02   6.4755982e-01   5.4169066e-03  -1.0388535e-03  -6.9419741e-04
  -9.1429010e-02   4.7881653e-02   6.7968743e-01   5.0775108e-03  -8.1720899e-04  -7.0604687e-04
  -8.7307705e-02   2.6594566e-02   6.7429643e-01   5.2449097e-03  -8.1286508e-04  -7.0796554e-04
  -8.7520652e-02   2.6799798e-02   6.8028070e-01   4.4533490e-03  -1.1469127e-03  -5.5820286e-04
  -9.1664335e-02   3.5737333e-02   6.5088759e-01   5.1282648e-03  -7.1867269e-04  -6.6672743e-04
  -9.3795295e-02   2.7048650e-02   6.5762110e-01   5.7212205e-03  -1.0639514e-03  -6.3709955e-04
  -8.1398080e-02   1.9352425e-02   6.0262516e-01   4.9712634e-03  -1.3409755e-03  -9.0890084e-04
  -9.0591540e-02   2.1593130e-02   6.4554029e-01   2.7859716e-03   9.5091715e-06  -1.0779335e-03
  -7.8989272e-02   5.3092599e-02   6.1555462e-01   6.2280079e-03  -1.0044034e-03  -6.0314594e-04
  -8.5234289e-02   5.2079565e-02   6.3259793e-01   5.6952897e-03  -1.0502336e-03  -7.2518977e-04
  -9.1312697e-02   4.9371335e-02   6.1783075e-01   4.7756997e-03  -5.7490982e-04  -9.3330128e-04
  -7.9183043e-02   6.3501774e-02   5.7995846e-01   5.3240888e-03  -1.2516257e-03  -7.9219732e-04
  -7.4807612e-02   4.3598026e-02   5.9666541e-01   5.3581140e-03  -8.7368404e-04  -8.6298588e-04
  -6.0342549e-02   4.2200533e-02   5.7166729e-01   6.0030916e-03  -1.1045383e-03  -8.8949716e-04
  -6.7851458e-02   3.8286152e-02   6.2473955e-01   5.9873865e-03  -1.2020681e-03  -8.9083308e-04
  -7.1928047e-02   4.8953437e-03   6.1583338e-01   4.0927482e-03  -7.9175171e-04  -1.4683938e-03
  -6.6066857e-02   4.8509601e-03   5.8134747e-01   4.1215649e-03  -1.0724369e-03  -9.6412525e-04
  -7.8639912e-02   2.0333615e-02   5.8547819e-01   4.1223092e-03  -8.7856984e-04  -1.2515708e-03
  -7.5150954e-02   1.9484143e-02   6.0775450e-01   5.3771120e-03  -1.2757993e-03  -1.0195444e-03
  -7.9213812e-02   4.7528263e-02   5.9102967e-01   6.0578156e-03  -1.2678939e-03  -8.0038126e-04
  -7.1334869e-02   4.0948897e-02   5.9922868e-01   5.8226737e-03  -1.8333981e-03  -9.6210146e-04
  -8.2933782e-02   5.6104390e-02   5.7699808e-01   6.3335212e-03  -9.5029011e-04  -1.0455480e-03
  -7.6717416e-02   4.2329521e-02   5.8276814e-01   5.3090322e-03  -1.4498435e-03  -1.3313647e-03
  -7.5296145e-02   2.5773780e-02   6.0020786e-01   6.1730199e-03  -1.6198442e-03  -1.0182983e-03
  -6.9527431e-02   3.9423312e-03   6.0540214e-01   5.5586442e-03  -1.7949811e-03  -1.0992147e-03
  -8.2723441e-02   1.5371478e-02   5.9832924e-01   5.7134281e-03  -1.6522540e-03  -9.0191286e-04
  -7.4175574e-02   2.4507503e-02   5.8907736e-01   5.7977550e-03  -1.5138079e-03  -1.1132460e-03
  -7.0501975e-02   2.7679828e-02   6.0003111e-01   5.2203376e-03  -1.2349977e-03  -9.3957364e-04
  -7.2403167e-02   4.4759224e-02   6.1759442e-01   4.6468727e-03  -1.2744424e-03  -8.7623610e-04
  -7.3522843e-02   2.8301464e-02   6.2196312e-01   5.0739483e-03  -1.4217486e-03  -8.2418566e-04
  -6.5810327e-02   2.3699667e-02   5.9146981e-01   5.5245244e-03  -1.5408568e-03  -8.8794472e-04
  -7.4205274e-02   3.2280938e-02   6.0741840e-01   5.0292196e-03  -1.3123516e-03  -8.2791870e-04
  -7.9263290e-02   2.4764471e-02   6.1691105e-01   5.4891294e-03  -1.1842389e-03  -9.8687354e-04
  -8.5817325e-02   2.8881187e-02   6.1974402e-01   5.7886954e-03  -1.0318348e-03  -1.1092105e-03
  -8.3857307e-02   2.2185833e-02   6.5255717e-01   5.8985210e-03  -1.4630806e-03  -1.1749698e-03
  -8.4015079e-02   2.3531674e-02   6.5391138e-01   5.2985164e-03  -1.0240775e-03  -9.9556627e-04
  -6.7292456e-02   2.0182041e-02   6.1012759e-01   5.5356343e-03  -1.4647321e-03  -9.5298449e-04
  -7.1389998e-02   1.9291668e-02   6.0281391e-01   5.2035683e-03  -1.5974190e-03  -9.3461233e-04
  -8.2536057e-02   5.0332944e-02   5.9426737e-01   5.4972611e-03  -9.3523587e-04  -1.0742868e-03
  -7.8444673e-02   4.9383117e-02   5.9706730e-01   5.3159502e-03  -1.1893340e-03  -1.1415179e-03
  -7.7598665e-02   5.0827524e-02   6.4706094e-01   5.5451348e-03  -1.5914081e-03  -1.1238780e-03
  -6.9439186e-02   3.4291375e-02   6.3170927e-01   4.7340966e-03  -1.6875162e-03  -1.2133286e-03
  -7.6136944e-02   4.1700483e-02   6.2965992e-01   4.6076036e-03  -1.5370122e-03  -8.3156996e-04
  -7.5447073e-02   3.2770728e-02   6.3851014e-01   4.0359108e-03  -1.4221227e-03  -1.0485698e-03
  -6.8005526e-02   3.9063741e-02   6.2738363e-01   4.8906432e-03  -1.5204704e-03  -1.1824626e-03
  -6.5621317e-02   2.9547763e-02   6.4831537e-01   4.3635661e-03  -1.7314212e-03  -1.0058342e-03
  -5.8380116e-02   1.3413846e-02   6.3090827e-01   4.2987565e-03  -1.6566259e-03  -1.0611166e-03
  -6.8382702e-02   4.6396432e-02   5.8904989e-01   3.7802115e-03  -1.4769994e-03  -8.5998018e-04
  -6.1747265e-02   5.7325408e-02   5.7838709e-01   5.0950055e-03  -1.4802382e-03  -8.9218685e-04
  -6.1840277e-02   9.1084230e-02   5.7265286e-01   5.2642756e-03  -1.2867013e-03  -8.4245315e-04
  -5.6636390e-02   7.3312161e-02   6.0293287e-01   5.3325845e-03  -1.5895697e-03  -1.0714639e-03
  -5.7692231e-02   6.3988118e-02   6.0720044e-01   4.4213279e-03  -1.2643340e-03  -1.0548007e-03
  -6.1549767e-02   6.5001202e-02   6.2123224e-01   4.3699978e-03  -1.6439319e-03  -1.0044191e-03
  -5.9102296e-02   4.9786249e-02   5.9782710e-01   5.0735151e-03  -1.5512917e-03  -8.9825573e-04
  -6.5505740e-02   6.0088064e-02   5.8940748e-01   3.6790139e-03  -1.5666375e-03  -1.0654067e-03
  -6.6418142e-02   4.6195008e-02   5.9592088e-01   4.1568971e-03  -1.4168186e-03  -1.1811656e-03
  -7.5164597e-02   2.5184698e-02   5.8671876e-01   5.3871980e-03  -1.2344064e-03  -1.2751160e-03
  -7.3382714e-02   4.6560862e-02   5.6439556e-01   5.7080162e-03  -1.2818943e-03  -1.3097072e-03
  -7.7182851e-02   5.9648504e-02   6.0720663e-01   5.3004842e-03  -1.7660989e-03  -1.4430576e-03
  -7.6777893e-02   5.2208892e-02   6.1908963e-01   5.9330348e-03  -1.9093119e-03  -1.4523786e-03
  -7.6279501e-02   4.1976529e-02   6.3140249e-01   4.7539447e-03  -2.2949483e-03  -1.3280075e-03
  -7.8365815e-02   5.0476227e-02   5.8513738e-01   5.1297939e-03  -1.6250444e-03  -1.2217933e-03
  -7.9203719e-02   4.4531504e-02   6.0991439e-01   4.9002501e-03  -1.7667498e-03  -1.4294107e-03
  -8.0121543e-02   4.0510565e-02   6.0035169e-01   3.1162406e-03  -1.8725889e-03  -1.4482965e-03
  -8.9171354e-02   6.9770046e-02   5.8621851e-01   3.4226130e-03  -1.5879168e-03  -1.3853864e-03
  -8.3639452e-02   7.9410822e-02   6.1647582e-01   3.1287108e-03  -1.2659484e-03  -1.7125135e-03
  -8.3107590e-02   7.7188847e-02   5.9983962e-01   3.7917812e-03  -1.8448805e-03  -1.6213443e-03
  -8.6960669e-02   4.1376816e-02   5.9891684e-01   3.6513736e-03  -1.2752014e-03  -1.7427493e-03
  -8.2393164e-02   5.0545816e-02   5.5398467e-01   4.3708219e-03  -1.6976844e-03  -1.5937391e-03
  -7.5397617e-02   3.6551448e-02   5.7293388e-01   4.3731964e-03  -1.6547614e-03  -1.7190125e-03
  -7.8920572e-02   5.7486283e-02   5.9225398e-01   4.3167983e-03  -1.4939464e-03  -1.4836248e-03
  -8.1618837e-02   6.6021853e-02   6.0195719e-01   4.2185902e-03  -1.4574237e-03  -1.5603422e-03
  -7.3732763e-02   5.3643950e-02   5.8667512e-01   3.4828590e-03  -1.5856070e-03  -1.3084806e-03
  -6.2018111e-02   5.9539250e-02   5.8521896e-01   4.2096693e-03  -1.6970980e-03  -1.5208499e-03
  -6.6938878e-02   7.5621028e-02   5.6924860e-01   4.8254227e-03  -1.8136393e-03  -1.2108497e-03
  -6.9981467e-02   6.1419139e-02   6.0522492e-01   5.3873170e-03  -2.1133505e-03  -1.3591222e-03
  -6.7925159e-02   9.4667370e-02   5.8894782e-01   5.0575474e-03  -2.1710307e-03  -1.0718921e-03
  -6.4390170e-02   7.8590079e-02   6.1562476e-01   5.0272607e-03  -2.0555225e-03  -1.3129498e-03
  -6.8065839e-02   6.3217442e-02   5.8173868e-01   2.9291803e-03  -1.4958860e-03  -1.4259721e-03
  -6.6521856e-02   5.3160453e-02   5.9929111e-01   4.7238701e-03  -1.6668812e-03  -1.3365630e-03
  -8.1704348e-02   8.2866096e-02   5.4100540e-01   3.1073111e-03  -1.1980559e-03  -1.3430461e-03
  -9.1117942e-02   6.8263369e-02   5.5240328e-01   4.2799360e-03  -1.8182666e-03  -1.5960192e-03
  -8.5718679e-02   5.0876233e-02   6.0525489e-01   5.0960162e-03  -1.9616035e-03  -1.6775955e-03
  -8.3218561e-02   5.4632658e-02   6.2338896e-01   4.4368373e-03  -1.9422602e-03  -1.5599613e-03
  -8.0727884e-02   3.5269896e-02   6.3313226e-01   4.4880808e-03  -2.0405154e-03  -1.7035294e-03
  -8.4338156e-02   5.5864967e-02   5.9578521e-01   4.4612218e-03  -1.9451176e-03  -1.2705707e-03
  -8.1289127e-02   5.0784834e-02   5.8916545e-01   4.8788427e-03  -1.5102198e-03  -1.5570757e-03
  -6.9616333e-02   8.8083806e-02   5.7832402e-01   5.2866046e-03  -2.3140530e-03  -1.0717667e-03
  -6.5102405e-02   6.5813779e-02   5.8358778e-01   5.1076858e-03  -2.2876399e-03  -1.2982237e-03
  -7.7944551e-02   6.9160966e-02   6.1430467e-01   5.3891069e-03  -2.2373658e-03  -1.2301479e-03
  -7.4520396e-02   5.4613585e-02   6.0489841e-01   4.7908374e-03  -2.2664089e-03  -1.2192415e-03
  -6.5696300e-02   6.0431592e-02   5.8969431e-01   4.9854179e-03  -2.3055943e-03  -1.4003386e-03
  -7.3460193e-02   8.2579088e-02   5.6363736e-01   4.8296488e-03  -1.9134478e-03  -1.2275319e-03
  -8.1537322e-02   7.9938595e-02   6.1219895e-01   5.0263451e-03  -1.6709079e-03  -1.5617314e-03
  -7.2442827e-02   6.1162465e-02   5.9896721e-01   5.4810302e-03  -2.3947160e-03  -1.4386616e-03
  -8.3459140e-02   5.0829473e-02   6.1275447e-01   4.3262699e-03  -1.8142095e-03  -1.5245395e-03
  -7.5269685e-02   5.5847506e-02   5.6156450e-01   5.0218416e-03  -2.2644789e-03  -1.2961387e-03
  -8.5221211e-02   6.2308987e-02   5.7908522e-01   4.8490247e-03  -1.7656783e-03  -1.3837001e-03
  -8.7169312e-02   6.2823322e-02   5.5369521e-01   4.2738227e-03  -1.6852574e-03  -1.3822342e-03
  -8.6065801e-02   6.4613055e-02   5.8338539e-01   5.0223674e-03  -1.9503705e-03  -1.4158822e-03
  -1.0248823e-01   6.8533263e-02   5.9579669e-01   3.5465914e-03  -2.1335300e-03  -1.1416925e-03
  -7.3236167e-02   7.4734511e-02   5.7719308e-01   4.8540818e-03  -2.5735716e-03  -1.7722766e-03
  -6.4353861e-02   8.1487970e-02   5.7848340e-01   4.9421041e-03  -2.6625739e-03  -1.5306390e-03
  -6.9306783e-02   9.1089815e-02   6.1138310e-01   4.7879281e-03  -2.0766066e-03  -1.8858877e-03
  -7.4131695e-02   8.0398966e-02   6.3617153e-01   4.7239819e-03  -2.0123510e-03  -1.6953348e-03
