6.5386e-08
4.341e-07
1.2506e-05
4.0078e-05
6.9778e-05
8.0789e-05
8.1869e-05
8.3706e-05
7.984e-05
7.8861e-05
7.317e-05
5.4671e-05
4.5353e-05
5.5194e-05
7.0437e-05
7.1853e-05
6.9379e-05
7.5609e-05
7.0836e-05
6.0589e-05
5.4284e-05
4.4893e-05
4.281e-05
5.4894e-05
7.8385e-05
8.3569e-05
7.4789e-05
6.8645e-05
7.2388e-05
8.3278e-05
8.257e-05
6.9076e-05
5.9303e-05
5.0936e-05
4.892e-05
5.2067e-05
6.0595e-05
6.7315e-05
7.0349e-05
7.4127e-05
6.9245e-05
6.2138e-05
5.5183e-05
6.0187e-05
6.5703e-05
5.8139e-05
5.3532e-05
5.7624e-05
6.6272e-05
6.5821e-05
7.1038e-05
6.7822e-05
6.4228e-05
6.7533e-05
7.0169e-05
6.3697e-05
5.6143e-05
5.8525e-05
6.3615e-05
7.3912e-05
8.0735e-05
6.9713e-05
6.7582e-05
7.8146e-05
7.7658e-05
7.4134e-05
7.8469e-05
7.1999e-05
5.6301e-05
5.0659e-05
4.8426e-05
5.958e-05
6.4109e-05
5.9502e-05
5.9265e-05
7.0276e-05
7.9438e-05
8.6747e-05
7.9742e-05
5.4471e-05
5.227e-05
6.2672e-05
5.7796e-05
5.9277e-05
7.2178e-05
8.7344e-05
8.5705e-05
6.1813e-05
3.4917e-05
3.1649e-05
4.1802e-05
5.4098e-05
6.449e-05
6.7846e-05
7.6182e-05
7.8055e-05
7.5027e-05
7.8933e-05
8.2581e-05
7.8877e-05
7.6568e-05
8.1926e-05
8.3741e-05
7.8818e-05
7.222e-05
6.8974e-05
6.2718e-05
5.4698e-05
5.0014e-05
5.3805e-05
5.2613e-05
4.6842e-05
5.1379e-05
5.9236e-05
7.4251e-05
7.8596e-05
6.1925e-05
4.9626e-05
5.9703e-05
7.6891e-05
8.0608e-05
8.7167e-05
8.327e-05
6.71e-05
5.5772e-05
5.3928e-05
6.3909e-05
7.6186e-05
7.499e-05
7.5783e-05
7.2401e-05
7.0834e-05
6.0301e-05
4.2701e-05
4.5016e-05
5.2067e-05
4.9724e-05
5.3513e-05
5.0698e-05
5.1445e-05
5.9493e-05
6.3645e-05
7.2718e-05
8.6533e-05
9.5527e-05
9.1663e-05
7.9134e-05
6.1702e-05
5.2872e-05
5.727e-05
6.6329e-05
6.6169e-05
5.9489e-05
5.6579e-05
5.884e-05
6.511e-05
7.2098e-05
7.4549e-05
8.0963e-05
8.4282e-05
7.5613e-05
6.152e-05
5.9089e-05
5.4246e-05
4.4632e-05
5.0686e-05
6.1555e-05
5.8829e-05
6.1861e-05
7.2838e-05
7.5869e-05
7.0732e-05
6.4997e-05
6.6098e-05
6.2919e-05
6.3763e-05
7.0968e-05
8.39e-05
8.7958e-05
8.0819e-05
7.6763e-05
7.9555e-05
7.7383e-05
7.1586e-05
7.4695e-05
7.6175e-05
7.1494e-05
6.973e-05
7.8449e-05
8.5536e-05
7.4508e-05
6.4772e-05
6.1487e-05
5.156e-05
4.7149e-05
4.6826e-05
5.187e-05
5.8098e-05
5.9328e-05
7.3488e-05
7.7153e-05
7.552e-05
8.1643e-05
8.4054e-05
7.5595e-05
7.1032e-05
6.8841e-05
6.5091e-05
6.1468e-05
5.761e-05
6.4936e-05
6.2714e-05
4.8516e-05
5.0542e-05
5.5726e-05
5.4477e-05
5.4611e-05
5.7163e-05
5.5035e-05
5.8777e-05
6.854e-05
7.1934e-05
6.7001e-05
6.6866e-05
7.1516e-05
7.0449e-05
6.7253e-05
6.5821e-05
7.1913e-05
7.5572e-05
7.3619e-05
6.7451e-05
6.1052e-05
6.1194e-05
6.7458e-05
6.471e-05
5.6987e-05
6.6032e-05
7.5561e-05
7.8486e-05
8.3628e-05
8.4138e-05
6.7772e-05
5.6776e-05
5.2244e-05
4.7065e-05
5.5853e-05
7.1152e-05
6.9475e-05
6.4255e-05
6.6943e-05
7.5244e-05
8.1853e-05
7.4101e-05
7.1637e-05
7.3683e-05
6.7986e-05
6.4721e-05
6.5089e-05
6.3723e-05
6.1303e-05
6.3956e-05
6.2586e-05
6.2766e-05
7.4334e-05
8.4734e-05
8.0338e-05
7.0467e-05
7.0622e-05
7.1046e-05
6.7592e-05
5.3988e-05
4.7692e-05
5.2419e-05
5.5983e-05
6.0272e-05
6.0167e-05
4.5093e-05
3.7636e-05
3.8887e-05
3.9343e-05
3.5641e-05
2.8924e-05
3.9448e-05
5.641e-05
6.373e-05
6.9046e-05
7.9801e-05
9.2591e-05
9.1046e-05
7.1743e-05
6.2767e-05
7.1094e-05
7.3445e-05
6.7916e-05
6.4824e-05
6.4451e-05
6.2513e-05
6.2374e-05
6.5515e-05
7.593e-05
8.1768e-05
7.9734e-05
7.1736e-05
6.3108e-05
6.1241e-05
6.1628e-05
6.4966e-05
7.231e-05
7.5046e-05
8.0442e-05
8.1826e-05
7.3632e-05
6.6226e-05
6.6978e-05
7.9674e-05
8.2092e-05
7.4509e-05
6.873e-05
6.0351e-05
4.5685e-05
4.3928e-05
4.8142e-05
5.2533e-05
5.3048e-05
4.862e-05
5.3783e-05
5.7074e-05
5.8273e-05
6.2904e-05
6.6321e-05
7.34e-05
8.0945e-05
7.3998e-05
6.489e-05
6.2007e-05
5.516e-05
5.6761e-05
6.765e-05
7.3354e-05
6.7e-05
6.9422e-05
7.1955e-05
6.9171e-05
6.7806e-05
6.281e-05
5.351e-05
4.094e-05
4.7915e-05
6.9051e-05
8.2391e-05
8.1409e-05
7.9905e-05
8.2076e-05
7.0099e-05
5.6866e-05
4.6631e-05
3.8004e-05
4.5743e-05
7.2211e-05
7.6918e-05
8.5144e-05
