-8.6781e-06
0.00014994
0.0014474
0.0036736
0.0046895
0.004167
0.0036257
0.003246
0.0032486
0.0037961
0.0040097
0.0035769
0.0045722
0.0058527
0.00602
0.005641
0.0060616
0.0070665
0.0069583
0.0062189
0.0046549
0.0038607
0.0045247
0.0052634
0.0062648
0.0069624
0.0074993
0.0080877
0.0086328
0.0084878
0.007182
0.0058999
0.0055848
0.0051816
0.0052894
0.0059789
0.0058451
0.0052659
0.0056782
0.0058036
0.0059291
0.0060369
0.005196
0.0045403
0.0038776
0.0042445
0.0053277
0.0055741
0.0048416
0.0045392
0.0050567
0.0054845
0.005659
0.0048974
0.0038163
0.003122
0.0040956
0.0056675
0.0064604
0.0064335
0.0058593
0.0046927
0.0042519
0.0042785
0.0037742
0.0038529
0.0050441
0.0050005
0.0044877
0.0046618
0.004428
0.004275
0.0045649
0.0049231
0.0042502
0.003993
0.0044191
0.0042387
0.0028775
0.0018039
0.0020485
0.0028426
0.003476
0.0040915
0.0051817
0.0062139
0.0050729
0.0036587
0.003428
0.0033422
0.0038983
0.0061515
0.0069085
0.0065521
0.0074174
0.0082866
0.00799
0.0069199
0.0057312
0.0055576
0.0051868
0.0040351
0.003114
0.0026132
0.0032821
0.0048518
0.0050233
0.0047364
0.004768
0.0044955
0.0036359
0.0035496
0.0046765
0.0057412
0.0066935
0.0067518
0.0053553
0.0038809
0.0032547
0.0026671
0.0027648
0.0045678
0.005411
0.0059171
0.0058572
0.0048408
0.0049716
0.0048439
0.0049006
0.0057123
0.006138
0.0055174
0.0037705
0.0028876
0.0041794
0.0050327
0.004908
0.0052701
0.0042903
0.0041316
0.0057387
0.0062475
0.006106
0.0064008
0.0064862
0.0057395
0.0047371
0.0044491
0.0038569
0.0034873
0.0029862
0.0024477
0.0025016
0.0028094
0.0034105
0.0036319
0.0031818
0.0037362
0.0046037
0.0047573
0.0049031
0.0050879
0.0056366
0.0060215
0.0057209
0.0046532
0.0033411
0.0023293
0.0028581
0.0034638
0.0037103
0.0039497
0.0041397
0.004716
0.0050966
0.0058089
0.0063033
0.0056828
0.005366
0.0061108
0.0059542
0.0058956
0.0057821
0.0052992
0.0050556
0.0045032
0.0043396
0.005024
0.0066186
0.0074213
0.0070203
0.0065877
0.0056587
0.0045291
0.0048199
0.0053219
0.0056628
0.0058847
0.0056349
0.0054206
0.0049163
0.0056344
0.0061201
0.0051655
0.0041219
0.0039499
0.0036825
0.0040108
0.0049287
0.0050379
0.005379
0.0051279
0.0048059
0.0052529
0.0052746
0.0048399
0.0045946
0.0053904
0.0057464
0.0052366
0.0060771
0.0070166
0.006206
0.0050743
0.0046556
0.0042954
0.0044515
0.0057011
0.0060908
0.0060296
0.0064868
0.0064383
0.0061903
0.0057691
0.0062553
0.0059887
0.0051543
0.0056947
0.006007
0.0058081
0.0060221
0.0059176
0.0045722
0.0031773
0.0024124
0.0023468
0.0028881
0.0042576
0.0046869
0.0041304
0.0050613
0.006916
0.0071362
0.0063146
0.006369
0.0060476
0.0053983
0.0046916
0.0045303
0.0046639
0.0043532
0.0040177
0.0032537
0.0033397
0.0039315
0.0044328
0.0044204
0.0041073
0.0041355
0.0040921
0.0032866
0.0027742
0.0031745
0.0033866
0.003647
0.0036379
0.0035093
0.0035087
0.0036119
0.0029984
0.0026427
0.0020256
0.0026643
0.0043978
0.0051164
0.0060236
0.0071122
0.0073148
0.0072726
0.0067738
0.0053556
0.0045066
0.0045756
0.0048067
0.0048466
0.004412
0.0045422
0.0056579
0.0060855
0.0054712
0.0053817
0.005474
0.0042712
0.0032505
0.0043413
0.005411
0.005313
0.0058116
0.0067078
0.0067506
0.0057434
0.0041537
0.0034596
0.003923
0.0038474
0.0032701
0.0031023
0.0031673
0.0034697
0.0029656
0.002783
0.0045926
0.0047895
0.0048845
0.0056981
0.0058382
0.0050629
0.0038686
0.0043062
0.0046553
0.0041622
0.0038526
0.0034925
0.0033867
0.0047113
0.0051574
0.0043305
0.0035549
0.003892
0.0055123
0.0058403
0.0052074
0.0040902
0.0040148
0.0042365
0.0037552
0.0030328
0.0023577
0.0029587
0.0046926
0.005869
0.0061539
0.0059655
0.0051397
0.0037039
0.0032439
0.0032823
0.002967
0.0033017
0.0044331
0.0045855
0.0051589
