   0.0000000e+00   2.7167553e-14   0.0000000e+00   0.0000000e+00   0.0000000e+00  -0.0000000e+00
  -1.1492426e-02   1.0925032e-01   4.2259648e-01  -5.1820154e-04   4.8917871e-04  -1.7036994e-03
   1.7638868e-02   9.2024424e-02   5.1512394e-01  -1.8697155e-04   4.3843632e-04  -1.7129068e-03
   2.4009565e-03   9.0103325e-02   5.5903552e-01  -3.5294499e-04   8.8768287e-04  -1.3521460e-03
   1.5440020e-02   1.3214525e-01   5.5216224e-01   7.3778778e-04   6.2590980e-04  -1.5688443e-03
   4.1763965e-03   8.7816839e-02   5.7849069e-01  -2.0024193e-04   7.6025908e-04  -1.3662820e-03
   2.0037739e-02   9.4325505e-02   6.0521822e-01   7.1947917e-04   4.9870392e-04  -1.6680344e-03
   2.0798860e-02   1.1157157e-01   6.1251276e-01   8.8464058e-04   4.4621678e-04  -1.5737260e-03
   2.5501269e-02   1.2547314e-01   6.2310564e-01   1.0027409e-03   3.3397615e-04  -1.6321619e-03
   1.8297262e-02   1.1618182e-01   6.3084611e-01   7.9044283e-04   5.1635251e-04  -1.3905397e-03
   2.6012101e-02   1.2890061e-01   6.3902207e-01   1.2522226e-03   3.7807666e-04  -1.5874394e-03
   2.5097709e-02   1.1626291e-01   6.2990073e-01   1.1618426e-03   5.3289348e-04  -1.5971630e-03
   4.9627732e-03   8.3655778e-02   6.1541109e-01   2.1625694e-05   8.8352198e-04  -1.3089615e-03
   7.2995827e-03   1.0599376e-01   6.4845902e-01   1.2500770e-03   7.7933434e-04  -1.4345174e-03
   5.6187337e-03   1.4317205e-01   6.5438775e-01   1.6685100e-03   6.6149084e-04  -1.4527745e-03
   6.8123115e-03   1.3524699e-01   6.3841370e-01   1.7075833e-03   5.9996018e-04  -1.4367373e-03
   4.3845209e-03   1.4216553e-01   6.4178660e-01   1.2391726e-03   6.7681936e-04  -1.5559703e-03
   8.6053697e-03   1.3723357e-01   6.7490192e-01   2.0397389e-03   8.3527767e-04  -1.4935038e-03
   1.1033807e-02   1.5442261e-01   6.6107301e-01   1.7721447e-03   7.3926602e-04  -1.4939945e-03
   2.2700088e-03   1.0855721e-01   6.6070603e-01   5.8060958e-04   1.0774488e-03  -1.2792795e-03
   2.7704879e-03   1.2964425e-01   6.7557826e-01   1.2418793e-03   8.6595838e-04  -1.2520442e-03
   4.9617902e-04   1.1969013e-01   6.7606553e-01   1.2131972e-03   8.9643526e-04  -1.1701508e-03
   7.2477732e-03   1.4348980e-01   6.7194425e-01   1.6623686e-03   8.3391943e-04  -1.4118566e-03
  -5.9998287e-03   1.1843047e-01   6.7085189e-01   8.6591871e-04   1.0155978e-03  -1.1813463e-03
   6.4212147e-03   1.6160733e-01   6.7666750e-01   2.3495181e-03   8.0705387e-04  -1.2816732e-03
  -2.5038908e-03   1.4344632e-01   6.7389673e-01   1.2717834e-03   9.2178909e-04  -1.0442119e-03
   4.3305337e-03   1.4551824e-01   7.0486931e-01   1.8636763e-03   9.1769296e-04  -1.0831708e-03
   7.4107717e-03   1.6449300e-01   7.0115027e-01   2.0460968e-03   9.2984784e-04  -1.2457236e-03
  -3.1376579e-03   1.4159880e-01   6.9077557e-01   1.2986202e-03   9.6480164e-04  -1.2121266e-03
   1.1097584e-02   1.5025952e-01   6.8481666e-01   1.8177707e-03   6.3505081e-04  -1.2865634e-03
  -1.7294861e-04   1.4670476e-01   6.8586902e-01   1.4235335e-03   6.8675531e-04  -1.1001484e-03
   6.5795828e-03   1.5243176e-01   6.8384799e-01   1.7437597e-03   9.3814936e-04  -1.3089395e-03
   2.5338413e-03   1.4420110e-01   6.8337192e-01   1.5047275e-03   8.0665284e-04  -1.1696884e-03
   5.9964140e-03   1.5688731e-01   6.8596750e-01   1.8975475e-03   7.4759366e-04  -1.1987148e-03
  -2.6016497e-03   1.4267266e-01   6.8398702e-01   1.0650497e-03   8.7400092e-04  -1.2582575e-03
   1.1716822e-02   1.4193399e-01   6.9453926e-01   1.9187685e-03   8.6490663e-04  -1.3329462e-03
   1.2011009e-02   1.4106926e-01   7.0408872e-01   1.4678020e-03   1.1861532e-03  -1.3974770e-03
   4.2892822e-03   1.3259361e-01   7.0147199e-01   1.6457962e-03   8.8634140e-04  -1.1822620e-03
   6.7311233e-03   1.5082922e-01   7.0043225e-01   1.8904701e-03   9.3233422e-04  -1.3141705e-03
   4.9943849e-03   1.5377189e-01   6.8016763e-01   1.6897279e-03   9.1804154e-04  -1.2545973e-03
   2.0144475e-03   1.5805084e-01   6.9278802e-01   1.9961698e-03   9.6725523e-04  -1.1189091e-03
   6.7972969e-03   1.5568049e-01   7.0480864e-01   1.6225083e-03   9.3100966e-04  -1.2361252e-03
   1.3191670e-02   1.6915770e-01   6.9523455e-01   1.8984039e-03   8.5825858e-04  -1.3750500e-03
   7.0939796e-03   1.4529736e-01   7.0162523e-01   1.3646954e-03   9.0835787e-04  -1.2120268e-03
   1.0745375e-02   1.6257604e-01   6.6426696e-01   2.0614949e-03   6.4851584e-04  -1.4908172e-03
  -7.1034285e-04   1.5393335e-01   6.8744869e-01   1.6181836e-03   8.8207993e-04  -1.0903036e-03
   4.5893226e-03   1.6484614e-01   6.9982467e-01   2.0886750e-03   8.7632738e-04  -1.0261829e-03
   1.3262622e-02   1.6816611e-01   6.9759033e-01   1.9626037e-03   1.0207099e-03  -1.2324611e-03
   1.6456103e-02   1.5657768e-01   7.1114521e-01   1.7003095e-03   1.1021578e-03  -9.2231302e-04
   1.8627906e-02   1.5591961e-01   6.8470537e-01   1.8684565e-03   9.5914862e-04  -1.1908825e-03
   1.0091385e-02   1.6468390e-01   6.9958087e-01   2.0567703e-03   1.0498263e-03  -9.8030612e-04
   7.4748281e-03   1.6303273e-01   7.0645421e-01   1.9002613e-03   1.0198711e-03  -6.7836222e-04
   1.1212712e-02   1.4410962e-01   7.0004548e-01   1.7799271e-03   9.9880570e-04  -7.2576765e-04
   1.4439427e-02   1.5660946e-01   6.8352132e-01   1.8168472e-03   1.0181714e-03  -8.3798096e-04
   9.7083522e-03   1.5120483e-01   7.0037934e-01   1.7554147e-03   9.2590516e-04  -8.3876639e-04
   1.0703914e-02   1.6017568e-01   6.9831902e-01   2.1524134e-03   1.0257312e-03  -1.0005764e-03
   1.0814746e-03   1.6019857e-01   6.8205504e-01   1.6895531e-03   9.5741659e-04  -9.2102986e-04
   1.1609708e-02   1.5123507e-01   6.9952639e-01   1.8260692e-03   9.3696241e-04  -1.0140813e-03
   1.6869182e-02   1.6531525e-01   6.6671967e-01   1.8506636e-03   7.1009305e-04  -1.1488199e-03
   1.1090785e-02   1.5340229e-01   7.1217154e-01   1.6242135e-03   9.3017584e-04  -9.1743068e-04
   1.1859689e-02   1.6292960e-01   7.2704070e-01   2.0530874e-03   1.0281554e-03  -9.5223437e-04
   2.2605266e-02   1.7924162e-01   6.9712019e-01   2.1697987e-03   7.8978288e-04  -1.2210374e-03
   2.0736230e-02   1.7576136e-01   7.2697384e-01   2.0931086e-03   9.3638114e-04  -1.0291299e-03
   4.5059236e-03   1.3737980e-01   7.4017413e-01   1.7797847e-03   1.0150474e-03  -7.4009204e-04
   1.5939007e-02   1.6707312e-01   6.8699579e-01   1.9691700e-03   6.8739301e-04  -1.2663246e-03
   4.0194228e-03   1.5903676e-01   7.0848376e-01   1.5136991e-03   6.9982871e-04  -9.7725195e-04
   8.1911533e-03   1.7458750e-01   7.4117154e-01   2.0526998e-03   9.5598450e-04  -9.0204819e-04
   1.1521598e-02   1.6836321e-01   7.3028988e-01   2.0093738e-03   9.8983702e-04  -8.9366841e-04
   4.0283736e-03   1.6653828e-01   7.0781693e-01   2.1339702e-03   1.0108284e-03  -8.6494927e-04
   1.0725622e-02   1.6518645e-01   7.0963877e-01   1.8411447e-03   9.6178238e-04  -9.6513499e-04
   1.4643572e-02   1.7260477e-01   7.1646693e-01   2.0682901e-03   9.1662530e-04  -9.4879958e-04
   1.7099859e-02   1.6874170e-01   7.3441346e-01   2.2556898e-03   9.2547487e-04  -1.0315222e-03
   6.6994265e-03   1.7800076e-01   7.0492212e-01   2.1448793e-03   8.9899958e-04  -8.6788476e-04
   1.2752069e-02   1.5644648e-01   7.2152157e-01   1.7680358e-03   1.5051357e-03  -7.3835731e-04
   1.8174747e-02   1.7255289e-01   7.0250120e-01   2.3572538e-03   1.0821289e-03  -8.6959350e-04
   1.2188346e-02   1.6936875e-01   6.8739665e-01   1.8177551e-03   1.0859056e-03  -8.6350069e-04
   1.9198023e-02   1.7129297e-01   7.3783469e-01   2.2717380e-03   1.0271899e-03  -9.3596274e-04
   2.3163973e-02   1.8684895e-01   7.1562071e-01   2.4792257e-03   1.0155516e-03  -9.4754957e-04
   1.9869965e-02   1.5840266e-01   7.2622604e-01   1.6832987e-03   1.2180979e-03  -9.8711852e-04
   1.7246326e-02   1.4286679e-01   6.9481956e-01   1.5863633e-03   8.1201182e-04  -7.7748198e-04
   1.3602059e-02   1.6829351e-01   6.8554927e-01   2.1757896e-03   9.6822539e-04  -1.0478789e-03
   8.8486195e-03   1.8644818e-01   6.7773288e-01   2.0672378e-03   1.0057521e-03  -7.4656991e-04
   1.4411591e-02   1.9666561e-01   6.9008197e-01   2.4710752e-03   1.0679887e-03  -9.4359664e-04
   1.4994629e-02   1.8450776e-01   6.8900170e-01   2.2113969e-03   1.0158460e-03  -1.0166685e-03
   2.2040141e-02   1.7758193e-01   7.1059760e-01   2.2281034e-03   9.7954758e-04  -1.0748430e-03
   1.4544464e-02   1.6689256e-01   7.1329655e-01   2.1777661e-03   1.1916238e-03  -9.7444833e-04
   1.7461219e-02   1.6882206e-01   7.1935273e-01   2.1022424e-03   1.2998250e-03  -9.2242401e-04
   1.8993196e-02   1.7453168e-01   6.8325445e-01   2.1328905e-03   1.0341386e-03  -9.7923772e-04
   9.3779102e-03   1.8252029e-01   6.8671319e-01   2.0909711e-03   1.2684459e-03  -7.8366183e-04
   1.3628531e-02   1.9504786e-01   6.8847494e-01   2.6728082e-03   1.2915950e-03  -9.0011933e-04
   1.3551447e-02   2.0261568e-01   6.9081948e-01   2.9175543e-03   1.3174101e-03  -7.2504527e-04
   1.6057884e-02   1.8194732e-01   7.4978761e-01   3.0089364e-03   1.4694843e-03  -5.3603543e-04
   2.0583451e-02   1.7081105e-01   7.5106635e-01   2.7335734e-03   1.6346291e-03  -5.8729064e-04
   1.3870145e-02   1.6354492e-01   7.3875276e-01   2.0840080e-03   1.6245403e-03  -5.4668209e-04
   1.8621944e-02   1.9087251e-01   6.9356162e-01   2.6511072e-03   1.3540570e-03  -8.4203332e-04
   7.8999927e-03   1.6322307e-01   7.4652709e-01   1.7869899e-03   1.6956744e-03  -5.3679227e-04
   1.6898342e-02   1.9273854e-01   7.0477136e-01   2.8297827e-03   1.2123944e-03  -7.6830314e-04
   1.1237464e-02   1.7154926e-01   7.1917183e-01   2.4229646e-03   1.2819961e-03  -6.9292917e-04
   2.2618504e-02   1.5427987e-01   7.8864605e-01   2.4209883e-03   1.3480820e-03  -9.7655833e-04
   2.8770492e-02   1.7089026e-01   8.0500741e-01   2.9567824e-03   1.3238142e-03  -1.0712389e-03
   2.2496928e-02   1.7285824e-01   8.2113347e-01   2.7264355e-03   1.4484624e-03  -1.0840535e-03
   1.6417969e-02   1.6375782e-01   7.6777949e-01   2.1684573e-03   1.0411788e-03  -1.0415134e-03
   1.6033489e-02   1.8900281e-01   7.5170735e-01   2.6958578e-03   1.1722407e-03  -1.1065451e-03
   2.2046060e-02   2.0407654e-01   7.7763724e-01   2.9145037e-03   1.2884252e-03  -1.0113855e-03
   3.6625297e-02   2.0753741e-01   7.7811823e-01   3.0204390e-03   1.3615381e-03  -1.0739701e-03
   2.9835238e-02   1.9229640e-01   7.6749470e-01   2.7948657e-03   1.2560425e-03  -8.9718842e-04
   2.3816511e-02   1.8747786e-01   7.9874621e-01   2.6258840e-03   1.3592769e-03  -8.0321384e-04
   2.9230700e-02   1.8923819e-01   7.5740832e-01   2.9814665e-03   1.3246672e-03  -9.4621007e-04
   2.7262077e-02   1.9516747e-01   7.5803462e-01   2.6165337e-03   1.2794401e-03  -8.7369390e-04
   2.6532230e-02   1.8883832e-01   8.0294939e-01   2.6668773e-03   1.4030156e-03  -7.0320780e-04
   3.3783941e-02   2.0281599e-01   7.6992338e-01   3.0727178e-03   1.3521793e-03  -8.5962545e-04
   3.0586754e-02   2.0320690e-01   7.5182732e-01   2.8788298e-03   1.3291027e-03  -9.7561414e-04
   2.1030105e-02   2.0038990e-01   7.7658640e-01   2.6562143e-03   1.5354255e-03  -7.4883876e-04
   2.9420041e-02   2.0071496e-01   7.9656727e-01   2.8918108e-03   1.4828586e-03  -8.3237455e-04
   3.4914360e-02   2.2292612e-01   7.6430695e-01   3.3846096e-03   1.3468298e-03  -9.8745220e-04
   3.3421356e-02   2.0730113e-01   7.7678297e-01   2.8515434e-03   1.4665232e-03  -9.7357685e-04
   4.5648098e-02   1.7209346e-01   7.8095653e-01   2.3249121e-03   1.6960007e-03  -9.5460799e-04
   3.2369964e-02   1.9687480e-01   7.5119014e-01   2.9846312e-03   1.2716649e-03  -1.0023783e-03
   3.3099875e-02   1.8750707e-01   7.6550216e-01   3.0367832e-03   1.3064236e-03  -9.6201282e-04
   2.2012029e-02   1.8688566e-01   7.8463860e-01   2.6591519e-03   1.4566724e-03  -7.9096016e-04
   3.1906515e-02   2.1368453e-01   7.6975208e-01   3.6086862e-03   1.2116074e-03  -1.0307064e-03
   3.6196965e-02   2.0675503e-01   7.6306320e-01   2.9721570e-03   1.1223743e-03  -1.0583244e-03
   3.7767597e-02   1.8609405e-01   8.1002599e-01   2.9528905e-03   1.3570992e-03  -9.8242204e-04
   3.4748127e-02   2.1137516e-01   7.7137557e-01   3.3661510e-03   1.3304339e-03  -9.3469336e-04
   3.0892943e-02   2.1228294e-01   7.6959389e-01   3.0725270e-03   1.2962387e-03  -1.0054623e-03
   4.1357784e-02   2.0039925e-01   7.9758347e-01   3.1128789e-03   1.2937346e-03  -1.0910019e-03
   3.4320387e-02   2.0940433e-01   7.6722139e-01   3.1054063e-03   1.1982278e-03  -1.1651582e-03
   3.0571725e-02   2.1496196e-01   7.3588230e-01   3.1113919e-03   1.1593491e-03  -1.2094765e-03
   2.9059990e-02   1.8703740e-01   7.8607348e-01   2.8923837e-03   1.4148404e-03  -9.9003749e-04
   2.4931647e-02   2.2402033e-01   7.6239139e-01   3.4101589e-03   1.1707921e-03  -1.1210562e-03
   2.3345170e-02   2.0567592e-01   7.8427933e-01   3.0268799e-03   1.4439313e-03  -1.0359879e-03
   2.3401938e-02   2.1400454e-01   7.8610446e-01   3.2323114e-03   1.3911811e-03  -9.6473584e-04
   2.0225357e-02   2.2637016e-01   7.7422782e-01   3.5451972e-03   1.3397225e-03  -8.8875569e-04
   2.2917982e-02   2.1466783e-01   7.7767584e-01   3.0204438e-03   1.3613537e-03  -9.2622473e-04
   2.4672409e-02   2.1212680e-01   7.8292771e-01   3.1421905e-03   1.3717451e-03  -9.9051878e-04
   2.6649039e-02   2.1783309e-01   7.6845196e-01   3.5730494e-03   1.4726258e-03  -1.0458271e-03
   2.3875136e-02   1.9147942e-01   7.8032845e-01   2.7042780e-03   1.6731470e-03  -7.5093923e-04
   1.8121015e-02   2.0839578e-01   7.3984498e-01   3.1572469e-03   1.6096062e-03  -7.1224374e-04
   6.3863163e-03   1.9843433e-01   7.4412346e-01   3.2772069e-03   1.6263894e-03  -5.3228061e-04
   1.6305213e-02   2.0496637e-01   7.7749379e-01   3.1696345e-03   1.8028301e-03  -6.0564907e-04
   2.5656750e-02   2.1026506e-01   7.8352996e-01   3.7223050e-03   1.8563132e-03  -6.2696174e-04
   3.0922857e-02   2.0760524e-01   7.9214110e-01   3.4267497e-03   1.7895044e-03  -7.4282499e-04
   2.8508326e-02   1.9353768e-01   7.8448282e-01   3.1284802e-03   1.8558908e-03  -7.8655339e-04
   3.0033768e-02   1.8713661e-01   7.7630857e-01   3.3370046e-03   1.8003044e-03  -8.3817250e-04
   2.6500620e-02   1.8878724e-01   7.6568898e-01   3.3082401e-03   2.0781977e-03  -8.0097245e-04
   2.2392883e-02   1.9358544e-01   7.7638694e-01   3.8171887e-03   1.8657700e-03  -6.2072789e-04
   3.7352743e-02   1.8093055e-01   6.8110498e-01   3.7641574e-03   3.6977925e-03  -2.5770891e-04
   2.1524528e-02   1.4826751e-01   8.2870851e-01   2.4967145e-03   2.9700067e-03  -1.4555333e-04
   1.9109509e-02   1.8732375e-01   8.4029339e-01   2.9690573e-03   2.6868981e-03  -2.9159288e-04
   1.5781243e-02   1.9200323e-01   8.5550955e-01   2.6466238e-03   2.9473663e-03  -2.8809602e-04
   2.3727469e-02   1.8121351e-01   8.9117074e-01   2.4565637e-03   2.9761178e-03  -4.0656124e-04
   3.0768036e-02   1.9351456e-01   8.6786115e-01   2.7995527e-03   2.8641690e-03  -5.5594803e-04
   2.0989123e-02   1.7770463e-01   8.5599985e-01   2.4441997e-03   2.7924184e-03  -2.7041450e-04
   1.6528649e-02   1.7428817e-01   8.4922157e-01   2.1782448e-03   2.8598084e-03  -2.7623991e-04
   1.1556988e-02   2.2561159e-01   8.3926101e-01   3.1374391e-03   2.8665457e-03  -4.3047269e-04
   4.4414734e-03   2.2226471e-01   8.7345890e-01   2.6413323e-03   2.9644503e-03  -1.9676592e-04
   1.2174550e-02   2.1959832e-01   8.9061154e-01   2.9730120e-03   2.9188876e-03  -3.0500079e-04
   1.1764429e-02   2.0507667e-01   8.7980242e-01   2.9148608e-03   2.8457376e-03  -3.3351491e-04
   4.8658374e-03   2.0024646e-01   8.5438773e-01   2.3927264e-03   2.7912554e-03  -4.8283144e-04
   5.2270590e-03   1.8417358e-01   8.8744903e-01   2.1310670e-03   3.2084364e-03  -3.8314184e-04
   4.1595540e-03   1.9908619e-01   8.7484800e-01   2.9219602e-03   2.7231448e-03  -4.6494448e-04
  -8.2606150e-03   2.0824252e-01   8.8092662e-01   2.8495339e-03   2.8269799e-03  -4.5347142e-04
  -4.1761300e-03   1.9649279e-01   8.9311317e-01   2.6213649e-03   2.9078089e-03  -5.8860539e-04
  -7.4991662e-03   1.9226716e-01   9.0521931e-01   2.4664877e-03   2.9014111e-03  -5.9088360e-04
  -8.4965132e-03   2.0850966e-01   8.9641295e-01   2.9786865e-03   2.7521757e-03  -6.5676119e-04
  -1.5034999e-02   2.1551944e-01   8.7778030e-01   2.8519606e-03   2.7639919e-03  -6.0997007e-04
  -3.1827592e-02   1.9399785e-01   7.8277322e-01   2.3808736e-03   3.1433422e-03  -8.3619124e-04
  -3.2786068e-02   1.9989185e-01   8.2460669e-01   2.2601376e-03   3.1767978e-03  -9.8162638e-04
  -5.1502870e-02   2.2141216e-01   8.1078385e-01   2.6483741e-03   3.0575006e-03  -8.9234703e-04
  -5.5885148e-02   1.9682070e-01   8.7141726e-01   2.1765201e-03   3.2418604e-03  -8.8187540e-04
  -4.5927803e-02   2.1044852e-01   8.5732289e-01   2.7406777e-03   3.0643156e-03  -1.1381502e-03
  -2.5933444e-02   2.1010351e-01   8.7013568e-01   2.7872542e-03   3.2557073e-03  -1.2931575e-03
  -2.2164425e-02   1.9913276e-01   8.7620084e-01   2.3857115e-03   3.2759519e-03  -1.0970228e-03
  -3.2830479e-02   1.9918641e-01   8.8664598e-01   2.3874083e-03   3.2207954e-03  -1.0426428e-03
  -3.4786818e-02   2.1240042e-01   8.8325006e-01   2.6814901e-03   3.3831136e-03  -9.6747764e-04
  -5.5078967e-02   2.4970636e-01   7.5931499e-01   3.0451772e-03   3.3742950e-03  -1.3624469e-03
  -5.1200511e-02   2.0816916e-01   8.4239225e-01   1.6099135e-03   3.5361373e-03  -1.0898219e-03
  -5.2399384e-02   2.2291164e-01   8.4406058e-01   2.4539390e-03   3.3136136e-03  -1.0792698e-03
  -5.0393483e-02   2.2058706e-01   8.6581052e-01   1.9522422e-03   3.3429697e-03  -9.4075521e-04
  -4.0951040e-02   2.2165559e-01   8.3424175e-01   2.2357056e-03   3.1043203e-03  -1.3609568e-03
  -5.5920283e-02   2.1722922e-01   8.2452413e-01   2.1081043e-03   3.1698853e-03  -1.1301286e-03
  -5.2888155e-02   2.1094330e-01   8.1667400e-01   1.7458579e-03   3.5472966e-03  -1.0525443e-03
  -4.2356043e-02   2.2293712e-01   8.2746829e-01   2.0698765e-03   3.4206867e-03  -1.2043225e-03
  -4.3687055e-02   2.3403821e-01   8.3985935e-01   2.2302705e-03   3.4129726e-03  -1.0595098e-03
  -4.6405921e-02   2.2239487e-01   8.4028697e-01   1.8257328e-03   3.2093782e-03  -1.0901648e-03
  -5.0214983e-02   2.1282727e-01   8.4283645e-01   1.7661731e-03   3.0977061e-03  -1.1952060e-03
  -4.4035314e-02   2.2416624e-01   8.4294999e-01   2.3432192e-03   3.0990399e-03  -1.2495885e-03
  -4.2076093e-02   2.1696372e-01   8.7639769e-01   1.8032542e-03   3.4154134e-03  -1.2050147e-03
  -3.3676958e-02   2.2050009e-01   8.6632349e-01   2.0536132e-03   3.2534374e-03  -1.3610358e-03
  -3.5225033e-02   2.2455680e-01   8.5762443e-01   1.9821589e-03   3.1037372e-03  -1.4631195e-03
  -4.1423488e-02   2.0143989e-01   8.4551932e-01   1.4656995e-03   2.9084587e-03  -1.3994618e-03
  -5.5520994e-02   1.9110432e-01   8.3054578e-01   1.3303113e-03   2.9952417e-03  -1.2918136e-03
  -4.0131987e-02   2.3257106e-01   8.2938301e-01   2.7239334e-03   3.0339537e-03  -1.4455800e-03
  -3.6022172e-02   2.5008255e-01   8.4038051e-01   3.0185652e-03   2.9647109e-03  -1.3389497e-03
  -3.6303411e-02   2.3494084e-01   8.4161296e-01   2.4583284e-03   2.9631251e-03  -1.2508371e-03
  -3.2701928e-02   2.0981144e-01   8.5002037e-01   2.3586911e-03   2.7988744e-03  -1.4466103e-03
  -2.9705351e-02   2.2267056e-01   8.0635223e-01   2.6360037e-03   2.4977690e-03  -1.7240399e-03
  -4.4095959e-02   2.1576409e-01   7.9441871e-01   2.0160543e-03   2.5401001e-03  -1.6655964e-03
  -3.9527422e-02   2.1332658e-01   8.2058035e-01   2.2416332e-03   2.5791341e-03  -1.6612656e-03
  -3.2433661e-02   2.1978740e-01   8.1306425e-01   2.6491176e-03   2.5183565e-03  -1.7802460e-03
  -4.0529632e-02   2.0418000e-01   8.2447818e-01   2.3358160e-03   2.5667364e-03  -1.7186555e-03
  -4.2976348e-02   2.0121557e-01   8.2223914e-01   2.3227224e-03   2.5695859e-03  -1.6863831e-03
  -4.8076665e-02   2.0788709e-01   8.2447014e-01   2.1979865e-03   2.7835810e-03  -1.6724879e-03
  -5.8045938e-02   1.9913007e-01   8.3267971e-01   1.7744114e-03   2.7252875e-03  -1.6957487e-03
  -5.7413146e-02   2.0084612e-01   8.3596680e-01   1.8329416e-03   2.8860503e-03  -1.6605577e-03
  -5.0946771e-02   2.0505904e-01   8.5064785e-01   1.8829481e-03   3.0002114e-03  -1.6665447e-03
  -6.0139234e-02   2.1930516e-01   7.7516527e-01   1.4045817e-03   2.9722104e-03  -1.8480569e-03
  -7.0597672e-02   2.0014339e-01   7.9149072e-01   1.3689525e-03   2.8363356e-03  -1.6464509e-03
  -5.9278412e-02   2.1824473e-01   7.8877858e-01   2.2751468e-03   2.6731327e-03  -1.6677473e-03
  -6.1626797e-02   2.1475552e-01   8.1189201e-01   2.0638214e-03   2.8366275e-03  -1.5796219e-03
  -4.9684434e-02   2.0344180e-01   8.4980269e-01   1.9228502e-03   3.0440155e-03  -1.6452621e-03
  -4.5352960e-02   2.1439231e-01   8.0728051e-01   2.3068577e-03   2.7643634e-03  -1.8234643e-03
  -5.6883918e-02   1.8755747e-01   8.1719067e-01   1.3746625e-03   2.9314171e-03  -1.4794875e-03
  -5.4747272e-02   1.9422478e-01   8.2973709e-01   1.9146539e-03   2.8596866e-03  -1.6597186e-03
  -5.4650331e-02   2.1779901e-01   7.9266010e-01   2.3391339e-03   2.9354477e-03  -1.6465582e-03
  -6.9485755e-02   2.1646790e-01   8.2317488e-01   1.8987764e-03   3.0211431e-03  -1.5168666e-03
  -5.3153429e-02   2.0956649e-01   8.2327033e-01   2.3469319e-03   2.8940988e-03  -1.6541011e-03
  -4.9698165e-02   2.1638543e-01   8.0993145e-01   2.0231137e-03   2.7496079e-03  -1.7392339e-03
  -5.8292189e-02   2.0382932e-01   8.0409345e-01   1.7760023e-03   2.5678365e-03  -1.6258041e-03
  -5.3717415e-02   2.2104741e-01   7.7168518e-01   2.1171132e-03   2.6012320e-03  -1.6849146e-03
  -5.9312695e-02   2.2355964e-01   7.9868154e-01   1.9915866e-03   2.6462520e-03  -1.5440530e-03
  -5.5681236e-02   2.2330813e-01   8.2281687e-01   2.1053737e-03   2.5872397e-03  -1.6175454e-03
  -5.1336545e-02   2.3807729e-01   7.8832065e-01   2.3589539e-03   2.6444795e-03  -1.5468165e-03
  -6.0974486e-02   2.0599404e-01   8.0562887e-01   1.6420308e-03   2.6350911e-03  -1.4893095e-03
  -4.3367122e-02   2.2835561e-01   7.5895451e-01   2.0603379e-03   2.4207533e-03  -1.7133059e-03
  -5.4271201e-02   2.2640310e-01   7.6440178e-01   1.8009766e-03   2.4103036e-03  -1.5596879e-03
  -5.9847001e-02   2.1337495e-01   7.8204891e-01   1.6544501e-03   2.7844800e-03  -1.3458244e-03
  -5.8950062e-02   2.4540272e-01   7.4246685e-01   2.4168069e-03   2.6207061e-03  -1.4300170e-03
  -5.3531962e-02   2.3805310e-01   7.6457313e-01   1.9970672e-03   2.6415765e-03  -1.4140010e-03
  -4.5170999e-02   2.3342146e-01   7.9092631e-01   2.1208166e-03   2.5569143e-03  -1.6054485e-03
  -4.6655722e-02   2.4016748e-01   7.5147955e-01   2.3068140e-03   2.3131999e-03  -1.7599316e-03
  -5.0241691e-02   2.3021812e-01   7.6280607e-01   1.8797220e-03   2.4272094e-03  -1.6762538e-03
  -5.3454501e-02   2.1161538e-01   7.7026620e-01   2.0966612e-03   2.4150630e-03  -1.6345009e-03
  -4.9182394e-02   2.2981293e-01   7.6914678e-01   2.0507871e-03   2.4199812e-03  -1.6671446e-03
  -4.9533406e-02   2.3144703e-01   7.5393636e-01   1.8218122e-03   2.4469800e-03  -1.6703113e-03
  -4.4633312e-02   2.3365938e-01   7.8149429e-01   1.9768195e-03   2.4771054e-03  -1.7854644e-03
  -3.7695833e-02   2.5174827e-01   7.2136649e-01   2.3591579e-03   2.1749304e-03  -1.8806645e-03
  -4.6725998e-02   2.3429785e-01   7.4978717e-01   1.7726577e-03   2.2743021e-03  -1.7768335e-03
  -5.3383130e-02   2.1166361e-01   7.6399141e-01   1.4649628e-03   2.1931201e-03  -1.7317370e-03
  -4.0391075e-02   2.3547623e-01   7.4885231e-01   1.9697100e-03   2.2180293e-03  -1.8862244e-03
  -4.1998585e-02   2.4674999e-01   7.3998490e-01   2.0715795e-03   2.1995881e-03  -1.7870941e-03
  -4.6144085e-02   2.4475193e-01   7.7681505e-01   1.9460525e-03   2.2654768e-03  -1.7115669e-03
  -3.7538216e-02   2.5761366e-01   7.5910447e-01   2.3201471e-03   2.2296609e-03  -1.7992762e-03
  -4.4384620e-02   2.3301018e-01   7.4886041e-01   1.7824326e-03   2.2147170e-03  -1.7440164e-03
  -4.2303271e-02   2.0686934e-01   7.5641771e-01   1.5623326e-03   2.5208363e-03  -1.6247630e-03
  -4.3996536e-02   2.2807254e-01   7.3660794e-01   2.0988236e-03   2.3157639e-03  -1.5922257e-03
  -6.0666845e-02   2.2950831e-01   7.3447516e-01   2.0468088e-03   2.3390466e-03  -1.5023431e-03
  -6.4746859e-02   2.3004321e-01   7.3843974e-01   1.6949949e-03   2.3133225e-03  -1.5625896e-03
  -5.6921769e-02   2.4172961e-01   7.2287951e-01   2.1814383e-03   2.2344662e-03  -1.6930758e-03
  -5.6974911e-02   2.2169532e-01   7.5002112e-01   1.7119333e-03   2.2033016e-03  -1.7756434e-03
  -4.9121360e-02   2.1016166e-01   7.4424651e-01   1.8476943e-03   2.2699455e-03  -1.7631266e-03
  -4.6028669e-02   2.1999860e-01   7.1351240e-01   1.9551275e-03   2.2453816e-03  -1.7729660e-03
  -4.9535862e-02   2.1519456e-01   7.6777339e-01   1.6292857e-03   2.4212641e-03  -1.7792098e-03
  -5.2595282e-02   2.1706403e-01   7.5681321e-01   1.9277414e-03   2.3794695e-03  -1.8661044e-03
  -6.2936386e-02   2.1927732e-01   7.5198483e-01   1.7983573e-03   2.4632614e-03  -1.7045145e-03
  -6.3504035e-02   2.0759860e-01   7.4432883e-01   1.6627405e-03   2.2603597e-03  -1.7775062e-03
  -5.6878482e-02   2.1999019e-01   7.3551271e-01   2.0650850e-03   2.2363929e-03  -1.8760658e-03
  -7.6909582e-02   2.3821441e-01   6.5924638e-01   2.2138480e-03   2.2789480e-03  -2.1463326e-03
  -7.7128887e-02   2.1002298e-01   6.9057532e-01   1.9247523e-03   2.5030615e-03  -1.9139501e-03
  -7.6406531e-02   2.3066060e-01   6.7782870e-01   2.6315584e-03   2.1963153e-03  -1.9984924e-03
  -8.2438745e-02   2.4018555e-01   6.8588294e-01   2.4665666e-03   2.1809405e-03  -2.0595403e-03
  -7.4921788e-02   2.2880727e-01   6.9737806e-01   2.0611942e-03   2.3576502e-03  -1.9820782e-03
  -6.6583537e-02   2.2888049e-01   7.0694341e-01   2.3289453e-03   2.3372753e-03  -2.2373295e-03
  -7.2853151e-02   2.3405635e-01   7.1910084e-01   2.4248814e-03   2.3666509e-03  -1.9948695e-03
  -6.3158942e-02   2.2489106e-01   7.6288773e-01   2.3059408e-03   2.3555175e-03  -1.8733660e-03
  -5.5483322e-02   2.4218384e-01   7.3122714e-01   2.9173849e-03   2.1462642e-03  -1.9649445e-03
  -5.3455983e-02   2.3167363e-01   7.3742948e-01   2.1527676e-03   2.3389705e-03  -1.9673134e-03
  -4.8716186e-02   2.3541072e-01   7.4581722e-01   2.7312607e-03   2.3192171e-03  -1.9908452e-03
  -4.7840028e-02   2.5920273e-01   7.1640364e-01   3.0875386e-03   2.2672625e-03  -1.7925351e-03
  -4.9779804e-02   2.6029910e-01   7.3257890e-01   2.8493642e-03   2.3817075e-03  -1.8146492e-03
  -4.2756959e-02   2.5349735e-01   7.2356877e-01   2.8090121e-03   2.2519181e-03  -1.9159768e-03
  -4.7438858e-02   2.3305974e-01   7.0499472e-01   2.1402398e-03   2.0461912e-03  -1.8418166e-03
  -5.5581703e-02   2.3583932e-01   7.1526381e-01   2.0117445e-03   2.2623834e-03  -2.0369043e-03
  -4.0723229e-02   2.4384040e-01   6.9523158e-01   2.5091102e-03   2.0712775e-03  -2.1718552e-03
  -4.7675704e-02   2.4657506e-01   6.7318138e-01   2.4948736e-03   2.1525794e-03  -2.0242464e-03
  -5.3417750e-02   2.3563625e-01   6.9883765e-01   2.0570030e-03   2.4241746e-03  -1.6877850e-03
  -5.8697263e-02   2.4695200e-01   6.4109792e-01   2.6269629e-03   2.2636059e-03  -2.0922115e-03
  -6.3729154e-02   2.1594621e-01   6.7830934e-01   1.6718951e-03   2.5112290e-03  -1.8965707e-03
  -5.1131630e-02   2.4284868e-01   6.7997476e-01   2.4315033e-03   2.2355224e-03  -2.2004297e-03
  -5.0098257e-02   2.3396260e-01   6.6269885e-01   2.0689212e-03   2.4438099e-03  -2.0005326e-03
  -5.4435115e-02   2.2240782e-01   6.8934022e-01   1.7115463e-03   2.4346053e-03  -2.0504787e-03
  -5.5109753e-02   2.1321293e-01   7.0759059e-01   1.9628253e-03   2.2579772e-03  -2.2716119e-03
  -5.8545158e-02   2.1508665e-01   6.7886531e-01   1.8156332e-03   2.2298837e-03  -2.1025738e-03
  -6.0020857e-02   2.1661872e-01   7.0882973e-01   2.0718286e-03   2.3340162e-03  -1.9188150e-03
  -5.6209930e-02   2.3145095e-01   7.3128244e-01   2.2829924e-03   2.1991867e-03  -2.0878623e-03
  -4.7368166e-02   2.3932155e-01   6.7055831e-01   2.2827498e-03   2.1385935e-03  -2.3144298e-03
  -3.9316959e-02   2.3226365e-01   6.8892178e-01   1.9175907e-03   2.2977790e-03  -2.1998805e-03
  -5.7330962e-02   2.2786703e-01   7.1724482e-01   1.9687188e-03   2.3561597e-03  -2.0422923e-03
  -6.3100233e-02   2.5395119e-01   6.1479176e-01   2.7153907e-03   2.3862018e-03  -1.8460427e-03
  -6.3023421e-02   2.2716766e-01   6.7974981e-01   2.0377101e-03   2.2090476e-03  -1.8557615e-03
  -7.4083020e-02   2.5844273e-01   6.5282358e-01   2.6913788e-03   2.0432789e-03  -1.6897251e-03
  -7.6608904e-02   2.4872697e-01   6.8200107e-01   2.0107781e-03   2.0897440e-03  -1.6674847e-03
  -7.4552661e-02   2.4094053e-01   6.9493141e-01   2.3050145e-03   2.1346653e-03  -1.6606020e-03
  -8.0094537e-02   2.3186982e-01   6.9378626e-01   2.1874212e-03   1.9724748e-03  -1.8346168e-03
  -8.1722767e-02   2.3627715e-01   6.9313378e-01   2.1089389e-03   1.9615861e-03  -1.9387333e-03
  -7.6269237e-02   2.3470132e-01   6.9380153e-01   2.1089474e-03   2.0715162e-03  -1.8963719e-03
  -7.9510019e-02   2.4855238e-01   6.8657586e-01   2.3872150e-03   2.0206725e-03  -1.8834381e-03
  -6.9028101e-02   2.5299820e-01   6.8935859e-01   2.1811522e-03   1.9661073e-03  -2.0096280e-03
  -7.2283093e-02   2.3445882e-01   7.2827606e-01   1.8446777e-03   1.9929069e-03  -1.8198699e-03
  -6.9515378e-02   2.3559920e-01   6.8901242e-01   2.1024928e-03   2.0085765e-03  -1.8219024e-03
  -8.0680911e-02   2.1948014e-01   6.9750696e-01   1.8959778e-03   2.0230922e-03  -1.3874905e-03
  -8.3056064e-02   2.2097139e-01   7.2322701e-01   1.8038842e-03   1.9861664e-03  -1.3463432e-03
  -7.8664375e-02   2.5420037e-01   7.1090003e-01   2.2759353e-03   2.2428541e-03  -1.6229164e-03
  -8.0371555e-02   2.4832364e-01   6.9905601e-01   2.1665511e-03   1.9561234e-03  -1.6402852e-03
  -7.5130869e-02   2.2025228e-01   7.0452932e-01   1.4917958e-03   2.1763936e-03  -1.6596352e-03
  -7.4656177e-02   2.2142101e-01   7.0250860e-01   2.1048396e-03   2.0050857e-03  -1.9145725e-03
  -8.1361569e-02   2.4417199e-01   6.8772675e-01   2.5473267e-03   1.8738955e-03  -1.9769713e-03
  -8.5162435e-02   2.2749485e-01   7.1833422e-01   1.8452211e-03   2.2266615e-03  -1.8181161e-03
  -6.7002628e-02   2.5052557e-01   6.8333036e-01   2.5424976e-03   1.9888418e-03  -2.3235300e-03
  -6.8936991e-02   2.3794473e-01   6.8584520e-01   2.1440261e-03   2.0472564e-03  -2.2556463e-03
  -8.1036163e-02   2.1519298e-01   7.1216186e-01   2.0158221e-03   2.1915066e-03  -2.0315936e-03
  -8.6042202e-02   2.3403733e-01   6.3588475e-01   2.8738072e-03   1.9202404e-03  -2.3551160e-03
  -8.2360786e-02   2.2854704e-01   6.2241982e-01   2.7375286e-03   1.6186144e-03  -2.4703523e-03
  -8.7251613e-02   2.2834204e-01   6.6344757e-01   2.2421646e-03   1.7038531e-03  -2.2447501e-03
  -8.4412941e-02   2.2265332e-01   6.7971841e-01   2.5795922e-03   1.7223658e-03  -2.1721735e-03
  -6.8276290e-02   2.3757363e-01   6.5482300e-01   2.3868902e-03   1.7483702e-03  -2.4599625e-03
  -7.2932641e-02   2.1514876e-01   6.8702574e-01   2.0835809e-03   1.8314748e-03  -2.1273303e-03
  -6.3224230e-02   2.3176821e-01   6.4972960e-01   2.4353162e-03   1.6493417e-03  -2.5244587e-03
  -6.6815328e-02   2.4338425e-01   6.4064599e-01   2.1811766e-03   1.5762799e-03  -2.5327471e-03
  -7.9667571e-02   2.2972769e-01   7.0815358e-01   2.1139415e-03   1.8386178e-03  -2.3323133e-03
  -6.0434489e-02   2.4421892e-01   6.6965129e-01   2.4016568e-03   1.5272583e-03  -2.6268024e-03
  -7.1888418e-02   2.4382759e-01   6.3020663e-01   2.4897376e-03   1.5645373e-03  -2.3826416e-03
  -7.7000495e-02   2.4579806e-01   6.7181800e-01   2.2462911e-03   1.6426277e-03  -2.2247906e-03
  -6.5643676e-02   2.6676545e-01   6.7066762e-01   2.5998363e-03   1.2977749e-03  -2.5430139e-03
  -7.5472603e-02   2.6814842e-01   6.7156776e-01   2.5339640e-03   1.4912122e-03  -2.4137059e-03
  -8.0986666e-02   2.2818709e-01   7.0765792e-01   1.9463461e-03   1.4425327e-03  -2.3143175e-03
  -6.8694956e-02   2.3803725e-01   6.6699867e-01   2.1394227e-03   1.4507740e-03  -2.6963504e-03
  -6.1623872e-02   2.4642148e-01   6.5458934e-01   2.5011642e-03   1.4426457e-03  -2.5603480e-03
  -6.4455332e-02   2.4312781e-01   6.8818043e-01   2.3503850e-03   1.6502402e-03  -2.2525845e-03
  -5.9398308e-02   2.1605711e-01   6.8678984e-01   2.4094790e-03   1.4120468e-03  -2.2952043e-03
  -5.7221903e-02   2.3410900e-01   6.4122434e-01   2.4140820e-03   1.3302115e-03  -2.5527038e-03
  -6.6611476e-02   2.1629353e-01   7.0777032e-01   2.2092204e-03   1.4870253e-03  -2.3746472e-03
  -5.9014523e-02   2.3900856e-01   6.8024706e-01   2.5768244e-03   1.4554756e-03  -2.4584090e-03
  -6.1605681e-02   2.3611246e-01   6.7656126e-01   2.2916646e-03   1.3206104e-03  -2.5053180e-03
  -6.5342910e-02   2.0700879e-01   7.0481700e-01   1.9213908e-03   1.5576582e-03  -2.4809216e-03
  -7.0379347e-02   2.4741447e-01   6.1118217e-01   2.6989375e-03   1.5484139e-03  -2.6648948e-03
  -8.2950559e-02   2.3008610e-01   6.4634504e-01   1.9789186e-03   1.5642343e-03  -2.2928293e-03
  -7.0810216e-02   2.7068992e-01   6.0375074e-01   2.8432992e-03   1.0595874e-03  -2.7000579e-03
  -7.3842391e-02   2.4543264e-01   6.4879329e-01   2.3726017e-03   1.2376630e-03  -2.5120693e-03
  -7.2351445e-02   2.2924868e-01   6.9134472e-01   2.3532645e-03   1.2303240e-03  -2.6026702e-03
  -6.1916882e-02   2.3974476e-01   6.5771851e-01   2.6487079e-03   1.1320660e-03  -2.8567293e-03
  -6.1767513e-02   2.5353841e-01   6.2977274e-01   2.3819376e-03   1.3771221e-03  -2.7534687e-03
  -6.1464875e-02   2.4243123e-01   6.6573845e-01   2.2936360e-03   1.4136539e-03  -2.5978933e-03
  -4.9411322e-02   2.4761730e-01   6.2458978e-01   2.7611882e-03   1.1998838e-03  -2.7673862e-03
  -5.4077120e-02   2.5079889e-01   6.2629884e-01   2.5566556e-03   1.3211035e-03  -2.5866931e-03
  -6.4769652e-02   2.5804551e-01   6.1127288e-01   3.1359154e-03   1.5542836e-03  -2.6447063e-03
  -6.4103892e-02   2.4792899e-01   5.6378831e-01   2.7875741e-03   1.4919539e-03  -2.8947055e-03
  -7.3221038e-02   2.3544104e-01   6.0307600e-01   2.7887354e-03   1.4724341e-03  -2.4129013e-03
  -6.7394583e-02   2.3697587e-01   6.1112815e-01   3.0877479e-03   1.4212852e-03  -2.3551031e-03
  -5.7010524e-02   2.5673777e-01   6.1144044e-01   3.1408021e-03   1.2996373e-03  -2.4841722e-03
  -5.5958977e-02   2.4470869e-01   6.0422063e-01   3.0410338e-03   1.1665902e-03  -2.5387854e-03
  -7.1369531e-02   2.2897292e-01   6.5468392e-01   2.5734840e-03   1.4879597e-03  -2.3139671e-03
  -7.3263875e-02   2.6751221e-01   5.1668023e-01   4.7844597e-03   2.2604783e-03  -2.2638594e-03
  -7.7849245e-02   2.4132440e-01   6.3610598e-01   2.6995670e-03   1.8029342e-03  -1.8847030e-03
  -6.5282831e-02   2.5331149e-01   6.0323879e-01   3.2643506e-03   1.4566711e-03  -2.2187171e-03
  -7.0481675e-02   2.4778342e-01   6.2779253e-01   2.8940788e-03   1.3389621e-03  -2.2603195e-03
  -6.2150859e-02   2.2948525e-01   6.6647776e-01   2.7238773e-03   1.1763207e-03  -2.6574595e-03
  -6.1334839e-02   2.3593073e-01   6.1672218e-01   2.7764328e-03   1.0872397e-03  -2.7865794e-03
  -6.8995657e-02   2.0097805e-01   6.8281795e-01   2.2938728e-03   1.2786749e-03  -2.4842318e-03
  -6.0875779e-02   2.2429608e-01   6.0021003e-01   2.5329395e-03   1.1153503e-03  -2.7159295e-03
  -7.9575303e-02   2.4005327e-01   6.2194039e-01   2.6957546e-03   1.2414337e-03  -2.4501667e-03
  -8.2442753e-02   2.5255224e-01   6.4283037e-01   2.9623588e-03   1.3317044e-03  -2.4164385e-03
  -7.2124406e-02   2.4941353e-01   6.0149311e-01   2.7867662e-03   1.3144483e-03  -2.7136016e-03
  -8.0510808e-02   2.2878231e-01   6.7434008e-01   2.6654187e-03   1.0869458e-03  -2.4028152e-03
  -7.1429238e-02   2.2546015e-01   6.4756730e-01   2.5142919e-03   1.0032118e-03  -2.6406142e-03
  -7.5375057e-02   2.3564407e-01   6.3829103e-01   2.9798993e-03   1.1840371e-03  -2.2359690e-03
  -8.1880544e-02   2.2911985e-01   6.3778039e-01   2.6923900e-03   1.2532075e-03  -2.2317580e-03
  -7.4993093e-02   2.5757091e-01   6.2543688e-01   3.2742000e-03   1.2631964e-03  -2.4403865e-03
  -8.0474389e-02   2.3844767e-01   6.5356610e-01   2.8259678e-03   1.1226297e-03  -2.3507741e-03
  -7.4900024e-02   2.4527714e-01   6.7105844e-01   2.9448392e-03   1.1117801e-03  -2.5467513e-03
  -6.6701905e-02   2.3709716e-01   6.3032855e-01   2.9946414e-03   9.3732410e-04  -2.8428596e-03
  -6.8464944e-02   2.3783145e-01   6.8033866e-01   2.8481659e-03   9.8346615e-04  -2.5442674e-03
