-8.7754e-06
0.00015142
0.0014527
0.0036787
0.0046894
0.0041652
0.0036246
0.0032454
0.0032493
0.0037979
0.0040086
0.0035771
0.0045764
0.0058546
0.0060193
0.0056404
0.0060643
0.0070679
0.0069569
0.0062161
0.0046505
0.0038614
0.0045264
0.0052659
0.0062671
0.006964
0.0075007
0.0080894
0.0086336
0.0084859
0.0071776
0.0058982
0.005584
0.0051806
0.0052909
0.0059802
0.0058432
0.0052657
0.0056795
0.0058033
0.0059302
0.0060357
0.0051938
0.0045387
0.0038765
0.0042473
0.0053297
0.0055733
0.0048393
0.0045401
0.005058
0.0054857
0.0056583
0.0048946
0.0038135
0.003122
0.0041
0.0056708
0.0064613
0.0064326
0.0058568
0.0046899
0.0042522
0.0042778
0.003773
0.0038551
0.0050466
0.0049983
0.004488
0.0046616
0.0044275
0.0042749
0.0045666
0.0049225
0.0042483
0.0039935
0.0044201
0.0042363
0.0028735
0.0018028
0.0020505
0.0028444
0.0034776
0.0040933
0.0051855
0.006214
0.0050681
0.0036569
0.003428
0.0033419
0.0039025
0.0061569
0.0069073
0.0065528
0.0074205
0.0082875
0.007988
0.0069166
0.0057293
0.0055579
0.0051844
0.0040321
0.0031121
0.0026128
0.0032861
0.0048545
0.0050223
0.0047362
0.004768
0.0044937
0.0036339
0.0035514
0.0046798
0.0057437
0.0066955
0.0067497
0.0053509
0.0038781
0.0032536
0.0026653
0.002768
0.0045721
0.0054119
0.0059187
0.0058549
0.0048394
0.0049725
0.0048428
0.0049024
0.005714
0.0061382
0.0055137
0.003766
0.0028883
0.0041839
0.0050324
0.0049088
0.0052696
0.0042871
0.0041346
0.0057423
0.006247
0.0061063
0.0064016
0.0064855
0.0057364
0.0047356
0.0044482
0.0038553
0.0034866
0.0029843
0.0024472
0.0025022
0.0028107
0.0034121
0.0036311
0.0031813
0.0037391
0.0046047
0.0047576
0.0049034
0.0050889
0.0056381
0.0060219
0.0057189
0.00465
0.0033375
0.0023286
0.0028605
0.0034644
0.0037112
0.0039499
0.0041409
0.0047172
0.0050979
0.0058111
0.0063032
0.0056804
0.0053673
0.0061119
0.0059532
0.0058961
0.0057808
0.0052984
0.0050545
0.0045019
0.00434
0.0050273
0.0066226
0.0074212
0.0070189
0.0065864
0.0056552
0.0045279
0.0048218
0.0053226
0.005664
0.0058843
0.0056346
0.0054193
0.0049162
0.0056373
0.0061192
0.0051622
0.0041203
0.0039498
0.0036817
0.0040134
0.0049299
0.0050383
0.0053797
0.0051263
0.0048064
0.0052539
0.0052739
0.0048385
0.0045953
0.0053929
0.0057453
0.0052364
0.0060809
0.0070167
0.0062027
0.0050723
0.004655
0.0042944
0.004454
0.0057039
0.0060904
0.0060303
0.0064876
0.0064377
0.0061893
0.0057689
0.0062569
0.0059857
0.0051542
0.0056965
0.0060069
0.0058078
0.0060232
0.0059154
0.0045682
0.0031744
0.0024115
0.0023472
0.0028909
0.0042609
0.0046858
0.0041301
0.0050661
0.0069195
0.0071342
0.0063135
0.0063693
0.0060458
0.0053967
0.00469
0.0045311
0.0046634
0.0043526
0.004016
0.0032523
0.0033411
0.003933
0.0044336
0.0044195
0.0041069
0.0041358
0.0040911
0.0032839
0.0027746
0.0031754
0.0033872
0.0036475
0.0036376
0.0035089
0.0035093
0.0036111
0.0029969
0.0026417
0.0020244
0.0026688
0.0044011
0.0051179
0.0060269
0.007114
0.0073146
0.0072725
0.006771
0.005352
0.0045059
0.0045762
0.0048072
0.004846
0.0044109
0.0045443
0.0056606
0.0060847
0.0054696
0.0053825
0.0054728
0.004267
0.0032507
0.0043455
0.0054118
0.0053129
0.0058141
0.0067093
0.0067493
0.0057396
0.00415
0.0034599
0.0039241
0.003846
0.003269
0.0031023
0.0031677
0.0034702
0.0029629
0.0027861
0.0045963
0.0047882
0.0048867
0.0056994
0.0058378
0.0050593
0.0038674
0.0043085
0.0046546
0.0041609
0.003852
0.0034912
0.0033885
0.0047149
0.005156
0.0043283
0.0035534
0.0038956
0.0055154
0.0058394
0.0052048
0.004088
0.004016
0.0042359
0.0037536
0.0030305
0.0023571
0.0029624
0.004697
0.0058707
0.0061539
0.0059644
0.0051363
0.0037008
0.0032442
0.0032817
0.0029665
0.0033043
0.0044349
0.0045862
0.0051584
