6.392e-08
4.4449e-07
1.2561e-05
4.0164e-05
6.984e-05
8.0797e-05
8.1875e-05
8.3697e-05
7.9829e-05
7.8863e-05
7.313e-05
5.4616e-05
4.5344e-05
5.5223e-05
7.045e-05
7.1829e-05
6.9381e-05
7.562e-05
7.0808e-05
6.0578e-05
5.4266e-05
4.4878e-05
4.2815e-05
5.4941e-05
7.8422e-05
8.3552e-05
7.4775e-05
6.8652e-05
7.2412e-05
8.3295e-05
8.2542e-05
6.9045e-05
5.9276e-05
5.0917e-05
4.8924e-05
5.2087e-05
6.0626e-05
6.7326e-05
7.0358e-05
7.4124e-05
6.9221e-05
6.2121e-05
5.5175e-05
6.0212e-05
6.5683e-05
5.8112e-05
5.3526e-05
5.7653e-05
6.6284e-05
6.583e-05
7.1049e-05
6.7805e-05
6.4238e-05
6.7547e-05
7.0166e-05
6.3661e-05
5.6128e-05
5.8525e-05
6.3629e-05
7.395e-05
8.0735e-05
6.9685e-05
6.7607e-05
7.8161e-05
7.764e-05
7.4138e-05
7.848e-05
7.1953e-05
5.6271e-05
5.0648e-05
4.8443e-05
5.9622e-05
6.4111e-05
5.9496e-05
5.9279e-05
7.0308e-05
7.9454e-05
8.6755e-05
7.9673e-05
5.4414e-05
5.2294e-05
6.2669e-05
5.7777e-05
5.9298e-05
7.2216e-05
8.7365e-05
8.5665e-05
6.1734e-05
3.4872e-05
3.1671e-05
4.1828e-05
5.4131e-05
6.4499e-05
6.7859e-05
7.6199e-05
7.805e-05
7.5038e-05
7.8959e-05
8.2583e-05
7.8855e-05
7.6564e-05
8.1934e-05
8.3732e-05
7.8801e-05
7.2214e-05
6.8974e-05
6.2705e-05
5.4684e-05
5.001e-05
5.3811e-05
5.2588e-05
4.6837e-05
5.1393e-05
5.9263e-05
7.4287e-05
7.8566e-05
6.1869e-05
4.9616e-05
5.9749e-05
7.6913e-05
8.062e-05
8.7185e-05
8.3242e-05
6.7066e-05
5.5762e-05
5.3936e-05
6.3954e-05
7.6198e-05
7.4988e-05
7.5784e-05
7.2391e-05
7.0827e-05
6.0249e-05
4.2674e-05
4.5044e-05
5.207e-05
4.973e-05
5.3525e-05
5.0683e-05
5.1464e-05
5.9507e-05
6.3661e-05
7.2753e-05
8.6571e-05
9.5527e-05
9.1623e-05
7.9069e-05
6.1648e-05
5.2857e-05
5.7291e-05
6.635e-05
6.6164e-05
5.948e-05
5.6582e-05
5.8849e-05
6.513e-05
7.2107e-05
7.4559e-05
8.0982e-05
8.4281e-05
7.558e-05
6.1497e-05
5.9081e-05
5.4204e-05
4.4615e-05
5.0715e-05
6.1559e-05
5.8812e-05
6.1886e-05
7.2859e-05
7.5866e-05
7.0703e-05
6.499e-05
6.6089e-05
6.2902e-05
6.376e-05
7.0986e-05
8.392e-05
8.7944e-05
8.0799e-05
7.6768e-05
7.9567e-05
7.7373e-05
7.1584e-05
7.4705e-05
7.6163e-05
7.148e-05
6.9736e-05
7.8478e-05
8.5529e-05
7.4472e-05
6.4772e-05
6.1477e-05
5.1541e-05
4.7157e-05
4.6842e-05
5.1902e-05
5.8094e-05
5.9342e-05
7.3524e-05
7.715e-05
7.5543e-05
8.1674e-05
8.4052e-05
7.557e-05
7.1026e-05
6.8829e-05
6.5087e-05
6.1449e-05
5.7604e-05
6.4946e-05
6.2673e-05
4.8492e-05
5.0555e-05
5.5721e-05
5.447e-05
5.4618e-05
5.7158e-05
5.5021e-05
5.8795e-05
6.8555e-05
7.1928e-05
6.6993e-05
6.6883e-05
7.1524e-05
7.0441e-05
6.7243e-05
6.5824e-05
7.1933e-05
7.5574e-05
7.3613e-05
6.743e-05
6.104e-05
6.12e-05
6.7475e-05
6.4692e-05
5.6995e-05
6.6064e-05
7.5573e-05
7.8494e-05
8.3648e-05
8.4117e-05
6.7729e-05
5.6765e-05
5.2233e-05
4.7071e-05
5.5905e-05
7.1173e-05
6.945e-05
6.4243e-05
6.6948e-05
7.5268e-05
8.1854e-05
7.4079e-05
7.1647e-05
7.3677e-05
6.7968e-05
6.4709e-05
6.5077e-05
6.3701e-05
6.1298e-05
6.3959e-05
6.2573e-05
6.2785e-05
7.4373e-05
8.4747e-05
8.0307e-05
7.0456e-05
7.0624e-05
7.1043e-05
6.7561e-05
5.3942e-05
4.7684e-05
5.2422e-05
5.598e-05
6.0276e-05
6.0133e-05
4.5046e-05
3.7634e-05
3.8894e-05
3.9351e-05
3.5629e-05
2.8926e-05
3.9494e-05
5.6439e-05
6.3745e-05
6.9065e-05
7.9832e-05
9.2609e-05
9.1008e-05
7.1687e-05
6.2769e-05
7.1109e-05
7.3436e-05
6.7904e-05
6.4821e-05
6.4446e-05
6.2511e-05
6.2377e-05
6.5534e-05
7.5955e-05
8.1771e-05
7.9717e-05
7.1706e-05
6.3091e-05
6.1243e-05
6.1632e-05
6.4986e-05
7.2321e-05
7.5039e-05
8.0444e-05
8.1804e-05
7.3609e-05
6.6212e-05
6.7002e-05
7.9704e-05
8.2081e-05
7.4495e-05
6.8725e-05
6.0318e-05
4.5658e-05
4.3937e-05
4.8145e-05
5.2542e-05
5.3036e-05
4.8621e-05
5.3802e-05
5.7077e-05
5.8285e-05
6.2914e-05
6.6329e-05
7.3423e-05
8.0945e-05
7.3958e-05
6.4879e-05
6.1997e-05
5.5151e-05
5.6783e-05
6.7681e-05
7.335e-05
6.6989e-05
6.9432e-05
7.1935e-05
6.9157e-05
6.7798e-05
6.28e-05
5.3478e-05
4.0922e-05
4.7958e-05
6.9093e-05
8.2402e-05
8.1394e-05
7.9915e-05
8.2066e-05
7.0056e-05
5.6834e-05
4.6606e-05
3.8001e-05
4.5811e-05
7.2261e-05
7.6928e-05
8.5131e-05
