   0.0000000e+00   0.0000000e+00   0.0000000e+00   0.0000000e+00   0.0000000e+00  -0.0000000e+00
  -8.5433647e-02   3.3643765e-03   3.9612482e-01   1.5501015e-03   1.0963241e-04  -1.0990908e-03
  -9.2465146e-02  -8.7079888e-03   5.1208690e-01   1.8990227e-03   4.3853955e-04  -6.8094123e-04
  -9.1946504e-02  -6.1502304e-03   5.0849275e-01   2.3171337e-03   2.9203760e-04  -4.5130269e-04
  -9.0024398e-02  -1.0514598e-02   5.0643624e-01   2.1042451e-03   2.2786630e-04  -4.1554709e-04
  -9.2919957e-02  -1.3794028e-02   5.1333238e-01   2.2196747e-03   1.9953640e-04  -4.4247106e-04
  -8.4232647e-02  -1.2065968e-02   5.0427584e-01   2.5010173e-03   2.4308355e-04  -4.1519575e-04
  -8.5744926e-02  -4.1729091e-03   5.1266507e-01   2.2276155e-03   4.4704260e-04  -4.0925393e-04
  -9.0336687e-02  -1.3575323e-03   5.1003862e-01   2.2502944e-03   2.2644967e-04  -3.1582079e-04
  -9.1183277e-02   2.8588924e-03   4.9889143e-01   2.7809993e-03   2.4573893e-04  -4.1599037e-04
  -9.4164273e-02   9.3421373e-03   4.9208849e-01   2.0102880e-03   3.4346782e-04  -3.3872702e-04
  -9.6145854e-02  -1.6408443e-02   4.8420739e-01   1.9469085e-03   4.1197380e-04  -3.2636481e-04
  -9.7039805e-02  -1.8302692e-02   5.0383285e-01   2.8970009e-03   4.8150924e-04  -4.8797885e-04
  -1.1516446e-01  -1.2455791e-03   5.0420086e-01   1.9135258e-03   1.0542571e-03  -4.1630335e-04
  -1.1400948e-01  -4.6094252e-04   5.1414673e-01   1.8836762e-03   1.3070061e-03  -5.7068809e-04
  -1.0796099e-01  -2.2911214e-02   5.2341159e-01   1.7799091e-03   1.4418833e-03  -5.7289547e-04
  -1.0737126e-01  -2.0468118e-02   5.0331017e-01   1.9246205e-03   1.2858602e-03  -4.4561409e-04
  -1.0596639e-01  -2.3449587e-02   5.0751761e-01   1.2979799e-03   1.2663841e-03  -2.6873449e-04
  -1.0710053e-01  -2.0081548e-02   5.0006115e-01   1.5662729e-03   1.0608295e-03  -2.4760280e-04
  -1.1136910e-01  -1.4726101e-02   5.0359879e-01   1.5944194e-03   1.5392459e-03  -4.7664218e-04
  -1.1134221e-01  -8.3231796e-03   4.9742694e-01   1.6884883e-03   1.6631114e-03  -4.7228617e-04
  -1.1038579e-01  -3.5468429e-03   5.0850031e-01   1.8753224e-03   2.4415785e-03  -8.1070811e-04
  -1.1177595e-01  -3.6665293e-03   5.0162274e-01   1.9907937e-03   2.7823207e-03  -7.2173699e-04
  -1.1041969e-01  -3.2015081e-02   5.0164871e-01   1.9937033e-03   2.0668339e-03  -5.3726154e-04
  -1.0818250e-01  -2.7438294e-03   4.7144247e-01   2.2748188e-03   2.6285611e-03  -7.3784695e-04
  -1.0999339e-01  -5.3118924e-03   4.8705499e-01   1.6471585e-03   2.6950938e-03  -7.6034413e-04
  -1.0710209e-01  -1.1974390e-02   4.9866671e-01   2.2251242e-03   2.4178966e-03  -5.8167342e-04
  -1.0874709e-01  -9.5065127e-03   4.9981588e-01   2.1581942e-03   2.7290527e-03  -6.0763637e-04
  -1.0418953e-01  -3.5076376e-02   5.0518584e-01   2.1129129e-03   2.8217147e-03  -7.5170514e-04
  -1.0035505e-01  -3.1627747e-02   5.1063891e-01   1.7617369e-03   2.6908543e-03  -5.2409952e-04
  -1.0674609e-01  -3.2013692e-02   5.1366079e-01   2.1469865e-03   2.9377337e-03  -5.4058508e-04
  -1.0515742e-01  -2.2958574e-02   5.0357963e-01   2.2417858e-03   3.0555961e-03  -5.1206423e-04
  -1.0922753e-01  -1.2486251e-02   4.9078709e-01   2.0346888e-03   2.9148612e-03  -2.7464288e-04
  -1.1062933e-01  -2.1625869e-02   5.0284631e-01   2.5364698e-03   3.1714860e-03  -6.5487824e-04
  -1.1593105e-01  -1.2226778e-02   4.9577564e-01   2.8246780e-03   3.2718806e-03  -6.1542860e-04
  -1.1339667e-01  -1.7415492e-02   4.8665512e-01   2.7590304e-03   3.0835207e-03  -3.5014637e-04
  -1.1479179e-01  -1.8648617e-02   5.1643764e-01   2.2567287e-03   3.6301860e-03  -8.1428209e-04
  -1.1854197e-01  -2.0801673e-02   5.0270611e-01   2.2582508e-03   3.3773495e-03  -4.5657834e-04
  -1.1318385e-01  -3.0741836e-02   4.9345983e-01   2.5169076e-03   3.4081569e-03  -5.3011705e-04
  -1.1186214e-01  -2.9683304e-02   5.0103258e-01   2.1767673e-03   3.6716541e-03  -6.8599876e-04
  -1.1547103e-01  -3.5535713e-02   4.8299524e-01   2.0873877e-03   3.9825315e-03  -8.5513000e-04
  -1.0927012e-01  -6.2018837e-02   4.8655566e-01   2.2157528e-03   3.5568896e-03  -7.6405910e-04
  -1.1413050e-01  -5.8259349e-02   4.8015309e-01   2.8793013e-03   3.4411417e-03  -6.4990865e-04
  -1.1721687e-01  -5.0014646e-02   4.8261329e-01   2.7432881e-03   3.5334557e-03  -5.9135171e-04
  -1.1387527e-01  -4.9659740e-02   4.6837258e-01   2.3575415e-03   3.5943115e-03  -4.8699390e-04
  -1.2037513e-01  -3.8141583e-02   4.6002368e-01   2.6022506e-03   3.6368554e-03  -4.1909565e-04
  -1.1814302e-01  -3.9942150e-02   4.4642958e-01   2.3984402e-03   3.6772585e-03  -5.2996285e-04
  -1.1740657e-01  -2.2347407e-02   4.5596538e-01   2.3752327e-03   3.8798948e-03  -5.9912199e-04
  -1.2367757e-01  -1.4760200e-02   4.7210040e-01   2.3875441e-03   3.8664108e-03  -3.8932897e-04
  -1.1266751e-01  -3.3106420e-02   4.6989827e-01   2.6791980e-03   3.5280006e-03  -4.6898741e-04
  -1.1196019e-01  -4.3074181e-02   4.7179535e-01   2.2236262e-03   3.9008433e-03  -5.1002664e-04
  -1.1819375e-01  -4.1950561e-02   4.5202511e-01   2.9925596e-03   4.0085885e-03  -7.0128560e-04
  -1.1556833e-01  -2.6339566e-02   4.5909682e-01   2.2995445e-03   4.1990200e-03  -7.1890183e-04
  -1.2294318e-01  -9.3387177e-03   4.5470270e-01   2.8048253e-03   4.1029692e-03  -5.4071126e-04
  -1.1951947e-01  -1.0617426e-02   4.4624857e-01   3.2325614e-03   4.0979626e-03  -4.7862040e-04
  -1.1748071e-01  -1.6599226e-02   4.5512734e-01   2.7203390e-03   4.3424300e-03  -5.0481924e-04
  -1.2499657e-01  -2.9332647e-02   4.8105099e-01   2.7327825e-03   4.4096328e-03  -5.5338375e-04
  -1.2088439e-01  -3.6088035e-02   4.7518924e-01   3.1762543e-03   3.9649589e-03  -3.7505864e-04
  -1.2095033e-01  -3.6495568e-02   4.7347867e-01   2.5293316e-03   4.2505218e-03  -6.0669546e-04
  -1.1925495e-01  -3.8784874e-02   4.7648169e-01   3.0800960e-03   3.9207590e-03  -3.5769557e-04
  -1.1779392e-01  -2.6556424e-02   4.5583322e-01   2.6564913e-03   4.4064495e-03  -6.4204268e-04
  -1.2031298e-01  -3.1831367e-02   4.4264329e-01   2.8412457e-03   4.1515045e-03  -3.1114698e-04
  -1.1905260e-01  -2.5122688e-02   4.2692811e-01   2.5132683e-03   4.2490195e-03  -5.7167834e-04
  -1.1354768e-01  -3.8141443e-02   4.4982877e-01   2.3863915e-03   4.1705426e-03  -4.4369774e-04
  -1.2016875e-01  -4.0865691e-02   4.3987366e-01   2.6129273e-03   4.0110298e-03  -2.9806898e-04
  -1.1542107e-01  -2.7710311e-02   4.2581814e-01   2.5697160e-03   4.2696229e-03  -5.3208772e-04
  -1.1746952e-01  -3.6791665e-02   4.5705229e-01   1.9833663e-03   4.4210481e-03  -6.0588584e-04
  -1.1527513e-01  -4.6532291e-02   4.4847891e-01   2.3894066e-03   3.8781917e-03  -3.7505027e-04
  -1.1445096e-01  -5.5617752e-02   4.8204238e-01   2.1866048e-03   4.2764490e-03  -6.2693735e-04
  -1.1572629e-01  -5.3419758e-02   4.4598065e-01   2.2862269e-03   4.1242291e-03  -3.9926071e-04
  -1.1571190e-01  -3.3831232e-02   4.1076716e-01   2.2616062e-03   4.1930162e-03  -4.2010084e-04
  -1.1733015e-01  -1.8731732e-02   4.2592041e-01   2.3312335e-03   4.8345854e-03  -7.7621695e-04
  -1.2305894e-01  -1.4650936e-02   4.0019957e-01   2.9755542e-03   4.6319823e-03  -5.5589115e-04
  -1.1653613e-01   3.3573735e-03   3.8323084e-01   2.8775690e-03   5.0307607e-03  -8.3366740e-04
  -1.1646617e-01  -2.4201662e-03   4.0829054e-01   2.9402114e-03   4.8943617e-03  -5.2186597e-04
  -1.1481603e-01  -1.9674031e-02   3.9358774e-01   2.8184579e-03   4.2511358e-03  -2.7558651e-04
  -1.0921957e-01  -2.7948571e-02   3.9214877e-01   2.5538853e-03   4.1214078e-03  -3.5853385e-04
  -1.0883489e-01  -2.4819316e-02   4.1824653e-01   2.6504791e-03   4.5064817e-03  -6.2220453e-04
  -1.1539550e-01  -1.4286207e-02   4.0162309e-01   3.2952335e-03   4.7301784e-03  -5.6677908e-04
  -1.0535031e-01  -2.3557593e-02   3.9347955e-01   3.1388980e-03   3.9215423e-03   3.7100882e-05
  -1.0741132e-01  -2.1938143e-02   4.1399929e-01   2.5571153e-03   4.5884835e-03  -4.3963145e-04
  -1.1070723e-01  -3.0689318e-02   3.9742619e-01   2.8017707e-03   4.0857364e-03  -2.0718679e-04
  -1.1019951e-01  -3.0370709e-02   3.8505609e-01   2.8953948e-03   3.9414955e-03  -3.0921265e-04
  -1.1201944e-01  -3.4741310e-02   4.0337828e-01   2.3543157e-03   3.9735915e-03  -3.7649024e-04
  -1.1014956e-01  -4.2974115e-02   3.9964211e-01   2.7757484e-03   3.7037653e-03  -4.2049885e-04
  -1.1813293e-01  -3.7090102e-02   3.7911122e-01   2.7370688e-03   3.9180344e-03  -4.2900430e-04
  -1.1210249e-01  -4.5949918e-02   4.0311958e-01   2.6306325e-03   3.7396981e-03  -4.5248772e-04
  -1.0581606e-01  -4.0968017e-02   3.8901816e-01   2.7072753e-03   3.6241224e-03  -3.3968298e-04
  -1.1961678e-01  -1.8432244e-02   3.7383340e-01   2.6861872e-03   4.3167805e-03  -5.8489273e-04
  -1.0643650e-01  -1.6347461e-02   3.5394249e-01   2.6344755e-03   3.9682036e-03  -3.3485678e-04
  -1.1187000e-01  -4.5180175e-03   3.5344864e-01   2.9665858e-03   5.0530082e-03  -7.7182429e-04
  -1.1706927e-01  -2.9389798e-03   3.4312666e-01   3.5428524e-03   3.9483330e-03  -2.0348396e-04
  -1.2130685e-01   1.0508330e-02   3.4859101e-01   3.2441291e-03   4.3629664e-03  -4.0997017e-04
  -1.1755600e-01   1.9925632e-02   3.8113132e-01   3.1241869e-03   4.8580778e-03  -5.2519775e-04
  -1.2077573e-01  -2.0034560e-03   3.7119776e-01   3.2626525e-03   4.3964595e-03  -3.8144201e-04
  -1.1195758e-01  -1.9253612e-02   3.4808973e-01   3.1360724e-03   3.9309723e-03  -3.1803609e-04
  -1.1523833e-01   3.7078691e-03   3.6220240e-01   2.9522502e-03   4.8194493e-03  -8.0801579e-04
  -1.2143791e-01   1.0340591e-02   3.7578669e-01   3.6963776e-03   4.8214273e-03  -7.1264832e-04
  -1.1918898e-01   7.1988899e-03   3.6418320e-01   4.1852223e-03   4.6797180e-03  -5.8906017e-04
  -1.2064509e-01  -1.2168813e-02   3.9454129e-01   3.0079107e-03   4.0632361e-03  -4.0008678e-04
  -1.3289161e-01  -6.0944761e-03   4.0216276e-01   3.7130694e-03   4.2689962e-03  -4.1708688e-04
  -1.3136117e-01  -1.9110649e-02   4.0718306e-01   4.5188279e-03   4.0851256e-03  -4.3368690e-04
  -1.4116478e-01  -2.8825026e-02   4.1505787e-01   5.9956777e-03   4.6279676e-03  -8.8346716e-04
  -1.3142297e-01  -1.8633030e-02   3.7880328e-01   5.1170161e-03   4.6723717e-03  -8.6850591e-04
  -1.2512682e-01  -2.2115106e-02   4.0829163e-01   4.4797490e-03   4.6208607e-03  -7.5858711e-04
  -1.2766994e-01  -2.8529599e-03   3.7606461e-01   5.1394362e-03   4.6557988e-03  -8.3817975e-04
  -1.2348482e-01  -1.5486186e-02   3.7549366e-01   4.8006188e-03   4.2632935e-03  -6.3508883e-04
  -1.2172850e-01  -2.3075715e-02   4.0288016e-01   4.4523829e-03   4.3958872e-03  -6.2336819e-04
  -1.2346200e-01  -3.2357844e-02   3.8677438e-01   4.3970603e-03   4.3444992e-03  -5.4653396e-04
  -1.2060273e-01  -3.9430293e-02   4.2062942e-01   4.2612217e-03   4.8599457e-03  -1.0152801e-03
  -1.2513496e-01  -2.1593163e-02   3.7725765e-01   4.9115462e-03   4.5155521e-03  -7.3652830e-04
  -1.2345597e-01  -2.0470403e-02   3.9659347e-01   4.2725035e-03   4.3837425e-03  -6.5917455e-04
  -1.2546851e-01  -1.8212468e-02   3.8121925e-01   4.4918673e-03   4.5959868e-03  -8.1463363e-04
  -1.3482184e-01  -4.6352384e-03   3.6650232e-01   4.5843413e-03   4.9668526e-03  -8.0146419e-04
  -1.2596005e-01  -2.1587922e-02   3.9212401e-01   4.7000890e-03   4.0572981e-03  -4.7971680e-04
  -1.3036536e-01  -7.3998267e-03   3.4751209e-01   5.5712676e-03   4.2955538e-03  -3.7811265e-04
  -1.2869922e-01   1.6593989e-02   3.4775559e-01   5.0005227e-03   4.6724359e-03  -5.6676757e-04
  -1.2545103e-01   8.4414136e-03   3.5314619e-01   5.2315416e-03   4.2416985e-03  -3.9498669e-04
  -1.3163355e-01   2.3246029e-02   3.4401521e-01   5.4320707e-03   4.4272024e-03  -4.0336940e-04
  -1.2318520e-01   1.6722511e-02   3.6870644e-01   5.1264523e-03   4.7090399e-03  -6.0981109e-04
  -1.1484611e-01   8.9529582e-03   3.7851588e-01   5.4123146e-03   4.5640250e-03  -5.6479306e-04
  -1.1462023e-01   6.6491927e-03   3.5591662e-01   5.3398178e-03   4.5471921e-03  -6.1217201e-04
  -1.1681585e-01   1.3360521e-02   3.5011503e-01   4.6899944e-03   4.2590242e-03  -4.8597590e-04
  -1.2777539e-01   2.0063734e-02   3.8459596e-01   4.1081028e-03   4.7339509e-03  -5.8219392e-04
  -1.2254050e-01  -4.5377663e-03   3.7510520e-01   4.2936472e-03   4.3922242e-03  -6.1880545e-04
  -1.2110454e-01   4.2959110e-03   3.8624588e-01   4.3002041e-03   4.2184055e-03  -6.1323218e-04
  -1.2813960e-01   1.6534014e-02   3.7198158e-01   4.4631630e-03   4.2235703e-03  -6.8805948e-04
  -1.2021571e-01   1.3194749e-02   3.6999791e-01   4.5437184e-03   4.3884583e-03  -6.3866288e-04
  -1.2034901e-01   1.4159637e-02   3.6239782e-01   4.5739853e-03   4.9558301e-03  -7.9413948e-04
  -1.2471613e-01   2.2248355e-02   3.3956773e-01   5.1549157e-03   4.9102969e-03  -6.9073407e-04
  -1.1663313e-01   1.3426126e-02   3.5111536e-01   5.1288520e-03   3.9813987e-03  -4.6243786e-04
  -1.1562741e-01   1.9504575e-02   3.4564523e-01   4.6636471e-03   4.1772146e-03  -5.6516953e-04
  -1.2220976e-01   6.2591113e-03   3.4800164e-01   4.1204729e-03   4.0141525e-03  -6.0263045e-04
  -1.2042745e-01   1.6874541e-02   3.3004446e-01   4.0388435e-03   3.9354979e-03  -5.1110529e-04
  -1.2086741e-01   2.4249324e-02   3.3246221e-01   4.0284896e-03   4.1516658e-03  -5.2221806e-04
  -1.3044443e-01   2.8877670e-02   3.5171874e-01   3.7559504e-03   4.4628376e-03  -6.5224023e-04
  -1.2934661e-01   1.5648132e-02   3.4900108e-01   4.4459622e-03   3.8732607e-03  -6.0877884e-04
  -1.3139075e-01   3.4190996e-02   3.2634200e-01   4.4162766e-03   4.5654296e-03  -7.6881366e-04
  -1.2669887e-01   3.2493349e-02   3.2627837e-01   3.9461740e-03   4.6488236e-03  -6.6704876e-04
  -1.2361394e-01   2.8721168e-02   3.1643861e-01   4.0406381e-03   4.6299414e-03  -5.4998832e-04
  -1.2448879e-01   3.5362608e-02   3.0789333e-01   4.2132936e-03   4.7505744e-03  -6.4163596e-04
  -1.2610950e-01   4.7640605e-02   2.9162958e-01   3.8516773e-03   4.8787393e-03  -5.4874057e-04
  -1.1993252e-01   4.4069007e-02   3.1148753e-01   4.2329276e-03   4.7281222e-03  -5.9399900e-04
  -1.1404558e-01   4.9161054e-02   3.1310968e-01   4.7352943e-03   4.7270926e-03  -5.3605454e-04
  -1.1997114e-01   5.6966896e-02   3.2331705e-01   4.4645540e-03   4.4791378e-03  -4.6256090e-04
  -1.2046316e-01   4.1134212e-02   3.3426310e-01   4.4857601e-03   4.4763288e-03  -8.0844768e-04
  -1.2399275e-01   4.9549578e-02   3.2541605e-01   3.9704076e-03   4.0706576e-03  -3.4025475e-04
  -1.2624417e-01   5.3108967e-02   3.1559041e-01   4.2079078e-03   4.6227696e-03  -4.3855221e-04
  -1.2763497e-01   4.4796093e-02   3.1086208e-01   4.8412927e-03   4.5513882e-03  -5.8396742e-04
  -1.3075106e-01   5.7036384e-02   3.1404842e-01   5.0575880e-03   4.8355874e-03  -6.5124643e-04
  -1.1576109e-01   5.0548216e-02   2.9703214e-01   5.4099800e-03   4.6949906e-03  -4.7926360e-04
  -1.0243439e-01   3.7034271e-02   2.7477349e-01   5.1505053e-03   4.5230451e-03  -4.6344738e-04
  -1.1115030e-01   1.7905310e-02   2.6794964e-01   3.9338068e-03   4.3140834e-03  -5.9982720e-04
  -1.1017175e-01   2.1443992e-02   2.5130524e-01   3.5029354e-03   3.6711116e-03  -3.0710935e-04
  -1.0693538e-01   3.2635819e-02   2.8171447e-01   3.4320769e-03   3.8120635e-03  -5.2435277e-04
  -1.1455348e-01   2.0132699e-02   2.7439339e-01   3.1529874e-03   3.8181273e-03  -4.1293642e-04
  -1.1213088e-01  -2.7316282e-02   2.8355581e-01   3.1818615e-03   3.5175967e-03  -5.3704015e-04
  -1.1019065e-01  -4.6194525e-03   2.7931603e-01   3.8699833e-03   3.4691718e-03  -5.5356361e-04
  -1.1638358e-01  -1.9002010e-03   2.6663932e-01   3.7024345e-03   3.4794005e-03  -4.6351328e-04
  -1.1930438e-01  -1.6108410e-02   2.5005970e-01   5.6443782e-03   3.6734832e-03  -7.4201455e-04
  -1.2686110e-01  -5.1462851e-03   2.6232306e-01   6.8374570e-03   3.7775120e-03  -1.1177174e-03
  -1.3699882e-01   1.5067055e-02   2.5948270e-01   6.9355708e-03   3.6368608e-03  -7.3686921e-04
  -1.3538971e-01  -2.6249125e-02   3.1003311e-01   8.5240256e-03   3.6294127e-03  -9.6919073e-04
  -1.4526276e-01  -9.8109622e-03   2.9263641e-01   7.6097689e-03   3.5097582e-03  -8.8343170e-04
  -1.3745542e-01  -1.9683546e-02   3.1572068e-01   7.2824480e-03   3.1260197e-03  -6.0594915e-04
  -1.4323767e-01  -1.2123390e-02   2.9446946e-01   6.9185735e-03   3.1880627e-03  -6.3611777e-04
  -1.3354456e-01  -7.9198512e-03   2.5842558e-01   6.5118997e-03   3.2174855e-03  -5.8173146e-04
  -1.3898784e-01   1.7924098e-02   2.6303999e-01   6.0802371e-03   4.1169527e-03  -7.0608123e-04
  -1.3122036e-01   1.6343716e-02   2.6816104e-01   6.5858985e-03   3.8808979e-03  -5.9946844e-04
  -1.3000968e-01   3.9537892e-02   2.4037340e-01   6.8280771e-03   3.7518847e-03  -5.0763014e-04
  -1.2973637e-01   3.3305978e-02   2.6357049e-01   6.4165671e-03   2.9619246e-03  -4.7419608e-04
  -1.2943943e-01   3.7914727e-02   2.8870261e-01   6.3398091e-03   3.3850800e-03  -4.5521541e-04
  -1.4097231e-01   4.6540467e-02   2.6558192e-01   6.3072322e-03   3.2259835e-03  -5.1935941e-04
  -1.3073855e-01   3.5637900e-02   2.9005663e-01   5.9361683e-03   3.6062727e-03  -7.5738783e-04
  -1.2583281e-01   2.7693225e-02   2.6583114e-01   5.8975166e-03   3.2224322e-03  -5.0328319e-04
  -1.2670591e-01  -2.0479750e-03   2.7320311e-01   5.6387549e-03   3.2676774e-03  -7.7540517e-04
  -1.3694781e-01   9.5917659e-03   2.8657216e-01   5.4341005e-03   3.0929913e-03  -6.2672013e-04
  -1.3612358e-01   7.4818584e-03   2.7411282e-01   5.6060731e-03   3.2965753e-03  -6.6657279e-04
  -1.3101574e-01   2.8657395e-02   2.4906633e-01   6.2522355e-03   3.2128827e-03  -8.1423493e-04
  -1.3319253e-01   4.9751982e-02   2.5679825e-01   6.0104371e-03   3.9036818e-03  -8.9922261e-04
  -1.2822987e-01   4.8208519e-02   2.6513154e-01   6.5770231e-03   3.8187740e-03  -7.7619182e-04
  -1.2995205e-01   2.5261821e-02   2.5710049e-01   5.5931657e-03   3.6245178e-03  -6.8836980e-04
  -1.2189373e-01   1.9677920e-03   2.3947965e-01   5.4864348e-03   3.4320836e-03  -8.8501040e-04
  -1.2573773e-01   1.9929238e-02   2.4922261e-01   5.2990622e-03   3.8254933e-03  -9.0578520e-04
  -1.2871315e-01   1.9870657e-02   2.4051183e-01   5.6475266e-03   3.8107969e-03  -7.6730932e-04
  -1.2429273e-01   1.0753681e-02   2.2841856e-01   5.9024246e-03   3.5352680e-03  -6.8406856e-04
  -1.2609268e-01  -4.8335304e-03   2.4443448e-01   5.1548097e-03   3.6660945e-03  -8.6535130e-04
  -1.2954196e-01  -2.4602517e-02   2.4522437e-01   5.4873633e-03   3.4407883e-03  -7.0980503e-04
  -1.2576798e-01  -1.2983574e-02   2.1283299e-01   5.5967987e-03   3.3184489e-03  -7.9125599e-04
  -1.2775810e-01  -1.2752509e-03   2.3467366e-01   5.0727568e-03   3.8457172e-03  -9.4346294e-04
  -1.3272955e-01  -9.7632644e-03   2.3830583e-01   5.1479520e-03   3.7593980e-03  -8.0006319e-04
  -1.3368728e-01  -3.7626129e-03   2.1424757e-01   5.3303398e-03   3.9727908e-03  -9.7597743e-04
  -1.4009082e-01   1.5089937e-02   2.0379939e-01   5.3087453e-03   4.0602715e-03  -1.0314712e-03
  -1.3707376e-01   1.3539636e-02   2.3050775e-01   5.4840146e-03   3.7794897e-03  -9.5550311e-04
  -1.3543990e-01   1.6550925e-02   2.2370435e-01   5.6315306e-03   4.0135386e-03  -9.6622318e-04
  -1.4407540e-01   1.2804331e-02   2.1929588e-01   5.4872328e-03   3.7474194e-03  -6.9796323e-04
  -1.4433601e-01  -7.3403567e-04   2.2161902e-01   5.4644989e-03   3.8556157e-03  -9.7479948e-04
  -1.4496043e-01  -1.6492438e-02   2.2201620e-01   5.4898621e-03   4.1680748e-03  -1.0994559e-03
  -1.4285496e-01  -1.6620483e-03   1.9086219e-01   6.0047628e-03   3.7090673e-03  -8.1484925e-04
  -1.4426825e-01  -9.7923587e-03   2.1943558e-01   5.7638322e-03   3.9643083e-03  -9.0354903e-04
  -1.4290283e-01  -1.7167991e-02   2.1417088e-01   5.9115805e-03   3.9799012e-03  -8.2733723e-04
  -1.5021515e-01  -2.6063358e-02   2.2694710e-01   5.7026382e-03   3.7754379e-03  -7.1279259e-04
  -1.5406700e-01  -1.6604727e-02   1.9159895e-01   6.1900062e-03   4.0021394e-03  -9.1242813e-04
  -1.5201511e-01  -1.8321365e-02   1.9822565e-01   5.9405729e-03   3.9292270e-03  -7.7515557e-04
  -1.5636380e-01  -1.2681346e-02   2.0432750e-01   6.3363892e-03   3.8109800e-03  -6.2769788e-04
  -1.5542996e-01  -8.2142526e-03   1.8348589e-01   6.5057213e-03   3.8421260e-03  -7.3056392e-04
  -1.6031103e-01  -9.6666205e-04   1.6793902e-01   6.2180561e-03   4.1396787e-03  -8.1202978e-04
  -1.6082296e-01   8.4111698e-03   1.8457982e-01   6.0738548e-03   4.3515043e-03  -7.3205390e-04
  -1.5720438e-01   1.3053300e-02   1.8697414e-01   6.2073993e-03   4.7400338e-03  -1.0428839e-03
  -1.6072971e-01   7.3024509e-03   1.8336948e-01   6.7888710e-03   4.8022363e-03  -8.4531371e-04
  -1.5440412e-01  -1.5684503e-02   1.8784650e-01   6.3051334e-03   4.1138650e-03  -7.9842447e-04
  -1.5329174e-01  -2.3398448e-02   1.9670395e-01   5.9027972e-03   4.3304785e-03  -7.3964920e-04
  -1.5599132e-01  -1.4829846e-02   2.0047690e-01   5.9482165e-03   4.1150722e-03  -7.4749985e-04
  -1.5236145e-01   6.3820044e-03   1.8820890e-01   6.2725216e-03   4.5282594e-03  -8.8089547e-04
  -1.5453943e-01  -1.3187875e-02   1.9999998e-01   5.7526608e-03   4.3430634e-03  -5.8001921e-04
  -1.4989451e-01  -2.3737174e-02   2.0879982e-01   5.8626358e-03   4.1964076e-03  -7.6647355e-04
  -1.4896685e-01  -2.4865126e-02   1.9523621e-01   6.1050708e-03   4.4895402e-03  -7.8990883e-04
  -1.4960596e-01  -2.0373376e-02   1.7746641e-01   6.1363470e-03   4.4670764e-03  -7.2492924e-04
  -1.4145807e-01  -2.8704408e-02   1.7134038e-01   6.3586371e-03   4.3502391e-03  -6.7369542e-04
  -1.4698441e-01  -7.2719979e-03   1.5485237e-01   6.5470084e-03   4.5509626e-03  -7.9337082e-04
  -1.4852140e-01   3.3136747e-03   1.5764073e-01   6.1536524e-03   4.4883948e-03  -6.6800522e-04
  -1.4894636e-01  -4.1125459e-03   1.6598910e-01   6.1648168e-03   4.5889836e-03  -7.4510662e-04
  -1.5236063e-01  -2.7764622e-03   1.4707612e-01   6.2551945e-03   4.4772964e-03  -6.2925804e-04
  -1.5481792e-01  -1.2994110e-03   1.3809582e-01   5.9779881e-03   4.5002735e-03  -5.7696197e-04
  -1.5422411e-01  -2.5628789e-03   1.4616886e-01   5.8033050e-03   4.3677255e-03  -5.4498561e-04
  -1.5284215e-01   5.4983827e-03   1.4307143e-01   5.9220412e-03   4.4721804e-03  -5.0608530e-04
  -1.4909010e-01   1.5138418e-02   1.1918873e-01   6.2021793e-03   4.4828549e-03  -6.0019700e-04
  -1.4965316e-01  -1.4796194e-04   1.2925878e-01   5.3175188e-03   4.5021254e-03  -7.4795787e-04
  -1.4961800e-01  -4.3194942e-03   1.4104349e-01   5.8477804e-03   4.5617707e-03  -7.0778199e-04
  -1.4806637e-01   3.5223425e-03   1.2357644e-01   5.9842363e-03   4.2186895e-03  -5.3078541e-04
  -1.4681899e-01   3.3977382e-02   1.2497912e-01   5.2001628e-03   4.9420709e-03  -7.8109444e-04
  -1.4365927e-01   3.1381592e-02   1.1821206e-01   6.4760785e-03   4.9028689e-03  -5.1097351e-04
  -1.3741134e-01   3.8456867e-02   7.5817367e-02   7.0023405e-03   4.7467052e-03  -3.7315511e-04
  -1.4683495e-01   4.0174991e-02   9.5398628e-02   5.6627814e-03   4.9559187e-03  -6.3273928e-04
  -1.5574663e-01   6.5621345e-02   9.8125721e-02   5.6255644e-03   4.8410959e-03  -5.6650981e-04
  -1.4971385e-01   6.0543239e-02   1.0209130e-01   5.7937879e-03   4.6941016e-03  -5.4956337e-04
  -1.5195325e-01   2.6931795e-02   1.2266867e-01   5.3544718e-03   4.2933421e-03  -4.4024525e-04
  -1.4407300e-01   3.6000983e-02   1.0607334e-01   4.9329115e-03   4.6513492e-03  -8.3052076e-04
  -1.4705362e-01   3.0840768e-02   1.4020054e-01   4.6170070e-03   4.7555787e-03  -6.3591241e-04
  -1.4992601e-01   3.2856640e-02   1.2028309e-01   5.1175120e-03   4.9530944e-03  -7.8500504e-04
  -1.3277846e-01   1.9539104e-02   1.1018413e-01   5.5329063e-03   4.5665589e-03  -5.1746080e-04
  -1.3685421e-01   1.8503321e-02   1.1026579e-01   5.0712693e-03   4.4629662e-03  -5.4256790e-04
  -1.4331634e-01   3.0425152e-02   8.6828232e-02   5.0497958e-03   4.3029816e-03  -4.2498519e-04
  -1.4429548e-01   4.2367233e-02   1.1261643e-01   5.2238926e-03   4.7016434e-03  -6.0918660e-04
  -1.4797142e-01   4.3352048e-02   1.1396207e-01   5.7030733e-03   4.5789689e-03  -5.0564880e-04
  -1.4025162e-01   4.6870625e-02   9.0852269e-02   6.5376814e-03   4.6985171e-03  -6.4201726e-04
  -1.3351529e-01   3.7954703e-02   1.1159865e-01   5.8652800e-03   4.1398414e-03  -1.4021430e-04
  -1.3512470e-01   3.3455536e-02   9.2984568e-02   5.8118579e-03   4.1966538e-03  -3.3314946e-04
  -1.2952719e-01   3.1464850e-02   6.6139021e-02   5.3685721e-03   4.2496481e-03  -4.2912307e-04
  -1.3248613e-01   3.9852040e-02   9.0426275e-02   5.2405009e-03   4.9084736e-03  -5.9470003e-04
  -1.4074278e-01   2.9915959e-02   9.7806844e-02   5.6243318e-03   4.6947321e-03  -3.2392124e-04
  -1.3939708e-01   2.5297651e-02   6.7230623e-02   6.0963901e-03   3.9406377e-03  -1.2605034e-04
  -1.3972938e-01   4.2311008e-02   9.4492734e-02   5.3637393e-03   4.6419604e-03  -4.7469755e-04
  -1.4030830e-01   3.3496805e-02   8.1287746e-02   5.5662839e-03   4.6463915e-03  -6.0926606e-04
  -1.3375234e-01   3.9974423e-02   4.5162607e-02   5.7419637e-03   4.2278542e-03  -3.5212645e-04
  -1.3446103e-01   4.7105779e-02   6.7057542e-02   5.6202733e-03   4.6335330e-03  -5.3097479e-04
  -1.3110173e-01   2.1459656e-02   5.1500150e-02   5.6360139e-03   4.1827852e-03  -2.8404233e-04
  -1.3367861e-01   2.7412053e-03   4.1814046e-02   4.9781692e-03   4.0528041e-03  -4.8398175e-04
  -1.3346867e-01   2.2480500e-02   3.7881507e-02   4.9249412e-03   4.0259520e-03  -2.9968463e-04
  -1.3780474e-01   3.1542735e-02   5.8255578e-02   4.7841178e-03   4.4199672e-03  -4.4825590e-04
  -1.4406591e-01   3.5119850e-02   2.8297084e-02   5.0419238e-03   4.4928297e-03  -5.4161069e-04
  -1.4102866e-01   2.9439745e-02   2.2103599e-02   4.7845394e-03   4.4877716e-03  -6.1033104e-04
  -1.3960550e-01   1.9339341e-02   3.7939804e-02   4.5769989e-03   4.1362276e-03  -1.4633275e-04
  -1.4493542e-01   2.5577961e-02   1.6943292e-02   4.9050976e-03   4.0844705e-03  -4.2637860e-04
  -1.4797606e-01   3.7157652e-02   2.8711633e-02   4.3728319e-03   3.9894308e-03  -7.0081203e-04
  -1.4528503e-01   4.2701206e-02   4.1659398e-02   4.4082810e-03   4.2742903e-03  -7.9719337e-04
  -1.4037629e-01   3.6385098e-02   2.5348381e-02   4.9168673e-03   4.0970150e-03  -5.9874291e-04
  -1.4533265e-01   2.6746891e-02   3.4042264e-02   4.3419065e-03   3.8443297e-03  -6.4676756e-04
  -1.4002121e-01   2.0866421e-02   5.5830053e-02   4.7068953e-03   3.3908262e-03  -5.0470840e-04
  -1.4491764e-01   3.8386260e-02   3.7097403e-02   4.7738212e-03   3.9776154e-03  -4.1740493e-04
  -1.4360744e-01   4.4018610e-02   1.8973090e-02   5.0000114e-03   3.6906902e-03  -1.9728517e-04
  -1.3698001e-01   6.3834918e-02  -1.1404283e-02   4.9849469e-03   4.5155740e-03  -7.3596128e-04
  -1.3787570e-01   5.1976471e-02   6.4695720e-03   4.5435186e-03   4.4900582e-03  -5.2683231e-04
  -1.2963886e-01   4.5073719e-02  -1.1295940e-02   4.4276562e-03   4.2522372e-03  -4.8380437e-04
  -1.3841091e-01   3.5285886e-02   2.1213945e-03   4.3132477e-03   4.0453123e-03  -6.4038284e-04
  -1.3137397e-01   4.0484460e-02   1.4022841e-02   4.7173310e-03   3.8887932e-03  -6.1444664e-04
  -1.3078107e-01   4.4662323e-02   3.1839600e-02   4.5975862e-03   4.1406582e-03  -5.8852134e-04
  -1.2839151e-01   1.5619330e-02   2.3487571e-02   4.6733862e-03   3.8793939e-03  -3.7733740e-04
  -1.2874421e-01   2.1276168e-02  -1.5431653e-04   4.2115914e-03   4.0762507e-03  -7.1180723e-04
  -1.2806031e-01   1.6611177e-02   2.6662175e-02   4.2349702e-03   3.6957471e-03  -3.1626580e-04
  -1.2581313e-01   3.1249154e-02   1.5297146e-02   4.5802773e-03   3.7596841e-03  -4.5689465e-04
  -1.3016066e-01   5.7817162e-02  -8.8493114e-03   4.5850281e-03   4.0716773e-03  -4.0473970e-04
  -1.2917413e-01   4.9538754e-02   4.9856142e-04   4.3786177e-03   3.5254083e-03  -1.3239789e-04
  -1.3030399e-01   5.1069855e-02  -5.9938028e-03   4.5021929e-03   3.9053480e-03  -3.7148453e-04
  -1.1239865e-01   7.6910189e-02  -4.8324218e-02   5.2485120e-03   4.3171087e-03  -5.4374267e-04
  -1.3042805e-01   9.3099004e-02  -2.6746416e-02   5.1236449e-03   4.4129023e-03  -4.4526191e-04
  -1.3463858e-01   8.4434844e-02  -1.2834434e-02   6.0803284e-03   4.4171402e-03  -5.7389523e-04
  -1.3437151e-01   3.9628539e-02   2.0094900e-02   6.0046861e-03   3.4666449e-03  -2.1476996e-04
  -1.3585338e-01   5.0971859e-02   7.8341024e-03   5.3266351e-03   3.1266499e-03  -3.1219747e-04
  -1.3895894e-01   4.2577305e-02   8.3718265e-02   5.4631023e-03   3.6834979e-03  -5.9255128e-04
  -1.3954708e-01   4.9357737e-02   1.0040939e-01   4.6513365e-03   3.6549973e-03  -4.8814909e-04
  -1.3413089e-01   4.8310568e-02   8.2502122e-02   4.1458991e-03   3.6877871e-03  -4.6439829e-04
  -1.3458856e-01   4.4817557e-02   9.6538113e-02   4.2801687e-03   3.5506909e-03  -2.0071996e-04
  -1.2714876e-01   3.1065683e-02   6.6231336e-02   4.9004456e-03   3.6285912e-03  -2.6924954e-04
  -1.2912498e-01   2.2545447e-02   9.7832419e-02   4.3536998e-03   3.8413428e-03  -2.5519423e-04
  -1.2991112e-01   1.4738188e-02   9.4835039e-02   4.4235718e-03   3.7254241e-03  -3.5256805e-04
  -1.2247565e-01   1.1602655e-02   4.7357483e-02   5.0277760e-03   3.6478045e-03  -3.5901222e-04
  -1.2808263e-01  -7.6170648e-03   5.7583868e-02   4.0706564e-03   3.9684576e-03  -3.0933760e-04
  -1.2767881e-01  -2.9754037e-03   4.8124867e-02   4.4588592e-03   3.7235263e-03  -5.0108785e-04
  -1.2739507e-01   5.4016993e-03  -1.6351137e-03   5.2569508e-03   3.5872440e-03  -4.9108612e-04
  -1.2975278e-01   1.5850702e-02   1.1960944e-02   4.5024500e-03   3.8444914e-03  -2.9542297e-04
  -1.3428175e-01   3.1157351e-02  -8.7854175e-03   4.7396250e-03   4.2308728e-03  -5.3419955e-04
  -1.2441065e-01   1.5943931e-02  -2.3037455e-02   4.8952987e-03   3.7969740e-03  -3.3190931e-04
  -1.2101732e-01   2.0350529e-02  -1.5058525e-03   4.8069444e-03   3.7813008e-03  -3.2942172e-04
  -1.3514826e-01   4.2904754e-02  -1.6326955e-02   4.7025064e-03   4.3380758e-03  -3.6619432e-04
  -1.2931197e-01  -5.0155429e-04   1.1991405e-02   4.3657030e-03   3.8074206e-03  -2.6224732e-04
  -1.2945246e-01   1.4282820e-02   7.9617030e-03   4.8640563e-03   3.5810336e-03  -1.3615802e-04
  -1.3053266e-01   2.5826513e-02  -2.1275479e-02   4.7297788e-03   3.6434347e-03  -1.8815686e-04
  -1.3157914e-01   1.9206569e-02  -1.5200960e-02   5.1386889e-03   3.6981778e-03  -2.4010871e-04
  -1.2796028e-01   3.3253666e-02  -1.1856609e-02   5.1517094e-03   3.5620055e-03  -3.3128124e-04
  -1.2688341e-01   4.6756013e-02  -2.1621896e-02   5.3783765e-03   3.9657768e-03  -3.4256301e-04
  -1.2918465e-01   5.5403361e-02  -4.9550231e-02   6.0158056e-03   3.8329434e-03  -1.4920796e-04
  -1.2924799e-01   7.1041378e-02  -5.9227992e-02   5.5451786e-03   4.1383515e-03  -2.9225422e-04
  -1.2985081e-01   6.4181657e-02  -4.5629636e-02   6.5459297e-03   4.2030403e-03  -5.8291051e-04
  -1.4180548e-01   4.1554855e-02  -4.7048178e-02   7.0172155e-03   3.9407747e-03  -7.5960942e-04
  -1.4346782e-01   5.3159019e-02  -8.6505310e-03   6.3519590e-03   4.3748935e-03  -8.8955810e-04
  -1.3869472e-01   6.2283988e-02  -2.8749102e-02   7.0535849e-03   4.0855114e-03  -6.6454969e-04
  -1.4704260e-01   5.6173298e-02  -2.0350333e-02   6.8206574e-03   3.8082197e-03  -3.9875201e-04
  -1.3992982e-01   2.7287272e-02  -8.1681287e-03   6.1218086e-03   3.9765915e-03  -6.8459908e-04
  -1.4115521e-01   1.9296756e-02  -1.9829572e-02   6.1881908e-03   4.0877451e-03  -5.6883529e-04
  -1.3578099e-01   2.2411801e-02  -3.0839491e-02   6.3857444e-03   4.0109944e-03  -6.0879994e-04
  -1.4212094e-01   1.8354181e-02  -3.0520124e-02   6.1082741e-03   3.8031210e-03  -5.7797397e-04
  -1.4203439e-01   4.2093181e-03  -2.5361704e-02   6.1769453e-03   3.5242066e-03  -6.8228777e-04
  -1.4003627e-01   7.6134121e-03  -4.9506365e-02   6.2149203e-03   3.4993995e-03  -8.1536590e-04
  -1.4094474e-01   2.3514276e-02  -5.5275980e-02   5.8485012e-03   3.7299891e-03  -9.8420801e-04
  -1.4864622e-01   2.5009987e-02  -4.6807576e-02   5.6499069e-03   3.5655160e-03  -8.3852714e-04
  -1.4594344e-01   2.9069589e-02  -7.7483001e-02   5.7821341e-03   3.5077386e-03  -9.9702687e-04
  -1.4359046e-01   3.9270505e-02  -9.0024733e-02   5.8154763e-03   3.5201706e-03  -1.0565055e-03
  -1.4970246e-01   3.8471229e-02  -6.8948240e-02   5.7417602e-03   3.4803753e-03  -9.8735492e-04
  -1.4795092e-01   4.0359250e-02  -8.2596425e-02   6.1165871e-03   3.4297131e-03  -9.0164225e-04
  -1.4680560e-01   3.1239358e-02  -6.5199646e-02   5.9633341e-03   3.5787369e-03  -9.3933762e-04
  -1.4432159e-01   3.1651274e-02  -5.2750889e-02   5.9630667e-03   3.9793065e-03  -1.2981334e-03
  -1.4686711e-01   1.9450025e-02  -3.9463925e-02   6.1829559e-03   3.5149152e-03  -9.5478408e-04
  -1.4698509e-01   4.6821035e-02  -6.4162399e-02   6.5206203e-03   3.4881951e-03  -9.6454225e-04
  -1.4859684e-01   5.5155999e-02  -4.2604369e-02   6.2198568e-03   3.6505493e-03  -9.8376403e-04
  -1.4722117e-01   4.8277350e-02  -2.0084365e-02   6.3111252e-03   3.4963767e-03  -9.9016095e-04
  -1.5676421e-01   6.7591003e-02  -2.8947949e-02   6.4026992e-03   3.7068430e-03  -1.2211459e-03
  -1.5101126e-01   5.6766752e-02  -1.8575403e-02   6.4106113e-03   3.7803261e-03  -1.2045341e-03
  -1.4747962e-01   4.5542764e-02  -3.8125136e-02   5.9634964e-03   3.5470910e-03  -1.0203654e-03
  -1.4159924e-01   6.3802927e-02  -2.6086764e-02   5.8608252e-03   4.3451855e-03  -1.4452738e-03
  -1.4194653e-01   6.7218847e-02  -3.6286723e-02   6.6504887e-03   3.9783033e-03  -1.1797726e-03
  -1.3607979e-01   6.2668068e-02  -6.1037655e-02   7.2606122e-03   2.9670631e-03  -9.3457648e-04
  -1.3415625e-01   7.5473377e-02  -3.3806124e-02   6.4740574e-03   3.6866941e-03  -1.2769265e-03
  -1.4121787e-01   6.2429008e-02  -3.0291270e-02   6.8987687e-03   3.5822680e-03  -1.0858351e-03
  -1.3432985e-01   3.0863972e-02   4.8588380e-03   9.2420944e-03   3.6399238e-03  -1.4260165e-03
  -1.4849889e-01   5.2676288e-03   6.6797763e-02   1.3450307e-02   3.9677706e-03  -2.0938218e-03
  -1.4787346e-01   1.3680546e-02   1.0675550e-01   1.3174038e-02   4.0052758e-03  -1.9896721e-03
  -1.4375049e-01  -1.7733728e-02   1.4786382e-01   1.3784528e-02   3.3952653e-03  -2.2603014e-03
  -1.3294243e-01   7.4303041e-03   1.4313836e-01   1.2630518e-02   3.5884635e-03  -2.1908062e-03
  -1.2642020e-01   1.7254668e-02   1.1120782e-01   1.3167030e-02   3.2311818e-03  -2.0461226e-03
  -1.2833206e-01   3.2009966e-03   1.6277631e-01   1.2312405e-02   3.2410007e-03  -1.9876897e-03
  -1.3228330e-01   1.1018689e-02   1.3005785e-01   1.2981442e-02   2.8486702e-03  -1.9132643e-03
  -1.2966271e-01  -4.4644153e-03   2.0469698e-01   1.3499215e-02   3.1296781e-03  -2.1482374e-03
  -1.4097712e-01   6.1524194e-03   1.8559540e-01   1.3334517e-02   3.1242015e-03  -2.0202392e-03
  -1.3816040e-01   2.8882541e-02   1.9344819e-01   1.3594962e-02   2.8853870e-03  -2.0712070e-03
  -1.4715960e-01  -8.9504534e-03   3.1025535e-01   1.2684187e-02   2.8391055e-03  -1.7846017e-03
  -1.5305545e-01  -1.1879538e-02   3.5742549e-01   1.4019764e-02   3.0991422e-03  -1.8320264e-03
  -1.4565601e-01  -2.4998427e-02   3.4425624e-01   1.3599527e-02   3.1139780e-03  -2.0558480e-03
  -1.5485129e-01  -1.3379576e-03   3.1497021e-01   1.4093805e-02   3.2122306e-03  -2.0881423e-03
  -1.5180370e-01  -2.4326273e-02   3.8373379e-01   1.4739482e-02   3.2201244e-03  -2.0280297e-03
  -1.6722404e-01  -2.5605067e-02   5.3998901e-01   1.5515568e-02   4.1898265e-03  -2.1885977e-03
  -1.6834223e-01  -6.2022270e-02   5.7787729e-01   1.6347735e-02   3.1980377e-03  -1.3039210e-03
  -1.7031622e-01  -8.8522561e-02   6.2717795e-01   1.6238916e-02   3.6180442e-03  -1.5658316e-03
  -1.5495755e-01  -8.6847382e-02   7.3218538e-01   1.5390531e-02   3.5058828e-03  -2.1869409e-03
  -1.6176460e-01  -7.0521395e-02   7.8339184e-01   1.5964615e-02   3.5996765e-03  -1.9963792e-03
  -1.6047288e-01  -6.0461802e-02   7.4106072e-01   1.5946826e-02   3.3532588e-03  -2.0068346e-03
  -1.6259770e-01  -9.5193914e-02   8.2715259e-01   1.5787485e-02   3.9566733e-03  -2.3331956e-03
  -1.5863453e-01  -9.6392311e-02   8.8331705e-01   1.7724963e-02   3.4319930e-03  -2.4201887e-03
  -1.7112848e-01  -5.2478396e-02   8.4808611e-01   1.7798387e-02   4.1503202e-03  -2.7664965e-03
  -1.5522414e-01  -4.6932276e-02   6.1153117e-01   1.8803989e-02   2.6943193e-03  -2.7311837e-03
  -1.5542771e-01  -3.7443206e-02   5.1301004e-01   1.8305776e-02   2.2401362e-03  -2.6730749e-03
  -1.5686727e-01  -4.9672028e-02   5.2890032e-01   1.7711331e-02   2.3859610e-03  -2.9607324e-03
