6.3057e-08
4.5115e-07
1.26e-05
4.0228e-05
6.9891e-05
8.0809e-05
8.1886e-05
8.3698e-05
7.9821e-05
7.8865e-05
7.3111e-05
5.4594e-05
4.5348e-05
5.5248e-05
7.0464e-05
7.1819e-05
6.9384e-05
7.5629e-05
7.0794e-05
6.0572e-05
5.4249e-05
4.4864e-05
4.2818e-05
5.4976e-05
7.8454e-05
8.355e-05
7.476e-05
6.8642e-05
7.2418e-05
8.3304e-05
8.2525e-05
6.9031e-05
5.9271e-05
5.0915e-05
4.8926e-05
5.2094e-05
6.0635e-05
6.7327e-05
7.0362e-05
7.4118e-05
6.9203e-05
6.2102e-05
5.5165e-05
6.0233e-05
6.568e-05
5.8104e-05
5.3531e-05
5.7682e-05
6.6303e-05
6.5846e-05
7.1067e-05
6.7798e-05
6.4245e-05
6.7562e-05
7.0172e-05
6.3647e-05
5.6125e-05
5.853e-05
6.3634e-05
7.3962e-05
8.0725e-05
6.9662e-05
6.7624e-05
7.8173e-05
7.7632e-05
7.414e-05
7.8483e-05
7.1921e-05
5.625e-05
5.0642e-05
4.8451e-05
5.9641e-05
6.4098e-05
5.9482e-05
5.9283e-05
7.032e-05
7.9453e-05
8.676e-05
7.9641e-05
5.4387e-05
5.2312e-05
6.2671e-05
5.7766e-05
5.931e-05
7.2243e-05
8.7378e-05
8.5631e-05
6.1678e-05
3.4844e-05
3.169e-05
4.1854e-05
5.4163e-05
6.4518e-05
6.7881e-05
7.6219e-05
7.8048e-05
7.5049e-05
7.8984e-05
8.2597e-05
7.8859e-05
7.6574e-05
8.1943e-05
8.3719e-05
7.8776e-05
7.2199e-05
6.8962e-05
6.2689e-05
5.467e-05
5.0007e-05
5.3812e-05
5.2565e-05
4.6828e-05
5.1398e-05
5.9272e-05
7.4303e-05
7.8545e-05
6.1837e-05
4.9615e-05
5.9782e-05
7.6923e-05
8.062e-05
8.7186e-05
8.321e-05
6.7025e-05
5.5745e-05
5.3942e-05
6.3987e-05
7.6214e-05
7.4994e-05
7.5784e-05
7.2382e-05
7.0818e-05
6.0213e-05
4.2653e-05
4.5058e-05
5.2069e-05
4.9735e-05
5.3537e-05
5.0679e-05
5.1472e-05
5.9503e-05
6.3655e-05
7.2756e-05
8.6588e-05
9.5533e-05
9.1609e-05
7.9043e-05
6.1627e-05
5.2854e-05
5.7303e-05
6.6359e-05
6.6162e-05
5.9483e-05
5.6594e-05
5.8861e-05
6.5147e-05
7.2113e-05
7.4562e-05
8.0996e-05
8.4291e-05
7.5573e-05
6.1494e-05
5.9089e-05
5.4186e-05
4.4604e-05
5.0736e-05
6.1567e-05
5.8798e-05
6.1899e-05
7.2874e-05
7.5865e-05
7.0687e-05
6.4988e-05
6.6093e-05
6.2906e-05
6.3771e-05
7.1007e-05
8.3944e-05
8.7949e-05
8.0802e-05
7.6782e-05
7.9569e-05
7.7349e-05
7.1571e-05
7.4721e-05
7.6172e-05
7.1487e-05
6.9763e-05
7.8525e-05
8.5549e-05
7.4465e-05
6.4773e-05
6.1465e-05
5.1521e-05
4.7147e-05
4.6833e-05
5.1907e-05
5.8082e-05
5.9345e-05
7.3542e-05
7.714e-05
7.5539e-05
8.168e-05
8.405e-05
7.5565e-05
7.1039e-05
6.8826e-05
6.5086e-05
6.1449e-05
5.7616e-05
6.4956e-05
6.264e-05
4.8466e-05
5.0559e-05
5.5719e-05
5.4469e-05
5.463e-05
5.7169e-05
5.5029e-05
5.8819e-05
6.8575e-05
7.1928e-05
6.6982e-05
6.6887e-05
7.1525e-05
7.0435e-05
6.7237e-05
6.5825e-05
7.1941e-05
7.5573e-05
7.3611e-05
6.7421e-05
6.1035e-05
6.1209e-05
6.7484e-05
6.4675e-05
5.6999e-05
6.6089e-05
7.5588e-05
7.8499e-05
8.3656e-05
8.4099e-05
6.7702e-05
5.6765e-05
5.223e-05
4.7069e-05
5.5923e-05
7.1175e-05
6.9437e-05
6.425e-05
6.6968e-05
7.5297e-05
8.1859e-05
7.4062e-05
7.1653e-05
7.3675e-05
6.7961e-05
6.4711e-05
6.5083e-05
6.37e-05
6.1303e-05
6.3964e-05
6.2567e-05
6.2801e-05
7.4404e-05
8.4759e-05
8.029e-05
7.0452e-05
7.0637e-05
7.1054e-05
6.7546e-05
5.3916e-05
4.7682e-05
5.243e-05
5.5988e-05
6.0291e-05
6.0128e-05
4.5033e-05
3.7647e-05
3.8903e-05
3.9352e-05
3.5614e-05
2.8923e-05
3.9523e-05
5.6457e-05
6.3749e-05
6.9077e-05
7.9856e-05
9.2628e-05
9.0988e-05
7.1652e-05
6.2772e-05
7.1121e-05
7.3434e-05
6.7901e-05
6.4824e-05
6.444e-05
6.2505e-05
6.2368e-05
6.5537e-05
7.5968e-05
8.1771e-05
7.9706e-05
7.1682e-05
6.3068e-05
6.123e-05
6.1626e-05
6.5001e-05
7.2337e-05
7.5045e-05
8.0454e-05
8.1799e-05
7.3602e-05
6.621e-05
6.7021e-05
7.9725e-05
8.2071e-05
7.4477e-05
6.8713e-05
6.0293e-05
4.5639e-05
4.3948e-05
4.8157e-05
5.2554e-05
5.3036e-05
4.8631e-05
5.3826e-05
5.7094e-05
5.8307e-05
6.2932e-05
6.6336e-05
7.342e-05
8.0918e-05
7.391e-05
6.4858e-05
6.1981e-05
5.514e-05
5.6788e-05
6.7687e-05
7.3333e-05
6.697e-05
6.9432e-05
7.1928e-05
6.9161e-05
6.7803e-05
6.2798e-05
5.3459e-05
4.091e-05
4.7992e-05
6.9135e-05
8.2422e-05
8.1392e-05
7.9923e-05
8.2057e-05
7.0027e-05
5.6816e-05
4.659e-05
3.7993e-05
4.5856e-05
7.2305e-05
7.6949e-05
8.5137e-05
