-8.8367e-06
0.00015235
0.001456
0.0036819
0.0046894
0.0041641
0.0036239
0.003245
0.0032498
0.0037989
0.004008
0.0035772
0.004579
0.0058558
0.0060188
0.0056401
0.0060659
0.0070687
0.0069558
0.0062142
0.0046476
0.0038618
0.0045276
0.0052674
0.0062685
0.0069649
0.0075016
0.0080905
0.0086341
0.0084847
0.0071748
0.005897
0.0055836
0.0051801
0.0052919
0.005981
0.0058421
0.0052657
0.0056804
0.0058031
0.0059308
0.0060349
0.0051923
0.0045377
0.0038758
0.0042491
0.005331
0.0055728
0.004838
0.0045407
0.0050589
0.0054864
0.0056578
0.0048928
0.0038117
0.003122
0.0041028
0.0056729
0.0064619
0.0064322
0.0058553
0.0046881
0.0042523
0.0042772
0.0037722
0.0038564
0.0050482
0.0049969
0.0044881
0.0046615
0.0044271
0.0042748
0.0045676
0.0049221
0.0042471
0.0039939
0.0044208
0.0042349
0.0028711
0.0018021
0.0020518
0.0028455
0.0034786
0.0040944
0.0051879
0.006214
0.0050651
0.0036557
0.003428
0.0033417
0.0039051
0.0061604
0.0069065
0.0065531
0.0074224
0.0082881
0.0079868
0.0069145
0.0057282
0.0055581
0.0051829
0.0040302
0.0031109
0.0026125
0.0032886
0.0048562
0.0050216
0.004736
0.004768
0.0044926
0.0036325
0.0035525
0.0046818
0.0057452
0.0066968
0.0067484
0.0053481
0.0038764
0.003253
0.0026642
0.0027701
0.0045748
0.0054124
0.0059197
0.0058534
0.0048385
0.0049731
0.0048421
0.0049035
0.0057152
0.0061384
0.0055114
0.0037632
0.0028887
0.0041867
0.0050323
0.0049094
0.0052694
0.0042851
0.0041366
0.0057445
0.0062467
0.0061065
0.0064021
0.006485
0.0057344
0.0047347
0.0044476
0.0038543
0.0034862
0.0029832
0.0024469
0.0025025
0.0028114
0.0034131
0.0036306
0.003181
0.0037409
0.0046054
0.0047578
0.0049036
0.0050896
0.0056391
0.0060221
0.0057177
0.004648
0.0033351
0.0023282
0.002862
0.0034647
0.0037118
0.00395
0.0041417
0.0047181
0.0050987
0.0058125
0.0063032
0.005679
0.0053681
0.0061126
0.0059525
0.0058964
0.00578
0.005298
0.0050538
0.0045011
0.0043403
0.0050294
0.0066251
0.0074213
0.0070181
0.0065856
0.0056529
0.0045271
0.0048229
0.0053229
0.0056646
0.005884
0.0056343
0.0054185
0.0049162
0.0056392
0.0061186
0.0051601
0.0041193
0.0039498
0.0036812
0.0040152
0.0049306
0.0050386
0.0053802
0.0051253
0.0048067
0.0052545
0.0052734
0.0048376
0.0045957
0.0053945
0.0057447
0.0052362
0.0060832
0.0070166
0.0062005
0.005071
0.0046547
0.0042937
0.0044556
0.0057057
0.0060901
0.0060308
0.0064881
0.0064373
0.0061887
0.0057687
0.006258
0.0059839
0.0051542
0.0056977
0.0060069
0.0058078
0.0060239
0.005914
0.0045656
0.0031724
0.002411
0.0023474
0.0028927
0.004263
0.0046851
0.0041299
0.0050691
0.0069216
0.007133
0.0063128
0.0063695
0.0060447
0.0053956
0.0046889
0.0045315
0.004663
0.0043523
0.0040149
0.0032515
0.003342
0.0039339
0.0044342
0.004419
0.0041067
0.0041361
0.0040906
0.0032822
0.0027748
0.0031759
0.0033875
0.0036477
0.0036374
0.0035086
0.0035097
0.0036106
0.002996
0.0026411
0.0020237
0.0026716
0.0044031
0.0051188
0.0060289
0.0071152
0.0073145
0.0072724
0.0067692
0.0053498
0.0045055
0.0045766
0.0048074
0.0048456
0.0044101
0.0045456
0.0056623
0.0060842
0.0054687
0.005383
0.0054721
0.0042643
0.0032508
0.0043482
0.0054122
0.0053128
0.0058157
0.0067103
0.0067485
0.0057372
0.0041477
0.0034601
0.0039248
0.0038451
0.0032682
0.0031022
0.003168
0.0034704
0.0029613
0.0027881
0.0045986
0.0047873
0.004888
0.0057002
0.0058375
0.0050571
0.0038667
0.0043099
0.0046542
0.0041601
0.0038517
0.0034903
0.0033896
0.0047173
0.0051551
0.0043269
0.0035525
0.0038979
0.0055174
0.0058389
0.0052032
0.0040866
0.0040168
0.0042356
0.0037527
0.0030291
0.0023568
0.0029647
0.0046998
0.0058717
0.0061539
0.0059637
0.0051342
0.0036989
0.0032445
0.0032814
0.0029662
0.003306
0.0044361
0.0045866
0.0051581
