-8.6171e-06
0.00014901
0.0014441
0.0036703
0.0046895
0.0041681
0.0036265
0.0032464
0.0032481
0.0037951
0.0040103
0.0035768
0.0045696
0.0058515
0.0060205
0.0056413
0.0060598
0.0070655
0.0069591
0.0062205
0.0046576
0.0038602
0.0045235
0.0052619
0.0062632
0.0069614
0.0074984
0.0080866
0.0086323
0.0084889
0.0071847
0.005901
0.0055852
0.0051822
0.0052885
0.0059782
0.0058463
0.0052661
0.0056774
0.0058038
0.0059285
0.0060376
0.0051974
0.0045413
0.0038783
0.0042428
0.0053265
0.0055747
0.004843
0.0045388
0.005056
0.0054839
0.0056594
0.0048991
0.003818
0.0031219
0.0040929
0.0056656
0.0064599
0.006434
0.0058608
0.0046944
0.0042517
0.004279
0.003775
0.0038516
0.0050424
0.0050019
0.0044876
0.0046618
0.0044284
0.0042751
0.0045639
0.0049235
0.0042514
0.0039926
0.0044185
0.0042402
0.00288
0.0018047
0.0020473
0.0028415
0.003475
0.0040903
0.0051792
0.0062138
0.005076
0.00366
0.003428
0.0033424
0.0038957
0.006148
0.0069092
0.0065517
0.0074154
0.0082861
0.0079914
0.0069221
0.0057325
0.0055575
0.0051884
0.004037
0.0031151
0.0026134
0.0032796
0.0048501
0.0050239
0.0047365
0.0047679
0.0044965
0.003637
0.0035484
0.0046744
0.0057396
0.0066922
0.0067531
0.0053581
0.0038827
0.0032553
0.0026682
0.0027627
0.0045651
0.0054105
0.0059162
0.0058587
0.0048417
0.004971
0.0048446
0.0048995
0.0057111
0.0061379
0.0055197
0.0037733
0.0028871
0.0041767
0.0050329
0.0049076
0.0052704
0.0042924
0.0041298
0.0057364
0.0062477
0.0061058
0.0064003
0.0064866
0.0057413
0.004738
0.0044496
0.003858
0.0034877
0.0029874
0.0024481
0.0025012
0.0028087
0.0034094
0.0036323
0.003182
0.0037344
0.0046031
0.0047571
0.004903
0.0050873
0.0056357
0.0060213
0.0057222
0.0046552
0.0033433
0.0023298
0.0028565
0.0034634
0.0037097
0.0039496
0.0041389
0.0047152
0.0050959
0.0058076
0.0063035
0.0056843
0.0053651
0.00611
0.0059549
0.0058953
0.005783
0.0052996
0.0050563
0.004504
0.0043392
0.0050219
0.006616
0.0074213
0.0070212
0.0065885
0.0056609
0.0045299
0.0048186
0.0053214
0.0056619
0.0058849
0.0056352
0.0054214
0.0049165
0.0056327
0.0061207
0.0051676
0.0041228
0.0039499
0.003683
0.0040092
0.0049281
0.0050377
0.0053786
0.005129
0.0048055
0.0052523
0.0052751
0.0048407
0.0045941
0.0053887
0.005747
0.0052367
0.0060746
0.0070166
0.0062081
0.0050756
0.004656
0.0042962
0.00445
0.0056993
0.0060911
0.0060291
0.0064863
0.0064387
0.0061909
0.0057693
0.0062543
0.0059906
0.0051544
0.0056937
0.0060073
0.0058084
0.0060216
0.0059189
0.0045747
0.0031792
0.0024129
0.0023466
0.0028863
0.0042556
0.0046877
0.0041306
0.0050583
0.0069139
0.0071375
0.0063153
0.0063687
0.0060487
0.0053993
0.0046927
0.0045299
0.0046643
0.0043536
0.0040188
0.0032546
0.0033388
0.0039306
0.0044322
0.004421
0.0041076
0.0041354
0.0040927
0.0032882
0.0027739
0.0031739
0.0033861
0.0036467
0.003638
0.0035095
0.0035083
0.0036124
0.0029994
0.0026434
0.0020263
0.0026615
0.0043958
0.0051155
0.0060216
0.0071111
0.007315
0.0072727
0.0067757
0.0053579
0.004507
0.0045752
0.0048063
0.0048468
0.0044127
0.0045408
0.0056561
0.006086
0.0054721
0.0053812
0.0054748
0.004274
0.0032504
0.0043387
0.0054106
0.0053131
0.00581
0.0067069
0.0067515
0.0057458
0.0041561
0.0034594
0.0039223
0.0038482
0.0032708
0.0031022
0.0031669
0.0034694
0.0029672
0.002781
0.0045902
0.0047904
0.0048832
0.0056973
0.0058385
0.0050652
0.0038693
0.0043048
0.0046557
0.004163
0.0038529
0.0034933
0.0033857
0.004709
0.0051583
0.004332
0.0035558
0.0038897
0.0055103
0.0058408
0.005209
0.0040916
0.004014
0.0042369
0.0037562
0.0030342
0.0023581
0.0029564
0.0046898
0.0058679
0.0061538
0.0059663
0.0051419
0.0037059
0.0032438
0.0032827
0.0029674
0.0033001
0.004432
0.0045851
0.0051592
