   0.0000000e+00   0.0000000e+00  -7.1054274e-15   6.9388939e-18   0.0000000e+00   0.0000000e+00
   1.7254289e-02   8.1557097e-02   4.6891329e-01   2.3703354e-03  -5.5063321e-04  -2.5170564e-03
   2.1097778e-02   4.6547554e-02   6.4122029e-01   1.6552600e-03  -1.6842029e-04  -2.4588961e-03
   2.3466924e-02   3.8537014e-02   6.4751552e-01   1.5536207e-03  -6.0806395e-04  -2.3502134e-03
   2.1603643e-02   3.3234923e-02   6.1335168e-01   1.0987935e-03  -3.7537766e-04  -2.4622954e-03
   1.8790074e-02   3.2975229e-02   6.0840185e-01   7.0907802e-04  -4.3804529e-04  -2.4601904e-03
   9.5651787e-03   4.7097871e-02   5.8049783e-01   1.3722561e-03  -6.1592954e-04  -2.4650220e-03
   1.6642515e-02   4.1811175e-02   6.1870682e-01   8.8336072e-04  -5.7195180e-04  -2.6293712e-03
   1.7813552e-02   3.9775289e-02   6.2035963e-01   1.2495885e-03  -7.2237634e-04  -2.6059358e-03
   1.8394948e-02   3.8906915e-02   5.8108248e-01   1.2785480e-03  -6.5880138e-04  -2.6868423e-03
   1.1570550e-02   2.6863755e-02   5.7853040e-01   7.8969176e-04  -6.0065963e-04  -2.5649501e-03
   1.8396036e-02   1.5211022e-02   5.7848092e-01   6.0912550e-04  -1.1975130e-03  -2.6006966e-03
   1.4703061e-02   2.4534053e-02   5.8548461e-01   6.8576312e-04  -9.3137726e-04  -2.7450675e-03
   1.7608932e-02   1.8370749e-02   6.0202811e-01   7.5439309e-04  -9.9748843e-04  -2.7769244e-03
   2.2917196e-02   5.2868320e-03   6.2904076e-01   7.7716176e-04  -9.5793580e-04  -2.7770982e-03
   2.7895761e-02   1.4775157e-03   5.9777781e-01   1.6421550e-04  -1.2632620e-03  -2.8581799e-03
   2.6870783e-02   2.1994650e-02   5.8344454e-01  -2.2668269e-05  -1.3108551e-03  -2.7138374e-03
   2.7250818e-02   2.8228922e-02   5.8509694e-01   9.6030891e-04  -9.9245009e-04  -2.8015546e-03
   3.1116350e-02   9.6826238e-03   6.1043158e-01   1.1276417e-03  -1.0595458e-03  -2.8386590e-03
   3.3333394e-02  -2.5225034e-03   6.0697984e-01   1.1941477e-03  -8.6985957e-04  -2.7724679e-03
   3.3650737e-02   2.3424060e-03   5.8239684e-01   1.1152029e-03  -8.5626457e-04  -2.7539473e-03
   3.6181918e-02   2.9397884e-03   5.8251427e-01   7.7788573e-04  -7.0807964e-04  -2.7499929e-03
   3.9161553e-02  -1.4649663e-02   6.0000367e-01   7.7801879e-04  -1.1680446e-03  -2.5811253e-03
   3.5618187e-02  -5.5401655e-03   5.9629727e-01   1.1065085e-03  -7.7756702e-04  -2.7197813e-03
   3.7350960e-02  -1.0060225e-03   5.8673051e-01   5.1761776e-04  -1.0926560e-03  -2.7217129e-03
   3.2694504e-02   5.4399296e-03   5.6744467e-01   9.1102165e-04  -6.7259065e-04  -2.7079726e-03
   3.2156737e-02   1.4436669e-02   5.4798996e-01   1.7104039e-03  -7.9771452e-04  -2.5965509e-03
   3.0131492e-02   1.3184953e-02   5.4762301e-01   2.0549310e-03  -9.5696984e-04  -2.5426482e-03
   3.1635233e-02   5.0917402e-03   5.6230273e-01   2.3009323e-03  -9.2999111e-04  -2.7326428e-03
   3.5511893e-02  -1.5343020e-02   5.7386497e-01   2.0744138e-03  -6.0819234e-04  -2.8043582e-03
   2.9769827e-02  -1.6865971e-02   5.4750238e-01   2.2430151e-03  -2.8935904e-04  -2.7718652e-03
   3.2804997e-02  -1.1387446e-02   5.2775531e-01   2.3891240e-03  -4.6199459e-04  -2.7671761e-03
   3.0727701e-02  -5.4599182e-03   5.1398772e-01   2.8607308e-03  -5.9727525e-04  -2.7946347e-03
   2.8975547e-02  -1.5121437e-03   5.0217260e-01   2.8644607e-03  -7.8521372e-04  -2.8774060e-03
   2.8296409e-02   1.6229365e-03   5.1641992e-01   3.1597934e-03  -7.1830857e-04  -2.8362379e-03
   3.0372374e-02  -6.4789129e-03   4.9228293e-01   4.2518017e-03  -8.4361150e-04  -2.9772929e-03
   2.8761300e-02  -6.4761221e-03   4.7089501e-01   4.2985117e-03  -9.4312282e-04  -2.9158746e-03
   2.5867515e-02  -6.7838782e-03   4.5568377e-01   4.4207640e-03  -8.7784336e-04  -2.9271467e-03
   2.3249410e-02  -1.4559944e-02   4.6795317e-01   4.6950643e-03  -8.4371009e-04  -3.0636858e-03
   2.0089547e-02  -2.5652941e-02   4.5552018e-01   4.7579877e-03  -8.6911818e-04  -3.0462886e-03
   1.8152499e-02  -2.0849382e-02   4.4762047e-01   5.0300085e-03  -1.1582835e-03  -3.2685119e-03
   1.6349174e-02  -2.9546311e-02   4.4267283e-01   4.7814139e-03  -1.0426507e-03  -3.1578510e-03
   1.9662445e-02  -4.2872744e-02   4.5191673e-01   5.2156738e-03  -1.1874630e-03  -3.0764573e-03
   1.6978096e-02  -3.7993278e-02   4.3677057e-01   5.6354309e-03  -1.2651884e-03  -3.1291973e-03
   1.3227529e-02  -2.8054866e-02   4.1973690e-01   5.9829118e-03  -1.0444056e-03  -3.2296848e-03
   1.4976893e-02  -2.3413158e-02   4.1836708e-01   5.8749724e-03  -1.0725687e-03  -3.3710741e-03
   1.1299256e-02  -3.6223559e-02   4.0850455e-01   4.9338046e-03  -1.8668174e-03  -3.2600231e-03
  -3.2074095e-03  -2.1300447e-02   3.7688506e-01   5.8662804e-03  -1.6588976e-03  -3.5744873e-03
  -5.4916145e-03  -2.5163377e-02   3.7275252e-01   5.5944705e-03  -1.7926898e-03  -3.5883391e-03
  -5.7620620e-03  -3.3392039e-02   3.7752466e-01   5.3906503e-03  -1.8628043e-03  -3.6891307e-03
  -1.2470037e-02  -3.5951368e-02   3.6318825e-01   4.9845877e-03  -1.9475545e-03  -3.7451115e-03
  -1.0863173e-02  -2.9753133e-02   3.4781169e-01   5.0208177e-03  -2.7488337e-03  -3.6235402e-03
  -2.6253654e-02  -1.0577267e-02   3.3297618e-01   5.8361562e-03  -2.4513435e-03  -3.8627032e-03
  -3.1615105e-02  -1.5017519e-02   3.2152570e-01   5.7383220e-03  -2.5167427e-03  -3.9938501e-03
  -3.4663939e-02  -1.5738955e-02   3.2920949e-01   5.5535519e-03  -2.6631548e-03  -4.0431060e-03
  -3.4869984e-02  -1.4309910e-02   3.3084613e-01   5.8180731e-03  -2.8826782e-03  -4.0351460e-03
  -3.2924073e-02  -1.4951103e-02   3.3659402e-01   5.9927554e-03  -3.0981633e-03  -4.1039439e-03
  -2.9268989e-02  -2.3012089e-02   3.3747024e-01   5.9696690e-03  -2.8827596e-03  -4.2341646e-03
  -2.9390761e-02  -2.7579236e-02   3.5484644e-01   5.1234499e-03  -2.8917399e-03  -4.3025406e-03
  -2.6493652e-02  -3.3385976e-02   3.3583214e-01   5.3901085e-03  -3.2621828e-03  -4.1574387e-03
  -3.2369628e-02  -1.0669617e-02   3.0272870e-01   6.2296771e-03  -3.0512409e-03  -4.4484959e-03
  -3.8227281e-02  -6.4687740e-03   2.9285853e-01   6.4024351e-03  -3.1070796e-03  -4.4325846e-03
  -3.9897766e-02  -7.2757217e-03   2.9763518e-01   6.6294280e-03  -3.1960477e-03  -4.5998022e-03
  -4.1215613e-02  -1.6148326e-02   2.9922058e-01   6.7473580e-03  -3.2714850e-03  -4.6802836e-03
  -4.5539719e-02  -2.0199384e-02   3.0662790e-01   6.6863843e-03  -3.4929696e-03  -4.7708811e-03
  -4.5809129e-02  -1.8217448e-02   3.0012831e-01   6.5142542e-03  -3.5378988e-03  -4.7074840e-03
  -5.1572607e-02  -1.3576707e-02   2.8234067e-01   6.6617347e-03  -3.4094906e-03  -4.6417169e-03
  -5.4561534e-02  -9.2439646e-03   2.9172461e-01   6.6615649e-03  -3.4538461e-03  -4.7767343e-03
  -5.2359402e-02  -3.7645489e-03   2.8497976e-01   6.5283683e-03  -3.6920805e-03  -4.7690204e-03
  -5.5042992e-02  -8.1544333e-03   2.9654174e-01   6.9742459e-03  -3.6892395e-03  -4.7677902e-03
  -5.1489936e-02  -1.7574902e-02   2.9432599e-01   6.8885583e-03  -3.8042563e-03  -4.8232661e-03
  -5.7840222e-02  -1.2976366e-02   2.9103980e-01   6.9822849e-03  -3.6113619e-03  -4.8404579e-03
  -5.4668915e-02  -6.7643306e-03   3.0826602e-01   6.6052156e-03  -3.6680501e-03  -4.7694241e-03
  -4.9652544e-02   5.9191696e-03   2.9575944e-01   6.5971796e-03  -3.9764096e-03  -4.8416662e-03
  -4.8057259e-02   2.6364292e-03   2.7973865e-01   6.5751874e-03  -4.1394056e-03  -4.9296416e-03
  -4.7159437e-02  -6.9537844e-03   2.7642102e-01   6.4534864e-03  -4.0774245e-03  -4.9970109e-03
  -4.5600000e-02  -2.6587788e-02   2.9649613e-01   5.6764118e-03  -4.3827147e-03  -4.9647864e-03
  -5.0636099e-02  -2.3821121e-02   2.7434617e-01   5.2018272e-03  -4.6162836e-03  -4.8953321e-03
  -5.9090300e-02   1.4778627e-02   2.6750183e-01   7.4343598e-03  -4.0957384e-03  -5.5266754e-03
  -6.0534329e-02  -2.6943666e-02   3.0693627e-01   6.2814839e-03  -4.1215973e-03  -5.2684117e-03
  -6.1938246e-02   1.4424341e-02   2.8445547e-01   7.0204545e-03  -4.1712903e-03  -5.3017761e-03
  -6.9395660e-02   4.5136153e-03   2.8729626e-01   6.8967184e-03  -4.6865804e-03  -5.1341833e-03
  -6.6753859e-02  -9.8153296e-03   2.8814972e-01   5.7958769e-03  -4.7395665e-03  -5.0116197e-03
  -6.9971544e-02   3.7941790e-03   2.6447531e-01   6.2554655e-03  -4.3387717e-03  -5.3161151e-03
  -6.9173659e-02   9.2040625e-03   2.4058167e-01   6.6439729e-03  -4.5144857e-03  -5.3475187e-03
  -6.7147138e-02   5.8999419e-03   2.4163529e-01   6.6329199e-03  -4.7381249e-03  -5.3980631e-03
  -6.4530711e-02   1.1421553e-03   2.6022025e-01   6.6163524e-03  -4.7137350e-03  -5.3469232e-03
  -6.3473993e-02  -1.5777246e-03   2.5598461e-01   6.6736915e-03  -4.6636714e-03  -5.5435048e-03
  -6.5942708e-02   9.8948159e-04   2.2672720e-01   6.5197972e-03  -4.7844319e-03  -5.5489570e-03
  -6.5065359e-02  -9.8098967e-03   2.2458623e-01   5.6965747e-03  -5.0917387e-03  -5.4001773e-03
  -6.8903372e-02  -1.2160582e-02   2.4352867e-01   6.1279526e-03  -4.9149809e-03  -5.7181285e-03
  -7.2563561e-02  -1.4169992e-02   2.6788590e-01   6.3501574e-03  -4.6061588e-03  -5.7094000e-03
  -7.6584929e-02  -1.1519293e-02   2.4197503e-01   6.2093580e-03  -4.9957778e-03  -5.7319394e-03
  -8.2104750e-02   3.4680897e-03   2.2990533e-01   7.1154158e-03  -4.7347532e-03  -5.7277699e-03
  -7.6135630e-02   1.1610100e-03   2.3451165e-01   6.7975301e-03  -4.7204141e-03  -5.5086506e-03
  -7.4181537e-02  -1.3227097e-02   2.4355552e-01   5.1667771e-03  -5.0197209e-03  -5.7360965e-03
  -7.8056605e-02   1.2068032e-02   2.2374472e-01   7.1464272e-03  -4.9887416e-03  -5.5515953e-03
  -7.5589954e-02   4.2117214e-03   2.0882835e-01   6.5999774e-03  -5.1572634e-03  -5.5297224e-03
  -8.1482557e-02   5.2553686e-03   1.9562282e-01   6.9415281e-03  -4.7725226e-03  -5.5665322e-03
  -8.2503152e-02   7.2687133e-03   1.9435153e-01   7.1422886e-03  -4.7168795e-03  -5.5680725e-03
  -8.3154307e-02   4.5472681e-03   1.9111773e-01   7.3621387e-03  -4.8200063e-03  -5.6325686e-03
  -8.3354289e-02   1.9091399e-03   1.7552180e-01   6.9636174e-03  -4.9098095e-03  -5.5648488e-03
  -8.2854342e-02   4.8122456e-03   1.7176337e-01   6.6685061e-03  -4.6974959e-03  -5.6639475e-03
  -8.1852674e-02   9.4224938e-03   1.7806426e-01   6.9387524e-03  -4.8929990e-03  -5.5509899e-03
  -8.2759313e-02   2.6552550e-04   1.7369883e-01   5.4980964e-03  -5.1212137e-03  -5.5851838e-03
  -8.2724119e-02   5.5791634e-03   1.6261851e-01   6.2679673e-03  -4.9512813e-03  -5.6989096e-03
  -8.0686996e-02   8.2826464e-03   1.9796297e-01   6.5493365e-03  -5.2377264e-03  -5.6175371e-03
  -8.2382603e-02   2.5041117e-02   1.9114486e-01   5.7856870e-03  -5.4370889e-03  -5.6966174e-03
  -8.7057985e-02   2.9582608e-02   1.7156012e-01   6.2607168e-03  -5.4073298e-03  -5.8972011e-03
  -8.9887764e-02   3.4854833e-02   1.6939175e-01   6.1823974e-03  -5.2052293e-03  -5.7165083e-03
  -8.1623203e-02   2.5244965e-02   1.7491360e-01   5.5764739e-03  -5.4595385e-03  -5.7499177e-03
  -8.9158684e-02   1.9490057e-02   1.6670428e-01   5.8980120e-03  -5.5781508e-03  -5.8466888e-03
  -9.0954567e-02   2.9480756e-02   1.5513831e-01   5.6579226e-03  -5.6823688e-03  -5.8151927e-03
  -9.6221863e-02   3.3493747e-02   1.5853525e-01   4.8158320e-03  -5.5661980e-03  -5.7522733e-03
  -9.1807974e-02   4.4897946e-02   1.7860719e-01   6.7076002e-03  -5.3706912e-03  -5.7343499e-03
  -9.2858996e-02   4.7657971e-02   1.3233298e-01   4.6333147e-03  -6.1214744e-03  -5.5082373e-03
  -9.2533624e-02   4.2594309e-02   1.5027680e-01   5.6360364e-03  -5.5381081e-03  -5.7772949e-03
  -8.9840061e-02   3.7442563e-02   1.5117858e-01   5.5771947e-03  -5.5140693e-03  -5.7258924e-03
  -8.4844766e-02   3.4271106e-02   1.4021198e-01   5.4274896e-03  -5.7638132e-03  -5.5640251e-03
  -8.1149846e-02   5.0894353e-02   1.2962721e-01   5.4472967e-03  -5.9435383e-03  -5.3206465e-03
  -7.5140430e-02   4.2512962e-02   1.4202736e-01   4.2067814e-03  -5.8802602e-03  -5.3783566e-03
  -8.3480814e-02   3.2142430e-02   1.8244605e-01   4.4305449e-03  -5.9101382e-03  -5.5444833e-03
  -8.4982454e-02   3.6490327e-02   1.7917441e-01   4.2495030e-03  -6.0298092e-03  -5.5521506e-03
  -8.8731263e-02   5.7871029e-02   1.5605772e-01   3.6741466e-03  -5.9511823e-03  -5.5302572e-03
  -9.2454767e-02   4.6954558e-02   1.6927629e-01   4.0408935e-03  -5.7259089e-03  -5.7488446e-03
  -9.4094243e-02   6.0657076e-02   1.6795351e-01   4.6837055e-03  -6.1250064e-03  -5.7696485e-03
  -8.5490596e-02   6.2535472e-02   1.8421692e-01   4.7492991e-03  -5.6830296e-03  -5.7097299e-03
  -8.4712152e-02   7.0132963e-02   1.8075028e-01   5.3555662e-03  -5.7489750e-03  -5.7826370e-03
  -8.2028932e-02   4.8375929e-02   1.6777053e-01   4.0844453e-03  -6.7103085e-03  -5.5039892e-03
  -8.7954507e-02   7.3776667e-02   1.6113754e-01   4.5858532e-03  -6.1324368e-03  -6.0385987e-03
  -9.3927960e-02   6.7253332e-02   1.7190024e-01   4.0496123e-03  -6.1468153e-03  -5.8207520e-03
  -9.7375353e-02   7.2163460e-02   1.6986939e-01   3.9401259e-03  -6.0709699e-03  -5.8287752e-03
  -8.6830491e-02   6.5512031e-02   1.4815261e-01   3.8488120e-03  -6.6519169e-03  -5.7182022e-03
  -8.6786322e-02   5.7265018e-02   1.3653950e-01   3.1757893e-03  -6.5703344e-03  -5.6386815e-03
  -9.3252764e-02   7.4494286e-02   1.1758431e-01   4.2069665e-03  -6.3060093e-03  -5.8881592e-03
  -9.4332298e-02   8.8517425e-02   1.1636091e-01   4.9453700e-03  -6.6037443e-03  -5.9460283e-03
  -8.6782832e-02   7.2764344e-02   1.4642578e-01   4.3885740e-03  -6.5031305e-03  -5.8775099e-03
  -8.7079892e-02   5.8297560e-02   1.4269707e-01   3.8720514e-03  -6.4409760e-03  -6.0500326e-03
  -9.3798678e-02   6.0519158e-02   1.1099706e-01   4.1262237e-03  -6.3924942e-03  -5.9881980e-03
  -9.4902140e-02   6.4761949e-02   9.5697674e-02   4.1021039e-03  -6.7999625e-03  -5.7399942e-03
  -9.9701432e-02   7.0642773e-02   9.9587446e-02   4.3759609e-03  -6.7495179e-03  -5.8393507e-03
  -1.0468678e-01   6.7043201e-02   1.2374693e-01   3.5668781e-03  -6.8471764e-03  -5.7706150e-03
  -1.0998549e-01   7.6572695e-02   1.2178435e-01   4.1858349e-03  -6.5743107e-03  -6.0538624e-03
  -1.0916979e-01   7.5452259e-02   9.8912314e-02   4.4496258e-03  -6.8081687e-03  -5.9635003e-03
  -1.0860312e-01   7.5409893e-02   8.8716016e-02   4.4184530e-03  -6.5710988e-03  -5.9074802e-03
  -1.0527481e-01   8.3196148e-02   8.7278806e-02   4.2898959e-03  -6.5116034e-03  -5.9423151e-03
  -1.0373065e-01   7.1225946e-02   7.9589913e-02   4.3679619e-03  -6.6405611e-03  -5.9297427e-03
  -1.0492367e-01   6.4258462e-02   6.8152843e-02   3.4738645e-03  -6.8503120e-03  -5.8137405e-03
  -1.0404678e-01   7.1974800e-02   6.5004694e-02   3.3595110e-03  -6.8568174e-03  -5.8025321e-03
  -1.0560554e-01   6.9913110e-02   8.4405952e-02   4.0644579e-03  -6.4304425e-03  -5.8435753e-03
  -1.0638035e-01   7.4949028e-02   6.4703253e-02   4.2382127e-03  -6.7787743e-03  -5.8607699e-03
  -1.0813551e-01   8.4646327e-02   5.3497719e-02   3.2986502e-03  -6.9248883e-03  -5.7555343e-03
  -9.9481733e-02   7.8386207e-02   7.4576637e-02   2.0693948e-03  -7.2273960e-03  -5.3913452e-03
  -1.0281454e-01   9.1816331e-02   9.2720323e-02   3.3241148e-03  -6.5438624e-03  -5.8762955e-03
  -9.9770892e-02   8.3439168e-02   7.4539218e-02   4.2107679e-03  -6.6908289e-03  -5.5412342e-03
  -9.5796535e-02   9.3101643e-02   6.2725912e-02   4.0358309e-03  -6.5863555e-03  -5.7016986e-03
  -9.3009538e-02   9.9334263e-02   8.4348440e-02   3.3329339e-03  -6.5732851e-03  -5.6556803e-03
  -8.1978389e-02   8.9005955e-02   7.5998408e-02   1.9247140e-03  -6.4361308e-03  -5.3278302e-03
  -7.6383737e-02   6.3068411e-02   2.5292255e-02   1.0851728e-03  -6.7197158e-03  -5.2114508e-03
  -7.7338415e-02   7.4867483e-02   1.4030129e-02   1.0737662e-03  -6.8176075e-03  -5.3180972e-03
  -8.2254767e-02   9.6539702e-02  -2.0794104e-03   1.1240052e-03  -6.9384980e-03  -5.4754361e-03
  -7.9580096e-02   1.0095549e-01   1.6704732e-02   1.2004305e-03  -7.0811656e-03  -5.3461233e-03
  -7.9313129e-02   9.6029667e-02   3.1407051e-02   1.1171429e-03  -6.5314107e-03  -5.5766382e-03
  -7.6994207e-02   6.9646854e-02   3.4070590e-02   1.5328975e-03  -6.8298688e-03  -5.1732513e-03
  -7.6008762e-02   7.2396202e-02   2.3283892e-02   2.9235966e-03  -6.4981724e-03  -5.3872819e-03
  -6.5314088e-02   6.6122661e-02   5.8019035e-02   2.2497638e-03  -6.3266808e-03  -5.3900558e-03
  -6.1712393e-02   7.3654634e-02   6.2618010e-02   2.7687656e-03  -6.5259254e-03  -5.3342411e-03
  -6.2827300e-02   6.7920153e-02   4.6083956e-02   2.9978198e-03  -6.5003059e-03  -5.4823312e-03
  -7.0575389e-02   6.2944579e-02   3.9321868e-02   2.2497750e-03  -6.6040053e-03  -5.5233367e-03
  -7.3107474e-02   7.4907890e-02   1.6370114e-02   1.9258130e-03  -6.8369584e-03  -5.4717123e-03
  -7.6374402e-02   9.6752234e-02   1.2630502e-02   2.7115921e-03  -6.7109366e-03  -5.5853999e-03
  -7.9188625e-02   9.4119786e-02   2.9024810e-02   2.4504106e-03  -7.1022048e-03  -5.5906344e-03
  -8.4322559e-02   6.6999867e-02   3.6610017e-02   8.5779904e-04  -7.1921345e-03  -5.2480946e-03
  -8.8598872e-02   6.3422575e-02   3.3983297e-02   2.8109894e-05  -7.2431538e-03  -5.3585732e-03
  -8.4617014e-02   9.6432093e-02   6.2056550e-03  -2.6189454e-04  -7.5055173e-03  -5.2874057e-03
  -8.0629017e-02   1.0821882e-01  -9.0549058e-03   9.6768954e-04  -7.0876904e-03  -5.3841792e-03
  -7.3803155e-02   8.5828257e-02   1.5698955e-02   6.3168222e-04  -6.9976577e-03  -5.1928469e-03
  -8.0317249e-02   9.9604518e-02  -4.2713923e-03   1.0017966e-03  -7.0832919e-03  -5.2958047e-03
  -8.3936858e-02   9.9888046e-02  -9.4093500e-03   4.4865483e-04  -7.1462647e-03  -5.3364152e-03
  -8.1977585e-02   1.0608639e-01  -3.3193393e-02   6.2554915e-04  -7.2637650e-03  -5.4227746e-03
  -8.3027773e-02   9.1842175e-02  -3.3518676e-02  -3.8805801e-04  -7.6479743e-03  -5.2605830e-03
  -9.4409874e-02   8.7809529e-02  -3.3096255e-02  -3.1338351e-04  -7.4223300e-03  -5.1800438e-03
  -8.3469614e-02   9.4698485e-02  -3.5626674e-02  -1.0342041e-03  -7.9877784e-03  -4.9090207e-03
  -8.7608983e-02   1.1376869e-01  -2.6865917e-02  -1.7949103e-05  -7.0090774e-03  -5.2355585e-03
  -7.7156280e-02   9.5057294e-02  -2.7608873e-03  -5.2589045e-04  -7.2218729e-03  -5.1418585e-03
  -7.9599292e-02   1.0286024e-01  -1.2501254e-02   2.4562094e-04  -7.0645830e-03  -5.2369470e-03
  -7.5865425e-02   9.3336974e-02  -3.2098852e-02  -8.7523048e-04  -7.5153761e-03  -4.9565302e-03
  -8.2467906e-02   1.0014352e-01  -2.9826465e-02  -4.3450664e-04  -6.9534889e-03  -5.2049049e-03
  -8.0189713e-02   1.0629060e-01  -2.9441765e-02  -1.8297790e-04  -7.2131339e-03  -5.0054424e-03
  -7.1076827e-02   9.8170083e-02  -1.0269826e-02  -6.8406390e-04  -7.5901574e-03  -4.9492615e-03
  -6.7542982e-02   8.1828360e-02  -4.9306198e-03  -7.3224718e-04  -7.0045993e-03  -4.9620732e-03
  -7.1139025e-02   8.8326360e-02  -1.3019515e-02  -1.5090466e-03  -7.3119735e-03  -4.9084510e-03
  -8.2471412e-02   9.9377384e-02  -1.9913645e-02  -9.7842988e-04  -7.6667503e-03  -4.8801956e-03
  -7.8582188e-02   9.2100956e-02  -3.6888978e-02   4.7829630e-04  -7.0336890e-03  -4.8573863e-03
  -6.6282308e-02   6.8831973e-02  -1.8931644e-02  -1.4352160e-03  -7.3608883e-03  -4.3921761e-03
  -6.5515800e-02   9.4312051e-02  -1.7074213e-02  -5.6600019e-04  -7.1857348e-03  -4.7025280e-03
  -7.1628753e-02   1.0378395e-01  -3.5895707e-02  -5.3645664e-05  -7.4378032e-03  -4.5866117e-03
  -6.0492910e-02   8.3678003e-02  -3.0136850e-02  -1.7290889e-03  -8.1870635e-03  -4.2714727e-03
  -6.9483776e-02   8.8329671e-02  -5.1588805e-03  -1.5858793e-03  -7.4296983e-03  -4.4759830e-03
  -7.0648983e-02   8.9931435e-02  -1.0340381e-02  -2.9224373e-04  -7.1284269e-03  -4.6469972e-03
  -5.7926903e-02   7.5676065e-02   4.1740287e-03  -7.2953534e-04  -7.8738119e-03  -4.4848367e-03
  -5.5243805e-02   9.0727444e-02   2.6715351e-02  -1.4234483e-03  -8.7103488e-03  -4.6022939e-03
  -5.4806967e-02   1.0280214e-01   5.9049286e-03  -1.7918436e-03  -8.6618382e-03  -4.6049803e-03
  -6.4428786e-02   1.0843855e-01  -2.6526250e-02  -1.0665947e-03  -7.6247043e-03  -5.0239564e-03
  -5.8653034e-02   9.7113466e-02  -4.8714764e-02  -1.3246136e-03  -7.8003419e-03  -4.7645575e-03
  -6.2069646e-02   1.1171059e-01  -3.8757111e-02  -1.5725240e-03  -7.6198986e-03  -4.6745801e-03
  -6.7806188e-02   1.2431121e-01  -1.6325894e-02   5.4003626e-05  -7.5521435e-03  -4.6946209e-03
  -5.6473921e-02   1.0287368e-01   1.0527632e-02  -1.2651500e-03  -7.9652288e-03  -4.6318125e-03
  -5.8440088e-02   9.7956438e-02  -8.0050552e-03  -1.3681472e-03  -7.7491342e-03  -4.5255069e-03
  -6.1443792e-02   1.1040156e-01  -3.1067059e-02  -1.2521730e-03  -7.4952533e-03  -4.4821606e-03
  -6.1410058e-02   1.1588056e-01  -3.6011822e-02  -8.7904968e-04  -7.3846340e-03  -4.3948523e-03
  -5.4601166e-02   9.9745456e-02  -1.5717979e-02  -6.9905521e-04  -7.1131940e-03  -4.3635376e-03
  -5.3073253e-02   1.0447668e-01  -3.3733023e-02  -2.8000549e-04  -7.0996173e-03  -4.3663280e-03
  -5.7429348e-02   1.0541982e-01  -3.4994312e-02  -4.6680985e-04  -6.9121073e-03  -4.2750885e-03
  -5.4920480e-02   1.1281196e-01  -3.2105403e-02  -5.4207650e-04  -7.0492319e-03  -4.2587641e-03
  -5.5613682e-02   1.1914566e-01  -3.3917698e-02   5.6307133e-04  -6.9691948e-03  -4.2000386e-03
  -5.5378360e-02   9.4233971e-02  -1.5226069e-03  -3.0777514e-04  -6.8807242e-03  -4.0999302e-03
  -5.7940362e-02   1.0329254e-01  -1.6095054e-02  -6.1416005e-04  -7.0505017e-03  -4.1313414e-03
  -5.7933995e-02   1.0692503e-01  -1.9235265e-02  -7.4130489e-04  -7.2178096e-03  -4.0126520e-03
  -4.9475850e-02   1.0745808e-01  -2.6174860e-02  -7.4061396e-04  -7.3515359e-03  -3.9721605e-03
  -4.0576678e-02   9.1751466e-02  -2.4605424e-02  -1.0571074e-03  -6.8226595e-03  -3.6847379e-03
  -5.1782335e-02   1.1018941e-01  -4.5931625e-02  -8.6038383e-04  -6.8039722e-03  -3.6428499e-03
  -5.4018697e-02   1.1554202e-01  -5.3184740e-02  -1.4085342e-03  -7.1389546e-03  -3.4619427e-03
  -4.8907295e-02   1.3034773e-01  -4.7940515e-02  -4.2298020e-04  -6.8581372e-03  -3.4551514e-03
  -4.2551297e-02   9.9958162e-02   9.1133239e-03  -9.5021691e-04  -6.5931983e-03  -3.4284480e-03
  -4.4657963e-02   1.1225504e-01  -1.3943884e-02  -2.6931792e-04  -6.7516703e-03  -3.5327535e-03
  -4.5423421e-02   1.0310860e-01  -1.1715316e-02  -1.9285967e-03  -7.0434752e-03  -3.3639544e-03
  -4.4019045e-02   1.0877270e-01   3.7954314e-03  -1.9425830e-03  -6.8711435e-03  -3.2856354e-03
  -3.6984639e-02   8.9594583e-02   8.9937176e-03  -2.5902178e-03  -7.3381860e-03  -3.0113410e-03
  -2.5751103e-02   1.1357408e-01   2.4242750e-02  -2.0881809e-03  -7.7405163e-03  -2.6529354e-03
  -2.3835676e-02   1.1895778e-01   3.2253720e-02  -2.1784487e-03  -7.0465623e-03  -3.2757468e-03
  -1.8268487e-02   1.0410245e-01   1.5268309e-02  -3.4292650e-03  -7.4511022e-03  -3.0613647e-03
  -2.5590313e-02   1.2269764e-01  -1.9122890e-02  -2.4203654e-03  -7.1345573e-03  -2.6732043e-03
  -2.8067192e-02   1.4315172e-01  -2.7045920e-03  -1.0931967e-03  -6.8536647e-03  -2.9446744e-03
  -3.3717696e-02   1.3732521e-01   1.2947407e-02  -3.6435706e-04  -6.8422436e-03  -3.1028480e-03
  -2.5350137e-02   1.0920336e-01   4.8005605e-02  -1.0043414e-03  -6.7431852e-03  -3.1469505e-03
  -2.4540238e-02   1.0249907e-01   4.5886075e-02  -1.5265145e-04  -6.7825330e-03  -3.0469293e-03
  -2.7911481e-02   9.1156310e-02   4.4043447e-02  -3.1075354e-04  -6.6178473e-03  -3.2188923e-03
  -2.2474771e-02   6.5398428e-02   6.0999415e-02  -1.8617988e-03  -6.6191663e-03  -3.2366144e-03
  -2.9260463e-02   8.4602965e-02   2.7560513e-02  -8.8708022e-04  -6.4122547e-03  -3.3279072e-03
  -2.9196570e-02   9.4149915e-02  -1.2561808e-03  -6.4252464e-04  -6.5224739e-03  -3.0625069e-03
  -3.0915188e-02   1.1459422e-01   9.4759263e-03  -6.0122520e-04  -6.5642334e-03  -3.1428066e-03
  -3.0940442e-02   1.2509244e-01  -1.6102321e-03  -6.4885047e-05  -6.7261982e-03  -3.1814296e-03
  -3.0352683e-02   1.1166424e-01   5.3532739e-03  -8.0837776e-04  -6.5331225e-03  -3.1809420e-03
  -3.4192603e-02   1.0786935e-01  -2.7096397e-03  -4.5014503e-04  -6.5838574e-03  -3.0307316e-03
  -3.5979362e-02   1.1770214e-01  -1.7136666e-02  -2.1595609e-04  -6.5833640e-03  -3.1988823e-03
  -3.2404589e-02   1.1567094e-01  -1.3825114e-02  -1.4195662e-03  -6.7631237e-03  -2.8873621e-03
  -2.3728991e-02   1.2185838e-01   1.9461520e-02  -2.1314046e-03  -6.9935489e-03  -2.9574839e-03
  -2.6898572e-02   1.1878381e-01   1.9338092e-02  -1.7118739e-03  -7.0118974e-03  -2.9242443e-03
  -2.8327573e-02   1.2523698e-01  -4.3058042e-03  -7.0927892e-04  -6.4822903e-03  -2.9188271e-03
  -2.9695779e-02   1.0890833e-01   5.6068124e-03  -1.1977040e-03  -6.4328361e-03  -2.9010835e-03
  -3.1448754e-02   1.2759923e-01  -3.4512086e-02  -1.7647727e-03  -6.3245931e-03  -2.9981570e-03
  -3.0145884e-02   1.5636940e-01  -1.5032214e-02  -4.2884189e-05  -6.0685116e-03  -3.0928519e-03
  -2.5769003e-02   1.1063301e-01   3.7040676e-02  -1.2019937e-03  -6.9521905e-03  -2.5906383e-03
  -2.9868404e-02   1.1704100e-01   4.3956890e-02  -1.0902712e-03  -6.6676745e-03  -2.8066854e-03
  -2.7575668e-02   1.1451815e-01   2.4074694e-02  -2.0185638e-03  -6.8615297e-03  -3.1731150e-03
  -3.1463486e-02   1.0587482e-01   1.1734206e-02  -2.6649193e-03  -6.5776390e-03  -2.9277452e-03
  -2.8802166e-02   1.2158064e-01  -2.8455018e-02  -1.7027040e-03  -6.7172425e-03  -2.8436573e-03
  -3.1631728e-02   1.0650178e-01  -4.0764619e-02  -2.3579111e-03  -6.4117328e-03  -2.7704659e-03
  -3.1255859e-02   1.2674173e-01  -3.8803809e-02  -1.2595934e-03  -6.3494895e-03  -2.6640256e-03
  -3.1942167e-02   1.2533866e-01  -4.3717755e-02  -1.1701249e-03  -6.3537909e-03  -2.6953055e-03
  -3.0560447e-02   1.3055267e-01  -9.9759332e-03  -1.0148938e-03  -6.0933238e-03  -2.6302741e-03
  -2.6455987e-02   1.1817653e-01  -8.6736675e-03  -6.0472182e-04  -6.2878860e-03  -2.7757833e-03
  -2.4487738e-02   1.1989092e-01  -3.3297402e-02  -6.3378205e-04  -6.2891077e-03  -2.8230636e-03
  -2.3012883e-02   1.1140197e-01  -3.3424451e-02  -1.2198859e-03  -6.1818909e-03  -2.7458229e-03
  -2.3442779e-02   1.1255954e-01  -1.8080155e-02  -1.2662568e-03  -6.2250129e-03  -2.6690220e-03
  -1.6351247e-02   9.9074721e-02  -1.2251676e-02  -2.9705601e-03  -6.9340100e-03  -2.3256396e-03
  -1.4717362e-02   1.0595971e-01   2.0772255e-02  -1.7436681e-03  -5.7194601e-03  -2.6457431e-03
  -2.3376957e-02   1.1235491e-01   2.8313412e-04  -2.0144233e-03  -5.9533809e-03  -2.5522062e-03
  -2.3655077e-02   1.1935877e-01  -2.3729391e-02  -2.4755200e-03  -6.2528893e-03  -2.5293942e-03
  -1.5710650e-02   1.1977955e-01   2.4391589e-02  -2.6834833e-03  -5.9926655e-03  -2.5284767e-03
  -4.7187969e-03   1.2099243e-01   3.7749841e-02  -2.0845299e-03  -6.6286994e-03  -2.2364346e-03
   8.5378904e-03   1.0954932e-01   5.3101328e-02  -3.6577701e-03  -6.7506092e-03  -1.7263355e-03
   1.6224087e-02   1.1257787e-01   1.5733200e-02  -2.6646666e-03  -6.4106108e-03  -1.5582663e-03
   1.1040087e-02   1.1764548e-01  -2.2810084e-03  -3.8724797e-03  -6.4041679e-03  -2.1472968e-03
   1.1688802e-02   1.1888059e-01   1.6211194e-02  -1.5877358e-03  -5.3453029e-03  -2.2189131e-03
   2.4023160e-02   1.2199314e-01  -1.6782689e-02  -2.2507458e-03  -6.1217207e-03  -2.0860835e-03
   1.5559658e-02   1.1378694e-01   2.9915205e-02  -2.7451632e-03  -5.9589504e-03  -1.9700834e-03
   1.0669265e-02   1.2954764e-01   3.2116459e-02  -1.6713895e-03  -5.8680026e-03  -1.9778415e-03
   1.4411069e-02   1.2400772e-01  -7.8915446e-03  -1.9073926e-03  -5.5034451e-03  -2.1044209e-03
   1.7710704e-02   1.3439373e-01  -6.3937344e-03  -1.1770012e-03  -5.2807176e-03  -1.9471010e-03
   2.4529278e-02   1.3072612e-01  -2.7772368e-02  -2.1752519e-03  -5.8871657e-03  -1.8646564e-03
   2.7826074e-02   1.2777149e-01  -9.4618509e-03  -1.6195386e-03  -5.1910616e-03  -1.7777196e-03
   2.4605591e-02   1.2696424e-01   7.4814280e-03  -1.0553279e-03  -5.2553110e-03  -1.7121193e-03
   2.4052291e-02   1.1352419e-01   6.1109061e-03  -1.2863498e-03  -5.5982592e-03  -1.6573186e-03
   1.6140394e-02   1.0935519e-01   3.5577718e-02  -1.1520656e-03  -5.0634625e-03  -1.6783013e-03
   1.5687503e-02   9.2938188e-02   2.5984262e-02  -2.0127270e-03  -5.2866123e-03  -1.7552131e-03
   2.1627401e-02   9.3322150e-02  -4.2044231e-03  -2.8295175e-03  -5.9683820e-03  -1.6406811e-03
   1.3759654e-02   9.8428862e-02   4.4248316e-03  -3.9259625e-03  -5.7765175e-03  -1.6867519e-03
   3.3390491e-02   1.1561387e-01   1.6788210e-03  -4.3674677e-03  -7.0216662e-03  -1.0265292e-03
   3.2973261e-02   1.2452578e-01  -3.4159065e-03  -4.1697328e-03  -5.2830096e-03  -1.5877779e-03
   3.9728787e-02   1.1255470e-01  -2.1682351e-02  -4.1645792e-03  -5.4862019e-03  -9.9689254e-04
   3.8141922e-02   1.2960002e-01  -3.1706905e-02  -3.0903410e-03  -5.1450312e-03  -9.2810375e-04
   3.6254974e-02   1.2934974e-01  -2.8328327e-02  -3.4696776e-03  -4.5036938e-03  -7.3503326e-04
   3.9843780e-02   1.5016032e-01  -2.2857176e-02  -3.0141093e-03  -4.4908408e-03  -6.6001036e-04
   3.8262608e-02   1.3418026e-01  -4.2003921e-02  -3.5938883e-03  -4.7072497e-03  -4.8855673e-04
   4.5438849e-02   1.1479165e-01  -5.8931550e-02  -4.8354196e-03  -4.7393900e-03  -3.6246112e-04
   4.5814214e-02   1.1633940e-01  -4.0909252e-02  -4.7905619e-03  -4.1881761e-03  -2.8541968e-04
   4.8580940e-02   1.2961589e-01  -6.8438880e-02  -4.8540439e-03  -4.1849948e-03  -3.6005816e-04
   5.7831414e-02   1.2448040e-01  -8.7340898e-02  -5.9085346e-03  -5.0324100e-03   1.4844675e-04
   5.0964367e-02   1.1551659e-01  -6.2639624e-02  -6.3660687e-03  -4.8710633e-03   6.3741582e-05
   5.1349123e-02   1.1264863e-01  -6.6465728e-02  -5.6593505e-03  -5.1889335e-03  -1.8692402e-04
   5.0245859e-02   1.2729248e-01  -5.1355750e-02  -5.8578213e-03  -5.5316589e-03   2.0816770e-04
   6.1769730e-02   1.4942611e-01   1.1642151e-02  -5.7443827e-03  -5.3149442e-03  -3.0884672e-04
   5.2205149e-02   1.4936836e-01  -9.6360257e-03  -5.5980394e-03  -4.3824865e-03  -6.6257487e-04
   5.0038366e-02   1.4185806e-01  -5.2253224e-02  -5.6845516e-03  -4.5525083e-03  -2.2294206e-04
   6.3824028e-02   1.5411163e-01  -1.0201954e-01  -8.3224744e-03  -5.5059621e-03  -2.5951433e-04
   5.5414530e-02   1.8364293e-01  -9.8888196e-02  -1.0082245e-02  -4.9412385e-03  -3.2371042e-04
   5.9022575e-02   1.5778515e-01  -5.7930382e-02  -1.0017259e-02  -4.5049381e-03  -3.8006326e-04
   6.4353257e-02   1.3208555e-01  -3.4618506e-02  -1.0536308e-02  -4.7428936e-03  -2.8278269e-04
   7.4382313e-02   1.3829735e-01  -3.8319732e-02  -1.0388597e-02  -5.2958612e-03  -6.2081243e-04
   7.6711812e-02   1.4538217e-01  -1.1825166e-02  -1.1502559e-02  -5.6503516e-03  -4.2753175e-04
   6.9159163e-02   1.5304949e-01  -5.0546913e-02  -1.1378192e-02  -5.2084261e-03  -6.4699746e-04
   6.9398756e-02   1.8076286e-01  -5.0330780e-02  -1.1541816e-02  -5.3163370e-03  -6.8104522e-04
   7.4804960e-02   1.7488600e-01  -4.7185643e-02  -1.0905129e-02  -4.9862636e-03  -3.3348603e-04
   7.6961313e-02   1.8325239e-01  -5.7023570e-02  -1.0822373e-02  -5.5485936e-03  -2.6772371e-04
   6.7192840e-02   1.4197199e-01  -6.5632272e-03  -9.5308808e-03  -4.1970151e-03  -4.1031531e-04
   6.4406738e-02   1.5062502e-01  -4.4914245e-02  -9.1673126e-03  -4.0308396e-03  -1.7763863e-04
   6.5667199e-02   1.5011265e-01  -6.4047752e-02  -1.0070824e-02  -3.9596855e-03  -1.2124237e-04
   7.7824206e-02   1.4595428e-01  -4.3400465e-02  -1.0820154e-02  -4.9067621e-03   5.4619378e-04
   7.8761277e-02   1.5938577e-01  -5.4229638e-02  -1.0649321e-02  -5.1765018e-03   5.7105486e-04
   1.1883363e-01   1.4979836e-01  -4.4966405e-04  -1.0212481e-02  -4.7900426e-03   1.1119511e-03
   1.9259063e-01   1.6517135e-01  -6.3555638e-02  -1.1386817e-02  -4.1219628e-03   1.9334958e-03
   1.3735312e-01   1.4095017e-01  -1.1176062e-01  -1.1131519e-02  -3.0679358e-03   1.4588702e-03
   1.2028363e-01   1.7100923e-01  -1.6561773e-01  -9.8989415e-03  -3.5680298e-03   1.3726564e-03
   1.1372610e-01   1.7046205e-01  -1.5777360e-01  -9.9794102e-03  -3.8709633e-03   1.3423329e-03
   9.4098931e-02   1.9606370e-01  -1.3810167e-01  -6.9960451e-03  -4.5118296e-03   8.7962568e-04
   9.7718816e-02   1.5557809e-01  -6.6098325e-02  -7.6188575e-03  -4.2430600e-03   4.6032954e-04
   1.0734308e-01   1.3688774e-01  -7.7508795e-02  -7.1996103e-03  -4.7649866e-03   7.7281110e-04
   1.0901498e-01   1.1642490e-01  -7.1802292e-02  -7.8354760e-03  -4.2767955e-03   6.6562557e-04
   1.0131678e-01   1.1666078e-01  -7.4937244e-02  -7.1588766e-03  -4.2238151e-03   6.8600945e-04
   1.0123717e-01   1.0788787e-01  -7.2013915e-02  -7.8076163e-03  -4.1767836e-03   6.1859754e-04
   1.0206277e-01   1.1146133e-01  -4.8011348e-02  -7.5529323e-03  -3.9702743e-03   5.0748761e-04
   1.0181120e-01   1.2875012e-01  -8.9367605e-02  -7.2204180e-03  -4.3071114e-03   6.4334042e-04
   9.9286375e-02   1.3444269e-01  -7.8874066e-02  -7.8012117e-03  -3.9845057e-03   6.0089365e-04
   1.0273656e-01   1.4383820e-01  -9.7293599e-02  -7.5428485e-03  -4.1426324e-03   8.1068759e-04
   1.0823320e-01   1.4302541e-01  -9.8628306e-02  -8.4886075e-03  -4.3460767e-03   7.7514646e-04
   1.0687947e-01   1.2038073e-01  -6.5953417e-02  -9.2377386e-03  -4.2079158e-03   8.6873491e-04
   9.0389098e-02   1.1389265e-01  -8.6468502e-02  -8.7802449e-03  -3.7097190e-03   7.9359611e-04
   8.8769405e-02   1.4781280e-01  -1.2877515e-01  -7.8332282e-03  -3.8448523e-03   9.6243214e-04
   9.9344315e-02   1.4633108e-01  -6.8474250e-02  -8.6042179e-03  -4.4372160e-03   1.0564680e-03
   9.3410667e-02   1.5421631e-01  -7.0266201e-02  -8.3898859e-03  -3.9634086e-03   9.0242055e-04
   9.3427085e-02   1.3092953e-01  -5.5187073e-02  -9.5326295e-03  -4.3998735e-03   1.2639603e-03
   9.5707195e-02   1.1754465e-01  -5.0575240e-02  -8.7095694e-03  -4.1011133e-03   1.0518653e-03
   9.4615162e-02   1.3477382e-01  -6.7080452e-02  -9.8028976e-03  -4.3879931e-03   1.2206720e-03
   8.2821425e-02   1.5281531e-01  -8.3457138e-02  -1.0045552e-02  -4.6448167e-03   8.3553283e-04
   8.3023917e-02   1.5510116e-01  -7.2587165e-02  -9.1892512e-03  -4.1989314e-03   8.2507988e-04
   8.5572335e-02   1.3402872e-01  -9.9209182e-02  -9.1762496e-03  -4.2301541e-03   7.9860194e-04
   8.8176450e-02   1.3030274e-01  -1.0433332e-01  -1.0336613e-02  -4.6938059e-03   9.1857847e-04
   9.8274392e-02   1.3219493e-01  -5.1533092e-02  -1.0722647e-02  -4.7740657e-03   7.7619730e-04
   1.1456984e-01   1.2044628e-01  -5.8269789e-02  -1.0627359e-02  -5.4826442e-03   1.2511592e-03
   1.0779872e-01   1.2218616e-01  -9.3124052e-02  -1.0958884e-02  -5.4855211e-03   1.4843928e-03
   1.0130592e-01   1.2843419e-01   1.2052983e-02  -1.1590021e-02  -5.5595315e-03   1.2484793e-03
   9.6625241e-02   1.5549909e-01  -1.4291561e-03  -1.0765287e-02  -5.0877638e-03   2.8128089e-04
   8.3578945e-02   1.6360065e-01  -6.9922361e-02  -9.5169283e-03  -4.1840702e-03   1.7273676e-04
   8.2887430e-02   1.7244125e-01  -8.6142796e-02  -8.6583775e-03  -4.3808703e-03   5.4574220e-04
   7.8310446e-02   1.8018158e-01  -6.5472716e-02  -8.9029813e-03  -4.1098117e-03   3.9442376e-04
   7.4906797e-02   1.6146131e-01  -3.9982268e-02  -8.7532925e-03  -4.1159432e-03   6.1493145e-04
   7.3851404e-02   1.3977592e-01  -6.8699772e-02  -9.1103829e-03  -4.1580027e-03   5.8293529e-04
   7.9631274e-02   1.3866275e-01  -8.1432847e-02  -9.8794375e-03  -3.9317765e-03   5.0886534e-04
   8.2870545e-02   1.4147416e-01  -6.6518286e-02  -9.7645108e-03  -4.0667672e-03   6.6133341e-04
   8.7081678e-02   1.4836185e-01  -7.9764406e-02  -9.6925854e-03  -4.2430442e-03   9.7570134e-04
   8.8360533e-02   1.6018078e-01  -6.7313905e-02  -9.7596261e-03  -4.1114520e-03   8.5648902e-04
   8.9161697e-02   1.4531761e-01  -3.5920676e-02  -9.6527643e-03  -3.9314547e-03   5.9992310e-04
   1.0269096e-01   1.4895348e-01  -7.9402765e-02  -1.0130759e-02  -4.7390316e-03   1.0816008e-03
   9.1006651e-02   1.5050967e-01  -4.4387422e-02  -1.0590249e-02  -4.5741497e-03   1.1631308e-03
   1.0323369e-01   1.5893034e-01  -3.1596463e-02  -1.0863470e-02  -4.7597051e-03   1.3194869e-03
   1.0351268e-01   1.4767271e-01   1.2772736e-02  -1.1160436e-02  -4.1276658e-03   1.4662121e-03
   1.1156007e-01   1.4460937e-01  -7.9751002e-03  -1.2166086e-02  -4.0897836e-03   1.3044422e-03
   9.2716015e-02   1.5308067e-01  -3.1803759e-03  -1.0680270e-02  -3.6824244e-03   9.4470465e-04
   9.6521287e-02   1.5258295e-01  -3.7136510e-02  -1.0469918e-02  -4.0650542e-03   1.3276584e-03
   9.7011264e-02   1.6744653e-01  -3.8823491e-02  -9.5052638e-03  -3.7576071e-03   1.3840072e-03
