-8.6019e-06
0.00014879
0.0014433
0.0036695
0.0046895
0.0041684
0.0036266
0.0032465
0.003248
0.0037948
0.0040104
0.0035768
0.004569
0.0058512
0.0060206
0.0056414
0.0060595
0.0070653
0.0069594
0.0062211
0.0046584
0.0038601
0.0045232
0.0052615
0.0062629
0.0069612
0.0074982
0.0080863
0.0086322
0.0084892
0.0071854
0.0059013
0.0055853
0.0051823
0.0052883
0.005978
0.0058465
0.0052661
0.0056772
0.0058039
0.0059283
0.0060378
0.0051978
0.0045415
0.0038785
0.0042423
0.0053261
0.0055748
0.0048433
0.0045386
0.0050557
0.0054837
0.0056596
0.0048995
0.0038185
0.0031219
0.0040922
0.005665
0.0064597
0.0064341
0.0058612
0.0046949
0.0042517
0.0042791
0.0037752
0.0038512
0.0050421
0.0050022
0.0044876
0.0046619
0.0044285
0.0042751
0.0045636
0.0049236
0.0042517
0.0039925
0.0044184
0.0042405
0.0028806
0.0018048
0.002047
0.0028412
0.0034747
0.0040901
0.0051787
0.0062138
0.0050767
0.0036602
0.003428
0.0033424
0.0038951
0.0061472
0.0069094
0.0065516
0.0074149
0.0082859
0.0079916
0.0069226
0.0057328
0.0055574
0.0051887
0.0040374
0.0031154
0.0026135
0.003279
0.0048497
0.0050241
0.0047366
0.004768
0.0044968
0.0036374
0.0035482
0.004674
0.0057393
0.0066919
0.0067534
0.0053587
0.0038831
0.0032555
0.0026685
0.0027622
0.0045645
0.0054103
0.0059159
0.0058591
0.0048419
0.0049709
0.0048448
0.0048992
0.0057109
0.0061378
0.0055202
0.003774
0.002887
0.0041759
0.0050329
0.0049074
0.0052705
0.0042929
0.0041293
0.0057359
0.0062478
0.0061058
0.0064002
0.0064867
0.0057418
0.0047382
0.0044498
0.0038582
0.0034878
0.0029877
0.0024482
0.0025012
0.0028085
0.0034092
0.0036325
0.0031821
0.0037339
0.0046029
0.0047571
0.0049029
0.0050872
0.0056355
0.0060212
0.0057225
0.0046557
0.0033439
0.0023299
0.0028561
0.0034633
0.0037096
0.0039496
0.0041387
0.004715
0.0050957
0.0058072
0.0063035
0.0056846
0.005365
0.0061099
0.005955
0.0058952
0.0057832
0.0052997
0.0050565
0.0045042
0.0043392
0.0050214
0.0066154
0.0074213
0.0070214
0.0065887
0.0056615
0.0045301
0.0048184
0.0053213
0.0056618
0.005885
0.0056353
0.0054216
0.0049165
0.0056322
0.0061208
0.0051681
0.0041231
0.00395
0.0036832
0.0040087
0.0049279
0.0050376
0.0053785
0.0051292
0.0048055
0.0052521
0.0052752
0.0048409
0.0045941
0.0053884
0.0057472
0.0052367
0.0060741
0.0070166
0.0062086
0.0050759
0.004656
0.0042963
0.0044496
0.0056989
0.0060912
0.006029
0.0064862
0.0064388
0.0061911
0.0057693
0.006254
0.005991
0.0051544
0.0056934
0.0060072
0.0058084
0.0060214
0.0059193
0.0045754
0.0031797
0.0024131
0.0023465
0.0028859
0.004255
0.0046878
0.0041306
0.0050575
0.0069133
0.0071378
0.0063154
0.0063687
0.006049
0.0053996
0.004693
0.0045297
0.0046643
0.0043537
0.004019
0.0032548
0.0033386
0.0039304
0.0044321
0.0044211
0.0041076
0.0041353
0.0040929
0.0032886
0.0027739
0.0031738
0.0033861
0.0036467
0.0036381
0.0035096
0.0035082
0.0036125
0.0029996
0.0026435
0.0020265
0.0026609
0.0043953
0.0051153
0.0060211
0.0071108
0.007315
0.0072727
0.0067761
0.0053584
0.0045071
0.0045751
0.0048063
0.004847
0.0044129
0.0045406
0.0056557
0.0060861
0.0054723
0.005381
0.005475
0.0042746
0.0032504
0.004338
0.0054104
0.0053131
0.0058096
0.0067066
0.0067517
0.0057464
0.0041567
0.0034594
0.0039222
0.0038484
0.003271
0.0031022
0.0031669
0.0034694
0.0029676
0.0027806
0.0045896
0.0047906
0.0048829
0.0056971
0.0058386
0.0050658
0.0038695
0.0043045
0.0046558
0.0041631
0.003853
0.0034935
0.0033854
0.0047084
0.0051585
0.0043323
0.003556
0.0038892
0.0055099
0.0058409
0.0052094
0.0040919
0.0040138
0.004237
0.0037564
0.0030345
0.0023582
0.0029558
0.0046892
0.0058677
0.0061538
0.0059664
0.0051424
0.0037063
0.0032437
0.0032828
0.0029674
0.0032996
0.0044317
0.004585
0.0051592
