   0.0000000e+00   0.0000000e+00   0.0000000e+00  -1.3877788e-17   0.0000000e+00   0.0000000e+00
   5.0629704e-02   1.2207902e-01   5.8318965e-01   9.3208062e-04  -6.2036316e-04  -2.2616191e-03
   6.6436296e-02   1.0116312e-01   7.1444720e-01   1.0598275e-03  -1.4797098e-03  -1.8133505e-03
   6.2345092e-02   1.0011451e-01   7.1969181e-01   7.4353237e-04  -1.5784847e-03  -1.9816407e-03
   6.6585811e-02   9.4213370e-02   7.3021984e-01   7.1398284e-04  -1.6076338e-03  -1.8759003e-03
   6.4846721e-02   9.8687308e-02   7.4087642e-01   1.1885374e-03  -1.0683454e-03  -1.6812324e-03
   6.2983596e-02   1.0799352e-01   7.3898074e-01   1.0599926e-03  -6.8621168e-04  -1.2893278e-03
   7.8615059e-02   1.0330231e-01   7.5313513e-01   9.2053479e-04  -1.1377455e-03  -1.3757413e-03
   6.7662779e-02   9.2697955e-02   7.7792617e-01   8.4199050e-04  -9.1283005e-04  -1.5055906e-03
   6.4541937e-02   1.1442596e-01   7.4659130e-01   9.5156112e-04  -9.7416885e-04  -1.4649019e-03
   7.2855848e-02   8.9405191e-02   7.7964530e-01   2.0320810e-03  -8.2036894e-04  -1.4336509e-03
   6.2178529e-02   1.0328005e-01   7.5639453e-01   1.6428358e-03  -1.1355696e-04  -1.3749028e-03
   5.3528788e-02   8.6450169e-02   7.4891578e-01   1.9445731e-03   8.1905711e-05  -1.4076477e-03
   5.5726412e-02   8.5505699e-02   7.4241115e-01   1.8289965e-03  -2.4499828e-04  -1.5049333e-03
   5.2995883e-02   6.5731534e-02   7.2513291e-01   1.7345072e-03  -4.2876291e-04  -1.5771799e-03
   5.5260313e-02   7.1358194e-02   7.5178431e-01   1.5149232e-03  -9.3964413e-04  -1.2364289e-03
   4.9057437e-02   6.6348852e-02   7.3911685e-01   1.8588209e-03  -7.8669631e-04  -1.2346557e-03
   5.0220300e-02   6.6586963e-02   7.4117046e-01   2.3608062e-03  -8.2502948e-04  -1.5848269e-03
   4.3530060e-02   6.5907489e-02   7.5689102e-01   2.1612594e-03  -7.0460752e-04  -1.4120206e-03
   3.8128117e-02   8.1885202e-02   7.8202650e-01   1.8459042e-03  -3.2033247e-04  -1.5452594e-03
   3.6205131e-02   6.9750074e-02   7.8823476e-01   1.8771297e-03  -6.6342599e-05  -1.6374639e-03
   3.8067451e-02   6.7406782e-02   7.6217890e-01   1.8958516e-03  -3.0739104e-04  -1.5883067e-03
   3.7000556e-02   6.5367073e-02   7.5674397e-01   2.1481344e-03  -4.0832269e-04  -1.3912599e-03
   3.8181798e-02   6.8714710e-02   7.3705889e-01   2.0462730e-03  -4.4515632e-04  -1.3820074e-03
   4.6239089e-02   6.1396331e-02   7.3476769e-01   1.8746369e-03  -6.7959967e-04  -1.4680369e-03
   5.3200592e-02   6.6677503e-02   7.6505191e-01   1.5534011e-03  -5.9774348e-04  -1.2744072e-03
   5.1158543e-02   8.0086233e-02   7.4557902e-01   2.4419701e-03  -3.6657203e-04  -1.3416270e-03
   3.8308831e-02   9.0767759e-02   7.3255890e-01   2.4189786e-03   1.1915808e-04  -1.5397353e-03
   5.1869875e-02   8.3767463e-02   7.3988700e-01   1.9254165e-03  -5.8152378e-04  -1.3599461e-03
   5.2370626e-02   7.9698917e-02   7.6207218e-01   1.7837907e-03  -8.6573584e-04  -1.1241093e-03
   4.9664178e-02   8.8579772e-02   7.5255338e-01   1.7613065e-03  -9.7852620e-04  -9.5637555e-04
   3.8775459e-02   7.4366132e-02   7.2903914e-01   1.9313341e-03  -1.0807467e-03  -1.2624669e-03
   4.4493634e-02   6.5328727e-02   7.2936547e-01   1.9287834e-03  -1.1240317e-03  -1.2498796e-03
   5.6008792e-02   7.2075204e-02   7.6194043e-01   1.6868944e-03  -7.3788739e-04  -1.2965480e-03
   5.0573119e-02   8.2935049e-02   7.3828330e-01   2.3162331e-03  -9.2532227e-04  -1.3629105e-03
   5.2592423e-02   9.4705349e-02   7.4633554e-01   1.7992936e-03  -9.8986296e-04  -1.5353289e-03
   6.4311771e-02   9.5785424e-02   7.4963517e-01   1.2464436e-03  -1.0964193e-03  -1.4216153e-03
   5.9706196e-02   8.7638985e-02   7.2489964e-01   1.9023616e-03  -1.1671772e-03  -1.4493176e-03
   5.9724530e-02   8.0504126e-02   7.2737412e-01   1.2668540e-03  -1.4033987e-03  -1.2286467e-03
   5.1192895e-02   9.9802165e-02   7.4881104e-01   1.6661542e-03  -9.7549427e-04  -1.0783718e-03
   4.0255429e-02   1.0881567e-01   7.2906004e-01   2.2461557e-03  -4.1524456e-04  -1.4296831e-03
   4.6599655e-02   1.1270097e-01   7.2123015e-01   2.3317403e-03  -5.7280802e-04  -1.6556894e-03
   5.1470446e-02   1.1538000e-01   7.1964036e-01   2.3890960e-03  -3.6892927e-04  -1.4133196e-03
   5.5710089e-02   1.1022514e-01   7.1832247e-01   2.0347718e-03  -8.1819793e-04  -1.3200001e-03
   5.3091933e-02   1.0063711e-01   7.2244606e-01   1.7529900e-03  -9.7820831e-04  -1.2777234e-03
   4.1140937e-02   9.4047072e-02   7.0811686e-01   2.1487914e-03  -7.4215197e-04  -1.4128822e-03
   3.6821703e-02   9.6806219e-02   6.8845008e-01   1.9418453e-03  -5.9764389e-04  -1.3520143e-03
   3.8393990e-02   9.3084369e-02   7.0082716e-01   1.7877431e-03  -8.2383599e-04  -1.3253725e-03
   4.7321419e-02   1.0090273e-01   7.1404226e-01   2.3079884e-03  -9.1475872e-04  -1.3391341e-03
   4.5850099e-02   9.8654225e-02   6.9790724e-01   2.6011182e-03  -1.0331472e-03  -1.4826949e-03
   4.2181446e-02   9.9365195e-02   7.1803602e-01   1.8570184e-03  -8.7622845e-04  -1.7134558e-03
   4.1654113e-02   9.8739975e-02   7.0212744e-01   2.2876694e-03  -5.3475520e-04  -1.6468283e-03
   3.4403192e-02   1.0411912e-01   6.8405088e-01   2.2234031e-03  -7.0976057e-04  -1.5848165e-03
   3.0088461e-02   1.0549886e-01   6.7932985e-01   2.3268335e-03  -7.2077347e-04  -1.6511140e-03
   3.2350027e-02   1.1450539e-01   6.5781009e-01   2.3173416e-03  -5.4997325e-04  -1.6981209e-03
   2.5649409e-02   1.1749429e-01   7.0972275e-01   2.7330987e-03  -4.1373320e-04  -1.8434552e-03
   2.5889188e-02   1.1515648e-01   6.9080412e-01   2.8510249e-03  -4.8843049e-04  -1.7935690e-03
   2.2640900e-02   1.0252252e-01   6.7520993e-01   2.7000403e-03  -9.0356807e-04  -1.8451002e-03
   9.2250099e-03   1.0122931e-01   6.6148455e-01   2.3625948e-03  -7.4807783e-04  -1.9677995e-03
   5.0087678e-03   9.8823049e-02   6.8318627e-01   2.2873389e-03  -5.1299537e-04  -1.9201513e-03
   1.2977483e-02   1.0122591e-01   6.7129112e-01   1.8863220e-03  -5.5021472e-04  -1.8025564e-03
   1.2796706e-02   1.0340924e-01   6.8982080e-01   2.6918839e-03  -3.9839243e-04  -1.7382438e-03
   8.2537940e-03   1.0383564e-01   6.9268339e-01   2.7963193e-03  -3.0888354e-04  -1.6289983e-03
   4.6150292e-03   9.4471155e-02   6.9217979e-01   2.8056890e-03  -4.0692655e-04  -1.7213710e-03
   8.7670028e-04   9.5397952e-02   7.0760263e-01   2.3512859e-03  -4.3242624e-04  -1.8318177e-03
   1.3558613e-03   9.0873288e-02   6.8993659e-01   2.4176783e-03  -5.0143563e-04  -1.8281673e-03
  -3.9181990e-03   9.3430254e-02   6.6311280e-01   2.3752161e-03  -5.8491727e-04  -1.8629403e-03
  -1.7554372e-02   9.6639690e-02   6.6705584e-01   2.4177610e-03  -4.8048078e-04  -1.8224430e-03
  -8.7572009e-03   1.0109277e-01   6.9992303e-01   2.3189042e-03  -2.3169623e-04  -1.6789672e-03
  -6.5545032e-03   1.0514853e-01   6.9852363e-01   2.8572586e-03  -1.6397909e-04  -1.6990427e-03
  -8.0880521e-03   1.0996884e-01   7.0113025e-01   2.9528114e-03  -6.7855058e-06  -1.5514138e-03
  -1.2161231e-02   1.0595589e-01   7.0240873e-01   3.0606434e-03   2.4747648e-04  -1.7101426e-03
  -1.0303693e-02   1.1405208e-01   7.1105347e-01   3.1467251e-03   3.7274428e-04  -1.5317844e-03
  -1.9572951e-02   1.0483652e-01   6.8439415e-01   3.3875325e-03   4.9978025e-04  -1.4600897e-03
  -2.5747380e-02   1.0024489e-01   6.7565951e-01   2.8432027e-03   4.8325349e-04  -1.3748183e-03
  -2.6561514e-02   1.0296673e-01   6.9505328e-01   2.6635039e-03   7.0961465e-04  -1.3433665e-03
  -1.9627055e-02   9.3651241e-02   6.8923845e-01   3.1312543e-03   5.6720594e-04  -1.3229027e-03
  -2.2813532e-02   8.9454360e-02   6.8986003e-01   3.2042431e-03   5.6207535e-04  -1.2774682e-03
  -2.2366759e-02   9.7112839e-02   7.0843891e-01   2.8455201e-03   6.2113633e-04  -1.2953541e-03
  -1.2130021e-02   1.1172519e-01   7.2515508e-01   2.7966508e-03   9.1314481e-04  -1.2347620e-03
  -1.6157577e-02   1.0708007e-01   6.9359323e-01   3.4617406e-03   9.6959461e-04  -1.1670958e-03
  -1.6814702e-02   9.5136481e-02   7.0003178e-01   3.2635048e-03   6.1974144e-04  -1.2733491e-03
  -1.5879580e-02   9.9876614e-02   7.0113423e-01   3.0868634e-03   6.0517124e-04  -1.3147286e-03
  -2.7234908e-02   9.0327841e-02   6.6678213e-01   3.1854889e-03   7.0153091e-04  -1.3251106e-03
  -3.0275886e-02   8.6550288e-02   6.6560731e-01   2.7046048e-03   4.8933907e-04  -1.3701906e-03
  -2.0010170e-02   9.3972075e-02   6.7386648e-01   2.5792814e-03   7.5725992e-04  -1.1807942e-03
  -7.7671321e-03   9.7564863e-02   7.0609010e-01   3.2768115e-03   8.3310858e-04  -1.2768090e-03
  -1.8412693e-02   1.0735277e-01   6.9545293e-01   3.4264670e-03   8.4706745e-04  -1.3289223e-03
  -9.1674921e-03   1.0861421e-01   7.0751846e-01   2.7517802e-03   6.4902692e-04  -1.2757976e-03
  -2.5371156e-05   8.7611999e-02   6.9924253e-01   2.7896662e-03   3.3276094e-04  -1.1079000e-03
  -1.3676398e-02   4.5030664e-02   7.4450915e-01   3.9868263e-03   7.6610945e-04  -1.4038405e-03
  -1.9968771e-02   9.2998396e-02   6.8698241e-01   3.5587822e-03   8.3292309e-04  -1.0545756e-03
  -1.7819216e-02   1.0091105e-01   7.2240190e-01   3.4056273e-03   8.1812216e-04  -9.4926233e-04
  -2.2456785e-02   1.1032474e-01   7.1840242e-01   3.7939526e-03   9.5040504e-04  -9.9049642e-04
  -2.6882646e-02   1.0766577e-01   7.0176972e-01   3.8842023e-03   9.3193544e-04  -9.8853890e-04
  -2.0690729e-02   1.1863896e-01   7.4052075e-01   3.4993490e-03   8.2706828e-04  -6.3770213e-04
  -2.9203147e-02   1.1473250e-01   7.2194067e-01   3.6003343e-03   9.8967666e-04  -7.6785191e-04
  -2.8559316e-02   1.0694284e-01   7.2590222e-01   3.4864379e-03   7.7839689e-04  -7.2284559e-04
  -3.1002654e-02   1.0423773e-01   7.4645285e-01   3.1454074e-03   1.0060076e-03  -7.2891059e-04
  -2.9086859e-02   9.0846591e-02   7.3740385e-01   3.6002679e-03   1.0060900e-03  -7.1246429e-04
  -3.3651920e-02   8.8061633e-02   7.0648787e-01   3.9290135e-03   8.0418468e-04  -9.1825456e-04
  -3.9226728e-02   9.6228198e-02   7.1404756e-01   3.5844592e-03   5.8322757e-04  -1.0697674e-03
  -4.0519882e-02   9.9720303e-02   7.3361464e-01   3.6339698e-03   8.7046778e-04  -1.0669931e-03
  -4.7965591e-02   9.6517378e-02   6.6698182e-01   3.9752098e-03   7.5902558e-04  -1.2830530e-03
  -3.9745158e-02   9.5648679e-02   6.9937865e-01   3.2793320e-03   6.1399336e-04  -1.1469466e-03
  -3.0407237e-02   9.2851498e-02   7.0207909e-01   3.3148991e-03   5.1942272e-04  -9.6984178e-04
  -2.1666228e-02   9.3221288e-02   6.7019256e-01   4.0292457e-03   6.3898164e-04  -9.3976514e-04
  -1.1057859e-02   5.9876477e-02   7.7445368e-01   3.6133963e-03   7.2440217e-04  -1.2450549e-03
  -1.2697415e-02   7.4694450e-02   7.7874147e-01   3.7426395e-03   7.5713547e-04  -1.6071142e-03
  -5.5220093e-03   1.2162710e-01   7.1348776e-01   3.6560970e-03   5.7952330e-04  -1.0049577e-03
  -4.3774194e-03   1.1941324e-01   7.5200859e-01   3.5200017e-03   6.4426832e-04  -8.4044036e-04
  -1.3707413e-02   1.2085032e-01   7.2066227e-01   4.5230249e-03   7.1807943e-04  -8.5485550e-04
  -1.1921898e-02   1.1240864e-01   7.7431211e-01   4.0984361e-03   8.6654680e-04  -1.0258507e-03
  -1.8849914e-02   1.1643315e-01   7.8056205e-01   4.5886391e-03   8.0943227e-04  -9.2306965e-04
  -1.5358864e-02   1.3420809e-01   7.7270357e-01   4.4395432e-03   8.0681174e-04  -8.5906708e-04
  -2.0618387e-02   1.2725362e-01   7.6943601e-01   4.2611240e-03   8.5629061e-04  -8.0445890e-04
  -1.8348446e-02   1.1206427e-01   7.5705051e-01   4.1667739e-03   5.6017897e-04  -9.1659761e-04
  -7.3360680e-03   1.0122874e-01   8.3053717e-01   3.4190116e-03   6.2531938e-04  -1.0734503e-03
   2.8656167e-03   1.2213597e-01   8.2759970e-01   3.9806375e-03   3.7476501e-04  -7.7919686e-04
   1.1497304e-02   1.1761512e-01   8.0224479e-01   3.9322307e-03   1.7031833e-04  -7.5469956e-04
   1.1183605e-02   8.3351207e-02   7.9898192e-01   4.0347849e-03   4.3386443e-04  -6.8058498e-04
   1.1110620e-02   3.9534943e-02   8.2761582e-01   4.7903393e-03   5.2852021e-04  -8.9446355e-04
   1.3307939e-02   7.0963894e-02   7.8248272e-01   4.6729567e-03   9.0579955e-05  -7.5998849e-04
   1.1748982e-02   5.6518517e-02   7.8208049e-01   4.9502928e-03   3.4315394e-04  -8.9312343e-04
   1.4194014e-02   1.2816605e-02   8.4689113e-01   5.2614408e-03   7.4046334e-04  -1.6461198e-03
   1.5951119e-02   6.7070752e-02   7.7879542e-01   4.7672850e-03   4.2352529e-04  -1.2781520e-03
   1.5804466e-02   8.0899343e-02   7.7837778e-01   5.8126983e-03   4.4510289e-04  -1.0968246e-03
   2.3941382e-02   8.7785952e-02   8.1640224e-01   5.5787931e-03   7.6637046e-05  -1.0822902e-03
   2.4718441e-02   5.7124670e-02   8.4526721e-01   6.2759250e-03   4.8403583e-04  -9.1615029e-04
   3.4762528e-02   7.1072189e-02   8.5938085e-01   5.3155508e-03  -1.4410964e-04  -8.3215420e-04
   3.9217985e-02   6.3784188e-02   9.5672951e-01   5.4463668e-03   2.1846004e-04  -1.0770252e-03
   3.8508447e-02   9.3649255e-02   9.6098995e-01   5.6684913e-03  -4.7871616e-05  -1.1597577e-03
   2.9438634e-02   1.0969586e-01   9.1446591e-01   5.0619571e-03   1.4273439e-05  -1.0208078e-03
   4.1715651e-02   8.2483314e-02   9.4840671e-01   4.4388790e-03  -3.3110780e-04  -1.1589100e-03
   3.7121751e-02   3.0123347e-02   1.0268611e+00   4.8709804e-03   3.8940312e-05  -1.4687386e-03
   4.2351597e-02   8.0138103e-02   9.8968165e-01   4.4821135e-03  -3.6891186e-04  -1.1748332e-03
   4.0849263e-02   1.1056070e-01   9.7604546e-01   4.2212249e-03  -2.2735165e-04  -9.7091527e-04
   5.2216598e-02   1.2244200e-01   1.0031068e+00   3.9856507e-03  -5.0164329e-05  -1.1261711e-03
   4.6946760e-02   1.4086163e-01   9.5117086e-01   3.5856004e-03  -1.0256723e-04  -1.2035022e-03
   3.9611151e-02   1.4899270e-01   9.2725047e-01   3.3599036e-03  -1.8982466e-04  -1.3350125e-03
   3.6562006e-02   1.4532685e-01   9.2043441e-01   3.1172232e-03  -2.9826956e-04  -1.4660116e-03
   4.1505123e-02   1.3187809e-01   9.0074613e-01   2.8183117e-03  -3.4068642e-04  -1.1846632e-03
   4.6054572e-02   1.3056911e-01   8.8892094e-01   2.7078291e-03  -5.7026643e-04  -1.3296261e-03
   4.7778456e-02   1.3398303e-01   8.9421470e-01   2.4047354e-03  -7.5936051e-04  -1.2001366e-03
   4.6251841e-02   1.3060253e-01   8.9340240e-01   2.3723555e-03  -8.9441297e-04  -1.4166205e-03
   3.0156935e-02   1.2733841e-01   8.9920203e-01   2.2483364e-03  -6.0404396e-04  -1.4832651e-03
   1.2743590e-02   1.0724457e-01   9.4823061e-01   2.5462798e-03  -5.2970462e-04  -1.9049512e-03
   1.5132428e-02   1.3420855e-01   8.8864262e-01   2.7265308e-03  -4.5275985e-04  -1.6853705e-03
   1.8785077e-02   1.3458869e-01   9.2761962e-01   2.4917177e-03  -5.5257046e-04  -1.7039078e-03
   2.1908083e-02   1.4714850e-01   9.6944691e-01   1.6459070e-03  -6.9147031e-04  -1.7057637e-03
   2.9767599e-02   1.4194543e-01   9.8028157e-01   1.6739401e-03  -6.6440134e-04  -1.5757795e-03
   2.9470600e-02   1.4633521e-01   9.3953284e-01   2.0820215e-03  -7.7781529e-04  -1.6786957e-03
   2.8945806e-02   1.4583685e-01   9.3296322e-01   1.9032627e-03  -8.5783453e-04  -1.7779266e-03
   2.9494993e-02   1.5860526e-01   9.6123312e-01   1.7038969e-03  -7.5606825e-04  -1.8530843e-03
   2.3705621e-02   1.5954977e-01   9.1622694e-01   2.0054601e-03  -7.7194938e-04  -1.6507228e-03
   2.3069239e-02   1.6636678e-01   9.1533709e-01   2.0395735e-03  -7.9038299e-04  -1.7097643e-03
   2.1151819e-02   1.6777834e-01   9.0838276e-01   1.5133362e-03  -6.4357673e-04  -1.5740183e-03
   2.3219280e-02   1.7564341e-01   9.2525152e-01   1.2806072e-03  -6.2950651e-04  -1.6041774e-03
   1.6075710e-02   1.6264781e-01   8.7898974e-01   2.3198834e-03  -6.2512832e-04  -1.6680329e-03
   1.5145380e-02   1.6226856e-01   9.1977104e-01   1.8582464e-03  -5.1483409e-04  -1.6909294e-03
   2.0878288e-02   1.7007690e-01   9.5913799e-01   2.2171931e-03  -1.7475988e-04  -1.4201866e-03
   9.6831279e-03   1.7679265e-01   9.8443348e-01   2.5891361e-03   1.7623502e-04  -1.2759665e-03
   1.5271207e-02   1.7273945e-01   9.9178362e-01   2.0671298e-03   1.9866204e-04  -1.3168930e-03
   3.4276382e-02   1.7094871e-01   9.7276570e-01   1.6870537e-03  -5.0621298e-04  -1.1617006e-03
   4.0199653e-02   1.5471934e-01   9.5957478e-01   2.1930463e-03  -7.4841636e-04  -1.2778669e-03
   2.8332066e-02   1.5565869e-01   9.2996213e-01   2.3516990e-03  -5.8601726e-04  -1.4742843e-03
   2.5887757e-02   1.6275796e-01   9.2182707e-01   2.0524394e-03  -7.3947024e-04  -1.5592482e-03
   2.8367001e-02   1.6261350e-01   9.4467358e-01   1.4606340e-03  -8.2119947e-04  -1.4022426e-03
   2.5372908e-02   1.6255381e-01   9.7758594e-01   1.1178714e-03  -8.6668266e-04  -1.4464588e-03
   2.8440389e-02   1.5662406e-01   9.5786893e-01   1.5954313e-03  -9.7592639e-04  -1.5085182e-03
   3.3019964e-02   1.6196668e-01   9.5327561e-01   1.6194869e-03  -6.7081791e-04  -1.3074739e-03
   3.0741829e-02   1.5430837e-01   9.7228549e-01   1.3214165e-03  -6.2467208e-04  -1.4030625e-03
   3.5131267e-02   1.6061852e-01   9.6257771e-01   1.1704455e-03  -6.7770717e-04  -1.3402286e-03
   2.7287949e-02   1.6306834e-01   9.5775125e-01   1.2492556e-03  -7.9022691e-04  -1.4016884e-03
   2.1442393e-02   1.8349730e-01   9.4546496e-01   2.2267101e-03  -6.3342646e-05  -1.6726594e-03
   1.6243173e-02   1.9598534e-01   9.7640395e-01   2.1467987e-03  -7.0226537e-05  -1.7632778e-03
   1.2577359e-02   1.8732297e-01   9.3866988e-01   2.3976898e-03  -6.0553775e-04  -1.7394635e-03
   4.2888505e-03   1.8875201e-01   9.1657662e-01   1.9814336e-03  -4.4393522e-04  -1.8946539e-03
   7.1572281e-03   1.8960106e-01   9.3518202e-01   1.7811245e-03  -3.9728356e-04  -1.8767765e-03
  -3.3214446e-03   1.9054573e-01   9.2236810e-01   2.0845801e-03  -1.2818356e-04  -1.7210600e-03
  -5.3620999e-03   1.8536251e-01   8.9101223e-01   2.1345723e-03  -1.7795847e-04  -1.6869783e-03
   7.9858280e-03   1.8192113e-01   9.2398367e-01   1.5800481e-03  -6.6637795e-04  -1.4963497e-03
   1.7064550e-03   1.8259864e-01   9.0426260e-01   1.9446846e-03  -4.4376409e-04  -1.5975309e-03
  -2.8296968e-03   1.7687047e-01   8.9251933e-01   1.9896673e-03  -6.3415778e-04  -1.5210885e-03
   6.7776604e-03   1.7845780e-01   9.0579750e-01   1.2640582e-03  -9.3849049e-04  -1.4839942e-03
   6.4074421e-03   1.6587632e-01   8.9986877e-01   1.9206323e-03  -5.3666091e-04  -1.5359055e-03
   1.2129587e-02   1.8330286e-01   8.8653560e-01   1.6727805e-03  -6.8469313e-04  -1.5299756e-03
   1.2016126e-02   1.7892732e-01   9.1828568e-01   1.5318618e-03  -6.1773783e-04  -1.6083442e-03
   1.5983762e-02   1.7754624e-01   9.3971943e-01   1.4909897e-03  -5.0854044e-04  -1.4806131e-03
   1.5699750e-02   1.7563405e-01   9.2216237e-01   2.2886280e-03  -3.9585233e-04  -1.5265636e-03
   9.1432856e-03   1.7981115e-01   8.9585838e-01   2.3676459e-03  -5.2909433e-04  -1.8366308e-03
   1.2812204e-02   1.8841350e-01   9.0543068e-01   2.2051060e-03  -5.5232775e-04  -1.8786505e-03
   2.2303336e-03   1.8771622e-01   8.6268607e-01   2.7027927e-03  -2.3188590e-04  -1.8548910e-03
  -5.2762009e-03   1.8087773e-01   8.1923833e-01   2.9002663e-03  -1.4571687e-04  -1.8763538e-03
  -1.1817346e-03   1.7642243e-01   8.2871816e-01   2.7760247e-03  -1.7121610e-04  -1.9777177e-03
   1.0575785e-02   1.6952203e-01   8.2540432e-01   2.6674661e-03  -4.8969901e-04  -1.6292284e-03
   2.4471109e-02   1.8577876e-01   8.3319886e-01   2.1436005e-03  -6.3227841e-04  -1.5412810e-03
   2.1706995e-02   1.8131673e-01   8.5107497e-01   1.9982141e-03  -9.3419260e-04  -1.5874250e-03
   1.9122217e-02   1.7858239e-01   8.6751214e-01   2.0475327e-03  -9.9250716e-04  -1.6216699e-03
   1.7938734e-03   1.7067081e-01   8.3498126e-01   2.9619606e-03  -5.3591400e-04  -1.8371702e-03
  -2.1292876e-02   1.5947670e-01   7.9247086e-01   3.7756781e-03  -1.5425577e-04  -2.0884095e-03
  -1.7684235e-02   1.6307501e-01   8.1179484e-01   3.7338117e-03  -1.0670239e-04  -2.3066907e-03
  -1.1184027e-02   1.6917873e-01   8.0463045e-01   3.9656931e-03   4.0617214e-05  -1.9637981e-03
  -8.2683669e-03   1.6215194e-01   7.9139600e-01   3.9208829e-03  -3.2316239e-04  -2.0196966e-03
  -6.1836581e-03   1.6468651e-01   8.2972754e-01   3.0830004e-03  -3.0069568e-04  -2.0381496e-03
  -1.3854292e-02   1.5672143e-01   8.0963172e-01   3.6749184e-03  -1.8850704e-04  -1.8554110e-03
  -2.1009533e-02   1.5370900e-01   7.6427021e-01   4.1473606e-03  -2.3191444e-04  -1.9805873e-03
  -2.6415623e-02   1.5121237e-01   7.7181860e-01   3.9327987e-03  -2.1803617e-05  -2.0888305e-03
  -2.3872857e-02   1.5016486e-01   7.7405200e-01   3.8856211e-03  -1.3373674e-04  -1.9528811e-03
  -2.3325405e-02   1.5501115e-01   7.4356782e-01   4.0209564e-03  -1.0992300e-04  -2.1202217e-03
  -1.9205287e-02   1.5149233e-01   7.5522159e-01   3.4057394e-03  -2.8173084e-04  -1.9861327e-03
  -2.0943794e-02   1.5482778e-01   8.0783288e-01   3.2308756e-03  -4.6029407e-04  -2.1572598e-03
  -1.1486004e-02   1.3771566e-01   7.9028846e-01   3.5085924e-03  -5.5118963e-04  -1.8506308e-03
  -1.8901606e-02   1.3116639e-01   7.4567044e-01   3.9381676e-03  -3.1575566e-04  -2.0171197e-03
  -9.8852803e-03   1.2508143e-01   8.3350463e-01   3.0550587e-03   1.0533505e-04  -2.4807325e-03
  -9.0605526e-04   1.3957045e-01   7.9633493e-01   4.2529906e-03   6.4667242e-05  -2.0940555e-03
   3.0109729e-02   1.1202065e-01   9.3270589e-01   4.2141201e-03   5.3805859e-04  -2.2114598e-03
   3.7270642e-02   1.0042021e-01   1.0726277e+00   6.4697996e-03   1.2624410e-03  -2.8203040e-03
   4.2427988e-02   1.4897768e-01   9.7425855e-01   5.1342774e-03   3.2033644e-04  -2.4282457e-03
   3.2840280e-02   1.5821127e-01   9.6709004e-01   5.8567461e-03   3.6286013e-04  -2.7089921e-03
   2.5987809e-02   1.4473759e-01   9.4024667e-01   6.7303820e-03   3.1724187e-04  -2.7270515e-03
   2.2953619e-02   1.5553577e-01   9.3136909e-01   6.5350500e-03   2.1949236e-04  -2.6103738e-03
   1.7850858e-02   1.5715390e-01   9.8770480e-01   6.3563654e-03   2.3690592e-04  -2.8103071e-03
   6.8122368e-03   1.4382977e-01   9.8731649e-01   6.7527167e-03   1.4306221e-04  -2.7943120e-03
  -3.5547662e-04   1.4699410e-01   9.8072530e-01   6.5882041e-03   4.3289152e-04  -2.7346642e-03
  -5.3805907e-03   1.3721389e-01   9.4997371e-01   6.5460517e-03   3.0993207e-04  -2.7050981e-03
  -1.4294033e-02   1.2500091e-01   9.1988350e-01   6.3174685e-03   3.7179893e-04  -2.7881509e-03
  -4.1879754e-03   1.1684159e-01   9.0428815e-01   5.8964995e-03   1.4700251e-04  -2.5241107e-03
  -9.5666050e-03   1.1873574e-01   8.8031850e-01   5.7282379e-03   2.4876745e-04  -2.6512949e-03
  -1.1635870e-02   1.1173316e-01   8.7316682e-01   5.5075153e-03   5.1767139e-05  -2.6447513e-03
  -1.8664067e-02   1.0276716e-01   8.3418626e-01   5.6958456e-03   7.7691355e-05  -2.6674604e-03
  -3.1807227e-02   1.0056137e-01   8.6415645e-01   6.1507100e-03   5.3008529e-04  -2.9281567e-03
  -3.1916744e-02   9.6642142e-02   8.5544608e-01   6.2477549e-03   5.9016213e-04  -2.9290808e-03
  -3.2367143e-02   1.0262722e-01   7.9965863e-01   6.4275347e-03   1.1617439e-04  -2.7702784e-03
  -3.4159435e-02   1.0814643e-01   7.9747148e-01   6.0158081e-03   1.2274991e-04  -2.9254947e-03
  -3.3802554e-02   1.1759075e-01   8.2442187e-01   6.1258579e-03   2.9354894e-04  -3.0674286e-03
  -2.6594888e-02   1.0480494e-01   8.0051323e-01   6.2487944e-03   8.0207558e-05  -3.0587543e-03
  -3.0273459e-02   1.1261176e-01   7.6502330e-01   6.5245879e-03   1.1160925e-04  -3.1522553e-03
  -3.4151553e-02   1.1563884e-01   7.4451334e-01   6.5754945e-03   4.0926478e-04  -3.1574754e-03
  -3.1508096e-02   1.2666596e-01   7.7332284e-01   6.4277538e-03   4.1409687e-04  -3.2875224e-03
  -2.4518099e-02   1.2961474e-01   7.5039284e-01   6.5122345e-03   6.8527521e-05  -3.2412389e-03
  -2.4443818e-02   1.2029353e-01   7.5109689e-01   6.3983793e-03  -2.1100512e-04  -3.0048738e-03
  -4.3998564e-02   1.2549223e-01   7.1755192e-01   6.6416841e-03   1.3620299e-04  -3.2429255e-03
  -3.4643640e-02   1.3582195e-01   7.5900937e-01   6.2072879e-03   2.4564164e-05  -3.2939537e-03
  -2.6278530e-02   1.3630957e-01   7.4882519e-01   6.3064985e-03  -6.6611525e-06  -3.2433923e-03
  -2.8130026e-02   1.4134050e-01   7.3266465e-01   6.1787209e-03  -1.4668150e-04  -3.2237315e-03
  -2.8855857e-02   1.3454094e-01   7.4403938e-01   5.9321508e-03   1.1967142e-04  -3.1777174e-03
  -2.6313976e-02   1.3945554e-01   7.7321346e-01   6.3056652e-03   4.8170688e-05  -3.3061261e-03
  -2.8729339e-02   1.3342060e-01   7.8696897e-01   6.3616363e-03  -1.0796527e-04  -3.1483602e-03
  -2.9390975e-02   1.3495018e-01   7.6146135e-01   6.4584862e-03  -3.2638943e-04  -3.3624465e-03
  -3.6599081e-02   1.2653185e-01   7.2898587e-01   6.5270899e-03  -4.1922109e-04  -3.4736173e-03
  -3.5842312e-02   1.3503394e-01   7.4810380e-01   5.9602559e-03  -2.0984783e-04  -3.4885020e-03
  -4.0208280e-02   1.3690674e-01   7.2010184e-01   6.4963706e-03  -1.8704190e-04  -3.4010986e-03
  -5.2330193e-02   1.2888898e-01   7.0785083e-01   6.7449139e-03   1.3507822e-06  -3.3851481e-03
  -5.7689579e-02   1.4237434e-01   7.2821418e-01   6.5770096e-03  -1.0076812e-04  -3.5307444e-03
  -6.0265358e-02   1.4628422e-01   7.1985228e-01   6.8995793e-03  -2.2880054e-04  -3.6119467e-03
  -4.9887189e-02   1.4242377e-01   7.3412371e-01   6.9617749e-03  -4.8916374e-04  -3.6741170e-03
  -5.4463428e-02   1.4778450e-01   7.1679897e-01   6.9449842e-03  -3.7400513e-04  -3.8263140e-03
  -6.2011155e-02   1.4787772e-01   7.1662231e-01   7.1242596e-03  -2.6646436e-04  -4.1109889e-03
  -5.6128963e-02   1.5084753e-01   6.8064536e-01   7.1027611e-03  -4.6582498e-04  -4.2109564e-03
  -4.5675207e-02   1.4906133e-01   6.9030644e-01   6.5966469e-03  -4.6956370e-04  -4.1315005e-03
  -4.6331370e-02   1.5811700e-01   7.2528199e-01   6.4749433e-03  -3.2059006e-04  -4.0724934e-03
  -4.3548797e-02   1.4112542e-01   6.9200175e-01   7.1300198e-03  -5.3142446e-04  -4.0311862e-03
  -5.8488537e-02   1.4531696e-01   6.8818431e-01   7.4094382e-03  -5.8856950e-04  -4.1250132e-03
  -4.4407245e-02   1.4517829e-01   6.9286447e-01   6.7872128e-03  -7.9664982e-04  -4.2721619e-03
  -4.7681535e-02   1.5284448e-01   6.7053223e-01   6.6439148e-03  -3.5647708e-04  -4.2446424e-03
  -4.1472705e-02   1.3795994e-01   6.7870500e-01   6.8169360e-03  -6.9166294e-04  -4.1163759e-03
  -4.1962864e-02   1.3852838e-01   6.7341546e-01   6.2015965e-03  -4.0578760e-04  -4.2977556e-03
  -3.5180755e-02   1.5856829e-01   7.0100754e-01   6.6716038e-03  -3.9645945e-04  -4.3674501e-03
  -2.9619768e-02   1.5290536e-01   6.7715937e-01   6.8878105e-03  -5.1328601e-04  -4.4076527e-03
  -2.6733618e-02   1.4932267e-01   6.8162434e-01   6.3715520e-03  -6.1041347e-04  -4.4344907e-03
  -2.5873483e-02   1.5175452e-01   7.1657586e-01   5.9459507e-03  -6.5190767e-04  -4.2470605e-03
  -2.6184473e-02   1.4373621e-01   7.0779321e-01   6.0491963e-03  -7.9243174e-04  -4.3168703e-03
  -2.2111854e-02   1.4035963e-01   6.7864186e-01   6.4778560e-03  -8.9512605e-04  -4.2597257e-03
  -2.1683575e-02   1.4096541e-01   6.9582099e-01   6.0906137e-03  -1.1301892e-03  -4.2503076e-03
  -2.3561510e-02   1.5080337e-01   7.4150851e-01   5.8215994e-03  -9.6429104e-04  -4.2263058e-03
  -2.4170617e-02   1.4256263e-01   7.2504206e-01   6.4085572e-03  -1.0161103e-03  -4.1347378e-03
  -2.5334026e-02   1.2536760e-01   7.1419662e-01   6.4136073e-03  -1.0644269e-03  -4.0173102e-03
  -2.6059719e-02   1.2107620e-01   7.1851154e-01   6.2594090e-03  -1.0595756e-03  -3.9056050e-03
  -3.6924672e-02   1.2955302e-01   7.1955962e-01   6.7441662e-03  -3.4376493e-04  -4.1506039e-03
  -3.2999307e-02   1.1331332e-01   6.8205210e-01   7.0769407e-03  -6.8840830e-04  -4.1534756e-03
  -3.8788661e-02   1.1645369e-01   6.8757636e-01   7.0489838e-03  -4.4029835e-04  -4.1339476e-03
  -4.0189194e-02   1.2650988e-01   7.4272809e-01   6.7170698e-03  -2.9024747e-04  -4.3835141e-03
  -4.2400082e-02   1.2986399e-01   6.9560785e-01   7.9553806e-03  -3.5476367e-04  -4.4285595e-03
  -3.8419930e-02   1.3320104e-01   6.6212277e-01   7.8616857e-03  -6.4207587e-04  -4.6942927e-03
  -3.7143867e-02   1.4870237e-01   6.8578203e-01   7.5833876e-03  -5.9355455e-04  -4.4873732e-03
  -4.1369551e-02   1.3428752e-01   6.8197938e-01   7.7830635e-03  -3.4570660e-04  -4.4328709e-03
  -4.8902980e-02   1.4053303e-01   6.5550018e-01   7.6954834e-03  -6.1111467e-04  -4.3258197e-03
  -5.7177421e-02   1.6821229e-01   6.9607839e-01   7.8298032e-03  -1.6005856e-04  -4.4272769e-03
  -5.1106120e-02   1.7323746e-01   6.5976985e-01   8.0598474e-03  -3.5843970e-04  -4.6218580e-03
  -4.8289415e-02   1.6682763e-01   6.3843292e-01   7.6508257e-03  -5.0627578e-04  -4.4997367e-03
  -5.1513437e-02   1.6935489e-01   6.7542898e-01   7.0642689e-03  -2.9780548e-04  -4.4218783e-03
  -4.8534704e-02   1.5649770e-01   6.7666444e-01   7.4710638e-03  -1.9532301e-04  -4.3933489e-03
  -4.3497968e-02   1.5314440e-01   6.4837079e-01   7.6020799e-03  -4.6273967e-04  -4.3082411e-03
  -4.5815966e-02   1.6517617e-01   6.6613885e-01   7.0212396e-03  -2.0663550e-04  -4.4555788e-03
  -3.1375209e-02   1.5471479e-01   6.4328344e-01   7.4637304e-03  -3.0722008e-04  -4.3327661e-03
  -2.2348430e-02   1.4614638e-01   6.2099462e-01   8.0168148e-03  -2.9117593e-04  -4.4533844e-03
  -1.1774076e-02   1.4305816e-01   6.7266230e-01   7.1867250e-03  -5.3390008e-04  -4.5093726e-03
  -1.7619681e-02   1.4217657e-01   6.7470565e-01   7.8103506e-03  -1.0906547e-04  -4.7526204e-03
  -2.1455101e-02   1.4316722e-01   6.3539298e-01   7.8393399e-03  -1.5599677e-04  -4.6587970e-03
  -1.6864176e-02   1.5493536e-01   6.6179143e-01   7.4469393e-03  -1.0118477e-04  -4.7644164e-03
  -2.1296546e-02   1.5428172e-01   6.4294321e-01   7.8152274e-03  -1.7874730e-04  -4.6615302e-03
  -2.1926281e-02   1.5738670e-01   6.0997194e-01   8.0356726e-03  -7.7655475e-04  -4.6290571e-03
  -2.7302210e-02   1.6022957e-01   6.1894152e-01   7.4409416e-03  -4.2803606e-04  -4.9773801e-03
  -2.3917240e-02   1.6050621e-01   6.0003941e-01   6.8833588e-03  -3.1563062e-04  -4.9283514e-03
  -1.1605260e-02   1.4946143e-01   5.7878698e-01   7.6496548e-03  -7.5215965e-04  -5.1002538e-03
  -7.9403593e-03   1.4656263e-01   5.9539126e-01   7.3825485e-03  -9.7227139e-04  -5.2078721e-03
  -2.0989487e-02   1.6322655e-01   6.0876176e-01   6.9024677e-03  -9.8980760e-04  -5.2683372e-03
  -1.1979998e-02   1.5237316e-01   5.9337343e-01   7.4068608e-03  -9.0431670e-04  -5.1802656e-03
  -1.3585719e-02   1.4187652e-01   6.2296647e-01   7.2231643e-03  -6.3671534e-04  -5.1963014e-03
  -1.4562435e-02   1.1643816e-01   6.4494365e-01   7.5810575e-03  -4.9338115e-04  -5.3813275e-03
  -7.5049251e-03   1.1471176e-01   6.1442376e-01   7.9693513e-03  -8.4128992e-04  -5.2229737e-03
  -5.7902105e-03   1.1182656e-01   5.9861531e-01   7.7228167e-03  -8.8016440e-04  -5.2541925e-03
  -9.4391995e-03   1.1185323e-01   6.3616743e-01   7.5668840e-03  -5.0793863e-04  -5.3044374e-03
  -1.6496822e-02   1.0844195e-01   6.3524365e-01   8.2351664e-03  -3.1454730e-04  -5.3665929e-03
  -1.4845527e-02   1.0766320e-01   6.1742284e-01   8.3615083e-03  -5.0771081e-04  -5.3176184e-03
  -2.0036741e-02   1.0304393e-01   6.2782985e-01   8.2616457e-03  -6.0970170e-04  -5.4328017e-03
  -1.9116347e-02   1.1243565e-01   6.5551393e-01   7.6779378e-03  -5.4831646e-04  -5.4023830e-03
  -2.4277072e-02   9.7852598e-02   6.7278706e-01   7.9448040e-03  -3.8941978e-04  -5.2122365e-03
  -2.6353659e-02   1.0052278e-01   6.5016751e-01   8.4003199e-03  -3.5761825e-04  -5.2957483e-03
  -3.1295562e-02   9.5349041e-02   6.5328602e-01   7.9084678e-03  -3.5822672e-04  -5.2150845e-03
  -3.7105897e-02   1.2059925e-01   6.9400230e-01   7.8672294e-03  -1.9423786e-04  -5.1997065e-03
  -4.1215651e-02   1.1162775e-01   6.6261166e-01   8.5544584e-03  -2.6940103e-04  -5.3258607e-03
  -4.6519374e-02   1.0997914e-01   6.7252103e-01   8.4152738e-03  -2.3218926e-04  -5.3180221e-03
  -2.7951474e-02   1.1737548e-01   7.0595210e-01   7.8785973e-03  -5.4513433e-04  -5.1748791e-03
  -3.3654325e-02   1.2474138e-01   7.2048353e-01   8.1666695e-03  -3.3076840e-04  -5.2916695e-03
  -3.8580023e-02   1.1757797e-01   6.8533959e-01   8.9535585e-03  -4.4148046e-04  -5.3815022e-03
  -3.9527326e-02   1.3050316e-01   6.7939398e-01   8.3100523e-03  -2.7426587e-04  -5.4984706e-03
  -4.3283919e-02   1.2070741e-01   6.6303678e-01   8.6743127e-03  -3.1273730e-04  -5.4796717e-03
  -4.3279057e-02   1.1737452e-01   6.5558232e-01   8.3852291e-03  -3.1217296e-04  -5.3266177e-03
  -3.8356864e-02   1.1269454e-01   6.5433224e-01   8.1291761e-03  -5.7103787e-04  -5.3466940e-03
  -3.9047786e-02   1.1835222e-01   6.7227724e-01   7.7701852e-03  -6.1974901e-04  -5.3779736e-03
  -3.5642327e-02   1.1202418e-01   6.4555434e-01   7.8769647e-03  -8.5330163e-04  -5.3481415e-03
  -4.1351044e-02   1.0161763e-01   6.2484241e-01   8.2112179e-03  -8.9112271e-04  -5.3188462e-03
  -3.1429031e-02   9.5722917e-02   6.4924268e-01   8.0923573e-03  -6.7423288e-04  -5.3912854e-03
  -3.4220564e-02   1.0192929e-01   6.4729305e-01   7.8603303e-03  -4.6767615e-04  -5.3159407e-03
  -3.5079343e-02   9.4286486e-02   6.2762006e-01   8.6931596e-03  -4.2192072e-04  -5.4171685e-03
  -3.0135660e-02   1.0837868e-01   6.1317157e-01   8.0975454e-03  -6.5588773e-04  -5.3827029e-03
  -3.3942255e-02   1.3251566e-01   6.3237433e-01   7.6800741e-03  -5.1436813e-04  -5.4851293e-03
  -2.8423767e-02   1.2617217e-01   6.4774205e-01   7.9971528e-03  -5.1104524e-04  -5.3308235e-03
  -2.7927401e-02   1.2110830e-01   6.2810760e-01   8.0599186e-03  -7.0365916e-04  -5.3941554e-03
  -4.1148476e-02   1.2295977e-01   6.1779644e-01   8.3511589e-03  -5.8610155e-04  -5.5533575e-03
  -3.6851872e-02   1.3761816e-01   6.3589114e-01   8.0861841e-03  -3.1140056e-04  -5.5657559e-03
  -3.5946090e-02   1.3889053e-01   5.7026936e-01   8.1671638e-03  -4.5369633e-04  -5.6088352e-03
  -2.3273000e-02   1.3438405e-01   5.6650192e-01   7.1020039e-03  -8.2616272e-04  -5.4481266e-03
  -2.3452014e-02   1.5092557e-01   6.0319256e-01   7.2259586e-03  -5.8971518e-04  -5.6417909e-03
  -8.6695401e-03   1.5255457e-01   5.7611347e-01   7.6804926e-03  -8.7908344e-04  -5.6680632e-03
  -9.7030289e-03   1.4908464e-01   5.2735672e-01   7.5758880e-03  -8.7850719e-04  -5.6812186e-03
   6.6025262e-03   1.5286325e-01   5.8488404e-01   6.8755874e-03  -1.0293538e-03  -5.6623480e-03
  -1.3949420e-02   1.4510061e-01   5.3345135e-01   7.6774319e-03  -9.0932693e-04  -5.5498230e-03
  -2.6844521e-02   1.4635808e-01   5.1156819e-01   7.6657359e-03  -1.2506879e-03  -5.7778214e-03
  -2.0285847e-02   1.6006451e-01   5.6020289e-01   6.8825881e-03  -8.8091022e-04  -5.6909042e-03
  -2.6363400e-02   1.5467746e-01   5.1732899e-01   7.4711416e-03  -9.3320555e-04  -5.7340210e-03
  -3.0567807e-02   1.3537805e-01   5.0316529e-01   7.6552429e-03  -1.1655459e-03  -5.6085990e-03
  -2.3659949e-02   1.6302508e-01   5.5045145e-01   7.3445350e-03  -1.1256232e-03  -5.6571264e-03
  -2.1513859e-02   1.6135958e-01   5.0639963e-01   7.7243345e-03  -1.0123921e-03  -5.8404781e-03
  -1.8285876e-02   1.5812349e-01   5.0585643e-01   7.6346793e-03  -9.0201640e-04  -5.8251847e-03
  -1.7372211e-02   1.6287733e-01   5.3480671e-01   7.0406710e-03  -8.3665554e-04  -5.8826216e-03
  -1.7547363e-02   1.5642758e-01   5.3174562e-01   7.8011574e-03  -1.2637808e-03  -6.2387440e-03
  -3.4876293e-02   1.6844444e-01   4.8534601e-01   7.5382154e-03  -1.9900184e-03  -6.4879882e-03
  -6.8839120e-02   1.5043346e-01   5.9827313e-01   7.5477022e-03  -7.7331028e-04  -6.0066845e-03
  -5.5016281e-02   1.4253910e-01   6.0791720e-01   7.8278563e-03  -1.2498865e-03  -6.1215253e-03
  -8.2355281e-02   1.3954339e-01   4.9589951e-01   7.4840954e-03  -1.2711687e-03  -6.0201290e-03
  -8.3494985e-02   1.5211849e-01   5.1609663e-01   7.2583327e-03  -1.1563174e-03  -6.4891051e-03
  -8.3279184e-02   1.5658240e-01   5.1730366e-01   6.9549900e-03  -8.2465495e-04  -6.7873874e-03
  -7.4883838e-02   1.4339721e-01   5.2227294e-01   7.8350231e-03  -1.1100336e-03  -6.8144759e-03
  -6.9870570e-02   1.5029903e-01   5.5650196e-01   7.6482558e-03  -1.0203977e-03  -6.9046778e-03
  -5.5041887e-02   1.7752938e-01   5.6668971e-01   7.9553144e-03  -1.0978761e-03  -7.1982834e-03
  -6.3887465e-02   1.7482131e-01   5.2903385e-01   8.0054526e-03  -9.6523360e-04  -7.1127859e-03
  -6.1100484e-02   1.5693225e-01   5.8574189e-01   7.4465245e-03  -7.5563357e-04  -7.1874368e-03
  -5.7282277e-02   1.2805824e-01   5.6852619e-01   8.2804114e-03  -8.5893771e-04  -7.1114514e-03
  -5.5002973e-02   1.2890930e-01   5.6022563e-01   8.6077274e-03  -7.3483241e-04  -7.2032874e-03
