6.6497e-08
4.262e-07
1.2463e-05
4.0013e-05
6.9733e-05
8.0784e-05
8.1864e-05
8.371e-05
7.985e-05
7.8863e-05
7.32e-05
5.4709e-05
4.5352e-05
5.5162e-05
7.0419e-05
7.1864e-05
6.9372e-05
7.5602e-05
7.0863e-05
6.0601e-05
5.4299e-05
4.4904e-05
4.2803e-05
5.4852e-05
7.835e-05
8.3581e-05
7.4805e-05
6.8646e-05
7.2367e-05
8.3259e-05
8.2591e-05
6.9103e-05
5.9328e-05
5.0954e-05
4.8922e-05
5.2056e-05
6.0574e-05
6.7305e-05
7.0339e-05
7.4124e-05
6.926e-05
6.215e-05
5.519e-05
6.0167e-05
6.5713e-05
5.8154e-05
5.3535e-05
5.7605e-05
6.627e-05
6.5822e-05
7.1032e-05
6.7837e-05
6.4224e-05
6.7526e-05
7.017e-05
6.3719e-05
5.6147e-05
5.8517e-05
6.3599e-05
7.3885e-05
8.0739e-05
6.9736e-05
6.7563e-05
7.8132e-05
7.767e-05
7.4134e-05
7.8467e-05
7.2037e-05
5.6325e-05
5.0671e-05
4.8418e-05
5.9551e-05
6.4109e-05
5.9504e-05
5.9252e-05
7.0246e-05
7.9419e-05
8.673e-05
7.9782e-05
5.4509e-05
5.2247e-05
6.2671e-05
5.781e-05
5.926e-05
7.2148e-05
8.7323e-05
8.5732e-05
6.1873e-05
3.4952e-05
3.1631e-05
4.1778e-05
5.4067e-05
6.4479e-05
6.7836e-05
7.6169e-05
7.8063e-05
7.5028e-05
7.8922e-05
8.2583e-05
7.8891e-05
7.6565e-05
8.1914e-05
8.3741e-05
7.8826e-05
7.2226e-05
6.898e-05
6.2734e-05
5.4714e-05
5.0015e-05
5.3793e-05
5.2623e-05
4.6838e-05
5.1361e-05
5.921e-05
7.4219e-05
7.8614e-05
6.1963e-05
4.9631e-05
5.966e-05
7.6868e-05
8.0595e-05
8.715e-05
8.3288e-05
6.7125e-05
5.578e-05
5.3923e-05
6.3877e-05
7.6178e-05
7.4992e-05
7.5782e-05
7.2405e-05
7.0836e-05
6.0339e-05
4.2722e-05
4.4996e-05
5.207e-05
4.9725e-05
5.3507e-05
5.0707e-05
5.1426e-05
5.9476e-05
6.3629e-05
7.269e-05
8.6505e-05
9.5526e-05
9.1685e-05
7.9174e-05
6.1739e-05
5.2878e-05
5.725e-05
6.6317e-05
6.6181e-05
5.9504e-05
5.658e-05
5.8833e-05
6.5092e-05
7.209e-05
7.4543e-05
8.0952e-05
8.4289e-05
7.5644e-05
6.1539e-05
5.9087e-05
5.4267e-05
4.4636e-05
5.0658e-05
6.1547e-05
5.8838e-05
6.1838e-05
7.2822e-05
7.5869e-05
7.0749e-05
6.4999e-05
6.6105e-05
6.2931e-05
6.3758e-05
7.0947e-05
8.3879e-05
8.7967e-05
8.0838e-05
7.6763e-05
7.9547e-05
7.739e-05
7.1586e-05
7.4684e-05
7.6183e-05
7.1506e-05
6.9729e-05
7.8431e-05
8.555e-05
7.4545e-05
6.4781e-05
6.1501e-05
5.1579e-05
4.7147e-05
4.6821e-05
5.1849e-05
5.8095e-05
5.931e-05
7.3458e-05
7.7159e-05
7.5508e-05
8.1625e-05
8.4059e-05
7.5615e-05
7.1034e-05
6.885e-05
6.5094e-05
6.1482e-05
5.761e-05
6.4921e-05
6.2737e-05
4.8528e-05
5.0523e-05
5.5723e-05
5.4479e-05
5.4607e-05
5.7165e-05
5.5042e-05
5.8762e-05
6.8524e-05
7.1937e-05
6.7009e-05
6.6854e-05
7.1511e-05
7.0456e-05
6.726e-05
6.5816e-05
7.1898e-05
7.5573e-05
7.3624e-05
6.7467e-05
6.1061e-05
6.1189e-05
6.7445e-05
6.4729e-05
5.6985e-05
6.6007e-05
7.5551e-05
7.8479e-05
8.3611e-05
8.4153e-05
6.7807e-05
5.6788e-05
5.226e-05
4.7068e-05
5.5816e-05
7.1134e-05
6.9492e-05
6.4263e-05
6.6939e-05
7.5229e-05
8.1856e-05
7.4118e-05
7.1627e-05
7.3687e-05
6.7997e-05
6.4723e-05
6.509e-05
6.3731e-05
6.1304e-05
6.395e-05
6.2592e-05
6.2752e-05
7.4307e-05
8.4724e-05
8.0359e-05
7.0473e-05
7.0619e-05
7.1048e-05
6.7611e-05
5.4017e-05
4.7691e-05
5.2411e-05
5.5978e-05
6.0262e-05
6.0186e-05
4.5126e-05
3.7639e-05
3.8887e-05
3.9342e-05
3.5657e-05
2.8924e-05
3.941e-05
5.6384e-05
6.3718e-05
6.9032e-05
7.9777e-05
9.2575e-05
9.1071e-05
7.1783e-05
6.2762e-05
7.1078e-05
7.3452e-05
6.7929e-05
6.4826e-05
6.4453e-05
6.2514e-05
6.2371e-05
6.5499e-05
7.5908e-05
8.1765e-05
7.9742e-05
7.1754e-05
6.3114e-05
6.1236e-05
6.1625e-05
6.4952e-05
7.23e-05
7.504e-05
8.0429e-05
8.1838e-05
7.3652e-05
6.624e-05
6.6962e-05
7.9653e-05
8.2102e-05
7.4522e-05
6.8739e-05
6.038e-05
4.5707e-05
4.3921e-05
4.8141e-05
5.2527e-05
5.306e-05
4.8623e-05
5.3771e-05
5.7076e-05
5.8268e-05
6.2897e-05
6.6312e-05
7.3374e-05
8.0935e-05
7.402e-05
6.4897e-05
6.2017e-05
5.5168e-05
5.6742e-05
6.762e-05
7.3353e-05
6.7005e-05
6.9405e-05
7.196e-05
6.9175e-05
6.7814e-05
6.2825e-05
5.3538e-05
4.0955e-05
4.7879e-05
6.9015e-05
8.2382e-05
8.1422e-05
7.9898e-05
8.2085e-05
7.0131e-05
5.6886e-05
4.6649e-05
3.8011e-05
4.5695e-05
7.2179e-05
7.6916e-05
8.5157e-05
