6.5461e-08
4.3376e-07
1.2505e-05
4.0079e-05
6.9781e-05
8.079e-05
8.187e-05
8.371e-05
7.9845e-05
7.8869e-05
7.3175e-05
5.4674e-05
4.5352e-05
5.519e-05
7.0435e-05
7.185e-05
6.9374e-05
7.561e-05
7.0842e-05
6.059e-05
5.428e-05
4.4889e-05
4.281e-05
5.4896e-05
7.8386e-05
8.3571e-05
7.4787e-05
6.8642e-05
7.2383e-05
8.3273e-05
8.257e-05
6.9082e-05
5.9318e-05
5.0951e-05
4.893e-05
5.2072e-05
6.0594e-05
6.7311e-05
7.0345e-05
7.4119e-05
6.9238e-05
6.213e-05
5.518e-05
6.0191e-05
6.5707e-05
5.8139e-05
5.3533e-05
5.7629e-05
6.628e-05
6.583e-05
7.1043e-05
6.7822e-05
6.4229e-05
6.7538e-05
7.0173e-05
6.3698e-05
5.6143e-05
5.8523e-05
6.361e-05
7.3905e-05
8.0729e-05
6.9709e-05
6.7579e-05
7.8145e-05
7.7661e-05
7.4138e-05
7.8475e-05
7.2007e-05
5.6307e-05
5.0664e-05
4.8428e-05
5.9576e-05
6.41e-05
5.9494e-05
5.9261e-05
7.0267e-05
7.9425e-05
8.6735e-05
7.9735e-05
5.447e-05
5.227e-05
6.2674e-05
5.7799e-05
5.9278e-05
7.2181e-05
8.734e-05
8.5697e-05
6.181e-05
3.4916e-05
3.1645e-05
4.1798e-05
5.4095e-05
6.4489e-05
6.7848e-05
7.6187e-05
7.806e-05
7.5032e-05
7.8939e-05
8.2589e-05
7.8885e-05
7.657e-05
8.1923e-05
8.3732e-05
7.8808e-05
7.2216e-05
6.8973e-05
6.2719e-05
5.4702e-05
5.0015e-05
5.38e-05
5.2602e-05
4.683e-05
5.1367e-05
5.9224e-05
7.4245e-05
7.8596e-05
6.1926e-05
4.9627e-05
5.9698e-05
7.6882e-05
8.0599e-05
8.7156e-05
8.3257e-05
6.7086e-05
5.5765e-05
5.3929e-05
6.3912e-05
7.619e-05
7.4993e-05
7.5782e-05
7.2396e-05
7.0828e-05
6.0298e-05
4.27e-05
4.5015e-05
5.2069e-05
4.9727e-05
5.3515e-05
5.0698e-05
5.1439e-05
5.9483e-05
6.3637e-05
7.271e-05
8.6531e-05
9.5533e-05
9.1669e-05
7.914e-05
6.1708e-05
5.2872e-05
5.7267e-05
6.633e-05
6.6177e-05
5.95e-05
5.6587e-05
5.8842e-05
6.5109e-05
7.2098e-05
7.4552e-05
8.0968e-05
8.429e-05
7.562e-05
6.1523e-05
5.9086e-05
5.424e-05
4.4625e-05
5.0681e-05
6.1554e-05
5.8827e-05
6.1859e-05
7.2838e-05
7.5868e-05
7.0731e-05
6.4999e-05
6.6107e-05
6.2931e-05
6.3768e-05
7.097e-05
8.3903e-05
8.7964e-05
8.0829e-05
7.677e-05
7.9551e-05
7.7373e-05
7.1578e-05
7.4694e-05
7.6179e-05
7.1501e-05
6.9742e-05
7.8465e-05
8.5556e-05
7.4524e-05
6.4778e-05
6.1491e-05
5.1563e-05
4.7145e-05
4.682e-05
5.1863e-05
5.8089e-05
5.9318e-05
7.3481e-05
7.715e-05
7.5513e-05
8.1635e-05
8.4052e-05
7.56e-05
7.1037e-05
6.8843e-05
6.5091e-05
6.1475e-05
5.7618e-05
6.4936e-05
6.2707e-05
4.8507e-05
5.0534e-05
5.5724e-05
5.4476e-05
5.4614e-05
5.7168e-05
5.504e-05
5.8782e-05
6.8541e-05
7.1933e-05
6.6998e-05
6.6863e-05
7.1515e-05
7.045e-05
6.7252e-05
6.5818e-05
7.1909e-05
7.5571e-05
7.3619e-05
6.7453e-05
6.1056e-05
6.1197e-05
6.7454e-05
6.4708e-05
5.6988e-05
6.6034e-05
7.5564e-05
7.8486e-05
8.3623e-05
8.4133e-05
6.7773e-05
5.6784e-05
5.2254e-05
4.707e-05
5.585e-05
7.1148e-05
6.948e-05
6.4266e-05
6.6955e-05
7.5252e-05
8.1856e-05
7.4098e-05
7.1632e-05
7.368e-05
6.7982e-05
6.4718e-05
6.5087e-05
6.3723e-05
6.1306e-05
6.3957e-05
6.2586e-05
6.2766e-05
7.4333e-05
8.4731e-05
8.0335e-05
7.0464e-05
7.0625e-05
7.1051e-05
6.7593e-05
5.3988e-05
4.7692e-05
5.2422e-05
5.5984e-05
6.0271e-05
6.0168e-05
4.5099e-05
3.7643e-05
3.8891e-05
3.9343e-05
3.5643e-05
2.8924e-05
3.9447e-05
5.6408e-05
6.3725e-05
6.9045e-05
7.9802e-05
9.2591e-05
9.1044e-05
7.1743e-05
6.2767e-05
7.1094e-05
7.3448e-05
6.7922e-05
6.4829e-05
6.4452e-05
6.2512e-05
6.237e-05
6.551e-05
7.5926e-05
8.1765e-05
7.9728e-05
7.1728e-05
6.3097e-05
6.1232e-05
6.1626e-05
6.4969e-05
7.2314e-05
7.5044e-05
8.0438e-05
8.1826e-05
7.3637e-05
6.6231e-05
6.698e-05
7.9674e-05
8.2092e-05
7.4507e-05
6.873e-05
6.0353e-05
4.5687e-05
4.3932e-05
4.8151e-05
5.2539e-05
5.3053e-05
4.8627e-05
5.379e-05
5.7082e-05
5.8282e-05
6.2913e-05
6.6323e-05
7.3387e-05
8.0926e-05
7.3984e-05
6.4883e-05
6.2006e-05
5.5158e-05
5.6753e-05
6.7635e-05
7.3341e-05
6.699e-05
6.9413e-05
7.1951e-05
6.9172e-05
6.781e-05
6.2817e-05
5.3517e-05
4.0946e-05
4.7918e-05
6.9057e-05
8.2401e-05
8.1417e-05
7.9908e-05
8.2078e-05
7.01e-05
5.6863e-05
4.6627e-05
3.8e-05
4.5744e-05
7.2223e-05
7.6933e-05
8.5155e-05
