   0.0000000e+00   1.4918901e-14   0.0000000e+00   0.0000000e+00   0.0000000e+00   0.0000000e+00
  -7.3477881e-03   9.4336712e-02   3.0053786e-01  -4.5150180e-04   5.8607363e-04  -1.5367240e-03
  -9.5064084e-03   9.3611984e-02   3.0939522e-01   8.1484294e-04   1.2953396e-03  -1.6911179e-03
  -4.1504369e-02   8.8611403e-02   4.1566249e-01   1.5919049e-03   1.4757549e-03  -1.8397897e-03
  -1.5849636e-02   8.0265725e-02   4.2466692e-01   2.1490173e-03   1.7424577e-03  -1.2190370e-03
  -1.8541949e-02   6.2430758e-02   3.8027859e-01   2.5704941e-03   8.5476607e-04  -1.5270732e-03
  -2.9217072e-02   5.9702518e-02   3.7295425e-01   2.4998776e-03   1.2249461e-03  -1.4772324e-03
  -2.3697828e-02   4.1267609e-02   4.1907848e-01   3.3841411e-03   1.0604137e-03  -1.5236258e-03
  -2.3328164e-02   4.2902132e-02   4.5664878e-01   3.2377525e-03   1.2519812e-03  -1.5228167e-03
  -1.7756056e-02   3.6968165e-02   4.6298905e-01   4.2543114e-03   1.1033790e-03  -1.8380976e-03
  -2.0880161e-02   1.8893050e-02   4.7751692e-01   4.3111727e-03   1.0717989e-03  -1.4400130e-03
  -2.3386700e-02   5.2528928e-03   5.0171509e-01   4.7486023e-03   9.6530990e-04  -1.4519093e-03
  -2.9697871e-02  -2.0995037e-02   5.8939931e-01   5.5246956e-03   1.1333274e-03  -1.5526494e-03
  -2.7046508e-03  -4.4587803e-02   5.7621558e-01   8.1705549e-03   1.5992097e-03  -1.3023859e-03
  -2.3205937e-02  -4.1918730e-02   6.0664019e-01   6.6784622e-03   3.1460781e-03  -1.0924361e-03
  -2.4262704e-02  -7.0659193e-02   5.7484596e-01   8.2796258e-03   2.7040990e-03  -1.1039945e-03
  -2.1462055e-02  -4.9540604e-02   6.0683572e-01   8.2810295e-03   2.7891458e-03  -1.2477320e-03
  -1.2221085e-02  -5.0608177e-02   6.3699262e-01   8.2962056e-03   3.0070184e-03  -1.0519643e-03
  -1.7686352e-02  -3.1656257e-02   7.6538002e-01   6.1729962e-03   3.8611794e-03  -6.9961343e-04
  -1.3036766e-02  -8.0355886e-02   6.5795937e-01   8.8899442e-03   2.7072490e-03  -1.2928013e-03
  -1.9370731e-02  -5.9866472e-02   7.0730538e-01   8.7755916e-03   2.8775270e-03  -1.3947191e-03
  -2.2205255e-02  -6.6370108e-02   7.0072412e-01   8.8456411e-03   3.0882029e-03  -1.2751744e-03
  -3.5739172e-02  -8.4253595e-02   7.0227125e-01   8.7154394e-03   2.9920029e-03  -1.4210607e-03
  -2.3033333e-02  -1.0532841e-01   7.9954274e-01   9.0569714e-03   2.4702113e-03  -8.2255116e-04
  -1.9525987e-02  -9.7381326e-02   7.9437572e-01   9.5281783e-03   2.6300443e-03  -9.0627497e-04
  -1.1993228e-02  -9.7819490e-02   8.0513619e-01   1.0119515e-02   2.5122275e-03  -1.0516529e-03
   1.4215716e-02  -9.5098240e-02   8.2560995e-01   1.0050307e-02   2.5715883e-03  -1.0166481e-03
   5.5142705e-02  -8.8422653e-02   8.1667541e-01   1.0478799e-02   2.3984742e-03  -8.7847937e-04
   9.1439361e-03  -6.5553424e-02   8.2067923e-01   1.0272669e-02   3.7251968e-03  -1.0615419e-03
   1.0421876e-02  -5.8945731e-02   8.4185231e-01   9.8724223e-03   3.4225723e-03  -1.0486065e-03
   1.2431969e-02  -6.6458832e-02   8.3940709e-01   1.0353543e-02   3.3012440e-03  -8.5326071e-04
   2.9898193e-02  -7.6129262e-02   8.6101924e-01   1.0270639e-02   3.1868842e-03  -1.0475174e-03
   2.7307083e-02  -7.9650328e-02   8.8619763e-01   1.0200372e-02   2.9430662e-03  -9.7702292e-04
   2.3779850e-02  -7.9060003e-02   9.1309228e-01   1.0363053e-02   2.8142143e-03  -1.1069638e-03
   2.0379972e-02  -7.9664168e-02   9.1452470e-01   1.0424583e-02   2.5466950e-03  -1.1248938e-03
   4.2828869e-03  -8.1263222e-02   9.6627113e-01   1.0631087e-02   2.8489290e-03  -1.0953651e-03
   1.1172212e-02  -8.8798816e-02   9.6599929e-01   1.0818085e-02   3.1289413e-03  -9.6816848e-04
   1.8331453e-02  -7.7163061e-02   9.2486142e-01   1.0397519e-02   2.9907011e-03  -1.1260362e-03
   5.8105974e-04  -8.9663338e-02   9.8552456e-01   1.0876288e-02   2.7758190e-03  -9.3239794e-04
   4.5533565e-03  -8.6260982e-02   9.7345609e-01   1.1036009e-02   2.7396149e-03  -6.7578770e-04
   7.9218872e-03  -8.5531585e-02   9.8158426e-01   1.1015862e-02   2.6327361e-03  -7.2078283e-04
   7.8512790e-03  -7.7938163e-02   9.5469473e-01   1.0839032e-02   2.4762010e-03  -6.4801571e-04
   1.2596249e-02  -8.1868748e-02   9.1184551e-01   1.1013678e-02   2.4246594e-03  -4.8169650e-04
  -1.3399742e-03  -9.1995968e-02   9.4380155e-01   1.1344100e-02   2.5020334e-03  -6.0383164e-04
   8.5973131e-03  -9.5199814e-02   9.6161044e-01   1.1801097e-02   2.5469878e-03  -6.3263457e-04
   1.1879009e-02  -9.2780352e-02   9.9807478e-01   1.2057847e-02   2.9794048e-03  -6.9387981e-04
   1.6474476e-02  -9.3256177e-02   1.0242770e+00   1.1774841e-02   2.7356268e-03  -9.6045252e-04
   2.8499394e-02  -9.4737061e-02   1.0296243e+00   1.2342465e-02   2.4846312e-03  -9.9301554e-04
   2.7646507e-02  -8.7214360e-02   1.0129455e+00   1.2268932e-02   2.6745852e-03  -9.0552385e-04
   3.3709493e-02  -9.3248692e-02   1.0439925e+00   1.2541924e-02   2.6465723e-03  -9.6912390e-04
   3.5214611e-02  -9.2451927e-02   1.0498671e+00   1.2468104e-02   2.6160985e-03  -1.2630943e-03
   3.4144609e-02  -8.8285154e-02   1.0463924e+00   1.2774343e-02   2.6693214e-03  -1.0821178e-03
   3.7526659e-02  -9.5019782e-02   1.0811579e+00   1.2817316e-02   2.7711382e-03  -1.4123556e-03
   4.3164454e-02  -1.0284038e-01   1.0864197e+00   1.2770784e-02   2.8808881e-03  -1.2254501e-03
   5.5025405e-02  -1.0467447e-01   1.0777110e+00   1.3159655e-02   2.9916755e-03  -9.7267249e-04
   6.3945974e-02  -1.2809990e-01   1.0665725e+00   1.2832754e-02   3.2266439e-03  -8.0538643e-04
   6.5574221e-02  -7.7427878e-02   1.0962974e+00   1.1298447e-02   3.9298556e-03  -9.4782683e-05
   3.9472599e-02  -9.8575424e-02   1.0521024e+00   1.2200908e-02   3.6960460e-03  -4.0913408e-04
   3.9723740e-02  -9.5525816e-02   1.0725127e+00   1.2519867e-02   3.7427629e-03  -3.6704056e-04
   5.3231647e-02  -1.1419074e-01   1.1118377e+00   1.2988538e-02   3.5768235e-03  -6.2581642e-04
   3.6992576e-02  -1.2489705e-01   1.1541710e+00   1.2952169e-02   3.8763661e-03  -7.1455779e-04
   4.3390526e-02  -1.4432510e-01   1.1661496e+00   1.3098244e-02   3.6333312e-03  -6.6583544e-04
   5.2424455e-02  -1.3512055e-01   1.1758934e+00   1.3601343e-02   3.4585870e-03  -7.3144854e-04
   4.8239744e-02  -1.2491750e-01   1.2130595e+00   1.3694377e-02   3.5252859e-03  -9.4490246e-04
   5.2062540e-02  -1.2286113e-01   1.1991709e+00   1.4327390e-02   3.5907844e-03  -6.8498856e-04
   7.5618076e-02  -1.2286337e-01   1.1723475e+00   1.4561960e-02   3.6670671e-03  -6.2511091e-04
   7.3928540e-02  -1.2796738e-01   1.2418440e+00   1.4942959e-02   3.4783062e-03  -9.3067551e-04
   9.4022994e-02  -1.2945263e-01   1.2386369e+00   1.5195381e-02   3.5442466e-03  -6.7479769e-04
   1.0378961e-01  -1.4916872e-01   1.2917827e+00   1.5391402e-02   4.1811882e-03  -4.4681651e-04
   1.0544503e-01  -1.4175160e-01   1.3278207e+00   1.4972563e-02   4.2094168e-03  -5.0906786e-04
   1.0425196e-01  -1.4163871e-01   1.3162274e+00   1.5298714e-02   4.3063963e-03  -2.0484533e-04
   1.0757330e-01  -1.4028234e-01   1.3230600e+00   1.5112230e-02   4.5299565e-03  -1.5662383e-04
   1.0666435e-01  -1.4050944e-01   1.3264786e+00   1.5292179e-02   4.5560698e-03  -1.5045117e-04
   1.1059020e-01  -1.3900030e-01   1.3059179e+00   1.5684256e-02   4.4868736e-03  -2.5269613e-04
   1.0372624e-01  -1.4220750e-01   1.3372274e+00   1.5751229e-02   4.6974082e-03   3.0989639e-05
   9.2068242e-02  -1.5469720e-01   1.4005719e+00   1.5736198e-02   4.6578797e-03   2.3329098e-04
   1.0478835e-01  -1.5376376e-01   1.3925501e+00   1.5981161e-02   4.3991427e-03   1.3467492e-04
   1.0124789e-01  -1.5052741e-01   1.4132972e+00   1.6013286e-02   4.4804332e-03   1.3294508e-04
   1.0226756e-01  -1.5846690e-01   1.4834299e+00   1.6232342e-02   4.1807406e-03   1.5654363e-05
   1.0562048e-01  -1.5840082e-01   1.4345963e+00   1.6809155e-02   4.1544023e-03   1.1590243e-04
   8.7586408e-02  -1.5150606e-01   1.4342205e+00   1.6487857e-02   4.2718240e-03   3.5183608e-05
   8.9350778e-02  -1.4380128e-01   1.4521411e+00   1.6849683e-02   4.3333434e-03  -1.4966710e-04
   8.9931273e-02  -1.4374355e-01   1.4614985e+00   1.7333532e-02   4.4817677e-03  -2.7530305e-05
   8.0795434e-02  -1.4348595e-01   1.4929452e+00   1.6983945e-02   4.5400587e-03  -3.7838627e-04
   8.4311136e-02  -1.4902181e-01   1.4871792e+00   1.7354154e-02   4.5068486e-03  -1.1515710e-04
   8.2475752e-02  -1.5660949e-01   1.5526102e+00   1.7209840e-02   4.7118973e-03  -2.5643811e-04
   8.8117146e-02  -1.6704688e-01   1.5653206e+00   1.6845978e-02   4.9632617e-03  -3.1666972e-04
   9.5149806e-02  -1.6172471e-01   1.5526249e+00   1.7043268e-02   4.8570374e-03   1.1944668e-04
   8.5688039e-02  -1.6509645e-01   1.5744132e+00   1.7213635e-02   4.8893472e-03  -2.3325947e-04
   8.7201194e-02  -1.5584242e-01   1.5713070e+00   1.7060953e-02   4.4221650e-03  -8.4967154e-05
   8.4813792e-02  -1.5796726e-01   1.5742577e+00   1.7639386e-02   4.6184959e-03   1.5128216e-04
   8.4148825e-02  -1.6119979e-01   1.5754617e+00   1.7893925e-02   4.7690994e-03   1.5374145e-04
   8.8781242e-02  -1.6771954e-01   1.5907081e+00   1.8401663e-02   4.7802847e-03   2.0712812e-04
   8.8223997e-02  -1.6605102e-01   1.5717993e+00   1.8746097e-02   4.9755311e-03   3.7606269e-04
   8.4644098e-02  -1.7402894e-01   1.5998484e+00   1.8644814e-02   5.1586916e-03   4.4206202e-04
   8.8847071e-02  -1.6814301e-01   1.6273433e+00   1.8442763e-02   5.4832121e-03   3.6052429e-04
   9.4135457e-02  -1.5867559e-01   1.6207669e+00   1.8597208e-02   5.4232964e-03   3.7375051e-04
   9.9971137e-02  -1.5706536e-01   1.6232131e+00   1.8609860e-02   5.5489593e-03   4.8533027e-04
   9.2433275e-02  -1.6067536e-01   1.6331978e+00   1.8443468e-02   5.6491893e-03   4.4862487e-04
   9.0578022e-02  -1.6034150e-01   1.6008250e+00   1.8829097e-02   5.5489228e-03   5.5811141e-04
   9.1928884e-02  -1.5870160e-01   1.6208080e+00   1.8796207e-02   5.6043710e-03   6.6906487e-04
   8.0109081e-02  -1.5996516e-01   1.6724491e+00   1.8493842e-02   5.4018667e-03   3.8484146e-04
   9.0644018e-02  -1.8782034e-01   1.6710441e+00   1.9469075e-02   5.3157829e-03   6.4846467e-04
   8.8282438e-02  -1.8243986e-01   1.7124435e+00   1.9634514e-02   5.6969880e-03   7.6676522e-04
   9.0447018e-02  -1.8399772e-01   1.7474718e+00   1.9901358e-02   5.7173535e-03   6.6722049e-04
   1.0099786e-01  -1.8091964e-01   1.7436659e+00   2.0187091e-02   5.6269183e-03   8.3775382e-04
   1.0584238e-01  -1.8306975e-01   1.7794547e+00   1.9931614e-02   5.4786420e-03   6.4047982e-04
   9.3912068e-02  -1.8405421e-01   1.7724210e+00   1.9980315e-02   5.5602838e-03   7.9879643e-04
   8.3868987e-02  -1.7975025e-01   1.7620698e+00   2.0328385e-02   5.6380303e-03   9.2751039e-04
   7.3137768e-02  -1.7973852e-01   1.7689241e+00   1.9752783e-02   5.9257770e-03   9.5689667e-04
   7.6573798e-02  -1.8926157e-01   1.7234923e+00   2.0933135e-02   6.1326720e-03   1.0339200e-03
   7.9947441e-02  -1.9858320e-01   1.6652738e+00   2.2210855e-02   6.2272004e-03   1.4652817e-03
   8.4746224e-02  -2.0164619e-01   1.7368958e+00   2.1147012e-02   6.4191397e-03   1.7129344e-03
   8.8919538e-02  -1.9828663e-01   1.7487327e+00   2.1710419e-02   6.1542221e-03   1.7521989e-03
   9.2934591e-02  -1.8758630e-01   1.7302443e+00   2.1260708e-02   5.9814127e-03   1.5165722e-03
   8.5983885e-02  -1.9909391e-01   1.7389290e+00   2.1078112e-02   5.7864338e-03   1.4268691e-03
   7.6572907e-02  -1.8843861e-01   1.7472724e+00   2.1171472e-02   5.6358169e-03   1.4168054e-03
   8.5693744e-02  -1.8648039e-01   1.7443908e+00   2.1359442e-02   5.6048967e-03   1.3959418e-03
   8.9076582e-02  -1.9546533e-01   1.7549418e+00   2.1176096e-02   5.5858395e-03   1.1140578e-03
   1.0970575e-01  -1.9795121e-01   1.7535294e+00   2.1666321e-02   5.4958257e-03   1.3583352e-03
   1.3012673e-01  -1.9079798e-01   1.7833726e+00   2.1343668e-02   5.8408088e-03   1.6020023e-03
   1.2278627e-01  -1.9958960e-01   1.8116691e+00   2.1616378e-02   5.8817675e-03   1.4897159e-03
   1.1799790e-01  -1.8692854e-01   1.8035026e+00   2.2034433e-02   5.9427549e-03   1.5570930e-03
   1.1239185e-01  -1.8670861e-01   1.8188760e+00   2.1373772e-02   5.6033066e-03   1.1806433e-03
   1.0922515e-01  -1.8840514e-01   1.8300699e+00   2.1348634e-02   5.4366338e-03   1.3886457e-03
   1.1312311e-01  -1.9739157e-01   1.8146316e+00   2.1928683e-02   5.2493353e-03   1.5917935e-03
   8.4117537e-02  -2.1194978e-01   1.8690883e+00   2.1844112e-02   5.5718769e-03   1.4591962e-03
   8.8632012e-02  -1.9915871e-01   1.8578381e+00   2.1642779e-02   5.5119329e-03   1.4699304e-03
   8.8833659e-02  -2.1197768e-01   1.8456043e+00   2.1762976e-02   5.6831803e-03   1.8025575e-03
   9.4625272e-02  -2.0165697e-01   1.8861707e+00   2.1709952e-02   5.6500603e-03   1.3816924e-03
   8.9203268e-02  -2.2268996e-01   1.9037175e+00   2.1869905e-02   5.5479564e-03   1.3074386e-03
   8.2208632e-02  -2.2196223e-01   1.8563737e+00   2.2767992e-02   5.5271347e-03   1.3477620e-03
   9.0234455e-02  -2.1332950e-01   1.8753750e+00   2.2653445e-02   5.8226551e-03   1.2971895e-03
   9.7357457e-02  -2.1807267e-01   1.8809707e+00   2.2643619e-02   5.7037067e-03   1.1714341e-03
   1.0801336e-01  -2.1836068e-01   1.8626837e+00   2.2912662e-02   5.8062025e-03   1.3908644e-03
   1.0070215e-01  -2.1238221e-01   1.8905537e+00   2.2615739e-02   5.8883422e-03   1.3883129e-03
   9.7889296e-02  -2.1688703e-01   1.8967455e+00   2.2843362e-02   5.9442957e-03   1.2039870e-03
   9.1377368e-02  -2.1372297e-01   1.8748385e+00   2.3165766e-02   5.9535992e-03   1.3006116e-03
   8.0479896e-02  -2.0849891e-01   1.8868465e+00   2.2485106e-02   5.9596745e-03   1.0829215e-03
   8.5995388e-02  -2.0746075e-01   1.8919684e+00   2.2822978e-02   5.9357539e-03   1.1607971e-03
   7.4849598e-02  -2.0268046e-01   1.8958991e+00   2.2473212e-02   6.1045042e-03   1.1830560e-03
   7.9340535e-02  -1.9919429e-01   1.9214471e+00   2.2264267e-02   5.9578251e-03   1.1471285e-03
   7.1562412e-02  -2.1242609e-01   1.8596965e+00   2.2839241e-02   6.1169903e-03   1.4154429e-03
   6.1130890e-02  -2.2522519e-01   1.8926109e+00   2.2263282e-02   6.4322278e-03   1.0761758e-03
   7.6392586e-02  -2.1846201e-01   1.9337812e+00   2.2557946e-02   6.1203389e-03   1.1933516e-03
   7.0941897e-02  -2.1222187e-01   1.9309336e+00   2.2518435e-02   6.3190191e-03   1.4952207e-03
   6.9501359e-02  -2.1175126e-01   1.9286063e+00   2.2276459e-02   6.4239597e-03   1.3533757e-03
   7.1676219e-02  -2.1804238e-01   1.9168453e+00   2.2749090e-02   6.4477220e-03   1.6577851e-03
   6.9739097e-02  -2.0660182e-01   1.9210592e+00   2.2303636e-02   6.7202567e-03   1.8125104e-03
   7.6308995e-02  -2.1345911e-01   1.9511502e+00   2.2356296e-02   6.6617439e-03   1.6883872e-03
   1.0085853e-01  -2.1013394e-01   1.9555606e+00   2.2747766e-02   6.6850041e-03   1.6987375e-03
   9.7698604e-02  -2.1315566e-01   1.9358125e+00   2.3291235e-02   8.0356521e-03   1.8832369e-03
   8.9727887e-02  -2.0631644e-01   1.9943107e+00   2.2691584e-02   7.5138475e-03   1.5811299e-03
   1.1273625e-01  -2.1037353e-01   1.9525793e+00   2.2743944e-02   7.0902619e-03   1.4526761e-03
   1.0483023e-01  -2.0528150e-01   2.0103719e+00   2.2427196e-02   7.3474059e-03   1.3545138e-03
   1.0873112e-01  -2.0865176e-01   2.0101258e+00   2.2462494e-02   6.9809672e-03   1.4101861e-03
   1.1816987e-01  -2.1139474e-01   1.9886946e+00   2.2716739e-02   6.8378614e-03   1.7617778e-03
   1.0072202e-01  -2.1183550e-01   1.9739869e+00   2.2467760e-02   6.5727166e-03   1.5987418e-03
   9.7276567e-02  -2.2306933e-01   2.0011206e+00   2.2994456e-02   6.5577149e-03   1.5169507e-03
   1.0533722e-01  -2.2957113e-01   2.0370366e+00   2.3475097e-02   6.6113419e-03   1.5916977e-03
   1.1808184e-01  -2.2285455e-01   2.1191376e+00   2.2517993e-02   6.8659980e-03   1.3821336e-03
   1.2275412e-01  -2.1191249e-01   2.0807071e+00   2.2371905e-02   6.2354310e-03   1.6952299e-03
   1.1121429e-01  -2.1148456e-01   2.0701645e+00   2.2654428e-02   6.1967846e-03   1.7398190e-03
   1.1742594e-01  -1.9335498e-01   2.0985935e+00   2.2678276e-02   6.4286530e-03   1.2952587e-03
   1.1827197e-01  -1.9060301e-01   2.1052780e+00   2.3187790e-02   6.9307127e-03   8.9531859e-04
   9.4331183e-02  -1.9786846e-01   2.1219816e+00   2.3184298e-02   6.9593814e-03   9.6267238e-04
   8.5280418e-02  -1.7923932e-01   2.1105783e+00   2.2675887e-02   6.6589725e-03   6.9487439e-04
   1.1077566e-01  -1.7164493e-01   2.0939359e+00   2.2506218e-02   6.1439322e-03   8.8062107e-04
   1.0902084e-01  -1.8174689e-01   2.1341823e+00   2.2268844e-02   6.2215285e-03   9.3950269e-04
   1.2342326e-01  -2.0187629e-01   2.1165218e+00   2.3086260e-02   5.8498040e-03   4.7908025e-04
   1.1142554e-01  -1.8579429e-01   2.1357367e+00   2.2681445e-02   6.4671311e-03   5.3946646e-04
   9.3655673e-02  -1.6291004e-01   2.1587150e+00   2.1237284e-02   6.1420176e-03   5.2551200e-04
   9.1755151e-02  -1.8848544e-01   2.1569273e+00   2.2256614e-02   5.8872699e-03   1.1111395e-03
   8.4988634e-02  -1.9863854e-01   2.1697278e+00   2.2215252e-02   6.1204659e-03   8.2393477e-04
   7.0773718e-02  -1.7097434e-01   2.1841722e+00   2.2061093e-02   6.0151210e-03   2.5049341e-04
   6.7789827e-02  -1.7485970e-01   2.1493716e+00   2.2676277e-02   6.0973843e-03   4.0291589e-04
   7.2563655e-02  -1.8344775e-01   2.2160357e+00   2.2643996e-02   6.2888738e-03   3.4783758e-04
   8.4096352e-02  -1.8974253e-01   2.1976790e+00   2.2529229e-02   6.2170685e-03   4.4102659e-04
   9.2107851e-02  -1.7939176e-01   2.1780681e+00   2.2461320e-02   5.0018109e-03   4.4007015e-04
   8.8925161e-02  -1.8402065e-01   2.2158502e+00   2.1895614e-02   5.4021818e-03   5.5513527e-04
   9.4768455e-02  -2.0158780e-01   2.2085220e+00   2.2235743e-02   5.4926718e-03   4.9524484e-04
   9.4942359e-02  -1.9162057e-01   2.1628691e+00   2.2302118e-02   5.4744163e-03   5.5400880e-04
   8.9682102e-02  -1.9430929e-01   2.1983594e+00   2.2076510e-02   5.3441552e-03   7.0057788e-04
   9.7507921e-02  -1.9500782e-01   2.2195537e+00   2.2361265e-02   5.5275659e-03   7.7044888e-04
   9.1582397e-02  -1.8779589e-01   2.2199518e+00   2.2235518e-02   5.6397898e-03   1.0582416e-03
   8.6257442e-02  -1.9334003e-01   2.2279169e+00   2.2075442e-02   5.6969094e-03   1.0924765e-03
   1.0340635e-01  -1.9944481e-01   2.1786408e+00   2.2343104e-02   5.7060817e-03   1.0899156e-03
   7.8359694e-02  -1.9134863e-01   2.1365594e+00   2.2252311e-02   5.4080866e-03   1.0006288e-03
   7.3246795e-02  -2.0962470e-01   2.1995524e+00   2.2492061e-02   5.3000539e-03   6.9726817e-04
   8.3303629e-02  -2.1590522e-01   2.1940576e+00   2.2493419e-02   5.5248132e-03   1.0653116e-03
   1.0527656e-01  -1.9453791e-01   2.1822273e+00   2.1982663e-02   5.9054521e-03   7.4384583e-04
   9.6266951e-02  -1.9596666e-01   2.1945189e+00   2.2097660e-02   5.6662660e-03   7.3190409e-04
   8.9974158e-02  -1.8851248e-01   2.1681335e+00   2.2458411e-02   5.5329538e-03   1.0010113e-03
   7.8521229e-02  -1.9296392e-01   2.2113700e+00   2.1915109e-02   5.7971725e-03   9.8724762e-04
   8.5189205e-02  -2.0191461e-01   2.1958694e+00   2.1725640e-02   6.1199809e-03   1.0273611e-03
   8.8256132e-02  -1.8899134e-01   2.1733436e+00   2.1863739e-02   6.2560644e-03   1.1682669e-03
   6.3692016e-02  -1.8768706e-01   2.1506517e+00   2.1291495e-02   6.2921854e-03   6.3172527e-04
   7.4093737e-02  -1.9628535e-01   2.1788602e+00   2.1273706e-02   6.1447191e-03   5.6206199e-04
   9.1161348e-02  -2.0238219e-01   2.1737495e+00   2.1840034e-02   6.0562932e-03   8.2936944e-04
   7.2299004e-02  -2.0973331e-01   2.2030799e+00   2.1826077e-02   5.9754468e-03   9.0275912e-04
   7.9660712e-02  -2.3832986e-01   2.2119965e+00   2.2389683e-02   6.1549538e-03   1.3004207e-03
   7.2178810e-02  -2.0687537e-01   2.2004712e+00   2.1969261e-02   6.3874857e-03   1.1962674e-03
   6.6604698e-02  -2.0911336e-01   2.2238076e+00   2.1850468e-02   6.3834377e-03   1.1227246e-03
   8.3167672e-02  -2.1240846e-01   2.1754769e+00   2.1957644e-02   6.1163624e-03   9.4297186e-04
   1.0215276e-01  -2.0185198e-01   2.1787113e+00   2.1790340e-02   6.6991631e-03   1.3050218e-03
   8.7883447e-02  -2.0209674e-01   2.2200355e+00   2.1761016e-02   6.3980812e-03   1.0880416e-03
   7.8980508e-02  -2.1969299e-01   2.2092861e+00   2.2062655e-02   6.4718263e-03   1.4563134e-03
   5.6798930e-02  -2.2356377e-01   2.2288105e+00   2.1998419e-02   6.6254065e-03   1.3949132e-03
   7.1869236e-02  -2.2430377e-01   2.2277426e+00   2.2162743e-02   6.4086898e-03   1.3725473e-03
   6.0527444e-02  -1.9552508e-01   2.2518822e+00   2.2589788e-02   6.1490317e-03   1.4160864e-03
   6.8632084e-02  -1.9045666e-01   2.2223308e+00   2.2392070e-02   6.1019163e-03   1.6797807e-03
   6.9656280e-02  -1.8986690e-01   2.2529762e+00   2.1842081e-02   6.1007042e-03   1.5052984e-03
   6.8744489e-02  -1.8268192e-01   2.2269303e+00   2.2076445e-02   6.5014062e-03   1.9361595e-03
   7.4974359e-02  -1.7515883e-01   2.2486806e+00   2.1511781e-02   6.5714306e-03   1.7786300e-03
   9.5841466e-02  -1.8842822e-01   2.2725669e+00   2.1217200e-02   6.4013071e-03   1.5305315e-03
   9.3381276e-02  -2.1236263e-01   2.2420019e+00   2.1337150e-02   6.5721223e-03   1.5534347e-03
   8.1873300e-02  -1.9883233e-01   2.2503208e+00   2.0988436e-02   6.6308315e-03   1.3558438e-03
   9.6957032e-02  -1.8708757e-01   2.2270542e+00   2.1054884e-02   5.9534413e-03   1.1486290e-03
   8.8463582e-02  -1.8862702e-01   2.2410882e+00   2.1467783e-02   6.5134252e-03   1.4920486e-03
   9.4549759e-02  -1.8311852e-01   2.2614501e+00   2.1047770e-02   6.4798781e-03   1.4619369e-03
   1.2937627e-01  -2.3517496e-01   2.3176266e+00   2.0788953e-02   7.1713690e-03   1.8697732e-03
   1.1590565e-01  -2.1220623e-01   2.2634444e+00   2.1489734e-02   6.6683786e-03   1.5727134e-03
   9.7686604e-02  -1.8989083e-01   2.2847332e+00   2.1152733e-02   6.8032257e-03   1.4949698e-03
   1.0078182e-01  -1.8435107e-01   2.2936686e+00   2.1217184e-02   6.8277330e-03   1.5053885e-03
   1.0890237e-01  -1.8173555e-01   2.2916008e+00   2.1172688e-02   6.9774500e-03   1.4553864e-03
   1.1113035e-01  -1.9236336e-01   2.3099956e+00   2.1314652e-02   7.2089954e-03   1.6114930e-03
   1.3100835e-01  -1.4534481e-01   2.3142395e+00   1.8723942e-02   8.7489730e-03   2.1152218e-03
   1.7189207e-01  -1.4980482e-01   2.2496457e+00   1.7600675e-02   8.5730440e-03   2.3979561e-03
   1.6989833e-01  -1.3336874e-01   2.2049693e+00   1.8170567e-02   8.2751423e-03   2.2283773e-03
   1.4738486e-01  -1.3372760e-01   2.2295542e+00   1.8326391e-02   8.2054390e-03   1.6835521e-03
   1.3899335e-01  -1.2885175e-01   2.2579537e+00   1.7779618e-02   8.0642741e-03   1.5871414e-03
   1.3954069e-01  -1.2492099e-01   2.2261600e+00   1.7785771e-02   7.6683202e-03   1.6752111e-03
   1.1813842e-01  -1.3252974e-01   2.2613536e+00   1.8239242e-02   7.4779175e-03   1.5134968e-03
   1.3853155e-01  -1.0956003e-01   2.2387953e+00   1.7770762e-02   8.0721901e-03   1.7370770e-03
   9.8336850e-02  -1.2740590e-01   2.1851562e+00   1.7373994e-02   8.2066148e-03   1.4863621e-03
   7.4276922e-02  -1.6226462e-01   2.2682819e+00   1.7121158e-02   8.5340787e-03   1.4526083e-03
   8.3785320e-02  -1.3524232e-01   2.2747041e+00   1.7179776e-02   8.0466176e-03   1.9531841e-03
   9.0998661e-02  -1.2471946e-01   2.3403387e+00   1.8426494e-02   7.6040605e-03   1.9398821e-03
   6.9056779e-02  -1.1503509e-01   2.3773648e+00   1.8284666e-02   7.4790853e-03   1.8923112e-03
   9.0116506e-02  -1.0108030e-01   2.3569264e+00   1.7579374e-02   7.4953892e-03   2.1144782e-03
   7.0963754e-02  -9.7258461e-02   2.3973247e+00   1.7932834e-02   7.2683117e-03   1.9050805e-03
   8.0317162e-02  -9.4208992e-02   2.4066998e+00   1.7833632e-02   7.1050426e-03   1.7854380e-03
   9.1678462e-02  -1.1677510e-01   2.3977346e+00   1.7709728e-02   7.0180835e-03   1.6975996e-03
   7.5295410e-02  -1.0508904e-01   2.4057546e+00   1.7196953e-02   7.2086746e-03   1.5611686e-03
   7.5127636e-02  -9.0145934e-02   2.3843410e+00   1.7174632e-02   6.5571961e-03   1.2437199e-03
   7.4196584e-02  -9.0816583e-02   2.3415162e+00   1.7441141e-02   6.5900629e-03   1.3878681e-03
   6.9067460e-02  -8.9870480e-02   2.3685137e+00   1.7220027e-02   6.6995185e-03   1.3791475e-03
   7.3369452e-02  -8.3564438e-02   2.3609054e+00   1.7516603e-02   6.6526833e-03   1.3757809e-03
   7.7347275e-02  -8.0573446e-02   2.3691280e+00   1.7421375e-02   6.4481177e-03   1.3257388e-03
   7.6893581e-02  -8.9367247e-02   2.3852285e+00   1.7095843e-02   6.3821404e-03   1.0807694e-03
   1.0624178e-01  -9.5878949e-02   2.3730958e+00   1.7327086e-02   6.2988760e-03   1.1526943e-03
   8.9089751e-02  -8.2007699e-02   2.3482051e+00   1.7328519e-02   6.3362131e-03   1.0357746e-03
   8.2456791e-02  -7.5832407e-02   2.3855560e+00   1.7021716e-02   6.3753135e-03   9.4670905e-04
   8.1975679e-02  -7.3740915e-02   2.2990080e+00   1.7146066e-02   6.2296968e-03   8.0778643e-04
   8.4745118e-02  -8.4037066e-02   2.2992387e+00   1.6547519e-02   7.2258564e-03   1.1075284e-03
   8.4093651e-02  -8.6054516e-02   2.3323287e+00   1.6336361e-02   7.3324470e-03   9.0910639e-04
   9.4816685e-02  -8.0217972e-02   2.3034764e+00   1.6630462e-02   7.1395221e-03   1.0043301e-03
   9.2484628e-02  -8.5177464e-02   2.3083399e+00   1.6860268e-02   7.4604060e-03   4.5936607e-04
   8.7669874e-02  -9.0040738e-02   2.3204378e+00   1.6841580e-02   7.3092061e-03   5.0244733e-04
   8.3266589e-02  -7.9599239e-02   2.3404896e+00   1.6574233e-02   7.6897289e-03   3.4847629e-04
   8.3467703e-02  -9.2994308e-02   2.3642034e+00   1.6664641e-02   7.5737462e-03   5.6827017e-04
   8.0411713e-02  -8.8955940e-02   2.4084786e+00   1.7358410e-02   7.5976406e-03   5.7179309e-04
   7.0233244e-02  -9.0758812e-02   2.3913645e+00   1.7468366e-02   7.5358512e-03   7.6363768e-04
   5.6589969e-02  -9.8710578e-02   2.3829264e+00   1.7619988e-02   7.7337034e-03   1.0707969e-03
   7.4220376e-02  -9.0703815e-02   2.3905087e+00   1.7131570e-02   7.8949253e-03   9.3755155e-04
   6.1416501e-02  -7.2043960e-02   2.3391978e+00   1.7436455e-02   8.3532835e-03   5.8952567e-04
   7.7264133e-02  -8.5999642e-02   2.3600188e+00   1.7474696e-02   8.3140040e-03   1.0649297e-03
   8.0386165e-02  -8.3562862e-02   2.3745754e+00   1.7517766e-02   8.3149951e-03   1.1492526e-03
   7.8085505e-02  -8.5073123e-02   2.3845432e+00   1.7934605e-02   8.6383662e-03   1.3462302e-03
   8.0232113e-02  -7.8206247e-02   2.4014324e+00   1.7620846e-02   8.5083329e-03   1.2841592e-03
   9.1943341e-02  -9.9124895e-02   2.3353638e+00   1.9072573e-02   7.9953013e-03   1.6318751e-03
   7.9730429e-02  -1.0572720e-01   2.3585953e+00   1.8060810e-02   8.1159899e-03   1.4971983e-03
   8.4066702e-02  -9.3315789e-02   2.3341740e+00   1.8866639e-02   7.7605287e-03   1.5160233e-03
   8.0147126e-02  -8.8781212e-02   2.2883886e+00   1.9301387e-02   8.0890068e-03   1.3930916e-03
   7.9649502e-02  -9.7679787e-02   2.3157779e+00   1.9379009e-02   8.0347539e-03   1.2828083e-03
   9.1901086e-02  -1.3183311e-01   2.2333020e+00   2.0718641e-02   7.9683805e-03   1.4289845e-03
   7.7257493e-02  -1.2314949e-01   2.2502603e+00   2.0585121e-02   8.0820199e-03   1.4788376e-03
   8.7267013e-02  -1.1402751e-01   2.2581810e+00   2.0557445e-02   8.0016598e-03   1.6165697e-03
   8.0439207e-02  -1.3904923e-01   2.2849484e+00   2.0884280e-02   8.0613938e-03   1.4905397e-03
   7.5419342e-02  -1.3349534e-01   2.3024919e+00   2.0326765e-02   8.3539031e-03   1.2637569e-03
   7.8599520e-02  -1.2611299e-01   2.2836134e+00   2.0734478e-02   8.1977124e-03   1.6492206e-03
   5.7669594e-02  -1.3077083e-01   2.2896076e+00   2.1177514e-02   8.3831332e-03   1.4041676e-03
   6.9097907e-02  -1.3855603e-01   2.2604863e+00   2.1474265e-02   8.0575326e-03   1.3641598e-03
   5.8279124e-02  -1.3992917e-01   2.2551340e+00   2.1619456e-02   8.1988988e-03   1.3337119e-03
   5.8293476e-02  -1.5925022e-01   2.2465678e+00   2.1936352e-02   8.0495302e-03   1.4710561e-03
   4.6646492e-02  -1.5795355e-01   2.2399684e+00   2.1943219e-02   8.2923482e-03   1.2793752e-03
   5.6755680e-02  -1.7056109e-01   2.2491325e+00   2.1154175e-02   7.7914528e-03   1.1256002e-03
   3.0242988e-02  -1.3439360e-01   2.1886783e+00   2.1510516e-02   8.0342890e-03   1.2372797e-03
   2.7551975e-02  -1.3838841e-01   2.2220646e+00   2.1539127e-02   7.5093061e-03   7.7294258e-04
   2.9373314e-02  -1.4057086e-01   2.2531100e+00   2.1878110e-02   7.7419854e-03   9.9987499e-04
   3.0447366e-02  -1.3650956e-01   2.2586453e+00   2.1458856e-02   8.0456122e-03   9.8873528e-04
   4.3367805e-02  -1.4505862e-01   2.2396769e+00   2.1813390e-02   7.7593940e-03   1.1406829e-03
   2.3709343e-02  -1.3409584e-01   2.1921166e+00   2.1783378e-02   7.7579176e-03   1.2388522e-03
   3.3352305e-02  -1.3009607e-01   2.2143586e+00   2.1817373e-02   7.4865989e-03   9.2906932e-04
   3.2005244e-02  -1.3347277e-01   2.2113215e+00   2.1956774e-02   7.4008918e-03   1.0127093e-03
   1.3086324e-02  -1.3669064e-01   2.2476775e+00   2.1553384e-02   7.2179998e-03   8.6069616e-04
   2.2866478e-02  -1.3754509e-01   2.2049763e+00   2.1930642e-02   7.2264311e-03   1.1234829e-03
   2.2021754e-02  -1.3731603e-01   2.2260620e+00   2.1596766e-02   7.4418769e-03   9.3297293e-04
   5.7361914e-02  -1.3784379e-01   2.1623474e+00   2.2029816e-02   7.3987233e-03   1.2606410e-03
   3.8937039e-02  -1.3208926e-01   2.1826432e+00   2.1761710e-02   7.3613695e-03   8.9089188e-04
   5.9263479e-02  -1.3748128e-01   2.1625340e+00   2.2103313e-02   7.2181638e-03   8.4096407e-04
   5.1751953e-02  -1.2511493e-01   2.1639983e+00   2.1774413e-02   7.3856722e-03   6.6457157e-04
   4.5141356e-02  -1.4846940e-01   2.1886649e+00   2.1595614e-02   7.1725970e-03   3.6299300e-04
   5.7102810e-02  -1.2568379e-01   2.0893619e+00   2.1509775e-02   6.9723655e-03   4.7475775e-04
   4.1295751e-02  -1.2216180e-01   2.0998580e+00   2.1356809e-02   6.9549573e-03   2.8632936e-04
   5.1853520e-02  -1.1645488e-01   2.0862817e+00   2.1621616e-02   6.7671516e-03   6.1485791e-04
   2.6805631e-02  -1.2074935e-01   2.1368753e+00   2.1591522e-02   7.5327336e-03   6.8031845e-04
   3.7067446e-02  -1.3901285e-01   2.1636873e+00   2.1801908e-02   7.4077231e-03   6.6310522e-04
   5.1918318e-02  -1.4538205e-01   2.1461877e+00   2.2091961e-02   7.4783765e-03   6.8307791e-04
   6.6793674e-02  -1.4471322e-01   2.1923939e+00   2.2352901e-02   7.2015350e-03   7.3791897e-04
   5.6091070e-02  -1.4303833e-01   2.2006485e+00   2.2820642e-02   7.4296434e-03   1.0215248e-03
   6.9667413e-02  -1.4699059e-01   2.2154350e+00   2.2447894e-02   7.2789880e-03   6.1426525e-04
   7.0794928e-02  -1.4906997e-01   2.1824831e+00   2.2620831e-02   7.2869203e-03   7.8510423e-04
   7.8282972e-02  -1.4293922e-01   2.1751746e+00   2.1841924e-02   7.0833430e-03   8.7396022e-04
   8.2587774e-02  -1.5032104e-01   2.1842298e+00   2.2389319e-02   7.0983046e-03   5.0171184e-04
   9.2557381e-02  -1.4762265e-01   2.1541386e+00   2.2481731e-02   7.2286711e-03   7.0913269e-04
   8.1276743e-02  -1.5250425e-01   2.1598838e+00   2.2236622e-02   7.1556452e-03   6.8282721e-04
   8.1876357e-02  -1.7345982e-01   2.1843037e+00   2.2721329e-02   7.1468180e-03   9.2838108e-04
   7.4792147e-02  -1.6493888e-01   2.1480915e+00   2.2165006e-02   7.4412750e-03   7.9595747e-04
   7.1819310e-02  -1.8120596e-01   2.1875512e+00   2.2478864e-02   7.7027692e-03   7.2916540e-04
   8.4813137e-02  -1.3061103e-01   2.1448267e+00   2.1594323e-02   7.2710426e-03   1.1967741e-03
   5.5639063e-02  -1.2131999e-01   2.0951190e+00   2.1974782e-02   7.1771071e-03   7.7530018e-04
   6.3923019e-02  -1.4481813e-01   2.1502315e+00   2.2940189e-02   6.8986159e-03   5.8063746e-04
   6.7259213e-02  -1.4455965e-01   2.1323001e+00   2.3519315e-02   6.7765184e-03   9.0894745e-04
   5.7119636e-02  -1.4173535e-01   2.1308760e+00   2.2886816e-02   6.5238177e-03   5.0153538e-04
   5.9480265e-02  -1.4925890e-01   2.0823525e+00   2.3166769e-02   6.6759366e-03   5.7693177e-04
   5.3668283e-02  -1.4753384e-01   2.1470272e+00   2.2940623e-02   6.6304464e-03   6.3615462e-06
   7.5691780e-02  -1.3348463e-01   2.1467923e+00   2.2924171e-02   6.5852434e-03  -2.6654745e-04
   7.8188259e-02  -1.2794710e-01   2.1567227e+00   2.2906815e-02   6.5696765e-03  -1.9641319e-04
   8.8278607e-02  -1.2467585e-01   2.1299631e+00   2.2596980e-02   6.5887205e-03  -1.2005093e-04
   1.0437531e-01  -1.3871697e-01   2.1235006e+00   2.2691999e-02   6.4848120e-03  -3.9928698e-04
   9.9666348e-02  -1.3037817e-01   2.1219643e+00   2.3105123e-02   6.5039316e-03  -7.5235715e-04
   7.3019440e-02  -1.3335471e-01   2.1311407e+00   2.3190934e-02   6.6931980e-03  -6.9500433e-04
   7.4569958e-02  -1.3728733e-01   2.1125241e+00   2.3546308e-02   6.4888760e-03  -5.9818574e-04
   7.9275775e-02  -1.6883574e-01   2.1484378e+00   2.3558475e-02   6.6047766e-03  -8.3195842e-04
   7.8359797e-02  -1.5582130e-01   2.1965840e+00   2.3644505e-02   6.5825667e-03  -6.9523359e-04
   7.1853572e-02  -1.5053340e-01   2.1357861e+00   2.4179174e-02   6.5695083e-03  -4.2039566e-04
   5.4687594e-02  -1.5266665e-01   2.1641713e+00   2.4016994e-02   6.8397266e-03  -2.3627387e-04
   5.5345624e-02  -1.4977773e-01   2.1558334e+00   2.3875706e-02   6.8283714e-03  -2.8825618e-04
   6.4902051e-02  -1.5002424e-01   2.1243423e+00   2.4359681e-02   6.7739663e-03  -1.7082106e-04
   5.1273847e-02  -1.4304519e-01   2.1595048e+00   2.3789679e-02   6.9261858e-03  -4.8514057e-04
   6.5320093e-02  -1.5098373e-01   2.1224619e+00   2.4062451e-02   6.8159602e-03  -3.6352872e-04
   6.8432166e-02  -1.4848278e-01   2.1565682e+00   2.4003245e-02   6.8961034e-03  -1.2200414e-04
   6.7605243e-02  -1.5555697e-01   2.1858320e+00   2.3898244e-02   7.0193040e-03   1.1639070e-07
   6.1270303e-02  -1.6221954e-01   2.1430901e+00   2.4202999e-02   6.9031295e-03   2.2436960e-05
   5.3230901e-02  -1.6030630e-01   2.1498428e+00   2.4088739e-02   6.8349421e-03  -2.4277044e-04
   7.5355765e-02  -1.5536801e-01   2.1313432e+00   2.3894836e-02   6.3981028e-03  -3.9479975e-04
   7.4338476e-02  -1.3617570e-01   2.1241427e+00   2.3766137e-02   6.6858585e-03  -1.3157243e-04
   7.2069615e-02  -1.3668479e-01   2.1943319e+00   2.3434627e-02   6.7144724e-03  -2.0140251e-04
   5.9930130e-02  -1.6239577e-01   2.1785510e+00   2.3765198e-02   6.7287246e-03  -2.7850490e-04
   5.4877474e-02  -1.4051674e-01   2.1475890e+00   2.3553296e-02   6.6875515e-03  -1.4880742e-04
   5.2828970e-02  -1.4639449e-01   2.1830490e+00   2.3552660e-02   6.5185248e-03  -4.8662317e-04
   6.3202095e-02  -1.5002832e-01   2.1327692e+00   2.4028041e-02   6.2999887e-03  -3.1041662e-04
   5.5833049e-02  -1.5364621e-01   2.1474738e+00   2.3693577e-02   6.7512162e-03  -8.9275641e-05
   6.7666604e-02  -1.4229602e-01   2.1209600e+00   2.3474661e-02   6.6931867e-03   6.1121709e-06
   7.5718948e-02  -1.5216774e-01   2.1137068e+00   2.3271027e-02   6.5253611e-03  -3.2943747e-04
   7.1080289e-02  -1.5869889e-01   2.1631684e+00   2.3773420e-02   6.3809026e-03  -3.1799815e-04
   7.2655395e-02  -1.7299600e-01   2.1429172e+00   2.4121325e-02   6.4579329e-03  -1.4305975e-04
   6.6971203e-02  -1.6027447e-01   2.1194552e+00   2.4009476e-02   6.5168017e-03   4.9434303e-05
   6.2286913e-02  -1.5571631e-01   2.1314354e+00   2.3854497e-02   6.3755194e-03  -3.1634649e-04
   7.4443540e-02  -1.6029117e-01   2.0860498e+00   2.4457268e-02   6.1869466e-03  -3.2313758e-04
   7.2894242e-02  -1.7567677e-01   2.1150518e+00   2.4196451e-02   6.4031267e-03  -4.5911123e-04
   8.0505167e-02  -1.7045657e-01   2.0788473e+00   2.4363284e-02   6.1642429e-03  -3.5765445e-04
   8.0507806e-02  -1.6936856e-01   2.0599858e+00   2.5163167e-02   6.4576222e-03  -3.5580669e-04
   9.5722109e-02  -1.6729735e-01   2.0992377e+00   2.4850015e-02   6.4190101e-03  -4.5372871e-04
   1.0644688e-01  -1.5304685e-01   2.0487955e+00   2.4599762e-02   6.5315651e-03  -1.8931773e-04
   8.0637801e-02  -1.4913407e-01   2.0714002e+00   2.5500994e-02   6.6103669e-03  -1.2262906e-04
   7.7332749e-02  -1.5788718e-01   2.1014848e+00   2.5402775e-02   6.4305966e-03  -3.8305033e-04
   8.2861692e-02  -1.6080430e-01   2.0708347e+00   2.5434947e-02   6.3819093e-03  -3.3720842e-04
   7.9525212e-02  -1.7344795e-01   2.1197348e+00   2.5076680e-02   6.5455289e-03  -5.2197221e-04
   7.0817607e-02  -1.4703320e-01   2.0408862e+00   2.4408844e-02   6.1831520e-03  -8.8281347e-04
   5.8133124e-02  -1.4569406e-01   2.0308050e+00   2.4205031e-02   6.3187231e-03  -8.4251064e-04
