-8.8328e-06
0.0001523
0.0014558
0.0036818
0.0046894
0.0041642
0.0036239
0.003245
0.0032498
0.0037989
0.004008
0.0035772
0.0045789
0.0058557
0.0060188
0.0056401
0.0060658
0.0070687
0.006956
0.0062144
0.0046479
0.0038618
0.0045275
0.0052673
0.0062684
0.0069649
0.0075015
0.0080905
0.0086341
0.0084848
0.007175
0.0058971
0.0055836
0.0051801
0.0052918
0.0059809
0.0058421
0.0052656
0.0056803
0.0058031
0.0059308
0.006035
0.0051924
0.0045377
0.0038758
0.004249
0.0053309
0.0055728
0.004838
0.0045406
0.0050588
0.0054864
0.0056578
0.004893
0.0038118
0.003122
0.0041026
0.0056727
0.0064618
0.0064322
0.0058554
0.0046882
0.0042523
0.0042773
0.0037723
0.0038563
0.0050481
0.004997
0.0044881
0.0046615
0.0044271
0.0042748
0.0045675
0.0049221
0.0042472
0.0039939
0.0044207
0.0042349
0.0028712
0.0018021
0.0020517
0.0028454
0.0034785
0.0040943
0.0051878
0.006214
0.0050653
0.0036558
0.003428
0.0033417
0.0039049
0.0061602
0.0069066
0.0065532
0.0074223
0.008288
0.0079868
0.0069146
0.0057282
0.005558
0.005183
0.0040303
0.003111
0.0026126
0.0032885
0.0048561
0.0050217
0.004736
0.004768
0.0044927
0.0036327
0.0035525
0.0046817
0.0057452
0.0066967
0.0067484
0.0053483
0.0038765
0.003253
0.0026642
0.0027699
0.0045746
0.0054124
0.0059196
0.0058535
0.0048385
0.004973
0.0048421
0.0049035
0.0057151
0.0061383
0.0055115
0.0037634
0.0028887
0.0041865
0.0050323
0.0049093
0.0052693
0.0042852
0.0041364
0.0057444
0.0062468
0.0061065
0.0064021
0.0064851
0.0057346
0.0047347
0.0044476
0.0038543
0.0034862
0.0029832
0.0024469
0.0025025
0.0028114
0.003413
0.0036307
0.003181
0.0037408
0.0046054
0.0047578
0.0049036
0.0050895
0.005639
0.0060221
0.0057177
0.0046482
0.0033353
0.0023282
0.002862
0.0034647
0.0037117
0.00395
0.0041416
0.004718
0.0050986
0.0058124
0.0063031
0.005679
0.0053681
0.0061126
0.0059525
0.0058964
0.00578
0.005298
0.0050539
0.0045011
0.0043403
0.0050292
0.0066249
0.0074212
0.0070181
0.0065856
0.0056531
0.0045271
0.0048229
0.0053229
0.0056647
0.0058841
0.0056343
0.0054185
0.0049162
0.0056391
0.0061186
0.0051603
0.0041194
0.0039498
0.0036813
0.004015
0.0049306
0.0050385
0.0053801
0.0051253
0.0048067
0.0052544
0.0052734
0.0048377
0.0045958
0.0053944
0.0057447
0.0052362
0.0060831
0.0070167
0.0062007
0.0050711
0.0046547
0.0042937
0.0044555
0.0057056
0.0060902
0.0060308
0.006488
0.0064373
0.0061887
0.0057687
0.0062579
0.005984
0.0051541
0.0056976
0.0060068
0.0058077
0.0060238
0.005914
0.0045658
0.0031726
0.002411
0.0023474
0.0028926
0.0042628
0.0046851
0.0041299
0.0050689
0.0069215
0.007133
0.0063129
0.0063695
0.0060448
0.0053957
0.004689
0.0045315
0.004663
0.0043523
0.004015
0.0032515
0.003342
0.0039338
0.0044342
0.004419
0.0041067
0.0041361
0.0040906
0.0032824
0.0027749
0.0031759
0.0033875
0.0036477
0.0036375
0.0035086
0.0035096
0.0036107
0.002996
0.0026411
0.0020237
0.0026714
0.004403
0.0051188
0.0060288
0.0071151
0.0073145
0.0072724
0.0067693
0.0053499
0.0045055
0.0045766
0.0048074
0.0048456
0.0044102
0.0045455
0.0056622
0.0060842
0.0054688
0.0053829
0.0054721
0.0042645
0.0032508
0.004348
0.0054122
0.0053128
0.0058156
0.0067102
0.0067485
0.0057373
0.0041478
0.0034601
0.0039247
0.0038452
0.0032683
0.0031023
0.003168
0.0034704
0.0029614
0.002788
0.0045985
0.0047874
0.004888
0.0057001
0.0058375
0.0050572
0.0038668
0.0043098
0.0046542
0.0041602
0.0038517
0.0034904
0.0033895
0.0047171
0.0051552
0.004327
0.0035526
0.0038977
0.0055173
0.0058389
0.0052033
0.0040867
0.0040168
0.0042355
0.0037527
0.0030292
0.0023568
0.0029646
0.0046996
0.0058717
0.0061539
0.0059638
0.0051344
0.003699
0.0032444
0.0032814
0.0029662
0.0033058
0.004436
0.0045866
0.0051581
