   0.0000000e+00   0.0000000e+00   0.0000000e+00   0.0000000e+00   0.0000000e+00   0.0000000e+00
   3.0643764e-02  -1.0821104e-01   2.1538053e-01  -4.4864391e-04   4.4879792e-04  -9.1914762e-04
   2.6809315e-02  -1.5308719e-01   2.5851783e-01  -1.1034601e-03   3.7506334e-05  -6.3855701e-04
   2.7997172e-02  -1.5431678e-01   2.9520953e-01  -6.4600290e-04  -1.4318961e-04  -9.7318631e-04
   1.5842630e-02  -1.7428746e-01   2.9479388e-01  -6.0319610e-04  -3.5731990e-04  -1.2690244e-03
   1.5719526e-02  -1.7824315e-01   2.7878478e-01  -4.8945184e-04  -3.5098729e-04  -1.1815379e-03
   2.6002939e-02  -1.8957291e-01   2.6576189e-01  -6.2731903e-04   6.0556409e-05  -1.0941234e-03
   2.3677531e-02  -2.0223880e-01   3.2011715e-01  -9.8895570e-04   3.1117066e-04  -1.1760962e-03
   2.2488340e-02  -2.1563881e-01   3.5477139e-01  -5.9540592e-04   6.7455234e-04  -1.8083948e-03
   2.4296301e-02  -2.0120610e-01   3.2744225e-01  -4.8056726e-04   4.8891373e-04  -1.3678069e-03
   2.4660861e-02  -2.1947637e-01   3.6333061e-01  -9.7666402e-04   7.7157516e-04  -1.4303721e-03
   2.9774227e-02  -2.3174312e-01   3.6525175e-01  -7.3576331e-04   1.0141932e-03  -1.4672037e-03
   2.4877257e-02  -2.1808709e-01   3.6637204e-01  -1.0071381e-03   7.6192625e-04  -1.5197449e-03
   2.5729569e-02  -2.0022539e-01   3.5303161e-01  -5.5268590e-04   9.4378641e-04  -1.4201990e-03
   3.3704768e-02  -2.1426755e-01   3.9545983e-01  -9.8578737e-04   9.9996843e-04  -1.6558392e-03
   2.9288806e-02  -2.2347758e-01   3.9488399e-01  -9.9578675e-04   9.1145454e-04  -1.7774080e-03
   2.7458707e-02  -2.1530948e-01   3.6706416e-01  -5.5529179e-04   8.3302386e-04  -1.7040274e-03
   3.2987299e-02  -2.0846873e-01   3.6724234e-01  -7.5826416e-04   9.5842218e-04  -1.7523247e-03
   3.6260444e-02  -1.9021985e-01   3.6078937e-01  -3.5397056e-04   1.2116795e-03  -1.7582045e-03
   3.2920894e-02  -1.9840680e-01   3.7281041e-01  -2.3140725e-04   1.2444194e-03  -1.7805099e-03
   2.7888746e-02  -2.1869275e-01   3.7929423e-01  -6.3350938e-04   1.1552877e-03  -1.8508730e-03
   2.7310077e-02  -2.2582010e-01   3.5171201e-01  -3.8771657e-04   1.3272092e-03  -1.6514356e-03
   2.9971564e-02  -2.3394701e-01   3.7113139e-01  -5.1688216e-04   1.4855089e-03  -1.8360303e-03
   2.6326675e-02  -2.2870417e-01   3.7708415e-01  -6.3255624e-04   1.3293431e-03  -1.9134027e-03
   3.3000465e-02  -2.2826577e-01   3.6075865e-01  -2.9003509e-04   1.5307931e-03  -1.6658071e-03
   3.5678398e-02  -2.2954317e-01   3.8483059e-01  -4.9415057e-04   1.3388195e-03  -1.7813702e-03
   3.2007020e-02  -2.1547338e-01   3.9308932e-01  -5.0827350e-04   1.3788659e-03  -1.7018010e-03
   3.2274591e-02  -2.2972171e-01   3.6868929e-01  -2.1432809e-04   1.4822626e-03  -1.7468420e-03
   3.3815778e-02  -2.3551197e-01   3.6787621e-01  -3.6791481e-04   1.6403481e-03  -1.8582894e-03
   3.3990096e-02  -2.4228613e-01   3.6830992e-01  -2.7780613e-04   1.6102867e-03  -1.6821001e-03
   2.9416417e-02  -2.2089720e-01   3.4703090e-01  -3.1417091e-04   1.4972781e-03  -1.6338792e-03
   2.7289406e-02  -2.1158783e-01   3.5741308e-01  -1.7273416e-04   1.5553196e-03  -1.5778016e-03
   2.8413353e-02  -2.3158562e-01   3.6919332e-01  -4.6657872e-04   1.5505434e-03  -1.5410728e-03
   3.3930233e-02  -2.2274527e-01   3.3324281e-01   3.0439186e-04   1.0964637e-03  -1.3176840e-03
   3.2415418e-02  -2.3341961e-01   3.4770193e-01  -2.4086097e-04   1.3736678e-03  -1.5422735e-03
   3.0942870e-02  -2.3887089e-01   3.7695751e-01  -5.6050843e-04   1.5053705e-03  -1.5651210e-03
   2.9204553e-02  -2.3748177e-01   3.4135170e-01  -1.8898905e-04   1.6298182e-03  -1.4842999e-03
   2.4657168e-02  -2.4704226e-01   3.2104020e-01  -3.1409644e-04   1.6920260e-03  -1.4387955e-03
   3.0308502e-02  -2.5842940e-01   2.8632058e-01   7.4016208e-05   8.7965046e-04  -1.6923612e-03
   4.3974713e-02  -2.3348727e-01   2.8442857e-01   5.4587211e-04   9.6575405e-04  -1.5089308e-03
   3.2260147e-02  -2.3249067e-01   3.1126172e-01   2.6342266e-04   1.4096990e-03  -1.6358647e-03
   3.6638276e-02  -2.3217012e-01   3.1453912e-01   7.6935625e-05   1.1997121e-03  -1.5300539e-03
   3.9312119e-02  -2.3645711e-01   2.9526022e-01   3.6477478e-04   1.2657795e-03  -1.5425401e-03
   3.5896182e-02  -2.5451737e-01   3.0387453e-01   1.9596540e-04   1.3612592e-03  -1.6595993e-03
   3.1895908e-02  -2.3178654e-01   2.8383229e-01   3.7805464e-04   1.1827812e-03  -1.4865953e-03
   2.1701363e-02  -2.4140692e-01   3.0043709e-01   9.8175954e-04   1.4317556e-03  -1.7867688e-03
   2.4454306e-02  -2.4455193e-01   3.0898685e-01   4.8451763e-04   1.4349486e-03  -1.9169841e-03
   3.3515492e-02  -2.2679803e-01   2.8733922e-01   4.1684337e-04   1.1229623e-03  -1.6766340e-03
   2.8342372e-02  -2.2558624e-01   2.7982418e-01   5.5960748e-04   1.2719512e-03  -1.6163090e-03
   1.2478214e-02  -2.3386013e-01   3.0423416e-01   2.2920328e-04   6.9757400e-04  -1.8889944e-03
   1.5057670e-02  -2.2832263e-01   2.7034956e-01   3.7600462e-04   1.8407883e-04  -1.6879815e-03
   1.5172449e-02  -2.3679226e-01   2.8055060e-01  -1.3034392e-04   4.3545196e-04  -1.6783877e-03
   1.2622042e-02  -2.1485323e-01   2.7426099e-01   1.2687562e-04   4.4794695e-04  -1.6090189e-03
   2.7194369e-03  -2.0139226e-01   2.6445588e-01   2.4526360e-04   4.6696724e-04  -1.6546140e-03
   7.6778444e-03  -2.1017326e-01   2.6109868e-01   4.0969879e-04   4.9820677e-04  -1.6737959e-03
   3.5704107e-04  -2.2283627e-01   2.3893753e-01   3.9834878e-04   6.2168756e-05  -1.7082509e-03
   3.1209572e-03  -2.3401403e-01   2.6530604e-01   5.2917557e-04   7.1474583e-04  -1.7210103e-03
   5.5628024e-03  -2.2135315e-01   2.3066971e-01   6.2716818e-04   2.9719420e-04  -1.5251968e-03
  -1.0592811e-03  -1.9651442e-01   1.7856079e-01   9.5481086e-04   1.2281127e-04  -1.4620617e-03
  -5.3603624e-03  -1.9053612e-01   1.8575350e-01   5.1122066e-04   8.4191832e-05  -1.4693646e-03
  -8.7622628e-03  -1.9236646e-01   1.3067340e-01   9.5822979e-04  -6.2365113e-04  -1.7428883e-03
  -2.8122593e-02  -2.1014248e-01   1.4285987e-01   4.7928106e-04  -7.3187000e-04  -1.9406411e-03
  -2.5872706e-02  -2.1352190e-01   9.5948412e-02   9.7057451e-04  -9.2061926e-04  -2.1202273e-03
  -2.6653038e-02  -2.1384088e-01   1.3726429e-01   8.1860007e-04  -1.1573321e-03  -2.3996808e-03
  -2.7082439e-02  -2.0974997e-01   1.3766295e-01   1.0031005e-03  -1.1815315e-03  -2.5223101e-03
  -3.2101934e-02  -2.0513557e-01   1.2352836e-01   1.1120956e-03  -9.6121167e-04  -2.5616354e-03
  -2.3336954e-02  -2.0934910e-01   1.1804707e-01   8.7133584e-04  -9.2255766e-04  -2.2562769e-03
  -2.2319745e-02  -2.0082350e-01   1.2524654e-01   8.3286377e-04  -1.2324258e-03  -2.3628635e-03
  -2.3776412e-02  -1.9891662e-01   8.8210135e-02   5.4038948e-04  -1.4929030e-03  -2.3555964e-03
  -3.5435941e-02  -1.6156078e-01   7.4145660e-02   6.5396292e-04  -1.5913035e-03  -1.9210941e-03
  -3.7579753e-02  -1.5933895e-01   5.9424137e-02   5.4916102e-04  -2.1114785e-03  -2.0050762e-03
  -4.2466259e-02  -1.9871288e-01   1.4399293e-01  -3.6646940e-04  -1.8792887e-03  -2.3269254e-03
  -4.0292287e-02  -1.8504123e-01   8.4400447e-02   1.9383604e-04  -2.0750756e-03  -1.8895619e-03
  -4.3328534e-02  -1.6970356e-01   5.4441064e-02   2.6123394e-04  -1.9774431e-03  -1.7995963e-03
  -4.1664853e-02  -1.6755527e-01   5.6978985e-02  -1.0261767e-04  -2.4882796e-03  -1.6707211e-03
  -4.4860616e-02  -1.7196287e-01   4.1256066e-02   1.5627031e-04  -2.6513086e-03  -1.8678018e-03
  -5.7428410e-02  -1.7772268e-01   4.4471072e-02   3.2552562e-04  -2.9774836e-03  -2.1715396e-03
  -4.8283213e-02  -1.7384402e-01   1.2992728e-02   8.8901459e-04  -3.1262992e-03  -2.0337805e-03
  -4.6496542e-02  -1.7924515e-01  -1.1099719e-02   1.1680732e-03  -3.0458544e-03  -2.0966127e-03
  -4.4994516e-02  -1.6586621e-01  -2.7084700e-02   7.7646588e-04  -3.5249856e-03  -2.3270101e-03
  -5.2660609e-02  -1.3637853e-01  -6.6253435e-02   1.0016401e-03  -3.4923887e-03  -2.1710498e-03
  -5.1674639e-02  -1.5413934e-01  -8.2205931e-03   1.0893235e-03  -2.8726859e-03  -2.3462791e-03
  -4.6094097e-02  -1.6172550e-01  -9.7215087e-03   1.4694106e-03  -3.0152960e-03  -2.3715742e-03
  -4.6545071e-02  -1.6983574e-01   8.6243871e-04   9.0315988e-04  -3.0083913e-03  -2.3202763e-03
  -4.3635649e-02  -1.7087599e-01  -4.0556075e-03   8.9885542e-04  -3.0131339e-03  -2.3279112e-03
  -4.6640074e-02  -1.5019950e-01  -3.8115108e-02   1.3142451e-03  -2.9031978e-03  -2.3192680e-03
  -4.3783434e-02  -1.5267640e-01   1.6644457e-02   8.2372936e-04  -2.7494958e-03  -2.4063392e-03
  -4.2244433e-02  -1.6251132e-01  -1.1149344e-02   1.2987052e-03  -2.7003646e-03  -2.4082847e-03
  -4.5109481e-02  -1.5500021e-01  -1.2540323e-02   1.2591187e-03  -2.7404264e-03  -2.4505932e-03
  -4.3052227e-02  -1.4553882e-01  -3.9372029e-02   1.3759616e-03  -3.0129570e-03  -2.2076208e-03
  -5.6528811e-02  -1.5371888e-01  -3.5637042e-02   1.6867200e-03  -2.5751474e-03  -2.5517527e-03
  -4.2729015e-02  -1.6424173e-01   2.4319505e-02   1.4011131e-03  -2.0562931e-03  -3.0736363e-03
  -4.4220537e-02  -1.6852401e-01   2.6663862e-03   1.8442483e-03  -1.9680340e-03  -3.1956351e-03
  -4.5870986e-02  -1.5904822e-01  -7.7412305e-03   2.2463540e-03  -1.9001808e-03  -3.3042603e-03
  -4.8628790e-02  -1.5967885e-01  -2.5478534e-02   2.2604099e-03  -2.1153225e-03  -3.3422227e-03
  -4.7143074e-02  -1.5239892e-01  -2.9993327e-02   2.6013501e-03  -1.9938578e-03  -3.3517548e-03
  -4.9660988e-02  -1.5216304e-01  -2.1294030e-02   2.4613077e-03  -1.7498357e-03  -3.4428440e-03
  -5.0626596e-02  -1.6152676e-01  -1.9231972e-02   2.4647616e-03  -1.9339936e-03  -3.4585725e-03
  -5.4288643e-02  -1.6478707e-01  -3.4450815e-02   2.6381750e-03  -1.9042681e-03  -3.4864023e-03
  -6.1557925e-02  -1.7372472e-01  -3.6786550e-03   2.1529237e-03  -2.0253308e-03  -3.8020276e-03
  -6.3239836e-02  -1.7915270e-01   1.4873552e-02   1.9265277e-03  -1.9041480e-03  -3.9160723e-03
  -6.4348188e-02  -1.8020256e-01  -6.1510632e-03   2.6361405e-03  -1.8626186e-03  -3.9910216e-03
  -6.3065948e-02  -1.9674566e-01   1.4962379e-02   2.4679619e-03  -1.7714966e-03  -4.1021438e-03
  -6.0876320e-02  -2.0798244e-01   6.7108924e-02   2.5185115e-03  -1.4200267e-03  -4.4235336e-03
  -4.2717992e-02  -2.0113572e-01   1.2713021e-01   3.7253675e-03  -1.3658907e-03  -4.6963830e-03
  -4.0645797e-02  -1.9190238e-01   1.0240665e-01   3.7975769e-03  -1.7315029e-03  -4.7449541e-03
  -3.6865468e-02  -1.9901570e-01   7.0042326e-02   3.5656317e-03  -2.0608932e-03  -4.5946420e-03
  -4.4435124e-02  -1.9341610e-01   1.1225555e-01   2.8870612e-03  -1.9092031e-03  -4.6111649e-03
  -3.9343575e-02  -1.9735558e-01   8.6145372e-02   3.2021557e-03  -1.9619275e-03  -4.6575175e-03
  -4.0612066e-02  -1.9353381e-01   1.0407012e-01   3.0393724e-03  -1.6090801e-03  -4.4015980e-03
  -3.6500728e-02  -1.8942269e-01   8.8129934e-02   2.7919917e-03  -1.7954883e-03  -4.2642021e-03
  -2.7774666e-02  -1.9046445e-01   9.0659007e-02   2.8766372e-03  -1.8721299e-03  -4.2967757e-03
  -3.5030740e-02  -1.7539633e-01   9.9872287e-02   2.9878588e-03  -1.7215453e-03  -4.3988595e-03
  -4.3211857e-02  -1.9067339e-01   8.6906950e-02   3.0268794e-03  -1.6350116e-03  -4.2930864e-03
  -3.9551029e-02  -2.0816873e-01   1.0394110e-01   2.7813830e-03  -1.6094484e-03  -4.2544114e-03
  -3.0367178e-02  -1.9851401e-01   1.0513627e-01   2.5966800e-03  -1.5015493e-03  -4.2993405e-03
  -2.7363793e-02  -1.7210280e-01   6.4574990e-02   2.9671337e-03  -1.8407573e-03  -4.1192081e-03
  -3.3797292e-02  -1.7030607e-01   1.0433579e-01   2.6634561e-03  -1.8107600e-03  -4.2380712e-03
  -3.9653614e-02  -1.8310065e-01   1.0508663e-01   2.5551018e-03  -1.6837375e-03  -4.3401205e-03
  -4.4034541e-02  -1.9487024e-01   8.0749621e-02   2.8543241e-03  -1.9854620e-03  -4.3395078e-03
  -5.1898590e-02  -1.8494065e-01   7.4909302e-02   2.7619656e-03  -2.1021790e-03  -4.2053527e-03
  -5.7318042e-02  -1.6414422e-01   7.5575465e-02   2.7062192e-03  -1.8376998e-03  -4.2057144e-03
  -5.2564050e-02  -1.6312954e-01   5.8905589e-02   2.9068785e-03  -1.6625547e-03  -4.1519014e-03
  -5.1212938e-02  -1.5755264e-01   7.2982647e-02   2.8132133e-03  -1.9671244e-03  -4.4532928e-03
  -5.4088362e-02  -1.6163437e-01   8.7714862e-02   2.9284752e-03  -1.6589290e-03  -4.5288116e-03
  -4.8597636e-02  -1.7854695e-01   1.2297187e-01   2.2486657e-03  -1.6034789e-03  -4.8064091e-03
  -4.6017751e-02  -1.9755089e-01   1.5644645e-01   2.1451710e-03  -1.3164091e-03  -4.9608470e-03
  -3.6212504e-02  -1.7929496e-01   1.1847165e-01   2.5291532e-03  -1.2632827e-03  -4.6643095e-03
  -3.8279287e-02  -1.6922402e-01   1.2494422e-01   2.4834335e-03  -1.0796948e-03  -4.6699576e-03
  -2.6731680e-02  -1.7243483e-01   1.4221917e-01   2.4758063e-03  -1.0212910e-03  -4.9306989e-03
  -3.5111856e-02  -1.7088830e-01   1.3494731e-01   2.7706675e-03  -8.2794900e-04  -5.1805275e-03
  -2.6263912e-02  -1.8739366e-01   1.3610461e-01   2.6981258e-03  -3.3201760e-04  -5.5262615e-03
  -1.6394558e-02  -1.8910795e-01   1.4114510e-01   2.8722628e-03  -1.8490145e-04  -5.4702008e-03
   9.2004962e-03  -1.6863629e-01   1.1917812e-01   3.2585101e-03  -8.9547926e-05  -5.3069897e-03
   1.6172975e-02  -1.5830191e-01   1.3339100e-01   3.4155665e-03   3.7394909e-05  -5.5243830e-03
   1.4562037e-02  -1.6154348e-01   1.3645530e-01   3.3555858e-03   2.5477481e-04  -5.6130698e-03
   6.2184953e-03  -1.6471267e-01   1.6243533e-01   3.3107575e-03   1.7883975e-04  -5.8751288e-03
   1.3748455e-03  -1.7664942e-01   1.6130589e-01   3.3743457e-03   2.0231927e-04  -6.0739203e-03
   1.9490452e-02  -1.6595918e-01   1.1880986e-01   3.5884728e-03  -7.4869011e-06  -6.1243810e-03
   1.8502050e-02  -1.5999018e-01   1.2230934e-01   3.4357090e-03  -1.2372071e-04  -6.2509050e-03
   1.2705539e-02  -1.5724822e-01   1.1153474e-01   3.6086870e-03  -2.1375781e-04  -6.1677469e-03
   1.7161366e-02  -1.6000391e-01   1.4471496e-01   3.1357250e-03  -1.5761058e-04  -6.0469381e-03
   1.3043606e-02  -1.6578346e-01   1.4759507e-01   2.9965279e-03   2.8262399e-04  -6.0064179e-03
   8.5865986e-04  -1.6782037e-01   8.9850263e-02   3.7419935e-03   1.4532643e-04  -5.9618144e-03
  -2.2046364e-04  -1.5555959e-01   1.1108124e-01   3.4132737e-03   1.5267197e-04  -5.8907162e-03
  -3.1969973e-03  -1.4458132e-01   1.1025041e-01   3.6169073e-03   4.3288937e-04  -5.8426236e-03
   6.4932237e-05  -1.6108604e-01   1.2186390e-01   3.5843034e-03   6.1000437e-04  -5.8702814e-03
  -2.1086585e-03  -1.5225019e-01   1.1563511e-01   3.7623472e-03   1.9813802e-04  -6.0582237e-03
  -8.5860652e-03  -1.5359270e-01   1.0992900e-01   3.8432193e-03   2.8465576e-04  -6.2972607e-03
  -4.2992994e-03  -1.5729031e-01   1.5343346e-01   3.3243536e-03   4.6979833e-04  -6.2957021e-03
  -6.4676451e-03  -1.6702715e-01   1.0987566e-01   4.1010415e-03   5.6911607e-04  -6.0689640e-03
   3.6912177e-03  -1.8067774e-01   1.3398600e-01   3.6274925e-03   7.1391715e-04  -6.0029381e-03
   3.7166846e-03  -1.6518510e-01   1.0728990e-01   4.0492894e-03   6.7936035e-04  -5.8090369e-03
   4.7538845e-03  -1.5202102e-01   1.2099082e-01   3.9814339e-03   7.0826304e-04  -5.8302683e-03
   1.2040768e-02  -1.4149074e-01   1.3262582e-01   4.0963328e-03   4.9046330e-04  -5.8076353e-03
   2.3431832e-03  -1.5491689e-01   1.0501625e-01   4.2789386e-03   5.3907565e-04  -5.7056216e-03
   9.6156234e-03  -1.6146373e-01   1.4284953e-01   3.7126562e-03   9.2937791e-04  -5.9457920e-03
   5.4001332e-03  -1.5932558e-01   1.0389368e-01   3.8882498e-03   6.8399258e-04  -5.8430799e-03
  -4.2320267e-03  -1.4498685e-01   7.8559767e-02   3.8131019e-03   3.5029070e-04  -5.6617186e-03
  -1.3572606e-02  -1.3803327e-01   1.0437684e-01   3.6559982e-03   5.6033737e-04  -5.7505513e-03
  -4.7222571e-03  -1.4800833e-01   1.3414369e-01   3.5420382e-03   7.1115411e-04  -5.7195106e-03
  -9.2628842e-03  -1.4878343e-01   1.4882447e-01   3.2947551e-03   4.0971441e-04  -5.4734058e-03
  -1.5681261e-02  -1.4741805e-01   1.0800054e-01   2.7615157e-03  -8.0483160e-04  -5.2042349e-03
  -2.1805160e-02  -1.2644333e-01   8.1164675e-02   2.5504119e-03  -9.8002115e-04  -5.0378759e-03
  -1.7486398e-02  -1.2697151e-01   1.0227136e-01   2.2481536e-03  -3.2637447e-04  -5.1236985e-03
  -2.1336435e-02  -1.3125076e-01   1.0697047e-01   2.2542543e-03  -1.4758320e-04  -4.9645074e-03
  -2.2854553e-02  -1.2391789e-01   6.8836352e-02   2.4733396e-03  -9.2437669e-04  -4.8099759e-03
  -2.8890874e-02  -1.4324037e-01   1.1176476e-01   2.2530311e-03  -9.3698429e-04  -5.2058539e-03
  -2.6411667e-02  -1.4127092e-01   1.1187042e-01   2.2156068e-03  -6.4283495e-04  -5.0444413e-03
  -2.7054273e-02  -1.4455414e-01   9.9143634e-02   2.6711897e-03  -3.5305439e-04  -5.0507264e-03
  -3.4328843e-02  -1.4841502e-01   1.2839628e-01   2.3026447e-03  -2.3393711e-04  -5.2308829e-03
  -4.5348933e-02  -1.3898734e-01   1.0470091e-01   2.5216349e-03  -8.1110677e-04  -5.1393426e-03
  -4.1793208e-02  -1.5308341e-01   8.9750100e-02   2.5869977e-03  -4.5635334e-04  -5.0590943e-03
  -3.7277027e-02  -1.5014296e-01   9.1949638e-02   2.5760621e-03  -3.0330399e-04  -5.2052630e-03
  -4.7373270e-02  -1.2866919e-01   6.9576651e-02   2.8891801e-03  -7.5182515e-04  -5.0520994e-03
  -4.7726878e-02  -1.4032004e-01   1.0177811e-01   2.2420430e-03  -5.2408193e-04  -5.1383148e-03
  -4.3472616e-02  -1.4904658e-01   8.5137309e-02   2.3996171e-03  -3.7162522e-04  -5.0715058e-03
  -4.1357537e-02  -1.5698986e-01   8.8980485e-02   2.5970427e-03  -1.6017027e-04  -5.2581186e-03
  -4.0130980e-02  -1.5855306e-01   1.1282549e-01   2.1241298e-03  -2.3483309e-04  -5.3234066e-03
  -4.0076452e-02  -1.5807392e-01   9.1097704e-02   2.2737292e-03  -5.4677864e-04  -5.2492725e-03
  -5.1286479e-02  -1.5320786e-01   1.0028777e-01   2.2330300e-03  -6.4091273e-04  -5.4835978e-03
  -5.1267637e-02  -1.5255975e-01   1.1280003e-01   2.3911906e-03  -5.6793755e-04  -5.6325566e-03
  -4.4783879e-02  -1.4521599e-01   1.0174121e-01   2.6345558e-03  -3.3913173e-04  -5.5227482e-03
  -3.9641775e-02  -1.5798424e-01   1.2801686e-01   2.1028910e-03  -4.7419525e-04  -5.5402463e-03
  -4.0466015e-02  -1.5378778e-01   9.7849542e-02   2.1026971e-03  -4.0237935e-04  -5.3217909e-03
  -4.2462344e-02  -1.3844992e-01   8.1713717e-02   2.5538635e-03  -1.6151456e-04  -5.3603494e-03
  -4.5856176e-02  -1.3873017e-01   1.2505636e-01   2.2685856e-03   5.2616424e-05  -5.5135467e-03
  -3.5289456e-02  -1.5509593e-01   1.1818445e-01   2.4400447e-03   2.8934102e-04  -5.5542207e-03
  -3.1353678e-02  -1.5838289e-01   1.5506237e-01   2.1924822e-03   5.2378935e-04  -5.7327266e-03
  -2.6673120e-02  -1.5469789e-01   1.5478887e-01   2.4152393e-03   5.3331674e-04  -5.5231744e-03
  -2.3077558e-02  -1.4853584e-01   1.1910176e-01   2.8999511e-03   7.6922666e-04  -5.3950018e-03
  -2.4474509e-02  -1.6416143e-01   1.3400776e-01   2.4782380e-03   6.3320144e-04  -5.5714853e-03
  -3.5844860e-02  -1.5464109e-01   1.0361442e-01   2.4561976e-03   4.3712305e-04  -5.5397127e-03
  -3.1875954e-02  -1.6474233e-01   1.0405638e-01   2.4984704e-03   4.0677035e-04  -5.7683518e-03
  -3.7279996e-02  -1.6238461e-01   7.5260488e-02   2.7779688e-03  -7.7804914e-05  -5.8517233e-03
  -4.2588334e-02  -1.5076744e-01   7.6412564e-02   2.9524050e-03  -6.7165402e-04  -5.9664060e-03
  -3.7862129e-02  -1.5020172e-01   6.9267435e-02   2.9110255e-03  -9.3104823e-04  -5.9578581e-03
  -3.2393837e-02  -1.5012208e-01   5.4915390e-02   3.1147739e-03  -5.4863860e-04  -5.6211999e-03
  -2.9832386e-02  -1.2688294e-01   6.3600881e-02   3.3567620e-03  -2.2379445e-04  -5.5712344e-03
  -3.5527195e-02  -1.0864671e-01   5.0245504e-02   3.5740926e-03  -5.7104651e-04  -5.4664034e-03
  -3.7718315e-02  -1.2347462e-01   3.8430418e-02   4.0469286e-03  -9.3361701e-04  -5.6724343e-03
  -3.2123608e-02  -1.3706904e-01   6.2217100e-02   3.8692443e-03  -6.4947506e-04  -5.8917430e-03
  -2.2612692e-02  -1.4503744e-01   6.7005173e-02   4.1124606e-03  -4.0324682e-04  -5.7968017e-03
  -1.8427799e-02  -1.4786682e-01   1.1141961e-01   3.6300672e-03   4.5430709e-05  -5.7716450e-03
  -2.7991119e-03  -1.1325307e-01   7.2798606e-02   3.9869451e-03  -1.5447978e-04  -5.3805872e-03
  -1.3104688e-02  -1.3989372e-01   9.3317432e-02   3.6299673e-03  -9.2470991e-05  -5.5251345e-03
  -8.1581922e-03  -1.4467750e-01   8.7657487e-02   4.0635452e-03  -3.4404801e-04  -5.4761499e-03
  -9.3093518e-03  -1.4839781e-01   9.7581604e-02   4.4387428e-03  -5.6521999e-04  -5.6267706e-03
  -7.3352190e-03  -1.3351486e-01   7.2900372e-02   4.7383260e-03  -6.1775780e-04  -5.4693341e-03
   2.3089780e-03  -1.1032666e-01   5.7715963e-02   4.9933983e-03  -8.8334115e-04  -5.3297624e-03
  -1.2843153e-05  -1.1408298e-01   1.1639301e-01   4.7421482e-03  -4.8283382e-04  -5.6114214e-03
   5.8284014e-03  -1.2191608e-01   8.9433578e-02   4.8280666e-03  -8.1581004e-04  -5.3136217e-03
   3.6711914e-03  -1.3275030e-01   6.4701749e-02   5.4304586e-03  -8.9128814e-04  -5.5589263e-03
   1.6444164e-02  -1.0382893e-01   3.1030715e-02   5.7019007e-03  -7.0340426e-04  -5.3632528e-03
   9.6828319e-03  -9.0648974e-02   5.2607497e-02   5.8388027e-03  -8.9883512e-04  -5.4656670e-03
   4.7528308e-03  -1.1326528e-01   7.3890374e-02   5.3550837e-03  -8.9734786e-04  -5.2795995e-03
   4.9185942e-03  -1.2703100e-01   4.2065390e-02   5.6449835e-03  -1.2179400e-03  -5.4157158e-03
   6.4943164e-03  -1.2256530e-01   2.3560838e-02   5.8487568e-03  -1.1786547e-03  -5.3623489e-03
   1.7064378e-02  -1.0205163e-01  -1.3474185e-02   6.4165407e-03  -1.0969581e-03  -5.2116366e-03
   2.4107726e-02  -1.0434980e-01   3.6531282e-03   6.1992427e-03  -1.3735536e-03  -5.3676959e-03
   1.3008977e-02  -1.3855314e-01   3.6754415e-02   5.8672168e-03  -1.4655135e-03  -5.7212505e-03
   6.4350588e-03  -1.4446511e-01   6.2844275e-03   6.0819702e-03  -1.6924886e-03  -5.6700209e-03
   9.5038543e-03  -1.4505808e-01   2.4816886e-02   5.7275277e-03  -1.5879773e-03  -5.8496328e-03
   1.2394126e-02  -1.3631176e-01   1.3492863e-02   5.9109437e-03  -1.7860522e-03  -5.6986908e-03
   1.0772275e-02  -1.3584993e-01   1.5936270e-03   6.0559242e-03  -1.8505267e-03  -5.7710046e-03
   9.9341551e-03  -1.3662355e-01   3.9104811e-02   5.6406395e-03  -1.4222918e-03  -5.7744032e-03
   1.1520304e-02  -1.0720466e-01   1.3461682e-02   6.4193494e-03  -1.4805242e-03  -5.6687656e-03
   7.2358653e-03  -1.4012067e-01   3.6239884e-02   5.6355030e-03  -2.0956279e-03  -5.8473028e-03
   9.6219313e-03  -1.4221093e-01   3.9884115e-02   6.3069010e-03  -1.5813529e-03  -5.8491150e-03
   2.3306281e-02  -1.2912159e-01   6.3672783e-02   7.4032522e-03  -9.8278001e-04  -5.9816880e-03
   2.9905321e-02  -1.0319989e-01   4.7274995e-02   7.5171585e-03  -1.1184342e-03  -6.0588750e-03
   2.1502341e-02  -1.0677834e-01   6.3723010e-02   6.9255913e-03  -1.3215403e-03  -5.9934425e-03
   2.1733129e-02  -1.2283628e-01   5.5235611e-02   7.0147866e-03  -1.4516355e-03  -5.7515830e-03
   2.4943552e-02  -1.0821164e-01   2.1791354e-02   7.4299647e-03  -1.2362845e-03  -5.7080086e-03
   4.0239343e-02  -1.1517889e-01   7.1641575e-02   7.4668864e-03  -1.0635057e-03  -6.1132935e-03
   4.0228345e-02  -1.1328523e-01   5.6730417e-02   7.5464012e-03  -9.2282823e-04  -6.0246530e-03
   3.8515418e-02  -1.2028530e-01   8.1309657e-02   7.2302201e-03  -7.9832718e-04  -6.0741489e-03
   3.7606233e-02  -1.2525351e-01   8.8949314e-02   7.0106006e-03  -8.4628597e-04  -5.8925820e-03
   4.6497294e-02  -1.1709500e-01   9.3004089e-02   7.2926904e-03  -7.1374508e-04  -5.9734493e-03
   4.4769637e-02  -1.2718165e-01   1.2790625e-01   6.9476893e-03  -1.4538224e-04  -6.0727975e-03
   5.0346892e-02  -1.3331959e-01   1.1081946e-01   7.0892564e-03  -4.9303834e-04  -6.0353717e-03
   5.0269983e-02  -1.3847708e-01   1.4721145e-01   6.6947258e-03  -1.9235938e-04  -6.2687159e-03
   4.3390534e-02  -1.2105515e-01   1.0937000e-01   7.2586859e-03  -4.4108065e-04  -6.0072366e-03
   4.2624066e-02  -1.2752469e-01   1.0141230e-01   7.4460824e-03  -3.9549046e-04  -6.2571813e-03
   4.6857712e-02  -1.2130115e-01   1.1393225e-01   7.1132648e-03  -2.7716647e-04  -6.2021921e-03
   5.1997223e-02  -1.0850580e-01   1.0323644e-01   7.3925755e-03  -2.3307131e-04  -6.0110601e-03
   5.5368959e-02  -1.3136355e-01   1.6739097e-01   7.2176590e-03  -1.4941009e-04  -6.3962099e-03
   4.7647115e-02  -1.3776176e-01   1.4712348e-01   7.3812790e-03  -2.6892381e-04  -6.2127415e-03
   5.4081047e-02  -1.4630902e-01   1.6558073e-01   7.5388614e-03  -4.9512746e-06  -6.2407598e-03
   5.3495666e-02  -1.4325464e-01   1.8468691e-01   7.4817358e-03   1.1342193e-04  -6.4636281e-03
   6.1310552e-02  -1.1737224e-01   1.7814408e-01   8.0258837e-03   1.1152986e-04  -6.2779669e-03
   6.4574380e-02  -1.1222270e-01   2.1421257e-01   7.8026761e-03   3.1495881e-04  -6.4062737e-03
   6.4057275e-02  -1.3488321e-01   1.9715449e-01   7.9325638e-03   5.4442439e-04  -6.4814996e-03
   6.3846997e-02  -1.3194981e-01   1.9250020e-01   7.9456078e-03   3.7731183e-04  -6.4440587e-03
   7.5029875e-02  -1.0954703e-01   2.0276548e-01   8.7719629e-03   6.4961237e-04  -6.6271968e-03
   7.0563043e-02  -1.1383828e-01   2.4194207e-01   8.6769254e-03   6.5780280e-04  -6.8332167e-03
   6.8598555e-02  -1.0700147e-01   1.8522606e-01   9.7341921e-03   2.9581124e-04  -6.8449423e-03
   6.9892440e-02  -1.1853784e-01   2.0447357e-01   9.5733468e-03   4.2242136e-04  -7.0388665e-03
   7.5441157e-02  -1.1265869e-01   2.1998095e-01   9.5363821e-03   8.5957653e-04  -6.8822483e-03
   7.8057761e-02  -1.0113707e-01   2.3818605e-01   1.0028708e-02   8.5533753e-04  -6.8070497e-03
   7.1540746e-02  -9.0094414e-02   2.0690290e-01   1.0304900e-02   1.1741056e-03  -6.5465780e-03
   7.4681520e-02  -7.1654523e-02   1.9914421e-01   1.0345446e-02   1.0606620e-03  -6.4752983e-03
   7.0140835e-02  -9.6016989e-02   2.2303427e-01   9.8184953e-03   8.3748100e-04  -6.5236760e-03
   6.4145333e-02  -9.0664517e-02   1.9726842e-01   1.0234660e-02   4.9566247e-04  -6.4156787e-03
   6.3711425e-02  -9.2999205e-02   1.8442436e-01   1.0924133e-02  -1.1870225e-05  -6.4002977e-03
   7.6267397e-02  -9.9940269e-02   2.0134022e-01   1.0434952e-02   7.6767676e-05  -6.6304352e-03
   8.3669651e-02  -9.2277697e-02   1.9927424e-01   1.0739140e-02   4.2336636e-05  -6.3448114e-03
   8.6100410e-02  -1.0379170e-01   2.5501397e-01   1.0482409e-02   2.7548798e-04  -6.7363294e-03
   8.6216834e-02  -1.0168460e-01   2.7235920e-01   1.0498106e-02   6.1014095e-04  -6.8216768e-03
   7.7933096e-02  -1.0060397e-01   2.6321991e-01   1.0974586e-02   1.0260550e-04  -6.7712221e-03
   8.0103086e-02  -9.6606304e-02   2.6408727e-01   1.0619754e-02  -3.1326888e-04  -6.8740279e-03
   7.1810506e-02  -9.5193400e-02   2.6785286e-01   1.1308453e-02  -4.5962167e-04  -7.1845106e-03
   4.2060964e-02  -9.5149169e-02   2.2579937e-01   1.2102733e-02  -5.5162682e-04  -7.1063439e-03
   4.6867581e-02  -9.6606036e-02   1.8197956e-01   1.1711975e-02  -9.8550857e-04  -7.2192099e-03
   4.6179876e-02  -1.0214387e-01   1.9489188e-01   1.1450160e-02  -1.0887103e-03  -7.2420145e-03
   4.7564558e-02  -9.8049800e-02   1.7980594e-01   1.2280238e-02  -1.0506487e-03  -7.3018420e-03
   5.7539881e-02  -9.5654779e-02   1.8651080e-01   1.2476607e-02  -1.1403694e-03  -7.2789204e-03
   4.1653357e-02  -7.1607767e-02   1.5569168e-01   1.2464319e-02  -1.8090311e-03  -7.1314165e-03
   4.9271007e-02  -6.7644513e-02   1.8731771e-01   1.2521907e-02  -1.9636309e-03  -7.2231176e-03
   4.9523705e-02  -5.4490273e-02   1.8104154e-01   1.3602845e-02  -2.0975964e-03  -7.2380306e-03
   4.2913213e-02  -7.3671593e-02   1.9384807e-01   1.3845265e-02  -2.0231245e-03  -7.3067613e-03
   2.9090185e-02  -6.9012352e-02   1.1376928e-01   1.3986319e-02  -2.7639589e-03  -7.1634063e-03
   2.4059295e-02  -7.1268976e-02   1.1650471e-01   1.4580581e-02  -2.9153198e-03  -7.3634807e-03
   2.9088946e-02  -5.6922069e-02   7.2810388e-02   1.4731869e-02  -2.9814059e-03  -6.8889723e-03
   3.4314284e-02  -6.2895208e-02   8.0988841e-02   1.4258114e-02  -3.0161078e-03  -6.8947373e-03
   3.3929028e-02  -6.3208936e-02   1.0112307e-01   1.4309708e-02  -2.9555168e-03  -7.1135954e-03
   2.2091147e-02  -5.4784458e-02   6.7274224e-02   1.4423213e-02  -3.1779978e-03  -7.5474203e-03
   1.8412802e-02  -8.3046380e-02   1.0978083e-01   1.3577499e-02  -3.9450161e-03  -7.4039786e-03
   4.0326649e-02  -7.9910019e-02   7.6863665e-02   1.3672984e-02  -3.9898084e-03  -6.9315481e-03
   3.7532540e-02  -8.0517853e-02   8.9929920e-02   1.3536200e-02  -4.1514859e-03  -6.9486033e-03
   3.3715337e-02  -7.1429919e-02   7.5192184e-02   1.3321078e-02  -4.2370282e-03  -6.5924994e-03
   2.6311597e-02  -7.5095867e-02   9.7023909e-02   1.3512857e-02  -4.3849667e-03  -6.8625230e-03
   1.4211549e-02  -7.0044761e-02   6.9716226e-02   1.3840477e-02  -4.3310514e-03  -6.7895841e-03
   2.5609144e-02  -5.6223204e-02   7.6779415e-02   1.3759211e-02  -4.2257343e-03  -6.4990801e-03
   4.1251543e-02  -6.0243985e-02   6.3453947e-02   1.3559726e-02  -4.1718777e-03  -6.2857137e-03
   3.8275202e-02  -4.7700580e-02   2.7298041e-02   1.3708131e-02  -4.4815184e-03  -6.2687780e-03
   3.7836969e-02  -3.5127623e-02  -4.2366784e-03   1.4001165e-02  -4.7853423e-03  -6.0221126e-03
   3.7890711e-02  -6.4728276e-02   5.4977552e-02   1.3697890e-02  -4.5812004e-03  -6.3144203e-03
   3.8844432e-02  -6.1328727e-02   3.0474353e-02   1.3598125e-02  -4.7528627e-03  -6.1663041e-03
   3.2904949e-02  -4.5489601e-02   1.3855149e-02   1.3844853e-02  -4.7834782e-03  -6.1384913e-03
   3.1798123e-02  -5.8758967e-02   2.9417673e-02   1.3316660e-02  -4.7414227e-03  -6.0923595e-03
   2.9247622e-02  -7.1753909e-02   1.6890187e-02   1.3751039e-02  -4.6069227e-03  -6.2646303e-03
   3.7583233e-02  -7.9003376e-02   3.5266301e-02   1.3462336e-02  -4.4779509e-03  -6.4430926e-03
   2.6815235e-02  -6.8328365e-02   1.3651440e-03   1.3770213e-02  -4.3990495e-03  -6.1391260e-03
   3.3560205e-02  -6.7047915e-02   2.6249532e-02   1.3921595e-02  -4.3297363e-03  -6.3043513e-03
   3.3774512e-02  -6.8962059e-02   1.9941252e-02   1.3799019e-02  -4.2316254e-03  -5.9740119e-03
   2.8222742e-02  -6.3033125e-02  -1.8008417e-02   1.4139031e-02  -4.1642493e-03  -6.0139879e-03
   3.3111209e-02  -5.6880363e-02   3.4700427e-02   1.3707980e-02  -4.1648676e-03  -6.1779148e-03
   1.9162385e-02  -6.3374351e-02   1.0300854e-02   1.3639649e-02  -4.3299844e-03  -5.9653707e-03
   2.8132279e-02  -6.6235086e-02   5.8531627e-03   1.3707528e-02  -4.3263235e-03  -5.8519254e-03
   2.7813793e-02  -7.3572519e-02   5.0954445e-03   1.3297744e-02  -4.2580433e-03  -5.5451911e-03
   3.1232405e-02  -5.2792402e-02  -4.9529885e-02   1.4265243e-02  -4.3774112e-03  -5.3194939e-03
   3.4836800e-02  -5.1739925e-02   1.8426690e-02   1.4331001e-02  -4.2113789e-03  -5.8212489e-03
   3.0258327e-02  -5.2708574e-02  -2.6953154e-02   1.3713387e-02  -4.6089153e-03  -5.5146055e-03
   1.7080943e-02  -5.1734901e-02  -6.8374395e-02   1.3579481e-02  -4.8320780e-03  -5.7009917e-03
   1.2658216e-02  -5.3354650e-02  -5.5642366e-02   1.3530606e-02  -4.6667769e-03  -5.6833507e-03
   2.1711961e-02  -5.1960727e-02  -6.6701609e-02   1.3761354e-02  -4.6139659e-03  -5.5640369e-03
   2.1419315e-02  -5.7049001e-02  -2.9477159e-02   1.3735107e-02  -4.3106236e-03  -5.5832218e-03
   2.7764778e-02  -7.5558965e-02  -4.0560773e-02   1.4111571e-02  -4.1180626e-03  -5.6939693e-03
   3.0396881e-02  -7.3808213e-02  -3.2488927e-02   1.3932528e-02  -4.1113195e-03  -5.7925395e-03
   2.9848141e-02  -3.8524509e-02  -8.5482345e-02   1.4372927e-02  -4.1412241e-03  -5.5386943e-03
   2.3461504e-02  -3.8123718e-02  -6.3968715e-02   1.4181171e-02  -4.2450878e-03  -5.6917009e-03
   2.0487378e-02  -3.9591875e-02  -5.1504722e-02   1.5059449e-02  -3.9700288e-03  -5.7452995e-03
   2.5957866e-02  -5.4139863e-02   9.2092845e-03   1.6376521e-02  -3.5015734e-03  -6.5346755e-03
   2.4355213e-02  -4.4422542e-02  -1.3301157e-03   1.6647835e-02  -3.4813123e-03  -6.7020850e-03
   2.4041906e-02  -4.2412734e-02  -2.4902369e-02   1.6689950e-02  -3.6726893e-03  -6.6648011e-03
  -2.3979185e-03  -5.1881244e-02   7.3077679e-03   1.6923527e-02  -4.2986286e-03  -7.5129513e-03
   1.1291525e-02  -5.3905884e-02   1.0129378e-02   1.7473115e-02  -4.0507279e-03  -7.4912613e-03
   2.0509927e-02  -5.4000341e-02   3.5584121e-02   1.7706139e-02  -3.7486921e-03  -7.4670797e-03
   2.4189286e-02  -5.7097365e-02   5.6594051e-02   1.8126660e-02  -3.6252846e-03  -7.5404862e-03
   2.6695683e-02  -5.1638093e-02   3.2108177e-02   1.8523312e-02  -3.6530038e-03  -7.2960260e-03
   2.5165037e-02  -2.8780708e-02   1.8601960e-02   1.9508564e-02  -4.1682070e-03  -6.9200934e-03
   3.3527394e-02  -4.4393644e-02   4.5706654e-02   1.8819644e-02  -3.6737631e-03  -7.1061918e-03
   3.8544899e-02  -3.6170406e-02   3.0953613e-02   1.9017575e-02  -3.7547724e-03  -6.9623111e-03
   3.9127991e-02  -2.1287080e-02   3.5542732e-02   1.9376264e-02  -3.8822477e-03  -6.7216324e-03
   5.0943946e-02  -2.1503204e-02   4.4908099e-03   1.9128089e-02  -3.6298156e-03  -6.6204637e-03
   7.6310534e-02   1.2860502e-02  -3.4157748e-02   2.1134861e-02  -3.1569298e-03  -6.4739962e-03
   6.7955960e-02  -9.5931461e-03   8.0532728e-03   2.0673860e-02  -3.3077507e-03  -6.6577057e-03
   5.8264227e-02  -1.2992755e-02  -3.4204905e-02   2.0461924e-02  -3.8675643e-03  -6.6635258e-03
   7.5753622e-02  -2.1737275e-02  -3.3287131e-02   2.0336326e-02  -4.3514050e-03  -6.8053211e-03
   7.0260220e-02  -2.8022884e-02  -5.4556481e-02   1.9739156e-02  -4.0327351e-03  -6.2442434e-03
   6.3618558e-02  -1.9861451e-02  -6.8805606e-02   1.9842641e-02  -4.5083022e-03  -6.0713787e-03
   7.5712879e-02  -2.0240712e-02  -4.1679913e-02   2.0118249e-02  -4.3878495e-03  -6.2119286e-03
   8.2247533e-02  -2.2551073e-02  -6.9899815e-02   2.0382208e-02  -4.0626296e-03  -5.8252458e-03
   8.8011176e-02  -3.6483612e-03  -1.1601332e-01   2.0614773e-02  -3.8826135e-03  -5.7050252e-03
   9.3935845e-02  -4.6394737e-03  -1.0180702e-01   2.0436473e-02  -3.2966101e-03  -5.5753292e-03
   8.5036134e-02  -1.2120419e-02  -8.9918892e-02   2.1064057e-02  -2.9260516e-03  -5.5325712e-03
   8.3590616e-02  -3.5224682e-02  -3.4393675e-02   2.1331636e-02  -2.9989502e-03  -5.8935467e-03
   9.0441838e-02  -2.0163363e-02  -3.6405565e-02   2.1812489e-02  -2.8729385e-03  -5.5667312e-03
   8.8940977e-02  -1.1153273e-02  -3.4066808e-02   2.2014204e-02  -2.7340188e-03  -5.6870082e-03
   7.9525211e-02  -1.8591956e-02  -1.5598694e-02   2.1538094e-02  -2.7756088e-03  -5.5770969e-03
   8.4868268e-02   1.1462560e-03  -3.9885697e-02   2.1731500e-02  -2.5385638e-03  -5.3212399e-03
   9.2665789e-02  -1.1499112e-02  -5.9593014e-03   2.1579251e-02  -2.4559498e-03  -5.3742868e-03
   8.5946073e-02  -2.0730022e-02   2.1654094e-03   2.1844568e-02  -2.0867817e-03  -5.3984496e-03
   8.7085635e-02  -1.1907843e-02  -2.3103393e-02   2.2389727e-02  -2.1052832e-03  -5.3202782e-03
   9.1695609e-02   4.9578165e-03   2.0322202e-02   2.2518560e-02  -1.9339443e-03  -5.4395457e-03
   8.1342046e-02   3.1717514e-03   2.3739507e-02   2.2682131e-02  -2.1792386e-03  -5.5140225e-03
   7.3439829e-02  -7.0309637e-03  -4.0613685e-02   2.2389038e-02  -2.7137922e-03  -5.2501608e-03
   7.4365445e-02  -1.0140661e-02   4.0849710e-03   2.2581346e-02  -2.4050584e-03  -5.6164108e-03
   7.6762667e-02  -1.1495879e-02  -3.4768674e-03   2.2483751e-02  -2.1714033e-03  -5.5979023e-03
   6.8454683e-02  -1.5057983e-02  -1.2200587e-02   2.2679251e-02  -2.0083792e-03  -5.5484586e-03
   6.7637959e-02  -1.1115588e-03  -4.8580285e-02   2.2898803e-02  -2.5878060e-03  -5.5055662e-03
   7.8050860e-02   2.2340595e-02  -3.3829051e-02   2.5522601e-02  -2.9047781e-03  -5.5072532e-03
   7.9092437e-02   4.5978184e-02  -5.3039400e-02   2.5646417e-02  -2.4734967e-03  -4.9940683e-03
   6.8433947e-02   4.5435117e-02  -8.6748557e-02   2.5019951e-02  -2.9904513e-03  -4.7770543e-03
   7.4970345e-02   2.0720305e-04  -5.6658942e-02   2.4761697e-02  -2.7497234e-03  -5.0821491e-03
   8.3510823e-02   1.7589585e-02  -6.3543987e-02   2.5658440e-02  -2.6599429e-03  -4.9647338e-03
   8.6680736e-02   2.1683312e-02  -5.3394106e-02   2.5932457e-02  -2.4454987e-03  -5.2260234e-03
   8.7700405e-02   3.6197979e-02  -5.1401943e-02   2.5865974e-02  -2.2460543e-03  -4.9472892e-03
   8.5665055e-02   2.3913863e-02  -9.3050438e-02   2.5810538e-02  -2.5644482e-03  -4.8754457e-03
   8.6378969e-02   5.5177533e-03  -4.7681515e-02   2.5802311e-02  -2.6279163e-03  -5.3415134e-03
   9.3311899e-02   1.9076385e-02  -2.8244324e-02   2.6045861e-02  -2.6311672e-03  -5.1282180e-03
