6.3059e-08
4.5068e-07
1.2595e-05
4.0217e-05
6.9879e-05
8.0804e-05
8.1882e-05
8.3694e-05
7.9822e-05
7.8864e-05
7.3109e-05
5.4589e-05
4.5344e-05
5.5246e-05
7.0461e-05
7.1818e-05
6.9384e-05
7.5627e-05
7.0792e-05
6.0571e-05
5.4253e-05
4.4868e-05
4.2819e-05
5.4972e-05
7.8448e-05
8.3545e-05
7.4762e-05
6.8648e-05
7.2423e-05
8.3305e-05
8.2527e-05
6.903e-05
5.9265e-05
5.0908e-05
4.8923e-05
5.2093e-05
6.0639e-05
6.733e-05
7.0364e-05
7.4124e-05
6.9208e-05
6.211e-05
5.517e-05
6.0229e-05
6.5675e-05
5.8099e-05
5.3525e-05
5.7672e-05
6.6292e-05
6.5836e-05
7.1059e-05
6.7796e-05
6.4242e-05
6.7555e-05
7.0167e-05
6.3644e-05
5.6124e-05
5.853e-05
6.3641e-05
7.3972e-05
8.0733e-05
6.9666e-05
6.7623e-05
7.8172e-05
7.7632e-05
7.4141e-05
7.8485e-05
7.1925e-05
5.6251e-05
5.064e-05
4.8451e-05
5.9643e-05
6.4104e-05
5.9487e-05
5.9285e-05
7.0327e-05
7.9464e-05
8.6763e-05
7.9638e-05
5.4384e-05
5.231e-05
6.267e-05
5.7765e-05
5.9309e-05
7.224e-05
8.7379e-05
8.564e-05
6.1686e-05
3.4846e-05
3.1684e-05
4.1845e-05
5.4153e-05
6.4507e-05
6.7869e-05
7.6212e-05
7.8047e-05
7.5043e-05
7.8974e-05
8.2586e-05
7.8848e-05
7.6568e-05
8.1942e-05
8.3726e-05
7.8786e-05
7.2206e-05
6.8971e-05
6.2697e-05
5.4675e-05
5.0009e-05
5.3814e-05
5.2572e-05
4.6834e-05
5.1402e-05
5.9277e-05
7.4305e-05
7.8548e-05
6.1838e-05
4.9613e-05
5.978e-05
7.6925e-05
8.0623e-05
8.719e-05
8.322e-05
6.7039e-05
5.575e-05
5.3939e-05
6.398e-05
7.6207e-05
7.4988e-05
7.5781e-05
7.2382e-05
7.0819e-05
6.0217e-05
4.2657e-05
4.5061e-05
5.2073e-05
4.9736e-05
5.3534e-05
5.0676e-05
5.1473e-05
5.9509e-05
6.3664e-05
7.2767e-05
8.6592e-05
9.5532e-05
9.1608e-05
7.9041e-05
6.1623e-05
5.2852e-05
5.7304e-05
6.636e-05
6.616e-05
5.9476e-05
5.6586e-05
5.8856e-05
6.5144e-05
7.2113e-05
7.4564e-05
8.0995e-05
8.4283e-05
7.5564e-05
6.1487e-05
5.9082e-05
5.4184e-05
4.4607e-05
5.0734e-05
6.1564e-05
5.88e-05
6.1898e-05
7.287e-05
7.5864e-05
7.0688e-05
6.4986e-05
6.6086e-05
6.2896e-05
6.3764e-05
7.1001e-05
8.3937e-05
8.7939e-05
8.0789e-05
7.6771e-05
7.9569e-05
7.736e-05
7.158e-05
7.4715e-05
7.616e-05
7.1475e-05
6.9745e-05
7.8503e-05
8.5531e-05
7.4454e-05
6.477e-05
6.1468e-05
5.1526e-05
4.7156e-05
4.6843e-05
5.1916e-05
5.8091e-05
5.9351e-05
7.3545e-05
7.7147e-05
7.555e-05
8.1686e-05
8.4049e-05
7.5558e-05
7.1028e-05
6.8824e-05
6.5086e-05
6.1443e-05
5.7608e-05
6.4956e-05
6.2647e-05
4.8474e-05
5.0562e-05
5.5717e-05
5.4466e-05
5.4623e-05
5.7159e-05
5.502e-05
5.8811e-05
6.8569e-05
7.1926e-05
6.6986e-05
6.689e-05
7.1527e-05
7.0436e-05
6.7237e-05
6.5826e-05
7.1942e-05
7.5573e-05
7.3607e-05
6.7417e-05
6.1032e-05
6.1204e-05
6.7483e-05
6.4678e-05
5.6999e-05
6.6085e-05
7.5582e-05
7.8497e-05
8.3658e-05
8.4103e-05
6.7704e-05
5.676e-05
5.2227e-05
4.7074e-05
5.5932e-05
7.1182e-05
6.9436e-05
6.4241e-05
6.6956e-05
7.5286e-05
8.1855e-05
7.4064e-05
7.1653e-05
7.3674e-05
6.796e-05
6.4708e-05
6.5077e-05
6.3694e-05
6.1297e-05
6.396e-05
6.2566e-05
6.2798e-05
7.44e-05
8.4758e-05
8.029e-05
7.0451e-05
7.0628e-05
7.1044e-05
6.7545e-05
5.3919e-05
4.7685e-05
5.243e-05
5.5985e-05
6.0285e-05
6.012e-05
4.5024e-05
3.7637e-05
3.8899e-05
3.9354e-05
3.5619e-05
2.8927e-05
3.9522e-05
5.6454e-05
6.3749e-05
6.9076e-05
7.9852e-05
9.2621e-05
9.0987e-05
7.1655e-05
6.2772e-05
7.112e-05
7.3432e-05
6.7898e-05
6.4823e-05
6.4444e-05
6.251e-05
6.2376e-05
6.5543e-05
7.5968e-05
8.177e-05
7.9708e-05
7.1689e-05
6.3079e-05
6.124e-05
6.1629e-05
6.4996e-05
7.2329e-05
7.5041e-05
8.0451e-05
8.1797e-05
7.3599e-05
6.6207e-05
6.7017e-05
7.9722e-05
8.2074e-05
7.4485e-05
6.8718e-05
6.0295e-05
4.5639e-05
4.3943e-05
4.815e-05
5.2552e-05
5.3034e-05
4.8626e-05
5.3817e-05
5.7083e-05
5.8295e-05
6.2922e-05
6.6335e-05
7.3434e-05
8.0939e-05
7.393e-05
6.4869e-05
6.1989e-05
5.5146e-05
5.6796e-05
6.7696e-05
7.3342e-05
6.6977e-05
6.9437e-05
7.1926e-05
6.9152e-05
6.7793e-05
6.2793e-05
5.3459e-05
4.0912e-05
4.7986e-05
6.9123e-05
8.2411e-05
8.1384e-05
7.9918e-05
8.2057e-05
7.0029e-05
5.6817e-05
4.6592e-05
3.7998e-05
4.5852e-05
7.2294e-05
7.6939e-05
8.5129e-05
