6.2874e-08
4.5201e-07
1.2601e-05
4.0225e-05
6.9882e-05
8.0799e-05
8.1881e-05
8.3696e-05
7.9821e-05
7.8862e-05
7.3103e-05
5.4583e-05
4.5349e-05
5.5261e-05
7.0476e-05
7.1827e-05
6.9392e-05
7.5628e-05
7.0782e-05
6.0564e-05
5.4247e-05
4.4865e-05
4.2823e-05
5.4987e-05
7.8459e-05
8.354e-05
7.4752e-05
6.8644e-05
7.2432e-05
8.3315e-05
8.252e-05
6.9019e-05
5.9257e-05
5.0906e-05
4.8925e-05
5.2097e-05
6.0643e-05
6.7333e-05
7.0366e-05
7.4125e-05
6.9207e-05
6.2106e-05
5.5166e-05
6.0235e-05
6.5681e-05
5.8102e-05
5.3523e-05
5.7671e-05
6.6286e-05
6.5829e-05
7.1054e-05
6.7788e-05
6.4238e-05
6.7552e-05
7.0166e-05
6.3643e-05
5.613e-05
5.8539e-05
6.3644e-05
7.3971e-05
8.0726e-05
6.9658e-05
6.7623e-05
7.8174e-05
7.763e-05
7.4138e-05
7.8484e-05
7.1923e-05
5.6252e-05
5.0639e-05
4.8449e-05
5.9644e-05
6.4104e-05
5.9491e-05
5.9293e-05
7.0335e-05
7.9468e-05
8.677e-05
7.9637e-05
5.4381e-05
5.2319e-05
6.2677e-05
5.7767e-05
5.9316e-05
7.2249e-05
8.7388e-05
8.564e-05
6.1677e-05
3.4838e-05
3.1688e-05
4.185e-05
5.4162e-05
6.451e-05
6.7869e-05
7.6213e-05
7.804e-05
7.5031e-05
7.8964e-05
8.2579e-05
7.8845e-05
7.6572e-05
8.1947e-05
8.3732e-05
7.8791e-05
7.2204e-05
6.8962e-05
6.2684e-05
5.4667e-05
5.0012e-05
5.3825e-05
5.2577e-05
4.6838e-05
5.1408e-05
5.9286e-05
7.4319e-05
7.8553e-05
6.1835e-05
4.9612e-05
5.9789e-05
7.6931e-05
8.0627e-05
8.7194e-05
8.3216e-05
6.7034e-05
5.575e-05
5.3943e-05
6.3985e-05
7.6204e-05
7.4985e-05
7.5783e-05
7.2386e-05
7.0823e-05
6.0214e-05
4.2655e-05
4.5063e-05
5.2066e-05
4.9727e-05
5.3528e-05
5.0674e-05
5.1483e-05
5.9522e-05
6.3675e-05
7.2778e-05
8.6598e-05
9.5531e-05
9.1613e-05
7.9045e-05
6.1624e-05
5.2857e-05
5.7311e-05
6.6359e-05
6.6149e-05
5.9463e-05
5.6582e-05
5.8858e-05
6.5148e-05
7.2113e-05
7.4565e-05
8.0994e-05
8.4273e-05
7.5548e-05
6.1478e-05
5.9086e-05
5.4189e-05
4.4612e-05
5.0744e-05
6.1571e-05
5.8807e-05
6.191e-05
7.2873e-05
7.5865e-05
7.069e-05
6.4992e-05
6.609e-05
6.2901e-05
6.3775e-05
7.1013e-05
8.3947e-05
8.794e-05
8.0783e-05
7.6768e-05
7.9571e-05
7.736e-05
7.158e-05
7.4716e-05
7.6157e-05
7.1471e-05
6.9741e-05
7.8501e-05
8.5521e-05
7.4439e-05
6.476e-05
6.146e-05
5.1521e-05
4.7154e-05
4.6838e-05
5.1917e-05
5.8099e-05
5.9362e-05
7.355e-05
7.7139e-05
7.5544e-05
8.1681e-05
8.4043e-05
7.5553e-05
7.1027e-05
6.8819e-05
6.508e-05
6.1437e-05
5.7611e-05
6.4968e-05
6.2654e-05
4.8483e-05
5.0577e-05
5.5728e-05
5.4469e-05
5.4622e-05
5.716e-05
5.502e-05
5.8814e-05
6.8573e-05
7.1926e-05
6.6981e-05
6.6889e-05
7.1526e-05
7.0434e-05
6.7237e-05
6.5829e-05
7.1947e-05
7.5572e-05
7.3607e-05
6.7415e-05
6.1037e-05
6.1211e-05
6.7486e-05
6.4668e-05
5.6994e-05
6.6088e-05
7.5583e-05
7.8497e-05
8.3661e-05
8.4097e-05
6.7694e-05
5.6753e-05
5.2218e-05
4.7064e-05
5.5935e-05
7.119e-05
6.9438e-05
6.4245e-05
6.6961e-05
7.5287e-05
8.185e-05
7.4061e-05
7.1656e-05
7.3671e-05
6.7957e-05
6.4709e-05
6.5082e-05
6.37e-05
6.1303e-05
6.3967e-05
6.2569e-05
6.2797e-05
7.4396e-05
8.4754e-05
8.0286e-05
7.0449e-05
7.0628e-05
7.1043e-05
6.7545e-05
5.3919e-05
4.7691e-05
5.2436e-05
5.5988e-05
6.029e-05
6.0119e-05
4.5019e-05
3.7634e-05
3.8892e-05
3.9347e-05
3.5608e-05
2.8924e-05
3.9532e-05
5.6465e-05
6.3755e-05
6.908e-05
7.9861e-05
9.2627e-05
9.0985e-05
7.1652e-05
6.2778e-05
7.1126e-05
7.3428e-05
6.7889e-05
6.482e-05
6.4444e-05
6.2509e-05
6.2378e-05
6.5549e-05
7.5978e-05
8.1774e-05
7.9708e-05
7.1687e-05
6.3081e-05
6.1245e-05
6.1633e-05
6.5001e-05
7.2334e-05
7.5053e-05
8.0465e-05
8.1797e-05
7.359e-05
6.6199e-05
6.7019e-05
7.9724e-05
8.207e-05
7.4478e-05
6.8713e-05
6.029e-05
4.5637e-05
4.3946e-05
4.8152e-05
5.255e-05
5.3023e-05
4.8619e-05
5.3813e-05
5.7074e-05
5.8291e-05
6.2922e-05
6.6338e-05
7.3445e-05
8.0954e-05
7.394e-05
6.4874e-05
6.1985e-05
5.5141e-05
5.6799e-05
6.7706e-05
7.3348e-05
6.6982e-05
6.945e-05
7.1937e-05
6.9158e-05
6.7789e-05
6.2783e-05
5.345e-05
4.091e-05
4.7997e-05
6.9134e-05
8.2417e-05
8.1384e-05
7.9922e-05
8.2057e-05
7.0026e-05
5.6816e-05
4.6584e-05
3.7987e-05
4.5851e-05
7.229e-05
7.6933e-05
8.5122e-05
