   0.0000000e+00   0.0000000e+00   0.0000000e+00   0.0000000e+00   0.0000000e+00   0.0000000e+00
  -3.9622796e-02   5.2246155e-02   4.4083960e-01  -7.3621146e-04  -9.8659869e-04  -1.5643501e-03
  -2.1065676e-02   2.8264937e-02   6.1353294e-01  -8.2674473e-04  -5.7503073e-04  -1.2437090e-03
  -9.0892692e-03   4.6503784e-02   6.3802269e-01  -2.9931239e-04  -5.9855096e-04  -1.3402188e-03
  -8.5644034e-03   3.3232538e-02   6.6758352e-01  -6.7291749e-04  -1.7061547e-04  -1.2948359e-03
  -8.3729218e-03   4.4981892e-02   6.7046381e-01  -5.2565815e-04  -2.9460390e-04  -1.3194250e-03
  -1.1882089e-02  -1.6091187e-03   6.9771015e-01  -1.8108652e-03  -3.5299721e-04  -1.1919686e-03
  -1.8984661e-03  -9.1723416e-04   6.8292766e-01  -1.4907190e-03  -2.0121749e-04  -1.1218149e-03
  -8.9990345e-03   3.1572365e-02   6.7695142e-01  -1.5538566e-03  -4.9312848e-04  -1.1793096e-03
  -1.7067101e-02   3.4477689e-02   6.8664125e-01  -2.1098110e-03  -4.1649516e-04  -1.2652832e-03
  -1.4360188e-02   9.3277679e-03   6.6737480e-01  -1.2036977e-03  -2.4112223e-04  -1.1645834e-03
  -1.7023147e-03   7.4645010e-03   6.4514351e-01  -1.1202944e-03   1.0379970e-04  -1.0626409e-03
   2.0135798e-04   2.0952400e-02   6.7054579e-01  -1.1701185e-03   2.0540563e-04  -1.2780278e-03
   3.8732698e-03   2.5347089e-02   6.8274278e-01  -5.8909193e-04   5.0826229e-04  -1.2283749e-03
   3.9067340e-03   4.7128493e-02   7.0580002e-01  -1.5436639e-04   6.0431962e-04  -1.1825049e-03
  -4.6244985e-03   5.6851028e-02   7.1798371e-01  -1.5608121e-04   3.2912928e-04  -1.2630311e-03
  -5.1044020e-03   5.6709148e-02   7.2501306e-01   2.7924861e-04   1.8041650e-04  -1.2146510e-03
  -3.1232540e-03   3.2981521e-02   7.3726233e-01  -2.3386341e-05   2.8952484e-05  -1.0975705e-03
  -5.2558936e-03   2.6866402e-02   7.4141528e-01   3.8588278e-04   6.3277948e-05  -1.0520046e-03
   3.6820321e-03   1.0058301e-03   7.4345383e-01  -5.2163978e-04   1.7614167e-04  -9.0929644e-04
  -7.5421277e-03   4.8388987e-02   7.1811954e-01   1.3762036e-04   6.5297773e-05  -8.5730601e-04
  -8.1705250e-03   4.7343937e-02   6.9977855e-01  -1.2489255e-04   1.2956601e-04  -6.4488106e-04
   1.0897658e-02   3.7710708e-02   7.0438706e-01  -1.9703218e-04   2.0583527e-04  -6.4619082e-04
   1.0703916e-02   3.7543844e-02   7.0170932e-01   4.6963021e-04   1.6893475e-04  -6.6439045e-04
   8.3811680e-03   1.9964070e-02   6.8741405e-01  -7.9578971e-05   5.0416645e-04  -7.6443614e-04
   1.1290843e-02   3.6115525e-02   7.2350717e-01   2.8480553e-04   8.7080748e-04  -7.1191877e-04
   1.3430243e-02   4.7199516e-02   7.3256142e-01  -3.3651910e-04   5.7700472e-04  -5.3920435e-04
   1.6012743e-02   5.8416479e-02   7.0102345e-01  -1.8801680e-04   9.0971484e-04  -7.5230658e-04
   1.1511671e-02   4.3220107e-02   7.2799346e-01  -1.0097094e-04   7.2943826e-04  -7.3850334e-04
   1.3845006e-02   2.6062771e-02   7.5562305e-01  -3.5071395e-04   5.4820962e-04  -6.7185237e-04
   1.3492886e-02   1.4613461e-02   7.2772515e-01  -1.6573179e-04   5.6993108e-04  -7.1839089e-04
   8.1583481e-03   2.0839430e-02   7.2098695e-01  -3.6926826e-04   8.5003285e-04  -8.7023784e-04
   1.1125442e-02   2.8548367e-02   7.5896167e-01  -5.1374476e-04   8.0649660e-04  -8.4360976e-04
   2.2053871e-02   4.9255196e-02   7.5462998e-01   4.7327588e-05   8.1615759e-04  -7.8050221e-04
   2.6745744e-02   7.7300867e-03   7.6414231e-01  -3.3607369e-04   1.0773621e-03  -7.7989527e-04
   1.2288125e-02   3.7896177e-02   7.7344373e-01  -1.1458408e-04   6.7556114e-04  -5.4248804e-04
   1.6985125e-02   4.6218334e-02   7.5605227e-01   1.2617183e-05   8.0482749e-04  -6.5070548e-04
   1.0248230e-02   4.7987284e-02   7.4812531e-01  -2.2221247e-05   8.3300415e-04  -6.3945997e-04
   1.3164611e-02   5.7188057e-02   7.5071251e-01   3.8431354e-05   7.7459491e-04  -3.5236488e-04
   1.8550534e-02   6.9104844e-02   7.5049142e-01  -5.7828222e-05   8.7239810e-04  -5.3339220e-04
   2.3974315e-02   4.0496782e-02   7.3795797e-01  -4.2823721e-04   1.1719340e-03  -5.8036740e-04
   2.1267248e-02   2.9312790e-02   7.3352530e-01  -1.7960647e-04   1.2477402e-03  -6.0549670e-04
   1.7586849e-02   5.0794593e-02   7.7137065e-01  -1.5968147e-05   1.1692110e-03  -6.8809007e-04
   2.3720629e-02   2.3875018e-02   7.7859746e-01  -6.8577744e-04   1.4372508e-03  -5.4696178e-04
   1.3622419e-02   2.7106628e-02   7.8266551e-01  -7.0581625e-04   1.0572983e-03  -6.7044485e-04
   4.9742810e-03   2.5470055e-02   7.7322686e-01  -5.4788618e-04   7.5316704e-04  -5.5911175e-04
   1.0238821e-02   9.2877834e-03   7.7209512e-01  -1.1205783e-03   8.4704863e-04  -7.2204570e-04
   1.2360794e-02  -3.1556174e-04   7.7185501e-01  -1.1118983e-03   8.7444579e-04  -6.9043860e-04
   1.7306692e-02   5.2626518e-03   7.6235032e-01  -1.0300571e-03   9.0646846e-04  -6.8570755e-04
   1.6539051e-02  -7.2526392e-03   7.8354589e-01  -1.2551224e-03   1.2468245e-03  -5.5108223e-04
   1.2417644e-02   2.5188172e-02   7.7808906e-01  -6.8217115e-04   1.2109666e-03  -5.8266226e-04
   1.3868501e-02   2.8695465e-02   7.8932835e-01  -2.8485290e-04   1.0569181e-03  -6.9930318e-04
   2.0991073e-02  -1.6496884e-02   8.2660821e-01  -5.7387548e-04   1.3238354e-03  -6.9552625e-04
   2.8184265e-02  -3.6518537e-02   8.1202431e-01  -8.1234642e-04   1.5408718e-03  -7.3032694e-04
   1.7305361e-02   9.4390735e-03   8.2669167e-01  -5.5914534e-04   1.1419093e-03  -5.4131720e-04
   1.6112249e-02   1.2858129e-02   8.5149019e-01  -7.4923282e-04   1.3569576e-03  -4.1310844e-04
   2.1667656e-02   3.6226798e-02   8.0509623e-01   2.2371097e-05   1.1086772e-03  -3.6531738e-04
   1.1176637e-02   2.5233956e-02   7.9720133e-01  -1.6097892e-04   9.3596040e-04  -3.9779353e-04
   1.0742615e-02   4.1625883e-02   8.3174332e-01   3.7123108e-05   8.9488856e-04  -3.6555521e-04
   1.0348087e-02   1.1612425e-02   8.2382659e-01  -5.9506590e-04   1.1763417e-03  -3.6855029e-04
   9.6334218e-03   2.9851065e-02   8.2665961e-01  -3.5381454e-04   1.1672940e-03  -4.8765618e-04
   1.1501865e-02   1.9101143e-02   8.1920652e-01  -5.0056522e-04   1.1207034e-03  -3.4559829e-04
   6.6358979e-03   4.5230711e-02   8.0095964e-01  -3.4431742e-04   1.2039786e-03  -2.1799840e-04
   4.1546061e-03   5.0575299e-02   8.1736753e-01  -5.0211818e-04   1.0920652e-03  -1.6610638e-04
   5.2964053e-03   7.6065006e-02   8.0667160e-01  -1.1714531e-04   1.2845379e-03  -1.0269825e-04
   5.4626811e-03   4.7068947e-02   8.2302685e-01  -3.1724567e-04   1.3070626e-03  -1.7309773e-04
   7.3943461e-03   4.1343427e-02   8.3468519e-01   2.7163689e-06   1.2125036e-03  -2.9356357e-04
   5.7004309e-03   4.8205512e-02   8.2561550e-01   7.9653497e-05   9.8474386e-04  -4.1510865e-04
   7.4441051e-03   1.2472244e-02   8.5080867e-01   4.4718208e-06   1.0913675e-03  -3.2761577e-04
   9.8586785e-03   2.4132360e-02   8.2668796e-01   3.6816580e-04   1.2251358e-03  -2.9455929e-04
   8.5821256e-03   2.1326064e-02   7.9262805e-01   1.5583374e-04   1.2201370e-03  -3.1285763e-04
   1.3228537e-02   3.7043819e-02   8.0971661e-01   2.0253240e-04   1.3875620e-03  -3.1097506e-04
   2.8967989e-02   2.9542444e-02   8.0389100e-01   2.1600372e-05   1.3904131e-03  -1.7332395e-04
   2.0080549e-02   3.7408118e-02   8.0993034e-01   2.1926269e-04   1.0685039e-03  -1.5259732e-04
   1.1696648e-02   4.1640692e-02   8.1836901e-01   3.8753592e-04   1.0354554e-03  -1.6737741e-04
   1.1139326e-02   5.7845378e-02   8.2383524e-01   1.0708327e-03   9.5157350e-04  -2.6516684e-04
   1.7049332e-02   3.0893268e-02   8.2757717e-01   6.8602842e-04   8.6592339e-04  -2.1094005e-04
   1.6104713e-02   1.7794134e-02   8.0620366e-01   8.2046668e-04   1.1135075e-03  -1.9949973e-04
   3.0032258e-03   6.2128089e-02   7.7592097e-01   1.3888531e-03   1.0865036e-03  -3.6318152e-05
  -3.5061838e-04   5.7033516e-02   7.8842693e-01   9.8464427e-04   1.3152418e-03  -1.5904331e-04
   9.6798983e-03   6.4223707e-02   8.0831026e-01   1.3978723e-03   1.4398827e-03  -1.3747299e-04
   1.1380739e-02   6.9145014e-02   8.0117703e-01   1.7658787e-03   1.3347318e-03  -2.0655437e-04
   6.2009434e-03   4.5446050e-02   8.1527735e-01   8.6109342e-04   1.1779999e-03  -2.1400262e-05
   8.0343066e-03   5.7437417e-02   8.4594770e-01   1.2815688e-03   1.4349468e-03   4.2784560e-05
   1.3460070e-02   7.5664707e-02   7.9923097e-01   1.5034216e-03   1.4543372e-03   8.7339382e-05
   1.2255765e-02   5.9657984e-02   8.0550472e-01   1.4135953e-03   1.4316962e-03   1.6333982e-04
   1.4464792e-02   7.3097131e-02   7.9968884e-01   1.7197674e-03   1.5700860e-03   2.4874304e-04
   8.9278588e-03   8.5512198e-02   7.7976085e-01   1.5622158e-03   1.3178954e-03   1.7234510e-04
   8.0250426e-03   8.8506971e-02   7.8038452e-01   1.5786617e-03   1.3301236e-03   1.2826471e-04
   1.0779268e-02   9.5388843e-02   7.7503767e-01   1.7108517e-03   1.3400104e-03   1.3118946e-04
   1.1540323e-02   1.0345386e-01   7.6843457e-01   1.8542919e-03   1.3253888e-03   8.6984566e-05
   7.1664432e-03   8.8415042e-02   7.9136634e-01   1.5552186e-03   1.3533410e-03   1.5388709e-04
   1.8341721e-02   1.0094361e-01   8.1045248e-01   1.9560826e-03   1.3960180e-03   5.4191351e-05
   2.0210915e-02   5.2250062e-02   8.1642191e-01   1.6107240e-03   1.3690883e-03   1.4647831e-04
   1.2164331e-02   7.2018524e-02   8.0024016e-01   2.1041818e-03   1.4661982e-03   2.2453869e-04
   2.3203280e-02   9.7296727e-02   7.9230315e-01   2.5184312e-03   1.9116173e-03   3.8100284e-04
   1.5883330e-02   1.4275600e-01   8.0552824e-01   2.9263221e-03   1.3576456e-03   6.1625946e-04
   1.1430763e-02   1.1240629e-01   8.1911990e-01   2.1288578e-03   1.4783615e-03   5.4902342e-04
   8.6456006e-03   1.2265719e-01   8.2044422e-01   2.2948401e-03   1.2004009e-03   3.0119898e-04
   1.8924921e-02   8.0217642e-02   8.2145086e-01   1.8684137e-03   1.5337842e-03   8.0551730e-05
   1.9424586e-02   5.9061535e-02   8.3560975e-01   1.7312268e-03   1.2816451e-03   4.1206192e-04
   2.7435755e-02   5.8220904e-02   8.1832972e-01   1.5725884e-03   1.5343651e-03   3.1796053e-04
   1.5632432e-02   9.9006378e-02   8.0341813e-01   2.1153484e-03   1.2298954e-03   2.7067840e-04
   1.3668140e-02   8.6334600e-02   8.2234060e-01   1.9771678e-03   1.5163179e-03   3.7774652e-04
   1.9681434e-02   1.0446905e-01   8.1096194e-01   2.3360923e-03   1.5052199e-03   3.8966985e-04
   2.3745755e-02   1.2714143e-01   7.7564056e-01   3.1279229e-03   1.5044023e-03   3.2531977e-04
   2.0399859e-02   1.0404830e-01   8.0765230e-01   2.9244659e-03   1.5504065e-03   2.3926224e-04
   2.2697694e-02   1.0229204e-01   8.4453225e-01   3.3457854e-03   1.3920548e-03   3.5806010e-04
   2.8939285e-02   7.1749767e-02   8.4763963e-01   2.8566035e-03   1.5673602e-03   4.1957336e-04
   1.9128849e-02   9.9826695e-02   8.0777139e-01   3.2445405e-03   1.0174906e-03   8.9161501e-04
   1.9678469e-02   1.0617178e-01   8.1430655e-01   2.8653492e-03   1.3744231e-03   7.6836755e-04
   2.6676787e-02   1.0448712e-01   8.2427523e-01   2.7985289e-03   1.6081025e-03   4.8343137e-04
   3.3562242e-02   7.1163615e-02   8.2881539e-01   2.7174986e-03   1.4623169e-03   5.8750099e-04
   2.6075465e-02   8.8022502e-02   7.7351254e-01   2.9426414e-03   1.4825796e-03   7.7410840e-04
   2.0891646e-02   1.2627960e-01   7.9084136e-01   3.1330510e-03   1.5040559e-03   5.5814429e-04
   2.6260559e-02   8.9887385e-02   8.2771719e-01   2.6534790e-03   1.3926315e-03   6.4348702e-04
   2.0566366e-02   7.6352669e-02   8.0784655e-01   2.1142630e-03   1.2981638e-03   6.3798629e-04
   2.3000683e-02   9.1101636e-02   8.4913010e-01   2.3891204e-03   1.2956546e-03   7.4780046e-04
   2.8963995e-02   7.7285296e-02   8.5588791e-01   2.5267016e-03   1.4542662e-03   4.4910883e-04
   3.1004898e-02   7.2556094e-02   8.4372077e-01   2.0463903e-03   1.6614266e-03   5.2697831e-04
   2.7546342e-02   9.5242334e-02   8.3352724e-01   2.6430356e-03   1.3068232e-03   5.6158921e-04
   2.1620099e-02   8.8017202e-02   9.0886175e-01   2.1851160e-03   1.2251852e-03   3.1489425e-04
   2.3073045e-02   5.5103871e-02   9.2223725e-01   1.5575639e-03   1.4303764e-03   2.5435100e-04
   9.7329217e-03   9.4702597e-02   8.6178107e-01   2.1142683e-03   1.0884721e-03   4.4986988e-04
   1.4244587e-02   1.0528690e-01   8.4151339e-01   2.7146601e-03   1.2659592e-03   4.2454767e-04
   1.6087217e-02   1.1692297e-01   8.6696064e-01   2.6702222e-03   1.2941177e-03   2.1413906e-04
   1.9500605e-02   1.0100885e-01   8.5944220e-01   2.1252438e-03   1.2578309e-03   6.2574832e-04
   1.7785506e-02   1.0527015e-01   8.4901837e-01   2.1605096e-03   1.3397488e-03   6.8261431e-04
   1.7693016e-02   1.2338911e-01   8.4500915e-01   2.4631107e-03   1.1114300e-03   8.2087265e-04
   2.0680945e-02   1.4182173e-01   8.3799127e-01   2.6749924e-03   1.3992966e-03   6.3243079e-04
   1.3108924e-03   1.5374796e-01   8.5743212e-01   1.8607501e-03   1.0542093e-03   3.4521184e-04
   7.2288805e-03   1.3844257e-01   8.6291686e-01   2.4646850e-03   9.5497347e-04   3.3947744e-04
   1.4029730e-02   9.8744868e-02   8.6565890e-01   2.0024745e-03   1.1297977e-03   3.3341861e-04
   1.2961637e-02   9.7455089e-02   8.6867649e-01   2.0736255e-03   1.1757829e-03   3.2127767e-04
   1.5858615e-02   1.2582801e-01   8.5065230e-01   2.3488381e-03   1.0655431e-03   5.5014444e-04
   1.7059410e-02   1.0695418e-01   8.3576752e-01   1.8978757e-03   1.1658130e-03   5.0957401e-04
   2.0706347e-02   1.0964396e-01   8.4181238e-01   2.1774753e-03   1.5016059e-03   2.8693837e-04
   1.7791640e-02   1.3538380e-01   8.6536055e-01   2.7252056e-03   1.2910698e-03   3.5886817e-05
   1.3456482e-02   1.2687615e-01   8.6096877e-01   2.5430396e-03   1.1702590e-03   1.4566977e-04
   2.6158416e-02   1.0438789e-01   8.7845327e-01   2.1405556e-03   1.3576401e-03   9.5162692e-05
   2.9571010e-02   1.1003453e-01   9.3554851e-01   1.9471934e-03   1.3774659e-03   1.4797435e-04
   3.2305885e-02   8.3049470e-02   9.2736079e-01   1.1194402e-03   1.5273750e-03   1.1263692e-04
   3.7121937e-02   7.2970958e-02   9.1665756e-01   7.0722547e-04   1.8018598e-03   2.1950929e-04
   3.5441795e-02   1.1453246e-01   8.8767086e-01   1.6441315e-03   1.6818428e-03   3.0498720e-04
   2.8780322e-02   1.2149530e-01   8.8496973e-01   1.9551684e-03   1.6200949e-03   3.6283651e-04
   3.2516693e-02   1.1238843e-01   8.9152335e-01   1.8948862e-03   1.8303197e-03   3.2399281e-04
   3.0550901e-02   1.2015640e-01   8.7757449e-01   2.5090603e-03   1.6732731e-03   4.0433253e-04
   2.6749649e-02   1.2631932e-01   8.6191632e-01   2.4104835e-03   1.6912697e-03   5.4309159e-04
   2.8820445e-02   1.2161409e-01   8.7400168e-01   2.8118579e-03   1.8524709e-03   5.1872633e-04
   3.2237737e-02   1.3750593e-01   8.7322092e-01   3.4239867e-03   1.6373039e-03   5.1604180e-04
   2.8847011e-02   1.0486901e-01   8.7005759e-01   2.8950759e-03   1.7709959e-03   4.7239355e-04
   2.7426359e-02   1.0754504e-01   8.8581016e-01   2.5390021e-03   1.6889501e-03   4.1079115e-04
   2.4267758e-02   1.2579953e-01   8.6503920e-01   2.7037367e-03   1.3125881e-03   4.7005226e-04
   2.3105735e-02   1.2106346e-01   8.6500544e-01   2.9154447e-03   1.4782222e-03   5.0852813e-04
   2.7676115e-02   1.5222287e-01   8.6203845e-01   3.8782900e-03   1.6624223e-03   5.0411020e-04
   2.4955185e-02   1.6395743e-01   8.4273811e-01   4.0269618e-03   1.5948627e-03   4.8754385e-04
   2.1736685e-02   1.2324093e-01   8.5372545e-01   3.2571055e-03   1.6376569e-03   3.8421989e-04
   2.2738225e-02   1.0952001e-01   8.8302976e-01   2.9260273e-03   1.7520337e-03   2.7068862e-04
   2.3054388e-02   8.9752443e-02   8.8972099e-01   2.2436196e-03   1.8232783e-03   2.0076492e-04
   1.7624253e-02   1.0192376e-01   8.9357072e-01   1.9313313e-03   1.8206407e-03   3.1612141e-04
   1.8155105e-02   1.2291700e-01   9.0123092e-01   3.1792916e-03   1.7413968e-03   4.7036464e-04
   2.0241031e-02   1.5631616e-01   8.7038878e-01   3.7643438e-03   1.6037314e-03   5.0418662e-04
   1.3847455e-02   1.6275245e-01   8.9699392e-01   3.5848139e-03   1.6187663e-03   4.0512886e-04
   1.0500319e-02   1.4334039e-01   8.9501283e-01   3.9921353e-03   1.7425796e-03   3.9306592e-04
   1.2228378e-02   1.5037836e-01   9.1604083e-01   3.7819116e-03   1.5802486e-03   2.4392317e-04
   1.3331113e-02   1.4449579e-01   9.5862367e-01   3.3522287e-03   1.5743134e-03   1.9327234e-04
   2.2145876e-02   1.0434872e-01   9.7119594e-01   2.6669016e-03   2.0011320e-03   1.0453334e-04
   3.1661092e-02   1.0595515e-01   9.8064064e-01   2.7349013e-03   1.9979019e-03   7.2955770e-05
   2.5576437e-02   1.0774027e-01   9.8635445e-01   2.3935797e-03   1.7112256e-03   1.9704302e-04
   2.0441597e-02   8.8776643e-02   1.0064214e+00   1.8699785e-03   1.8179370e-03   2.9463586e-04
   2.4941961e-02   1.3698493e-01   9.6987406e-01   2.8627594e-03   1.6691047e-03   3.7495572e-04
   2.0468886e-02   1.3080900e-01   9.5775565e-01   2.6534474e-03   1.7192814e-03   2.3043058e-04
   2.0643192e-02   1.2154932e-01   9.7261889e-01   2.4413281e-03   1.6505273e-03   1.3437090e-04
   1.7130556e-02   1.5041141e-01   9.6586078e-01   3.2190988e-03   1.6191402e-03   3.0225955e-04
   6.5164454e-03   1.7469553e-01   9.3218189e-01   4.2971276e-03   1.3862744e-03   2.1125769e-04
   3.2377607e-03   1.3653537e-01   9.3194471e-01   3.8664190e-03   1.4328328e-03   2.1450032e-04
  -6.7709086e-03   1.4591389e-01   9.3576307e-01   3.7546975e-03   1.3689019e-03   1.1014160e-04
  -3.9346453e-03   1.5429575e-01   9.2330382e-01   4.0228195e-03   1.3838028e-03   8.4097791e-05
   7.1433884e-04   1.3059751e-01   9.7334712e-01   3.8909223e-03   1.8566390e-03   8.0065327e-05
   1.5653965e-02   1.3771432e-01   9.7006986e-01   4.1456384e-03   1.7431983e-03   9.0162538e-05
   3.4254138e-03   1.3903719e-01   9.6923582e-01   3.9629733e-03   1.5035092e-03   2.0235256e-04
  -9.2092206e-03   1.3051898e-01   9.9413240e-01   3.4824721e-03   1.4601097e-03  -6.1445319e-05
  -8.7784054e-03   1.5559870e-01   9.6508653e-01   3.8794709e-03   1.1340938e-03   6.5222445e-07
  -1.5497924e-03   1.4169363e-01   9.5888738e-01   3.2660826e-03   1.4549857e-03   4.1324645e-05
  -2.6980579e-03   1.3842515e-01   9.6860025e-01   3.4882464e-03   1.7299629e-03  -2.1408271e-05
   1.1279068e-03   1.5023483e-01   9.6623144e-01   3.8756551e-03   1.5342021e-03   9.4710427e-05
   8.1809878e-03   1.1520198e-01   9.5996331e-01   2.6932496e-03   1.6337401e-03  -5.8089250e-05
   5.0733059e-03   1.2084238e-01   9.5384308e-01   2.6200053e-03   1.5576255e-03   1.4728418e-04
   7.5024050e-03   1.4723522e-01   9.3074772e-01   2.7427360e-03   1.5892694e-03   1.8330678e-04
   5.9380265e-03   1.1492149e-01   9.9965690e-01   2.4392226e-03   1.7652575e-03  -1.0748365e-04
   1.0897633e-02   8.0906353e-02   1.0127639e+00   1.6700497e-03   1.7710863e-03   5.7246318e-05
   7.5189507e-03   8.7006638e-02   9.7040919e-01   1.4146588e-03   1.7228745e-03  -3.2557246e-05
   8.3420337e-04   1.2897570e-01   9.2821489e-01   2.0532633e-03   1.6415565e-03  -4.8482454e-05
   1.5721124e-04   1.8003021e-01   9.4941762e-01   3.4526496e-03   1.5878143e-03  -2.4774412e-04
   8.6093048e-03   1.7592789e-01   9.9328949e-01   3.4641298e-03   1.6571306e-03  -6.8232318e-05
   1.3686876e-03   1.6655994e-01   9.4896893e-01   3.3418362e-03   1.5699843e-03  -7.3778526e-05
  -2.4964517e-03   1.6674224e-01   9.3705079e-01   3.2141026e-03   1.4186300e-03  -2.7073260e-04
  -5.4402443e-03   1.7258612e-01   9.5560437e-01   3.5422137e-03   1.3627348e-03  -1.9144744e-04
  -6.7006481e-03   1.6078008e-01   9.5905780e-01   3.7235288e-03   1.3928029e-03  -7.1106313e-05
   2.1967828e-04   1.6115856e-01   9.6463625e-01   3.4677760e-03   1.2126494e-03   2.5184300e-04
   7.4864521e-03   1.4415994e-01   9.7968968e-01   3.4232427e-03   1.2531181e-03   1.0651040e-04
  -2.8807011e-03   1.5042060e-01   9.8638603e-01   3.9373482e-03   1.1567404e-03  -1.3511357e-04
  -8.4564984e-03   1.3726301e-01   1.0256685e+00   3.4342113e-03   1.3596847e-03  -1.0259557e-04
  -4.5531432e-03   1.4740237e-01   1.0074324e+00   4.0658301e-03   1.3189117e-03   3.5590548e-05
  -5.1218783e-03   1.7368381e-01   9.6415534e-01   4.1070949e-03   1.3798194e-03  -3.8390395e-04
  -9.3811066e-03   1.6903804e-01   1.0048949e+00   3.5347703e-03   1.5026888e-03  -3.9208878e-04
  -1.3546907e-02   1.6898756e-01   1.0040607e+00   3.8227542e-03   1.4327446e-03  -3.5113695e-04
  -8.6635076e-03   1.4758528e-01   1.0029786e+00   3.4180476e-03   1.5251115e-03  -3.2639977e-04
  -2.0307707e-03   1.3365729e-01   1.0202315e+00   2.9930629e-03   1.5662506e-03  -3.5727319e-04
  -3.6370532e-03   1.4574630e-01   9.8256713e-01   3.1986516e-03   1.6097449e-03  -4.6784242e-04
  -4.2152987e-03   1.4300650e-01   9.9668466e-01   3.0469458e-03   1.7627767e-03  -3.8096869e-04
   5.2731312e-04   1.1767919e-01   1.0146362e+00   2.5697507e-03   1.6254313e-03  -3.1482073e-04
   8.4816276e-05   1.4438399e-01   9.8713811e-01   3.1211696e-03   1.9430147e-03  -4.3009100e-04
   2.6114681e-03   1.1124603e-01   1.0120047e+00   1.7391970e-03   2.2414795e-03  -5.1607712e-04
  -6.7835368e-03   1.4869226e-01   1.0066572e+00   2.2421536e-03   1.9677017e-03  -6.3898637e-04
  -9.4714125e-03   1.4005726e-01   9.8494098e-01   2.4465616e-03   1.7042342e-03  -4.1186627e-04
  -4.6790421e-03   1.6260193e-01   1.0128900e+00   2.9249426e-03   1.6329919e-03  -4.0362062e-04
   1.0945285e-03   1.9397977e-01   9.9874683e-01   3.5948738e-03   1.3841707e-03  -2.9992120e-04
  -8.0130901e-03   1.5599382e-01   1.0122615e+00   2.9961040e-03   1.5171381e-03  -4.1595039e-04
  -8.7829461e-03   1.5356635e-01   1.0217468e+00   3.1619124e-03   1.5533220e-03  -3.7452452e-04
  -1.1299043e-02   1.6601159e-01   1.0067908e+00   3.4659583e-03   1.6297746e-03  -4.9550492e-04
  -1.5096589e-02   1.5412501e-01   1.0348837e+00   3.8151857e-03   1.6714209e-03  -3.4414546e-04
  -6.5330579e-03   1.7802250e-01   1.0174179e+00   4.0793772e-03   1.7369186e-03  -2.8571703e-04
  -5.9751170e-05   1.7526451e-01   1.0138562e+00   3.9191493e-03   1.7432057e-03  -3.0947499e-04
  -4.3222389e-03   1.5019488e-01   1.0185703e+00   3.6312965e-03   1.7768496e-03  -4.1392115e-04
  -8.8166802e-03   1.8449062e-01   1.0232600e+00   4.4430141e-03   1.2648748e-03  -4.1034411e-04
  -1.1452110e-02   1.6247274e-01   1.0252568e+00   3.9115032e-03   1.3551376e-03  -4.0671823e-04
  -1.2901835e-02   1.4837524e-01   1.0326183e+00   3.7203579e-03   1.4673268e-03  -5.4760349e-04
  -3.0342272e-02   1.7113194e-01   1.0291912e+00   3.7662614e-03   1.2247549e-03  -4.8298647e-04
  -1.3559369e-02   1.0700786e-01   1.0624589e+00   2.4153459e-03   1.5985929e-03  -4.5790818e-04
  -6.6385711e-03   1.1834629e-01   1.0350040e+00   2.4542440e-03   1.5009773e-03  -4.2739853e-04
  -1.2382335e-02   1.2655904e-01   1.0135306e+00   2.0002663e-03   1.2283046e-03  -4.6367072e-04
  -1.6973017e-02   1.7021174e-01   1.0184566e+00   3.1087808e-03   1.2784655e-03  -3.5888845e-04
  -1.9989657e-02   1.9997897e-01   1.0120014e+00   3.5233337e-03   1.1659233e-03  -3.6082380e-04
  -1.4350417e-02   1.8990140e-01   1.0083336e+00   3.5431569e-03   1.3432483e-03  -4.2196462e-04
  -9.8115153e-03   1.8467649e-01   1.0134565e+00   3.3891819e-03   1.0867189e-03  -5.8258926e-04
  -5.8124425e-03   1.6497074e-01   1.0246917e+00   3.5815830e-03   1.2156563e-03  -7.7798237e-04
  -1.5392407e-02   1.4534819e-01   1.0698403e+00   3.0294582e-03   1.3119881e-03  -8.1511581e-04
  -1.7122018e-02   1.4694530e-01   1.0698768e+00   3.1132832e-03   1.1849567e-03  -7.7107105e-04
  -1.5054606e-02   1.0466996e-01   1.0862278e+00   2.0308420e-03   1.2462245e-03  -9.2052466e-04
  -6.8928582e-03   1.2127576e-01   1.0681770e+00   1.9941042e-03   1.3585790e-03  -7.6790252e-04
  -1.1355106e-02   1.5759171e-01   1.0411540e+00   3.3506238e-03   1.3980686e-03  -6.8620731e-04
  -1.8052373e-02   1.3462654e-01   1.0637713e+00   2.2541147e-03   1.4836711e-03  -7.9946918e-04
  -1.8259461e-02   1.4084174e-01   1.0908738e+00   2.0852812e-03   1.4829919e-03  -9.2065494e-04
  -2.2171120e-02   1.9138320e-01   1.0598344e+00   3.0082378e-03   9.5061842e-04  -6.7985212e-04
  -2.2341459e-02   1.5463704e-01   1.0815228e+00   1.9254647e-03   1.0003187e-03  -5.4589824e-04
  -1.9751881e-02   1.6704106e-01   1.0643694e+00   2.7766601e-03   9.5758771e-04  -5.3378371e-04
  -1.4967904e-02   1.2458432e-01   1.0723726e+00   1.6801259e-03   1.2526543e-03  -4.7454157e-04
  -1.4859171e-02   1.3602195e-01   1.0750087e+00   1.7346834e-03   1.5835067e-03  -5.3533381e-04
  -2.0129979e-02   1.6971583e-01   1.0597868e+00   3.0120646e-03   1.4397082e-03  -6.5360800e-04
  -2.2096394e-02   1.9894626e-01   1.0544629e+00   3.2851560e-03   1.1129116e-03  -5.0650581e-04
  -8.5231211e-03   1.8584087e-01   1.0678984e+00   3.0730051e-03   1.1556335e-03  -3.8218185e-04
  -4.2010021e-03   1.8248171e-01   1.0669915e+00   3.3417761e-03   1.1215444e-03  -3.2765770e-04
  -1.0758445e-02   1.9442591e-01   1.0166759e+00   3.5652598e-03   9.7397719e-04  -2.1321621e-04
  -1.2690639e-02   1.7939691e-01   1.0416483e+00   3.4327276e-03   1.2805915e-03  -3.9699648e-04
  -2.1870742e-02   2.0092660e-01   1.0620439e+00   3.9968036e-03   9.7589400e-04  -5.2905311e-04
  -2.0074247e-02   1.5644531e-01   1.0785358e+00   3.1734887e-03   1.2503629e-03  -6.2896054e-04
  -1.5457939e-02   1.3496947e-01   1.0772904e+00   3.4895050e-03   1.2212900e-03  -3.2152342e-04
  -2.2722067e-02   1.7506143e-01   1.0699724e+00   4.0832271e-03   9.8869995e-04  -3.7077857e-04
  -2.6671759e-02   1.6561756e-01   1.0403902e+00   3.8914322e-03   1.0647284e-03  -3.6087510e-04
  -2.6394572e-02   1.4781927e-01   1.0776697e+00   3.5913093e-03   1.0659911e-03  -5.2585998e-04
  -2.5374273e-02   1.8446091e-01   1.0669806e+00   4.1586114e-03   8.3006572e-04  -3.9295239e-04
  -2.5403694e-02   1.8637145e-01   1.0754688e+00   4.2260910e-03   1.0523031e-03  -5.5400354e-04
  -3.0679259e-02   1.9237109e-01   1.0814004e+00   4.5387414e-03   5.6068854e-04  -3.3440008e-04
  -2.1430111e-02   1.4131278e-01   1.0772601e+00   3.8468636e-03   1.1116935e-03  -5.0049465e-04
  -2.2461325e-02   1.6651877e-01   1.1069231e+00   4.0408098e-03   9.4642483e-04  -3.7725534e-04
  -2.1368253e-02   2.0077705e-01   1.0741463e+00   4.5378356e-03   1.0986726e-03  -4.1072091e-04
  -7.6969562e-03   1.5376922e-01   1.0929535e+00   3.3625598e-03   1.2902236e-03  -4.4901414e-04
  -5.2312607e-03   1.6177672e-01   1.0927149e+00   3.5577686e-03   1.0541511e-03  -5.0943121e-04
  -2.2066425e-02   1.2172735e-01   1.0779278e+00   2.4364343e-03   7.6684134e-04  -6.6244204e-04
  -1.6560767e-02   9.0464067e-02   1.0856618e+00   1.7719819e-03   9.4721378e-04  -6.9335242e-04
  -9.1325393e-03   1.3116580e-01   1.0464778e+00   1.4552947e-03   1.0379762e-03  -8.2625683e-04
  -5.1722840e-03   1.4977313e-01   1.0418049e+00   1.2980487e-03   1.0049162e-03  -6.2231874e-04
  -4.1179909e-03   1.6382369e-01   1.0480747e+00   2.4332454e-03   1.0526642e-03  -6.5223667e-04
   2.4448264e-03   1.5729939e-01   1.0401152e+00   2.1906414e-03   1.4328369e-03  -8.8148200e-04
  -5.3109472e-03   1.4936835e-01   1.0449619e+00   2.2656641e-03   1.3917925e-03  -9.0998425e-04
   5.0368552e-03   1.2005131e-01   1.0616960e+00   1.9004437e-03   1.5651277e-03  -8.2152881e-04
  -1.3746815e-03   1.3755988e-01   1.0522858e+00   2.0743047e-03   1.0831586e-03  -8.5761455e-04
   1.3792091e-03   9.9778581e-02   1.0750765e+00   8.4112094e-04   1.2066819e-03  -8.4165955e-04
   3.7074091e-03   1.0905603e-01   1.0715936e+00   1.2980587e-03   1.3219710e-03  -9.1725049e-04
  -1.3663206e-03   9.6053790e-02   1.0999851e+00   9.5659788e-04   1.0778238e-03  -7.7401609e-04
   6.2988109e-03   6.3680377e-02   1.0962569e+00   1.2340537e-03   1.3910152e-03  -5.6166313e-04
   1.3225286e-02   1.3543632e-01   9.9624211e-01   2.8482845e-03   1.4090483e-03  -1.8607527e-04
   1.6144148e-02   1.4269346e-01   1.0312416e+00   2.9923817e-03   1.4035742e-03  -2.6110414e-04
   1.9716778e-02   1.3373047e-01   1.0405593e+00   2.6488865e-03   1.4185204e-03  -5.1983701e-04
   1.5235385e-02   1.3290792e-01   1.0600397e+00   2.7203969e-03   1.2471014e-03  -5.2923402e-04
   1.8685543e-02   8.9191207e-02   1.1010841e+00   1.9343904e-03   1.2948026e-03  -1.9632009e-04
   2.2167032e-02   7.1319363e-02   1.1197173e+00   1.8063141e-03   1.2707380e-03  -2.0528730e-04
   1.0428104e-02   7.1894853e-02   1.1233918e+00   1.5158209e-03   1.0771654e-03  -2.4279821e-04
   8.2492117e-03   1.4533335e-02   1.1650295e+00  -3.8172424e-04   1.2211031e-03  -4.8951737e-04
   1.3005063e-02   8.5168356e-02   1.0935802e+00   1.4183362e-03   8.5005636e-04  -2.6673854e-04
   9.1498116e-03   8.2537581e-02   1.0508114e+00   1.3395158e-03   9.8879579e-04  -3.5476951e-05
   1.4667767e-03   1.5366151e-01   1.0421036e+00   2.5228592e-03   9.5345381e-04  -2.3786431e-04
  -7.0608457e-03   2.0694692e-01   1.0305922e+00   2.7740335e-03   8.9916705e-04  -3.7583037e-04
   3.4488119e-03   1.8668953e-01   1.0090679e+00   2.5343883e-03   9.0119202e-04  -5.4194385e-04
   1.7064516e-02   1.5769563e-01   1.0087129e+00   2.1421027e-03   9.2065357e-04  -7.0307083e-04
   1.8034975e-02   1.5352637e-01   9.9278375e-01   2.1369173e-03   8.4411498e-04  -6.3624952e-04
   1.2840431e-02   1.1705577e-01   1.0161445e+00   1.4540472e-03   1.0894975e-03  -6.2323859e-04
   9.8599094e-03   1.2147325e-01   1.0325634e+00   1.3315373e-03   1.2310165e-03  -5.7742205e-04
   1.0106142e-02   1.5369383e-01   1.0259009e+00   1.8803580e-03   1.1026030e-03  -5.6993866e-04
   9.9654393e-03   1.1169201e-01   1.0471182e+00   1.4083031e-03   1.2660074e-03  -6.1608585e-04
   7.6607639e-03   1.3613321e-01   1.0447918e+00   1.8811611e-03   1.2702773e-03  -4.2958268e-04
   4.7846667e-03   1.5737695e-01   1.0248302e+00   2.0840684e-03   1.2551727e-03  -4.4512537e-04
   3.6883705e-03   1.6356511e-01   1.0216851e+00   1.9505302e-03   1.3651465e-03  -4.2345519e-04
   1.0259238e-02   1.4165221e-01   1.0255819e+00   1.8240285e-03   1.4606552e-03  -5.5863440e-04
   1.4767325e-02   9.7952699e-02   1.0199501e+00   1.2923903e-03   1.5238900e-03  -4.7304674e-04
   1.9534991e-02   1.0413617e-01   1.0383658e+00   1.1841519e-03   1.7919187e-03  -2.6314183e-04
   2.2990187e-02   1.0909994e-01   1.0254304e+00   1.3109950e-03   1.6433339e-03  -3.3096397e-04
   2.1648351e-02   1.1712028e-01   1.0262254e+00   1.3090478e-03   1.4744353e-03  -2.6735607e-04
   2.3100750e-02   1.4559267e-01   1.0070447e+00   1.7197069e-03   1.2676649e-03  -3.2202725e-04
   2.2583097e-02   1.0737154e-01   1.0501841e+00   5.8870943e-04   1.4147132e-03  -2.3545903e-04
   2.2889690e-02   1.0461281e-01   1.0485975e+00   9.5012265e-04   1.6290024e-03  -7.3003573e-04
   1.7484398e-02   1.1484398e-01   1.0037858e+00   1.3530850e-03   1.6308025e-03  -5.5521490e-04
   1.7035182e-02   1.5554303e-01   1.0039842e+00   1.4960721e-03   1.4817199e-03  -2.3297781e-04
   2.0429528e-02   1.9180598e-01   1.0164058e+00   2.1249219e-03   1.5745798e-03  -2.8918960e-04
   1.5400110e-02   2.0888776e-01   9.8510758e-01   2.4571201e-03   1.2958975e-03  -4.0083264e-04
   7.6803758e-03   1.7383143e-01   9.9769367e-01   2.2910663e-03   1.2033119e-03  -4.2876582e-04
   3.8675478e-03   1.9265835e-01   9.9781036e-01   3.0479822e-03   1.0452966e-03  -4.0973403e-04
   9.0197383e-03   1.7788948e-01   9.8576299e-01   3.1233575e-03   1.3504197e-03  -4.4677989e-04
   7.6035268e-03   1.7708159e-01   1.0044786e+00   3.0890126e-03   1.3674229e-03  -4.2039713e-04
   5.1298518e-03   1.8882457e-01   9.9045776e-01   3.4233900e-03   1.3607698e-03  -6.0009456e-04
   6.9438374e-04   1.7655562e-01   9.8636415e-01   2.9701990e-03   1.3706041e-03  -6.3996905e-04
   3.6403317e-03   1.7469124e-01   9.9553365e-01   3.0010008e-03   1.4196120e-03  -6.5354305e-04
   9.3759709e-03   1.9779589e-01   9.8753349e-01   3.2345990e-03   1.4954372e-03  -6.0537883e-04
   5.0575731e-03   1.9524365e-01   9.7769666e-01   2.7345352e-03   1.6301368e-03  -7.0141315e-04
  -4.2031380e-03   2.0068413e-01   1.0076983e+00   2.9191738e-03   1.6503705e-03  -8.9321949e-04
   6.8910251e-03   1.9843351e-01   1.0092873e+00   3.1129636e-03   1.6495470e-03  -7.3294511e-04
  -2.5204089e-03   1.5694024e-01   1.0085155e+00   2.2026769e-03   1.7859818e-03  -1.0094919e-03
   1.2902389e-03   1.5395969e-01   9.9123871e-01   2.1887438e-03   1.7726579e-03  -6.1088401e-04
  -3.4397717e-04   2.1090050e-01   9.5367188e-01   3.0032026e-03   1.8152667e-03  -5.4947523e-04
  -7.8817206e-03   2.2213278e-01   9.8395280e-01   2.8449479e-03   1.8472363e-03  -5.7930414e-04
  -9.5385454e-03   2.1088833e-01   1.0238449e+00   2.9416674e-03   1.6645647e-03  -6.4270599e-04
   1.1173924e-03   1.9807824e-01   1.0192422e+00   3.1138749e-03   1.6594986e-03  -6.2710634e-04
   7.2740599e-03   1.7058349e-01   1.0165704e+00   2.3294730e-03   1.6949592e-03  -4.5117472e-04
   9.0251736e-03   1.8459644e-01   1.0232837e+00   2.6953596e-03   1.5900307e-03  -4.2514604e-04
   1.9991605e-02   1.5481199e-01   1.0305511e+00   2.2849034e-03   1.6787210e-03  -4.5622005e-04
   2.5723462e-02   1.3173206e-01   1.0337857e+00   1.7317764e-03   2.0686564e-03  -4.0132118e-04
   2.3175552e-02   1.1746675e-01   1.0174637e+00   9.6942036e-04   1.6137662e-03  -3.4207406e-04
   1.6737997e-02   1.0302008e-01   1.0008024e+00   3.1045404e-04   1.5959215e-03  -4.8383066e-04
   1.7270609e-02   1.3573622e-01   9.6956391e-01   1.2723566e-03   1.5523736e-03  -5.9928518e-04
   1.9499599e-02   1.3532192e-01   9.6751826e-01   1.4389707e-03   1.7624436e-03  -6.4363129e-04
   2.1003629e-02   1.7485958e-01   9.6400353e-01   1.9713150e-03   1.6118223e-03  -6.4413762e-04
   2.2917379e-02   1.4462105e-01   1.0034647e+00   1.8067407e-03   1.6918343e-03  -5.5133398e-04
   1.5620476e-02   1.4273604e-01   1.0405508e+00   1.2535089e-03   1.7688678e-03  -7.7376486e-04
   1.1113125e-02   1.2156728e-01   1.0045362e+00   1.3949718e-03   1.5961023e-03  -8.4414792e-04
   4.9603775e-03   1.0113487e-01   1.0078606e+00   1.0382937e-04   1.5496606e-03  -6.1121151e-04
   8.8830899e-03   1.2503673e-01   9.9843944e-01   8.3566024e-04   1.5843495e-03  -7.0742267e-04
  -1.5218085e-03   1.5142570e-01   1.0165598e+00   1.1665858e-03   1.4474516e-03  -8.5763199e-04
  -6.9344984e-03   1.0360692e-01   1.0690238e+00  -9.4544739e-04   1.6587896e-03  -9.5065702e-04
   5.5432652e-03   1.1627707e-01   1.0532332e+00  -7.9646169e-05   1.6915907e-03  -8.6713544e-04
  -6.6484081e-05   1.3906984e-01   1.0261521e+00   1.0710067e-03   1.6770921e-03  -6.0719918e-04
   7.4762279e-03   1.1967443e-01   1.0568894e+00   5.7317264e-04   2.0587414e-03  -7.0976657e-04
   5.3110750e-03   1.8893579e-01   1.0413969e+00   1.8905694e-03   1.8379267e-03  -4.9421288e-04
   1.9293402e-02   1.4415226e-01   1.0347432e+00   9.7233915e-04   1.9149571e-03  -4.4008007e-04
   2.0986724e-03   1.7364027e-01   1.0286723e+00   1.9991093e-03   1.1554285e-03  -3.2064967e-04
  -1.3521898e-03   1.4316617e-01   1.0369807e+00   2.2976338e-03   1.3691548e-03  -2.9025832e-04
   5.7447017e-03   1.3420262e-01   1.0296630e+00   1.9159825e-03   1.5212455e-03  -4.6674840e-04
  -1.0069072e-02   1.3988553e-01   1.0558248e+00   1.8314378e-03   1.2781824e-03  -5.5299540e-04
  -4.5997074e-04   8.4664886e-02   1.0765122e+00   9.8098687e-04   1.4584559e-03  -3.1127745e-04
   3.1636571e-03   1.3077912e-01   1.0377492e+00   1.8575258e-03   1.3298241e-03  -1.0510371e-04
  -5.5962202e-03   1.5751909e-01   1.0203455e+00   1.7172913e-03   1.4764836e-03  -3.0136103e-04
  -1.0719404e-03   1.5318526e-01   1.0276126e+00   1.5146322e-03   1.4523730e-03  -5.1645305e-04
   8.6716984e-03   1.4463655e-01   1.0340920e+00   1.3246989e-03   1.7205985e-03  -5.0017127e-04
   1.7535828e-02   1.4432536e-01   1.0468129e+00   6.8927699e-04   2.1601963e-03  -3.2002614e-04
   2.2771893e-03   1.6803618e-01   1.0638426e+00   1.5444617e-03   1.8426628e-03  -2.5612228e-04
   3.2704859e-03   1.3329897e-01   1.0899484e+00   1.2137771e-03   2.0384862e-03  -1.2670259e-04
   7.0991097e-03   9.3702382e-02   1.0931420e+00  -9.6705148e-06   1.8551839e-03  -1.2961881e-04
   6.1955574e-03   1.2655749e-01   1.0926310e+00   1.1038216e-03   1.8959448e-03  -3.6254753e-05
   1.2467701e-02   1.4230341e-01   1.0822034e+00   1.0406025e-03   1.8983590e-03  -1.8029551e-04
   1.5846034e-02   1.2956738e-01   1.0950626e+00   1.0875733e-03   2.1765746e-03  -2.3116863e-04
   1.5298859e-02   1.1595265e-01   1.0912627e+00   9.0382487e-04   1.9562037e-03   1.3642451e-04
   2.3222971e-03   9.7286101e-02   1.0985847e+00   6.2761195e-04   1.9873140e-03  -3.6035578e-05
