-8.8476e-06
0.00015253
0.0014567
0.0036826
0.0046894
0.0041639
0.0036237
0.0032449
0.0032499
0.0037991
0.0040079
0.0035773
0.0045795
0.005856
0.0060187
0.00564
0.0060663
0.007069
0.0069558
0.006214
0.0046472
0.0038619
0.0045278
0.0052677
0.0062688
0.0069651
0.0075017
0.0080907
0.0086342
0.0084846
0.0071744
0.0058969
0.0055835
0.00518
0.005292
0.0059811
0.0058418
0.0052656
0.0056805
0.005803
0.0059309
0.0060348
0.0051921
0.0045375
0.0038756
0.0042494
0.0053312
0.0055727
0.0048377
0.0045407
0.0050589
0.0054865
0.0056577
0.0048926
0.0038114
0.003122
0.0041032
0.0056731
0.006462
0.006432
0.005855
0.0046878
0.0042524
0.0042772
0.0037721
0.0038567
0.0050485
0.0049967
0.0044881
0.0046615
0.004427
0.0042748
0.0045678
0.004922
0.0042469
0.003994
0.0044209
0.0042346
0.0028706
0.0018019
0.002052
0.0028457
0.0034788
0.0040946
0.0051884
0.006214
0.0050645
0.0036555
0.003428
0.0033417
0.0039056
0.0061611
0.0069065
0.0065533
0.0074228
0.0082881
0.0079864
0.006914
0.0057278
0.005558
0.0051826
0.0040298
0.0031107
0.0026125
0.0032891
0.0048565
0.0050215
0.004736
0.0047681
0.0044924
0.0036324
0.0035528
0.0046822
0.0057456
0.006697
0.0067481
0.0053475
0.003876
0.0032529
0.002664
0.0027704
0.0045753
0.0054125
0.0059198
0.0058531
0.0048383
0.0049732
0.0048419
0.0049037
0.0057154
0.0061384
0.005511
0.0037627
0.0028888
0.0041872
0.0050322
0.0049094
0.0052692
0.0042847
0.0041369
0.005745
0.0062467
0.0061066
0.0064023
0.006485
0.0057341
0.0047345
0.0044475
0.0038541
0.0034861
0.0029829
0.0024468
0.0025026
0.0028116
0.0034133
0.0036306
0.0031809
0.0037413
0.0046055
0.0047579
0.0049036
0.0050897
0.0056392
0.0060221
0.0057174
0.0046477
0.0033347
0.0023281
0.0028624
0.0034649
0.0037119
0.00395
0.0041418
0.0047182
0.0050988
0.0058127
0.0063031
0.0056787
0.0053683
0.0061128
0.0059524
0.0058965
0.0057798
0.0052979
0.0050537
0.004501
0.0043404
0.0050298
0.0066256
0.0074212
0.0070179
0.0065854
0.0056525
0.0045269
0.0048232
0.0053231
0.0056649
0.005884
0.0056343
0.0054183
0.0049161
0.0056395
0.0061184
0.0051597
0.0041192
0.0039498
0.0036811
0.0040154
0.0049307
0.0050385
0.0053802
0.0051251
0.0048068
0.0052546
0.0052733
0.0048375
0.0045959
0.0053948
0.0057446
0.0052362
0.0060837
0.0070167
0.0062002
0.0050707
0.0046546
0.0042935
0.0044558
0.005706
0.0060901
0.0060309
0.0064882
0.0064372
0.0061886
0.0057687
0.0062582
0.0059835
0.0051541
0.0056979
0.0060067
0.0058076
0.0060239
0.0059137
0.0045652
0.0031721
0.0024109
0.0023475
0.002893
0.0042633
0.0046849
0.0041299
0.0050697
0.006922
0.0071327
0.0063127
0.0063695
0.0060445
0.0053955
0.0046887
0.0045316
0.0046629
0.0043522
0.0040147
0.0032513
0.0033422
0.0039341
0.0044343
0.0044189
0.0041066
0.0041361
0.0040904
0.0032819
0.0027749
0.0031761
0.0033876
0.0036478
0.0036374
0.0035086
0.0035097
0.0036105
0.0029958
0.0026409
0.0020235
0.0026721
0.0044035
0.005119
0.0060293
0.0071153
0.0073144
0.0072723
0.0067688
0.0053493
0.0045053
0.0045767
0.0048076
0.0048456
0.0044101
0.0045459
0.0056627
0.0060841
0.0054685
0.0053831
0.0054719
0.0042638
0.0032508
0.0043487
0.0054123
0.0053128
0.005816
0.0067104
0.0067483
0.0057367
0.0041473
0.0034602
0.0039249
0.003845
0.0032681
0.0031023
0.0031681
0.0034705
0.002961
0.0027884
0.004599
0.0047872
0.0048883
0.0057003
0.0058374
0.0050566
0.0038666
0.0043101
0.0046541
0.00416
0.0038516
0.0034902
0.0033898
0.0047177
0.0051549
0.0043266
0.0035524
0.0038983
0.0055178
0.0058388
0.0052029
0.0040864
0.0040169
0.0042354
0.0037525
0.0030288
0.0023567
0.0029651
0.0047003
0.0058719
0.006154
0.0059636
0.0051338
0.0036985
0.0032445
0.0032813
0.0029661
0.0033062
0.0044363
0.0045867
0.0051581
