   0.0000000e+00   0.0000000e+00   0.0000000e+00   0.0000000e+00   0.0000000e+00   0.0000000e+00
  -7.0202018e-02   1.6589215e-01   8.8936051e-01   2.9236619e-03  -2.4501437e-04  -1.1855818e-03
  -5.5106472e-02   1.9062416e-01   1.1230598e+00   3.4340569e-03   3.9229450e-04  -1.0736370e-03
  -4.3723400e-02   1.7958036e-01   1.2483701e+00   1.1784060e-03  -1.3383371e-04  -1.1472155e-03
  -4.5353505e-02   1.6908697e-01   1.2175447e+00   2.4075646e-03   5.4949060e-05  -8.1573136e-04
  -5.1976469e-02   1.7743901e-01   1.1895739e+00   2.1346476e-03  -4.2348588e-06  -1.1175917e-03
  -4.0482745e-02   1.8343279e-01   1.2646384e+00   2.8126455e-03  -3.1827505e-04  -9.3642819e-04
  -4.7324280e-02   1.9496273e-01   1.2031030e+00   1.6931718e-03  -1.5332828e-04  -8.8247205e-04
  -4.4266313e-02   1.9298238e-01   1.1979427e+00   1.5513959e-03  -8.2937624e-05  -1.1305836e-03
  -3.0402337e-02   1.8716415e-01   1.2803060e+00   1.5139511e-03  -1.1176080e-03  -1.4676108e-03
  -2.8364852e-02   1.9561405e-01   1.2211249e+00   1.6898227e-03  -8.5983219e-04  -1.3825400e-03
  -3.4535810e-02   2.0375645e-01   1.2010231e+00   1.8107018e-03  -1.0001620e-03  -1.7093071e-03
  -3.3309639e-02   1.9828740e-01   1.2481676e+00   9.0118863e-04  -1.5052416e-03  -1.7210457e-03
  -3.5689983e-02   1.9669973e-01   1.2361546e+00   3.7361093e-04  -1.2452623e-03  -1.7915711e-03
  -3.0485212e-02   1.9460346e-01   1.2197961e+00   3.1367081e-04  -1.0796412e-03  -1.9078852e-03
  -1.9838046e-02   1.9803010e-01   1.2619809e+00   2.0510684e-04  -1.7029119e-03  -1.9379442e-03
  -2.0579989e-02   1.9770976e-01   1.2163191e+00   9.7215849e-04  -1.3908332e-03  -1.9933820e-03
  -2.8852925e-02   2.0118469e-01   1.2345886e+00   6.0195016e-04  -1.4913506e-03  -2.3167732e-03
  -3.2111822e-02   2.0237570e-01   1.2157700e+00   6.1168008e-04  -1.4119314e-03  -2.2214444e-03
  -3.1464963e-02   1.9645597e-01   1.2199802e+00   8.1589670e-04  -1.2975053e-03  -2.0432938e-03
  -1.7193416e-02   1.9489540e-01   1.2678149e+00   5.3181862e-04  -1.9221139e-03  -2.0980801e-03
  -1.7193302e-02   2.0602341e-01   1.2267400e+00   1.6266356e-03  -1.6416874e-03  -2.0772693e-03
  -2.2615281e-02   2.0754447e-01   1.2274381e+00   1.3782031e-03  -1.3818611e-03  -1.9724740e-03
  -2.3122645e-02   2.1452512e-01   1.2683625e+00   6.7130465e-04  -1.5078012e-03  -2.0411257e-03
  -2.3604285e-02   2.1605574e-01   1.2236820e+00   1.5625080e-03  -1.2449392e-03  -2.0150567e-03
  -1.7863664e-02   2.0952513e-01   1.2327454e+00   2.5105171e-04  -1.1958897e-03  -2.2251776e-03
  -1.8455261e-02   2.1022173e-01   1.2591494e+00   8.2386046e-04  -1.3798901e-03  -2.1376527e-03
  -2.3957041e-02   2.0346409e-01   1.2443014e+00   1.9534945e-03  -1.3652260e-03  -2.0241162e-03
  -2.1077761e-02   2.0666922e-01   1.2697724e+00   2.2049837e-03  -1.3976608e-03  -1.9903017e-03
  -1.7322191e-02   2.1415523e-01   1.2681842e+00   9.2606022e-04  -1.6128140e-03  -1.9369129e-03
  -1.9471806e-02   2.1725787e-01   1.2380432e+00   2.3864033e-03  -1.4273799e-03  -1.9293526e-03
  -1.6336667e-02   2.2184453e-01   1.2406193e+00   2.2307782e-03  -1.6052028e-03  -1.9981711e-03
  -1.6812644e-02   2.2942783e-01   1.2792740e+00   8.2610416e-04  -1.7798635e-03  -2.0303019e-03
  -1.4249032e-02   2.2804917e-01   1.2320765e+00   2.2932643e-03  -1.5086398e-03  -2.0192382e-03
  -1.2648823e-02   2.3166770e-01   1.2505798e+00   2.7586577e-03  -1.6422721e-03  -1.9612094e-03
  -1.5567790e-02   2.2153577e-01   1.2297462e+00   2.0039755e-03  -1.3090379e-03  -1.9772987e-03
  -1.1033949e-02   2.1258931e-01   1.2760654e+00   1.7096325e-03  -1.5517912e-03  -2.0207847e-03
  -8.5887517e-03   2.2231059e-01   1.2504442e+00   4.8707827e-04  -1.2544509e-03  -1.9883279e-03
  -6.5105983e-03   2.2849698e-01   1.2569357e+00   1.0873891e-03  -1.3484688e-03  -1.8380283e-03
  -8.9218408e-03   2.2630691e-01   1.2517789e+00   1.3118312e-04  -1.3457740e-03  -1.9428590e-03
  -9.7722124e-03   2.3201074e-01   1.2604756e+00   1.8275578e-03  -1.3866903e-03  -1.8327410e-03
  -1.0518789e-02   2.2507722e-01   1.2508840e+00   1.8377655e-03  -1.4949955e-03  -1.8410431e-03
  -1.0296060e-02   2.2380978e-01   1.2451221e+00   2.0878480e-03  -1.2294490e-03  -1.8427482e-03
  -1.0993249e-02   2.1881662e-01   1.2692372e+00   2.0018380e-03  -1.4309820e-03  -1.8586279e-03
  -1.5112334e-02   2.1598469e-01   1.2617763e+00   1.5982072e-03  -1.6136035e-03  -1.8707843e-03
  -1.9093369e-02   2.2974841e-01   1.2327268e+00   2.0078673e-03  -1.5168329e-03  -2.0497871e-03
  -1.4808482e-02   2.3261067e-01   1.2368835e+00   2.5793849e-03  -1.4794262e-03  -2.1197633e-03
  -1.5087013e-02   2.2425003e-01   1.2654214e+00   1.5833401e-03  -1.8075477e-03  -2.0841722e-03
  -2.0817866e-02   2.2334180e-01   1.2370365e+00   1.6120470e-03  -1.6432605e-03  -2.0116769e-03
  -1.5516678e-02   2.1479807e-01   1.2639967e+00   2.4881468e-04  -1.6549808e-03  -1.9963842e-03
  -1.0086742e-02   2.3079620e-01   1.2581287e+00   1.2520235e-03  -1.8886142e-03  -2.0957180e-03
  -8.8130530e-04   2.4824292e-01   1.2578075e+00   1.8427953e-03  -2.1321477e-03  -2.2245168e-03
  -1.2230814e-02   2.4360950e-01   1.2631925e+00  -1.6775826e-04  -1.8975866e-03  -2.4242271e-03
  -1.3754854e-02   2.3368390e-01   1.2826679e+00   2.1722472e-03  -1.9253951e-03  -2.2497762e-03
  -1.4629695e-02   2.3559188e-01   1.2722231e+00   2.0670402e-03  -2.0188031e-03  -2.1969396e-03
  -3.5563878e-03   2.4019921e-01   1.2569114e+00   1.9218286e-03  -2.0078762e-03  -2.0921978e-03
  -5.8101088e-03   2.5052695e-01   1.2929625e+00   1.7612767e-03  -2.3402381e-03  -2.3283601e-03
  -4.1181918e-03   2.7414579e-01   1.2287614e+00   2.8474073e-03  -2.1148841e-03  -2.3332026e-03
  -3.3797427e-03   2.6718874e-01   1.2959708e+00   1.5641028e-03  -2.3742474e-03  -2.5300239e-03
  -4.8808590e-03   2.6375671e-01   1.2737816e+00   1.6034300e-03  -2.3841534e-03  -2.3334588e-03
  -1.2653543e-03   2.5680782e-01   1.2836179e+00   2.1104427e-03  -2.3759320e-03  -2.2202562e-03
   1.2383655e-04   2.4734113e-01   1.2877348e+00   1.2025224e-03  -2.5896311e-03  -2.2527209e-03
   2.2831861e-03   2.5248573e-01   1.2670123e+00   6.8852346e-04  -2.3825306e-03  -2.3280407e-03
  -5.1439017e-03   2.5285652e-01   1.3123871e+00   3.0299794e-04  -2.5783005e-03  -2.5701054e-03
  -1.2585250e-02   2.5724085e-01   1.2746824e+00   2.4310805e-03  -2.2427631e-03  -2.4293344e-03
  -1.0554187e-02   2.4712997e-01   1.2945077e+00   2.9897301e-03  -2.3094622e-03  -2.3403005e-03
  -5.4790791e-03   2.4611013e-01   1.3302055e+00   2.4926004e-03  -2.7307409e-03  -2.2934759e-03
  -1.0768397e-02   2.4039844e-01   1.2947494e+00   2.6944323e-03  -2.2574001e-03  -2.2192605e-03
  -5.9240787e-03   2.4272994e-01   1.3283337e+00   2.1966466e-03  -2.6829998e-03  -2.2101902e-03
  -6.2842687e-03   2.5458012e-01   1.2882830e+00   3.2826168e-03  -2.4184536e-03  -2.2738086e-03
  -3.6719380e-03   2.4751628e-01   1.3202404e+00   8.1713238e-04  -2.4669249e-03  -2.3939703e-03
  -3.5554113e-03   2.6490310e-01   1.2858010e+00   2.5738873e-03  -2.3734669e-03  -2.3275731e-03
  -9.3419367e-04   2.6616481e-01   1.2988536e+00   2.5435660e-03  -2.3736856e-03  -2.3306263e-03
  -4.4145375e-03   2.7419122e-01   1.2941677e+00   1.3638849e-03  -2.2527324e-03  -2.5089256e-03
  -5.0552051e-03   2.5946502e-01   1.3207825e+00   2.1717080e-03  -2.4053621e-03  -2.4648709e-03
  -9.2745585e-03   2.6146701e-01   1.2872225e+00   2.3505444e-03  -2.2724504e-03  -2.5055154e-03
  -9.7602577e-03   2.5340182e-01   1.2796899e+00   9.2109610e-04  -1.8354956e-03  -2.6657542e-03
  -3.1492082e-03   2.5679220e-01   1.3289656e+00   2.4875947e-03  -2.1989056e-03  -2.6205929e-03
  -5.6615051e-03   2.6544191e-01   1.2984160e+00   3.0367998e-03  -2.0987445e-03  -2.5829001e-03
  -5.9662637e-03   2.6414865e-01   1.3419241e+00   2.5342751e-03  -2.3643258e-03  -2.3234493e-03
  -6.2583699e-03   2.5871147e-01   1.3037383e+00   2.5988436e-03  -2.2121056e-03  -2.4125552e-03
  -7.5768367e-03   2.5347619e-01   1.3305276e+00   2.0880253e-03  -2.3356753e-03  -2.3211052e-03
  -9.8887112e-03   2.6248826e-01   1.3006835e+00   2.8663755e-03  -2.0930352e-03  -2.3532683e-03
  -1.1711089e-02   2.6127039e-01   1.2832403e+00   2.0706856e-03  -2.0191754e-03  -2.4434450e-03
  -1.0447315e-02   2.5675507e-01   1.3238714e+00   2.2860432e-03  -2.0505695e-03  -2.3100135e-03
  -1.1713373e-02   2.5997267e-01   1.2868264e+00   2.2865716e-03  -1.9630155e-03  -2.2500270e-03
  -1.0070369e-02   2.5917929e-01   1.3142195e+00   2.6155202e-03  -1.9213386e-03  -2.3235611e-03
  -7.2338244e-03   2.6954453e-01   1.3080578e+00   2.7030151e-03  -1.8596088e-03  -2.4317700e-03
  -1.1663569e-03   2.6833255e-01   1.3322461e+00   2.9039424e-03  -1.9900637e-03  -2.4307933e-03
  -1.7015123e-03   2.8330073e-01   1.3129260e+00   2.2302277e-03  -2.1429722e-03  -2.6317477e-03
  -2.2572150e-03   2.7495040e-01   1.3281937e+00   2.5081074e-03  -2.1152261e-03  -2.5972617e-03
  -8.1723693e-03   2.7846265e-01   1.3086502e+00   3.1330802e-03  -1.8598078e-03  -2.6073243e-03
  -2.7042433e-03   2.7794228e-01   1.3335032e+00   1.9910594e-03  -2.0203685e-03  -2.6274768e-03
  -2.4129129e-03   2.8016005e-01   1.3168453e+00   3.1235204e-03  -1.8425264e-03  -2.5197805e-03
  -1.8242867e-04   2.9047289e-01   1.3089703e+00   2.4280127e-03  -1.8929368e-03  -2.4248072e-03
  -1.9547052e-03   2.7583493e-01   1.3658659e+00   3.1437069e-03  -2.1733370e-03  -2.2861896e-03
  -3.7039821e-03   2.8427828e-01   1.3247503e+00   3.3918135e-03  -1.9002688e-03  -2.3254209e-03
  -3.8304077e-03   2.7933956e-01   1.3584307e+00   2.8450459e-03  -2.1953728e-03  -2.3597910e-03
  -2.8184800e-03   2.8049182e-01   1.3056398e+00   3.1948937e-03  -1.9725253e-03  -2.3358081e-03
  -2.9730133e-03   2.7203799e-01   1.3497537e+00   1.0039972e-03  -2.1937783e-03  -2.4167217e-03
  -8.2715204e-03   2.8358186e-01   1.3017576e+00   2.9102125e-03  -1.8825129e-03  -2.4305493e-03
  -7.3723487e-03   2.8860840e-01   1.3359317e+00   1.8656540e-03  -2.0549938e-03  -2.3843326e-03
  -9.2435979e-03   3.1282019e-01   1.2962311e+00   3.1119137e-03  -1.8453644e-03  -2.6107701e-03
  -7.0370901e-03   3.1594605e-01   1.3335426e+00   3.3255359e-03  -1.8576499e-03  -2.6920048e-03
  -1.0575006e-02   3.1217450e-01   1.3194149e+00   3.1918791e-03  -1.8396906e-03  -2.6331583e-03
  -4.9783203e-03   2.9536770e-01   1.3525292e+00   2.8970762e-03  -2.0599371e-03  -2.6132212e-03
  -3.6167762e-03   2.8499194e-01   1.3197417e+00   3.0829471e-03  -1.8841665e-03  -2.5167681e-03
  -3.8929322e-04   2.8407326e-01   1.3386674e+00   2.6137275e-03  -1.9755988e-03  -2.5025241e-03
   4.5359720e-03   2.8979047e-01   1.3375466e+00   3.4400325e-03  -1.9958055e-03  -2.4443051e-03
   1.7489075e-03   2.9579086e-01   1.3317582e+00   3.0016688e-03  -2.2604056e-03  -2.5119195e-03
   8.6058712e-04   3.0121119e-01   1.3323190e+00   2.0679243e-03  -2.1174486e-03  -2.5223414e-03
   2.0790226e-03   3.0486973e-01   1.3072281e+00   2.3165713e-03  -2.1489364e-03  -2.5618079e-03
  -5.8804909e-04   3.1023142e-01   1.3269956e+00   3.3856366e-03  -1.9685105e-03  -2.6082375e-03
   4.5031483e-04   3.1917762e-01   1.3057687e+00   3.8379008e-03  -2.0425672e-03  -2.6779611e-03
   1.2384585e-03   3.0550624e-01   1.3567465e+00   1.8038287e-03  -2.1747093e-03  -2.7742008e-03
  -2.1162347e-03   3.2740368e-01   1.3221865e+00   2.9071934e-03  -2.1866573e-03  -2.6753590e-03
  -4.5687582e-03   3.2344670e-01   1.3365413e+00   3.2281289e-03  -2.1951209e-03  -2.6352334e-03
  -1.5477876e-03   3.2243843e-01   1.3151894e+00   2.8109159e-03  -2.1514978e-03  -2.7178450e-03
   1.0496763e-02   3.0934608e-01   1.3353319e+00   2.8044984e-03  -2.0849789e-03  -2.7716791e-03
   8.7594085e-03   3.0556113e-01   1.3083161e+00   1.7184173e-03  -2.0537536e-03  -2.8202058e-03
   1.4875331e-02   3.0883981e-01   1.3492308e+00   3.3987433e-03  -2.1490566e-03  -2.7185380e-03
   1.0679703e-02   3.0236417e-01   1.3403741e+00   1.9169062e-03  -2.2804370e-03  -2.8381560e-03
   6.5112329e-03   2.9412064e-01   1.3636506e+00   2.6693233e-03  -2.2334055e-03  -2.6019743e-03
   6.0446451e-03   3.0040152e-01   1.3184118e+00   2.6135224e-03  -2.0081686e-03  -2.7168221e-03
   5.5971029e-03   3.0567471e-01   1.3452855e+00   2.4150946e-03  -2.0114376e-03  -2.6424665e-03
   7.1248159e-03   3.1022956e-01   1.3037662e+00   2.6606056e-03  -2.0066463e-03  -2.5930741e-03
   3.5198972e-03   3.0962678e-01   1.3334129e+00   2.4980239e-03  -2.1686172e-03  -2.5414128e-03
  -2.1212395e-03   3.2023336e-01   1.2794239e+00   3.5626412e-03  -1.9177681e-03  -2.4700147e-03
   9.1151534e-04   3.1096020e-01   1.3274652e+00   1.7588254e-03  -1.9779588e-03  -2.6202810e-03
   1.8245761e-03   3.2256714e-01   1.3067615e+00   2.9912141e-03  -1.8102470e-03  -2.6597476e-03
  -6.2426156e-04   3.1656357e-01   1.3610175e+00   2.3785052e-03  -2.0332192e-03  -2.8217435e-03
  -7.9709652e-03   3.1970412e-01   1.3100146e+00   1.8481975e-03  -2.1012716e-03  -2.8470751e-03
  -1.0316407e-02   3.1378781e-01   1.3427577e+00   1.9291230e-03  -2.2441971e-03  -2.8665022e-03
  -9.7906061e-03   2.9335126e-01   1.3160702e+00   1.5144259e-03  -2.1953254e-03  -2.9937261e-03
  -5.7605262e-03   3.0333254e-01   1.3285460e+00   2.3591130e-03  -2.4506351e-03  -2.8341642e-03
  -8.5794368e-03   3.0323129e-01   1.3051611e+00   3.2698834e-03  -2.2720882e-03  -2.9101677e-03
  -5.7103402e-03   3.0782334e-01   1.3088491e+00   2.9039746e-03  -2.3355594e-03  -2.9017952e-03
  -2.7167101e-03   3.0265653e-01   1.3261276e+00   3.2343924e-03  -2.4453262e-03  -2.7655011e-03
  -7.2285005e-03   2.9298722e-01   1.3251245e+00   1.5269589e-03  -2.4535879e-03  -2.8016169e-03
  -7.3476148e-03   2.8986782e-01   1.3222887e+00   3.0482785e-03  -2.3566062e-03  -2.7514435e-03
  -2.2560309e-03   2.9844986e-01   1.3076920e+00   2.2862718e-03  -2.3700181e-03  -2.9580140e-03
  -2.9086546e-03   3.0514965e-01   1.3291825e+00   1.8836347e-03  -2.3986164e-03  -2.8615727e-03
   6.9539402e-04   3.1053304e-01   1.3007055e+00   2.9284568e-03  -2.4414589e-03  -2.9646140e-03
   1.7784985e-03   3.0111348e-01   1.3249315e+00   3.0819130e-03  -2.3387596e-03  -2.8564530e-03
  -5.2574115e-03   2.9590625e-01   1.3014571e+00   2.8341597e-03  -2.3220495e-03  -2.7293453e-03
  -2.3953017e-03   2.9691581e-01   1.3179849e+00   2.8737436e-03  -2.1839683e-03  -2.7659633e-03
   1.1972220e-03   2.9970464e-01   1.3074796e+00   2.0166602e-03  -2.3562291e-03  -2.8405156e-03
  -2.2647221e-04   2.9581721e-01   1.3434756e+00   2.5582301e-03  -2.2650994e-03  -2.7699814e-03
  -7.1467960e-03   3.1460685e-01   1.3130194e+00   3.4375110e-03  -2.2424416e-03  -2.9345133e-03
  -5.7752468e-03   2.9792583e-01   1.3316001e+00   3.2247201e-03  -2.3316314e-03  -2.7689012e-03
  -2.9545379e-03   3.1528564e-01   1.3021304e+00   3.2803550e-03  -2.2371702e-03  -2.6521521e-03
  -8.7716400e-04   3.3433437e-01   1.3245753e+00   3.3393560e-03  -2.2452376e-03  -2.6642347e-03
  -3.2650198e-03   3.5176171e-01   1.2959442e+00   2.9402082e-03  -2.3352635e-03  -2.7479990e-03
  -7.7231092e-03   3.3385471e-01   1.3305228e+00   2.3954994e-03  -2.3251698e-03  -2.6841904e-03
  -8.2193037e-03   3.2269744e-01   1.3057439e+00   3.0973598e-03  -2.1995109e-03  -2.6738057e-03
  -3.6193481e-03   3.1611781e-01   1.3211146e+00   3.1985679e-03  -2.2413817e-03  -2.7079027e-03
  -2.5065759e-03   3.1321350e-01   1.3035116e+00   2.9011156e-03  -2.3814695e-03  -2.7494895e-03
  -3.7174176e-03   3.1152547e-01   1.3196722e+00   2.5495888e-03  -2.3222235e-03  -2.7806111e-03
  -4.2303246e-03   3.0831532e-01   1.3068079e+00   2.7676787e-03  -2.2835134e-03  -2.8065251e-03
  -2.1169101e-03   3.0929225e-01   1.3169518e+00   3.3143652e-03  -2.4126785e-03  -2.8191067e-03
  -2.2350483e-03   3.1034341e-01   1.3053663e+00   2.9423800e-03  -2.5328101e-03  -2.8201858e-03
   2.8936145e-04   3.0572353e-01   1.3180794e+00   3.0555311e-03  -2.4372489e-03  -2.7627755e-03
  -6.2457894e-03   3.0682610e-01   1.2979705e+00   1.9021370e-03  -2.1490661e-03  -2.7810449e-03
  -5.4883782e-03   3.1489297e-01   1.3333065e+00   1.1127727e-03  -2.1519177e-03  -2.7967234e-03
  -4.2994252e-03   3.1813294e-01   1.2997805e+00   3.8001982e-03  -2.0591568e-03  -2.6529916e-03
  -6.9057744e-03   3.1011997e-01   1.3249670e+00   3.2148842e-03  -2.2848967e-03  -2.4976416e-03
  -2.0507671e-03   3.1586756e-01   1.3180601e+00   2.5152274e-03  -2.4396682e-03  -2.1064640e-03
  -2.3382876e-03   3.1425253e-01   1.3102550e+00   2.4661642e-03  -2.4592003e-03  -2.2641761e-03
  -3.1685556e-03   3.1621078e-01   1.2966727e+00   3.3262840e-03  -2.4048771e-03  -2.3230113e-03
  -2.3219171e-03   3.1215293e-01   1.3140537e+00   1.4079217e-03  -2.4820108e-03  -2.3564499e-03
  -8.2054701e-04   3.1437012e-01   1.2890048e+00   2.7146951e-03  -2.3544030e-03  -2.3349697e-03
  -5.8080154e-04   3.1414265e-01   1.2985125e+00   2.1973266e-03  -2.3328806e-03  -2.3502694e-03
  -1.3860777e-03   3.2214009e-01   1.2815789e+00   3.2518893e-03  -2.1877842e-03  -2.3734185e-03
   8.9268447e-04   3.3255983e-01   1.3129892e+00   1.8884794e-03  -2.2614236e-03  -2.3706050e-03
   1.4456064e-03   3.3161727e-01   1.3109643e+00   2.5687301e-03  -2.1977275e-03  -2.3927023e-03
   2.4132572e-03   3.2966705e-01   1.3411767e+00   2.1629932e-03  -2.4053451e-03  -2.4521807e-03
  -3.0689993e-05   3.3114171e-01   1.2983643e+00   1.9943451e-03  -2.1886476e-03  -2.3709391e-03
   9.0663941e-04   3.2224074e-01   1.3304828e+00   8.6603450e-04  -2.1701976e-03  -2.5681428e-03
   2.0133523e-03   3.3484440e-01   1.2797578e+00   2.9227416e-03  -2.0079317e-03  -2.4540661e-03
   3.1863132e-04   3.3635845e-01   1.3227937e+00   2.5295308e-03  -2.3190298e-03  -2.5048061e-03
  -1.3449494e-03   3.3995934e-01   1.2929904e+00   2.7625440e-03  -2.2343059e-03  -2.5257052e-03
  -4.1423352e-03   3.2836883e-01   1.3112350e+00   2.4700295e-03  -2.3550716e-03  -2.4422052e-03
  -2.3575412e-03   3.2454504e-01   1.2750376e+00   2.5423856e-03  -2.2771847e-03  -2.3798017e-03
  -4.8374287e-03   3.1925367e-01   1.2818268e+00   1.8306278e-03  -2.2479027e-03  -2.3841366e-03
  -7.0215031e-03   3.1404951e-01   1.2622658e+00   2.6231560e-03  -2.0896423e-03  -2.2632971e-03
  -7.1719121e-03   2.9578720e-01   1.3073297e+00   4.7719577e-04  -2.2445741e-03  -2.4058254e-03
   2.6261196e-04   3.2602633e-01   1.2891067e+00   3.4098163e-03  -2.0964780e-03  -2.3559773e-03
   9.6612379e-04   3.3251082e-01   1.2959314e+00   3.1170846e-03  -2.2850401e-03  -2.2498751e-03
   4.7975815e-04   3.3491432e-01   1.3148695e+00   3.8404538e-03  -2.4768149e-03  -2.2063758e-03
   3.9326515e-03   3.3909437e-01   1.2892756e+00   3.3956848e-03  -2.3532320e-03  -2.3104909e-03
   1.2439319e-03   3.2684448e-01   1.3157941e+00   2.6546546e-03  -2.4703180e-03  -2.2361075e-03
   4.1686010e-03   3.2694475e-01   1.2850292e+00   3.0644733e-03  -2.0542389e-03  -2.2388338e-03
   2.6171269e-03   3.4249166e-01   1.3199137e+00   1.7679661e-03  -2.3608332e-03  -2.2623409e-03
   1.1582612e-03   3.4370645e-01   1.2901117e+00   2.2988232e-03  -2.1698481e-03  -2.1590561e-03
   4.3397511e-04   3.2674493e-01   1.3054562e+00   2.3727939e-03  -2.2118481e-03  -2.1715578e-03
  -3.3036285e-03   3.2542556e-01   1.2775661e+00   3.3760124e-03  -2.2332374e-03  -2.2398575e-03
  -1.8228689e-03   3.2197527e-01   1.3134658e+00   2.8924728e-03  -2.3237056e-03  -2.3309569e-03
  -9.3881294e-03   3.2841972e-01   1.3024329e+00   2.8844035e-03  -2.2176458e-03  -2.2326170e-03
  -7.3390431e-03   3.2849848e-01   1.3007753e+00   1.8205163e-03  -2.3241911e-03  -2.3427466e-03
  -6.5862163e-03   3.2989207e-01   1.2725047e+00   3.2750414e-03  -2.1959806e-03  -2.1687388e-03
  -8.4994237e-03   3.2656500e-01   1.3025211e+00   2.3526149e-03  -2.3008373e-03  -2.1725722e-03
  -8.8982765e-03   3.2343649e-01   1.2752796e+00   2.9739288e-03  -2.2073000e-03  -2.1605110e-03
  -4.6211268e-03   3.2932811e-01   1.2898382e+00   2.6127662e-03  -2.4766849e-03  -2.1985711e-03
  -3.1578057e-03   3.3842048e-01   1.2495453e+00   2.6086652e-03  -2.4252879e-03  -2.1983835e-03
   2.6038087e-03   3.3206703e-01   1.2672250e+00   2.5402744e-03  -2.4705224e-03  -2.3109741e-03
   5.9259685e-03   3.3727319e-01   1.2416952e+00   2.7137114e-03  -2.0884760e-03  -2.3661556e-03
   4.1073284e-03   3.3814942e-01   1.2885409e+00   2.5869903e-03  -2.3351401e-03  -2.4698852e-03
  -1.7358181e-03   3.3811430e-01   1.2628134e+00   2.8437000e-03  -2.0486352e-03  -2.4603668e-03
  -8.4506298e-04   3.2081350e-01   1.3048238e+00   2.6190527e-03  -2.2282643e-03  -2.4860002e-03
   3.3992676e-03   3.3666928e-01   1.2606009e+00   2.9847062e-03  -2.1017035e-03  -2.2864250e-03
   7.8884120e-03   3.5094251e-01   1.2987168e+00   2.3291865e-03  -2.3043149e-03  -2.2952202e-03
   7.0730967e-03   3.6270908e-01   1.2894123e+00   3.2037069e-03  -2.0889022e-03  -2.2800664e-03
   2.9769788e-03   3.6720764e-01   1.2945212e+00   3.1739061e-03  -2.2872801e-03  -2.3406033e-03
   3.2002814e-03   3.5474055e-01   1.3101757e+00   1.2836941e-03  -2.3113674e-03  -2.5378797e-03
   9.0045625e-03   3.5234829e-01   1.2824358e+00   3.2095935e-03  -2.3350061e-03  -2.4823442e-03
   6.2188491e-03   3.4556284e-01   1.3041008e+00   2.9710320e-03  -2.6090142e-03  -2.4525352e-03
   3.9983197e-03   3.4281936e-01   1.2831729e+00   1.7780845e-03  -2.5556308e-03  -2.4599316e-03
   1.5776491e-03   3.5039394e-01   1.2789709e+00   2.6355438e-03  -2.4463672e-03  -2.3680677e-03
  -3.2302845e-03   3.4661020e-01   1.2894544e+00   1.9957117e-03  -2.4970979e-03  -2.3808292e-03
  -4.5417707e-03   3.4557958e-01   1.2722725e+00   2.6643829e-03  -2.5267773e-03  -2.3497750e-03
  -2.8761446e-03   3.4098093e-01   1.2983082e+00   1.1121722e-03  -2.6311519e-03  -2.3406199e-03
  -1.3402315e-03   3.4987299e-01   1.2659627e+00   2.1161504e-03  -2.6884177e-03  -2.3784707e-03
  -3.9580125e-03   3.4340056e-01   1.2961520e+00   2.6460062e-03  -2.3668191e-03  -2.3642291e-03
  -4.6210164e-03   3.5354080e-01   1.2666838e+00   2.8793236e-03  -2.3274540e-03  -2.4990519e-03
  -9.1274072e-03   3.5103593e-01   1.3226678e+00   1.3554473e-03  -2.3659073e-03  -2.4335066e-03
  -3.0904807e-03   3.6219830e-01   1.2768388e+00   2.6653542e-03  -2.1955811e-03  -2.4980272e-03
  -8.0459404e-03   3.5380219e-01   1.3008614e+00   2.2397795e-03  -2.2903807e-03  -2.4617288e-03
  -4.3307094e-03   3.4992266e-01   1.2697307e+00   2.6705261e-03  -2.4244329e-03  -2.3874762e-03
  -4.8782382e-03   3.5033411e-01   1.2742823e+00   2.0652622e-03  -2.2526277e-03  -2.4623536e-03
  -4.2874750e-03   3.5841239e-01   1.2552494e+00   1.5007078e-03  -2.2266950e-03  -2.4466617e-03
  -6.9308945e-03   3.6540439e-01   1.2704084e+00   1.6613775e-03  -2.3105636e-03  -2.3520858e-03
  -5.6082100e-03   3.5436260e-01   1.2831587e+00   1.0581547e-03  -2.2776783e-03  -2.6657911e-03
  -1.1062636e-02   3.5736751e-01   1.2804523e+00   1.9003219e-03  -2.3990183e-03  -2.4965629e-03
  -1.0887250e-02   3.4678342e-01   1.2828963e+00   1.8695357e-03  -2.4141945e-03  -2.4769970e-03
  -1.3057525e-02   3.5367310e-01   1.2781998e+00   1.7723726e-03  -2.4430921e-03  -2.4452272e-03
  -1.5762775e-02   3.5022167e-01   1.2918972e+00   2.1025507e-03  -2.2256386e-03  -2.5771098e-03
  -1.3244486e-02   3.4537379e-01   1.2718210e+00   2.4543967e-03  -2.2493494e-03  -2.4792358e-03
  -1.0482341e-02   3.4504029e-01   1.3140883e+00   2.4252693e-03  -2.2569102e-03  -2.4424399e-03
  -1.8780585e-03   3.5121768e-01   1.2755415e+00   1.8990023e-03  -2.1825420e-03  -2.5402450e-03
   1.2410007e-04   3.4203760e-01   1.3078928e+00   1.4425869e-03  -2.1288660e-03  -2.4313230e-03
   1.7490108e-03   3.3900491e-01   1.2873824e+00   9.1001687e-04  -2.3586756e-03  -2.5586685e-03
  -3.1775159e-04   3.3432051e-01   1.2931800e+00   2.1310192e-03  -2.1964047e-03  -2.2082061e-03
  -8.1656895e-04   3.5675837e-01   1.2596826e+00   2.3605011e-03  -2.3050701e-03  -2.3053422e-03
  -4.4773515e-03   3.4810692e-01   1.2871109e+00   1.8109649e-03  -2.3757048e-03  -2.4887426e-03
  -3.3305277e-03   3.3207801e-01   1.2805446e+00   1.4376991e-03  -2.3626343e-03  -2.2884068e-03
  -7.6261281e-03   3.5618935e-01   1.2693184e+00   2.1730691e-03  -2.2566600e-03  -2.4276490e-03
  -4.7158712e-03   3.5880990e-01   1.2751521e+00   6.3945170e-04  -2.2309072e-03  -2.2777756e-03
  -3.6980455e-03   3.6188686e-01   1.2749438e+00   5.7006707e-04  -2.1517221e-03  -2.4405568e-03
   3.4166305e-03   3.7220837e-01   1.2638172e+00   2.3730130e-03  -2.1192204e-03  -2.3180434e-03
   1.0714128e-03   3.5219708e-01   1.2928773e+00   2.8507116e-03  -2.1862373e-03  -2.3550972e-03
   6.0720624e-03   3.5194390e-01   1.2741676e+00   2.7142336e-03  -2.2554246e-03  -2.4742979e-03
   2.2475503e-03   3.4490467e-01   1.3165295e+00   1.1090070e-03  -2.4181845e-03  -2.5605787e-03
   3.8028633e-03   3.2627641e-01   1.2814233e+00   1.5263611e-03  -2.3855196e-03  -2.5258315e-03
   2.0376988e-03   3.3294558e-01   1.2725735e+00   1.9480378e-03  -2.5501969e-03  -2.5237041e-03
   2.7351004e-04   3.2688299e-01   1.2519243e+00   1.5106075e-03  -2.2170498e-03  -2.6724382e-03
  -5.8100252e-03   3.4721630e-01   1.2509118e+00   2.6113707e-03  -2.2234980e-03  -2.5602781e-03
  -5.4929768e-03   3.6045270e-01   1.2703127e+00   2.7185172e-03  -2.3439317e-03  -2.7604703e-03
  -1.6331420e-03   3.5507860e-01   1.2518643e+00   3.0349931e-03  -2.3344045e-03  -2.6397311e-03
  -2.7627837e-04   3.5317742e-01   1.2470026e+00   1.7287778e-03  -2.3435741e-03  -2.7166522e-03
   3.6366397e-03   3.4162847e-01   1.3051902e+00   3.2038903e-03  -2.6627793e-03  -2.4589537e-03
   1.2439161e-02   3.5559464e-01   1.2561330e+00   3.7279777e-03  -2.3642695e-03  -2.6093625e-03
   1.5479771e-02   3.5619245e-01   1.2917662e+00   2.9662757e-03  -2.4230716e-03  -2.5767927e-03
   4.9974963e-03   3.4745012e-01   1.2821978e+00   1.9806010e-03  -2.5082235e-03  -2.8377192e-03
   3.4556945e-03   3.3185801e-01   1.2882764e+00   2.7438051e-03  -2.1684895e-03  -2.4530699e-03
   7.9127566e-03   3.3042434e-01   1.2620614e+00   2.7393712e-03  -2.3268394e-03  -2.4334591e-03
   1.3766312e-02   3.3423042e-01   1.2760307e+00   2.2747471e-03  -2.3502954e-03  -2.4360405e-03
   1.2044656e-02   3.4100226e-01   1.2706896e+00   2.0386094e-03  -2.4945493e-03  -2.4124541e-03
   1.1334052e-02   3.4741542e-01   1.2952027e+00   2.0474264e-03  -2.7014869e-03  -2.4662155e-03
   2.0637266e-02   3.5991089e-01   1.2439833e+00   2.7838689e-03  -2.6236416e-03  -2.5724517e-03
   1.8649445e-02   3.6460136e-01   1.2739267e+00   2.6164190e-03  -2.4870719e-03  -2.5734030e-03
   1.9979565e-02   3.7065888e-01   1.2617672e+00   3.3494487e-03  -2.4479105e-03  -2.7657836e-03
   1.8491928e-02   3.7071636e-01   1.3027750e+00   2.0727132e-03  -2.6731493e-03  -2.6331159e-03
   1.6580866e-02   3.8283110e-01   1.2932225e+00   4.3311480e-03  -2.5583018e-03  -2.6259498e-03
   1.1973066e-02   3.7521644e-01   1.3032788e+00   3.3334133e-03  -2.7692385e-03  -2.5844025e-03
   1.4005922e-02   3.6825069e-01   1.2624347e+00   3.9308024e-03  -2.6440035e-03  -2.6096228e-03
   1.1631616e-02   3.4027323e-01   1.3197563e+00   3.6743795e-03  -2.8792610e-03  -2.5437797e-03
   1.7462747e-02   3.5417000e-01   1.2719777e+00   3.6423191e-03  -2.6673656e-03  -2.6631955e-03
   1.6667977e-02   3.6090426e-01   1.3037378e+00   4.0701375e-03  -2.5864343e-03  -2.6482721e-03
   2.0013725e-02   3.7072752e-01   1.2667459e+00   4.9543686e-03  -2.6025090e-03  -2.6333686e-03
   1.9533099e-02   3.6494267e-01   1.2875386e+00   4.7959455e-03  -2.4626036e-03  -2.4983009e-03
   2.0899822e-02   3.6912528e-01   1.2827253e+00   3.8828740e-03  -2.6789113e-03  -2.3821804e-03
   1.9714124e-02   3.6471303e-01   1.2991692e+00   3.0925256e-03  -2.5846317e-03  -2.4725457e-03
   2.1141276e-02   3.6937509e-01   1.2663078e+00   2.3584002e-03  -2.5120728e-03  -2.7499923e-03
   1.9932040e-02   3.7974257e-01   1.2669863e+00   3.8743359e-03  -2.4375160e-03  -2.6118074e-03
   2.1516326e-02   3.7598461e-01   1.2647604e+00   3.6009659e-03  -2.6324449e-03  -2.5705069e-03
   2.0686931e-02   3.6615918e-01   1.2743378e+00   3.9883537e-03  -2.5405616e-03  -2.5063094e-03
   1.7098694e-02   3.7366708e-01   1.2553555e+00   2.9369797e-03  -2.5516415e-03  -2.6453157e-03
   1.1584852e-02   3.7400760e-01   1.2729157e+00   4.1562204e-03  -2.3518878e-03  -2.7610260e-03
   1.3247263e-02   3.7951106e-01   1.2562750e+00   4.1565059e-03  -2.4116144e-03  -3.0359626e-03
   1.3697453e-02   3.6846494e-01   1.2909298e+00   3.9907739e-03  -2.4879529e-03  -2.8177765e-03
   1.3885390e-02   3.6484335e-01   1.2497650e+00   4.5931605e-03  -2.5864865e-03  -2.7759462e-03
   6.2984562e-03   3.5674104e-01   1.2853384e+00   4.0122746e-03  -2.6057425e-03  -2.7430039e-03
   1.1350148e-02   3.5991350e-01   1.2513208e+00   2.8615861e-03  -2.5077814e-03  -2.8808670e-03
   8.3449180e-03   3.7243173e-01   1.2805493e+00   3.0682475e-03  -2.4548399e-03  -2.8971747e-03
   1.4469468e-02   3.8055783e-01   1.2560529e+00   4.2176137e-03  -2.2570675e-03  -2.9181014e-03
   1.6911136e-02   3.6409233e-01   1.3054902e+00   3.0309736e-03  -2.7152532e-03  -2.8047479e-03
   2.0280716e-02   3.7157766e-01   1.2723308e+00   4.0165953e-03  -2.6277072e-03  -2.8260032e-03
   1.2828009e-02   3.6871264e-01   1.2794345e+00   3.4689390e-03  -2.5208749e-03  -2.8263034e-03
   1.6653588e-02   3.7830399e-01   1.2668455e+00   2.1295526e-03  -2.6398285e-03  -2.9943495e-03
   1.4655105e-02   3.8363168e-01   1.2470834e+00   3.0835962e-03  -2.4788017e-03  -2.8791435e-03
   5.2257950e-03   3.6745573e-01   1.2875766e+00   3.2811807e-03  -2.7520750e-03  -2.9630581e-03
   9.4595353e-04   3.5421427e-01   1.2700469e+00   2.2742661e-03  -2.5449322e-03  -2.9011817e-03
  -3.4660553e-04   3.6064894e-01   1.2841415e+00   1.6859551e-03  -2.5741309e-03  -3.0693237e-03
  -1.0388872e-03   3.5554214e-01   1.2748004e+00   3.5925954e-03  -2.3734733e-03  -2.9964684e-03
   3.0007643e-03   3.6610394e-01   1.2610869e+00   3.9284038e-03  -2.5354987e-03  -2.9857132e-03
   6.1326303e-03   3.6529059e-01   1.2796350e+00   4.1227688e-03  -2.4893748e-03  -2.9802259e-03
   1.0632496e-02   3.6445244e-01   1.2867432e+00   4.0371249e-03  -2.6315358e-03  -3.0034039e-03
   1.1495284e-02   3.5891534e-01   1.2790642e+00   4.0441027e-03  -2.4809655e-03  -3.0115280e-03
   1.1624813e-02   3.5414774e-01   1.2527323e+00   3.5051287e-03  -2.4232831e-03  -3.0327070e-03
   8.8256005e-03   3.3941772e-01   1.2629033e+00   3.6976342e-03  -2.5848558e-03  -2.9595564e-03
   1.0405728e-02   3.5386830e-01   1.2353869e+00   3.8175243e-03  -2.3835178e-03  -2.9223878e-03
   8.6781039e-03   3.5513652e-01   1.2510724e+00   4.6781986e-03  -2.4128629e-03  -2.9666241e-03
   5.1857057e-03   3.4481672e-01   1.2963221e+00   4.1641624e-03  -2.5346446e-03  -3.0091708e-03
   1.8462992e-03   3.4267689e-01   1.2564931e+00   3.0317792e-03  -2.4827536e-03  -3.1405086e-03
   2.7113349e-03   3.3965167e-01   1.2905171e+00   2.9164162e-03  -2.3997772e-03  -2.7693789e-03
   3.0065397e-03   3.5199713e-01   1.2499700e+00   3.1978271e-03  -2.4273858e-03  -2.8038155e-03
   5.8269252e-03   3.5640726e-01   1.2620252e+00   4.0737919e-03  -2.0936639e-03  -2.8340609e-03
   8.5695973e-03   3.7899478e-01   1.2545753e+00   3.8162257e-03  -2.1818590e-03  -2.9965703e-03
   5.0387715e-03   3.8087743e-01   1.2594968e+00   3.2846597e-03  -2.2108892e-03  -3.0332024e-03
   4.2810645e-03   3.6145564e-01   1.2682434e+00   3.7212495e-03  -2.4525969e-03  -2.9592404e-03
   1.6001458e-03   3.6582194e-01   1.2213893e+00   3.8057133e-03  -2.3901954e-03  -2.9521129e-03
   1.8416558e-03   3.6510081e-01   1.2188638e+00   4.0488289e-03  -2.4246003e-03  -3.0606186e-03
   1.4352306e-02   3.7643953e-01   1.2243074e+00   2.6939011e-03  -2.3921132e-03  -3.2172483e-03
   1.6415676e-02   3.7389297e-01   1.2433676e+00   2.3822547e-03  -2.2346630e-03  -3.2468751e-03
   1.5718864e-02   3.6527366e-01   1.2440557e+00   2.8048881e-03  -2.3411581e-03  -3.2012042e-03
   1.3848298e-02   3.5306445e-01   1.2406417e+00   3.2440576e-03  -2.4387024e-03  -3.1224399e-03
   1.6902401e-02   3.6511289e-01   1.2213329e+00   3.0427295e-03  -2.6377888e-03  -3.2202763e-03
   1.5379451e-02   3.5208416e-01   1.2408339e+00   3.1739304e-03  -2.4748082e-03  -3.1526167e-03
   1.5576902e-02   3.6591441e-01   1.2151573e+00   3.1701219e-03  -2.5408048e-03  -3.0957104e-03
   1.0402400e-02   3.6543648e-01   1.2330909e+00   3.2656978e-03  -2.3405830e-03  -3.1554269e-03
   8.4427731e-03   3.8627864e-01   1.1999940e+00   2.7103188e-03  -2.3081570e-03  -3.2712011e-03
   4.1073415e-03   3.8050963e-01   1.2600714e+00   1.3633044e-03  -2.1778770e-03  -3.3918310e-03
   1.1938351e-02   3.8806468e-01   1.2434261e+00   3.2627533e-03  -1.9853676e-03  -3.3891516e-03
   1.4802019e-02   3.8811597e-01   1.2881939e+00   2.2079094e-03  -2.2648601e-03  -3.3309806e-03
   1.8435001e-02   3.8632748e-01   1.2474440e+00   2.9953547e-03  -2.1439101e-03  -3.2919339e-03
   1.3812430e-02   3.8804986e-01   1.2805779e+00   2.2381682e-03  -2.4269056e-03  -3.2827821e-03
   2.0024024e-02   3.9059559e-01   1.2591736e+00   2.7753268e-03  -2.2046848e-03  -3.2890605e-03
   1.8026240e-02   3.7986174e-01   1.2717900e+00   2.4663677e-03  -2.2425642e-03  -3.2228936e-03
   1.4429464e-02   3.7167574e-01   1.2538112e+00   1.4154204e-03  -2.2525823e-03  -3.3579153e-03
   1.4337738e-02   3.6835871e-01   1.2632256e+00   2.1572367e-03  -2.1097228e-03  -3.3422758e-03
   1.8129027e-02   3.6990965e-01   1.2451502e+00   2.5319247e-03  -2.0195111e-03  -3.2554392e-03
   2.1092746e-02   3.7584525e-01   1.2331891e+00   1.8791089e-03  -2.1047680e-03  -3.2474439e-03
   1.8141888e-02   3.7257637e-01   1.2629671e+00   2.9579736e-03  -2.0687084e-03  -3.3097211e-03
   1.9922506e-02   3.6954660e-01   1.2390613e+00   3.1518640e-03  -2.0105045e-03  -3.3284905e-03
   2.1676970e-02   3.7111235e-01   1.2594672e+00   3.0573480e-03  -2.0417926e-03  -3.3125077e-03
   1.7144366e-02   3.7983877e-01   1.2356805e+00   2.3637018e-03  -2.0942968e-03  -3.2886007e-03
   1.7276287e-02   3.8315193e-01   1.2549691e+00   2.3541028e-03  -1.8549889e-03  -3.3469212e-03
   1.7142808e-02   3.8085455e-01   1.2363694e+00   2.1640859e-03  -2.0415202e-03  -3.3063436e-03
   1.7753579e-02   3.8007644e-01   1.2496712e+00   2.6525438e-03  -1.9163946e-03  -3.3150763e-03
   1.7469990e-02   3.8542828e-01   1.2304896e+00   2.3737693e-03  -2.0578119e-03  -3.1499403e-03
   1.7579861e-02   3.8074410e-01   1.2736004e+00   2.3779345e-03  -2.1002082e-03  -3.1565355e-03
   2.3301009e-02   3.8326058e-01   1.2451227e+00   2.7039723e-03  -2.0596583e-03  -3.3784840e-03
   1.5921858e-02   3.7280754e-01   1.2697790e+00   6.2427929e-04  -2.3887639e-03  -3.6388258e-03
   1.5950162e-02   3.5771702e-01   1.2295130e+00   1.3814173e-03  -2.1973226e-03  -3.7437057e-03
   1.3661959e-02   3.6284451e-01   1.2238584e+00   1.5759560e-03  -2.2443008e-03  -3.5652456e-03
   9.6824937e-03   3.5536724e-01   1.2057784e+00   1.6009418e-03  -2.2036187e-03  -3.5357039e-03
   7.5608849e-03   3.5632443e-01   1.2152999e+00   1.3027841e-03  -2.0886438e-03  -3.5014424e-03
   9.3943301e-03   3.6126490e-01   1.2089447e+00   1.3946948e-03  -1.9943103e-03  -3.6357224e-03
   5.7230501e-03   3.7045955e-01   1.2075878e+00   1.3404845e-03  -2.0566767e-03  -3.5719831e-03
   5.5546031e-03   3.7315520e-01   1.2230323e+00   2.4106524e-03  -1.7806527e-03  -3.6701969e-03
   7.2527335e-03   3.7876576e-01   1.2231379e+00   8.5745500e-04  -1.9812240e-03  -3.8698828e-03
   9.5709847e-03   3.8127217e-01   1.2477733e+00   1.8384167e-03  -2.1033105e-03  -3.7778827e-03
   1.2882203e-02   3.8340384e-01   1.2249117e+00   1.2992257e-03  -2.2639965e-03  -3.8837644e-03
   1.2091523e-02   3.7158256e-01   1.2286169e+00   1.3559033e-03  -2.2154177e-03  -3.6659925e-03
   1.0003701e-02   3.8188839e-01   1.2162221e+00   1.9373381e-03  -2.1170048e-03  -3.5799836e-03
   9.7227854e-03   3.9290105e-01   1.2164496e+00   1.9886875e-03  -1.8045012e-03  -3.7646245e-03
   8.2183768e-03   3.9718399e-01   1.2350111e+00   2.6625556e-03  -1.7667871e-03  -3.7396581e-03
   1.1111116e-02   3.9057466e-01   1.2477130e+00   2.4809977e-03  -1.8750741e-03  -3.7465908e-03
   1.3164081e-02   3.7613691e-01   1.2525454e+00   2.3959566e-03  -1.9854473e-03  -3.6021553e-03
   1.8615053e-02   3.7817834e-01   1.2239028e+00   1.2953542e-03  -2.0751445e-03  -3.7383162e-03
   1.5226425e-02   3.8770789e-01   1.2071879e+00   1.9020251e-03  -1.7726541e-03  -3.7120485e-03
   1.4550043e-02   3.8188418e-01   1.2428443e+00   2.2883627e-03  -2.0369594e-03  -3.6880365e-03