6.6201e-08
4.283e-07
1.2475e-05
4.0029e-05
6.9744e-05
8.0786e-05
8.1865e-05
8.3707e-05
7.9845e-05
7.8861e-05
7.3191e-05
5.4698e-05
4.5351e-05
5.5169e-05
7.0422e-05
7.186e-05
6.9374e-05
7.5603e-05
7.0853e-05
6.0598e-05
5.4298e-05
4.4903e-05
4.2805e-05
5.4861e-05
7.8357e-05
8.3577e-05
7.4803e-05
6.8648e-05
7.2374e-05
8.3264e-05
8.2586e-05
6.9094e-05
5.9317e-05
5.0944e-05
4.8919e-05
5.2058e-05
6.0581e-05
6.731e-05
7.0343e-05
7.4126e-05
6.9257e-05
6.2148e-05
5.5189e-05
6.0169e-05
6.5708e-05
5.815e-05
5.3535e-05
5.7609e-05
6.6268e-05
6.5819e-05
7.1031e-05
6.7833e-05
6.4226e-05
6.7528e-05
7.017e-05
6.3713e-05
5.6146e-05
5.8519e-05
6.3604e-05
7.3894e-05
8.074e-05
6.9732e-05
6.7569e-05
7.8136e-05
7.7666e-05
7.4132e-05
7.8464e-05
7.2023e-05
5.6316e-05
5.0666e-05
4.842e-05
5.9562e-05
6.4115e-05
5.9508e-05
5.9258e-05
7.0256e-05
7.9428e-05
8.6739e-05
7.9774e-05
5.4499e-05
5.2252e-05
6.2668e-05
5.7805e-05
5.9263e-05
7.2154e-05
8.7328e-05
8.5727e-05
6.1859e-05
3.4943e-05
3.1637e-05
4.1786e-05
5.4077e-05
6.4483e-05
6.7838e-05
7.617e-05
7.806e-05
7.5027e-05
7.8924e-05
8.2581e-05
7.8885e-05
7.6563e-05
8.1918e-05
8.3745e-05
7.8829e-05
7.2227e-05
6.8979e-05
6.273e-05
5.4709e-05
5.0015e-05
5.3798e-05
5.2624e-05
4.6842e-05
5.1369e-05
5.9219e-05
7.4228e-05
7.8609e-05
6.1953e-05
4.9629e-05
5.9673e-05
7.6877e-05
8.0602e-05
8.7159e-05
8.3289e-05
6.7124e-05
5.5781e-05
5.3924e-05
6.3885e-05
7.618e-05
7.4992e-05
7.5784e-05
7.2406e-05
7.0837e-05
6.0329e-05
4.2716e-05
4.4999e-05
5.2067e-05
4.9724e-05
5.3508e-05
5.0706e-05
5.1434e-05
5.9485e-05
6.3637e-05
7.27e-05
8.6512e-05
9.5523e-05
9.1675e-05
7.9158e-05
6.1725e-05
5.2874e-05
5.7255e-05
6.6321e-05
6.6177e-05
5.9498e-05
5.6579e-05
5.8834e-05
6.5097e-05
7.2092e-05
7.4543e-05
8.0952e-05
8.4284e-05
7.5634e-05
6.1534e-05
5.9088e-05
5.4262e-05
4.4637e-05
5.0666e-05
6.1549e-05
5.8836e-05
6.1844e-05
7.2826e-05
7.587e-05
7.0745e-05
6.4998e-05
6.6099e-05
6.2922e-05
6.3756e-05
7.0951e-05
8.3882e-05
8.7963e-05
8.0831e-05
7.6762e-05
7.9552e-05
7.7394e-05
7.1589e-05
7.4687e-05
7.6179e-05
7.1501e-05
6.9726e-05
7.8429e-05
8.5539e-05
7.453e-05
6.4777e-05
6.1497e-05
5.1574e-05
4.715e-05
4.6826e-05
5.1856e-05
5.8097e-05
5.9317e-05
7.3467e-05
7.7159e-05
7.5516e-05
8.1634e-05
8.406e-05
7.5609e-05
7.1033e-05
6.8848e-05
6.5094e-05
6.1476e-05
5.7606e-05
6.4924e-05
6.2734e-05
4.8528e-05
5.053e-05
5.5725e-05
5.448e-05
5.4607e-05
5.7162e-05
5.5037e-05
5.8763e-05
6.8527e-05
7.1937e-05
6.7008e-05
6.6859e-05
7.1512e-05
7.0453e-05
6.7258e-05
6.5817e-05
7.1901e-05
7.5573e-05
7.3624e-05
6.7463e-05
6.1057e-05
6.1189e-05
6.745e-05
6.4726e-05
5.6987e-05
6.6013e-05
7.5553e-05
7.8482e-05
8.3618e-05
8.4152e-05
6.7798e-05
5.6783e-05
5.2253e-05
4.7066e-05
5.5827e-05
7.1141e-05
6.9486e-05
6.4256e-05
6.6934e-05
7.5228e-05
8.1854e-05
7.4115e-05
7.1631e-05
7.3687e-05
6.7994e-05
6.4721e-05
6.5088e-05
6.3727e-05
6.1302e-05
6.3952e-05
6.2592e-05
6.2756e-05
7.4313e-05
8.4727e-05
8.0355e-05
7.0473e-05
7.062e-05
7.1046e-05
6.7605e-05
5.4008e-05
4.7689e-05
5.2411e-05
5.5978e-05
6.0264e-05
6.018e-05
4.5116e-05
3.7636e-05
3.8886e-05
3.9343e-05
3.5653e-05
2.8924e-05
3.9421e-05
5.6392e-05
6.3723e-05
6.9035e-05
7.978e-05
9.2578e-05
9.1065e-05
7.1773e-05
6.2762e-05
7.1081e-05
7.3449e-05
6.7924e-05
6.4824e-05
6.4453e-05
6.2515e-05
6.2373e-05
6.5504e-05
7.5914e-05
8.1766e-05
7.9741e-05
7.1751e-05
6.3116e-05
6.1241e-05
6.1628e-05
6.4956e-05
7.2303e-05
7.5042e-05
8.0432e-05
8.1833e-05
7.3644e-05
6.6234e-05
6.6964e-05
7.9658e-05
8.21e-05
7.452e-05
6.8738e-05
6.0372e-05
4.57e-05
4.3921e-05
4.8137e-05
5.2525e-05
5.3054e-05
4.862e-05
5.3772e-05
5.7073e-05
5.8268e-05
6.2897e-05
6.6314e-05
7.3385e-05
8.0943e-05
7.4017e-05
6.4896e-05
6.2016e-05
5.5167e-05
5.675e-05
6.7633e-05
7.3359e-05
6.7008e-05
6.9413e-05
7.1959e-05
6.9172e-05
6.781e-05
6.282e-05
5.353e-05
4.095e-05
4.7887e-05
6.9022e-05
8.2382e-05
8.1417e-05
7.99e-05
8.2082e-05
7.0123e-05
5.6882e-05
4.6646e-05
3.8011e-05
4.5708e-05
7.2185e-05
7.6912e-05
8.515e-05
