   0.0000000e+00   2.8275111e-14   0.0000000e+00   0.0000000e+00   0.0000000e+00  -0.0000000e+00
  -3.7564329e-02   6.8877370e-02   2.4353111e-01   1.1335704e-03  -4.8761030e-04  -1.2679449e-03
  -2.8872547e-02   6.2297784e-02   2.6283013e-01   4.3221188e-04  -4.1719324e-04  -1.2230974e-03
  -3.1076685e-02   7.6019123e-02   3.0057201e-01   1.1076962e-03  -1.5272002e-04  -9.4367789e-04
  -3.0521004e-02   8.1123240e-02   2.5869171e-01   7.4992707e-04  -4.8614757e-04  -1.1193471e-03
  -3.6003080e-02   9.0205539e-02   2.6099679e-01   1.0067946e-03  -2.8381622e-04  -1.0009667e-03
  -3.1536746e-02   1.0849953e-01   2.1905128e-01   8.7327790e-04  -2.7157993e-04  -9.9352047e-04
  -3.3628994e-02   1.0579664e-01   2.7784275e-01   1.0189993e-03  -2.8012613e-04  -1.1286653e-03
  -3.7692138e-02   1.1326209e-01   2.3439487e-01   1.1351546e-03  -4.1171978e-04  -7.7723172e-04
  -3.8524558e-02   9.1917156e-02   2.9386758e-01   8.5703479e-04  -3.4568791e-04  -9.6327940e-04
  -3.0935202e-02   8.9221605e-02   2.5787795e-01   9.3576632e-04  -3.5721768e-04  -8.6947993e-04
  -3.5773648e-02   2.9983090e-02   2.9137391e-01  -1.1678518e-06  -2.7736860e-04  -9.3220309e-04
  -2.9578505e-02   7.5186353e-02   2.6596573e-01   1.4036522e-03  -5.9730182e-04  -1.0569755e-03
  -2.4658214e-02   8.0900451e-02   2.9631102e-01   9.9616507e-04  -7.4704147e-04  -1.4952111e-03
  -3.1418174e-02   8.0482668e-02   3.3120512e-01   1.7181182e-03  -6.4725481e-04  -1.4788092e-03
  -3.0069186e-02   7.9092115e-02   2.7854483e-01   1.6534256e-03  -6.5858474e-04  -1.2249457e-03
  -2.7216727e-02   5.7783267e-02   3.0330447e-01   7.4932950e-04  -6.9037296e-04  -1.3692871e-03
  -2.4408284e-02   6.9699890e-02   3.2984746e-01   1.4864036e-03  -4.0466217e-04  -1.2880653e-03
  -2.2219064e-02   7.5501563e-02   2.8994241e-01   1.0452942e-03  -4.1557059e-04  -1.2668517e-03
  -2.2625476e-02   7.5030290e-02   3.1997610e-01   9.0788559e-04  -6.9852539e-04  -1.6496843e-03
  -2.9330264e-02   7.1951305e-02   3.0997359e-01   1.1747584e-03  -5.5595344e-04  -1.4343483e-03
  -2.9331463e-02   7.7362928e-02   2.7634621e-01   6.9712937e-04  -5.3823894e-04  -1.4680826e-03
  -3.2226397e-02   5.9675396e-02   3.2831516e-01   5.8295702e-04  -6.1371395e-04  -1.6371364e-03
  -2.4066356e-02   9.5840571e-02   3.0060676e-01   1.4925243e-03  -6.0564552e-04  -1.4574082e-03
  -2.8766928e-02   8.0468351e-02   2.9995886e-01   7.0044080e-04  -6.4688479e-04  -1.6335783e-03
  -3.1092792e-02   7.6327513e-02   3.4045324e-01   1.0925568e-03  -4.3055436e-04  -1.5487054e-03
  -2.3349644e-02   8.3628340e-02   2.8852339e-01   1.1621043e-03  -5.7480143e-04  -1.4903341e-03
  -3.2584066e-02   6.5350633e-02   3.4178922e-01   7.2131482e-04  -6.3927634e-04  -1.7206339e-03
  -2.9338261e-02   7.5761906e-02   3.2392961e-01   1.5012951e-03  -5.6780371e-04  -1.5732463e-03
  -2.2751625e-02   7.2639789e-02   3.0326595e-01   8.4232104e-04  -5.5729854e-04  -1.5016986e-03
  -2.6093040e-02   7.2018053e-02   3.2056693e-01   1.2539515e-03  -4.8713612e-04  -1.5413146e-03
  -1.9758174e-02   8.8248764e-02   3.1134782e-01   1.8578718e-03  -5.4274598e-04  -1.4768414e-03
  -2.3579892e-02   8.3652808e-02   3.2455612e-01   1.2083212e-03  -6.7215500e-04  -1.7006487e-03
  -3.4142354e-02   7.6926816e-02   3.4703042e-01   1.5177272e-03  -7.9538856e-04  -1.7297946e-03
  -2.9575445e-02   9.7823634e-02   3.2378446e-01   1.7332456e-03  -7.0403776e-04  -1.6878002e-03
  -2.9154016e-02   8.8043013e-02   3.1539547e-01   8.8599860e-04  -7.6475723e-04  -1.7550703e-03
  -3.0176276e-02   9.7529532e-02   3.6045514e-01   1.8010189e-03  -6.8414490e-04  -1.6428333e-03
  -2.8364091e-02   7.9327149e-02   3.2574494e-01   8.3524668e-04  -7.9255067e-04  -1.6866104e-03
  -2.9177025e-02   6.5169227e-02   3.4224346e-01   1.0850465e-03  -7.5631305e-04  -1.7625187e-03
  -2.8683330e-02   6.9056596e-02   2.9257985e-01   1.1980544e-03  -8.1737515e-04  -1.7426336e-03
  -3.2764765e-02   7.4332821e-02   3.2468461e-01   3.7651489e-04  -8.8078262e-04  -2.0696628e-03
  -4.1267727e-02   7.3983504e-02   3.1971317e-01   6.5514605e-04  -7.3764593e-04  -1.8275806e-03
  -3.0706526e-02   8.6877998e-02   2.9353680e-01   7.4039154e-04  -8.5993564e-04  -1.9161169e-03
  -3.3837145e-02   7.2708112e-02   3.5626912e-01   7.2433119e-04  -9.1173351e-04  -2.0162803e-03
  -3.2994091e-02   7.3618915e-02   3.2690971e-01   6.6785568e-04  -7.9780903e-04  -1.6357060e-03
  -3.7499180e-02   4.3331805e-02   3.3018112e-01  -5.4607559e-04  -8.8463934e-04  -1.8784534e-03
  -3.3634203e-02   7.3667473e-02   3.1875480e-01   6.2546800e-04  -7.8527528e-04  -1.7567257e-03
  -3.0947176e-02   9.4081583e-02   2.8228407e-01   6.5862511e-04  -8.9855067e-04  -1.7753251e-03
  -2.9751650e-02   8.6030039e-02   3.3893008e-01   3.0773835e-04  -7.3845446e-04  -1.8963760e-03
  -2.7172288e-02   8.4092631e-02   3.6901459e-01   1.0301421e-03  -7.2369691e-04  -1.7828958e-03
  -2.7796402e-02   5.9952266e-02   3.4675780e-01   2.0245526e-04  -9.6284175e-04  -2.0876416e-03
  -3.5823443e-02   6.2255145e-02   3.7388654e-01   5.3189456e-04  -8.4554137e-04  -2.0522712e-03
  -3.1858287e-02   7.7895490e-02   3.3034638e-01   4.1187112e-04  -8.7074302e-04  -1.9057983e-03
  -2.9924593e-02   7.7899359e-02   3.7011047e-01  -1.1779624e-04  -9.6700299e-04  -2.2477409e-03
  -3.0888533e-02   7.3217632e-02   3.5149047e-01   6.8218164e-04  -9.4368893e-04  -1.8100794e-03
  -2.7038448e-02   6.4303514e-02   3.0331357e-01   1.6375172e-05  -9.4072392e-04  -1.9113330e-03
  -3.3835816e-02   3.7021852e-02   3.6521953e-01  -2.8312747e-05  -7.6037505e-04  -1.8547328e-03
  -2.8457795e-02   8.0060200e-02   3.2982407e-01   5.6637450e-04  -9.6884688e-04  -1.8759859e-03
  -2.8932673e-02   6.2788582e-02   3.4821390e-01  -2.6104145e-04  -1.0201548e-03  -1.9731461e-03
  -3.2053159e-02   8.8566824e-02   3.6313347e-01   6.0666311e-04  -9.8186949e-04  -1.8000466e-03
  -2.9299065e-02   1.0412119e-01   3.4092417e-01   2.2854018e-04  -1.0482332e-03  -2.0495172e-03
  -3.4391488e-02   7.2565848e-02   3.7705093e-01  -1.4709709e-04  -1.0971482e-03  -2.1621687e-03
  -3.6059001e-02   9.7680538e-02   3.2436021e-01   4.7260622e-04  -1.0555238e-03  -1.7926130e-03
  -3.6512351e-02   8.4009144e-02   3.2758096e-01  -3.7707081e-04  -1.0686622e-03  -2.0064703e-03
  -3.4975960e-02   9.5197413e-02   3.6512218e-01   3.2504703e-04  -1.0371392e-03  -1.9589999e-03
  -3.0996096e-02   8.8957771e-02   3.2066869e-01  -1.1284800e-04  -1.0127024e-03  -2.0076934e-03
  -3.4153894e-02   8.1940516e-02   3.6482206e-01  -2.7522013e-06  -1.1013203e-03  -2.0799309e-03
  -3.5122988e-02   9.0521298e-02   3.3771271e-01   2.1931179e-04  -1.1109061e-03  -1.9659305e-03
  -3.8554667e-02   7.3401165e-02   3.6466161e-01  -4.5784003e-04  -1.2156591e-03  -2.2322478e-03
  -3.8983055e-02   9.2783543e-02   3.3475498e-01   3.0037561e-04  -1.1271082e-03  -2.2501380e-03
  -3.9740749e-02   7.6704457e-02   3.0139748e-01  -6.2698773e-04  -1.0657867e-03  -2.2119183e-03
  -4.2665229e-02   7.9285783e-02   3.4065959e-01   1.9021702e-04  -9.2412323e-04  -2.1265457e-03
  -4.2431105e-02   8.6896408e-02   3.0247256e-01  -2.2076663e-04  -9.6913045e-04  -1.9994301e-03
  -4.5713630e-02   7.5833018e-02   3.5672820e-01  -7.2250960e-05  -9.7237386e-04  -1.9297939e-03
  -3.8051043e-02   7.6122168e-02   3.0738325e-01  -3.0923260e-04  -9.4360259e-04  -1.9637474e-03
  -4.2817063e-02   6.5736131e-02   3.5704260e-01  -1.5514916e-04  -9.8566060e-04  -2.0613290e-03
  -3.8398816e-02   7.8531234e-02   3.0426100e-01  -5.0978560e-05  -9.9152074e-04  -2.0748839e-03
  -3.8981857e-02   8.0598301e-02   3.4848226e-01  -4.1744181e-04  -1.1832562e-03  -2.2777377e-03
  -4.0242029e-02   1.0830598e-01   3.2397754e-01   2.5253583e-04  -1.2233148e-03  -2.1380446e-03
  -4.8748208e-02   1.2202670e-01   3.3006140e-01  -5.1981033e-04  -1.3439077e-03  -2.2632760e-03
  -4.7706052e-02   9.6531636e-02   3.5785631e-01  -1.5994958e-04  -1.1981124e-03  -2.2402881e-03
  -3.9025525e-02   1.0708694e-01   3.1867087e-01   2.9696543e-05  -1.2840516e-03  -2.2008224e-03
  -4.2395261e-02   8.3847358e-02   3.5625201e-01  -6.0818910e-04  -1.2903976e-03  -2.3247376e-03
  -4.5039611e-02   9.0972145e-02   3.4817182e-01   1.5169377e-04  -1.1217539e-03  -2.0678135e-03
  -4.5055876e-02   7.5455683e-02   3.3638311e-01  -6.1264725e-04  -1.4245630e-03  -2.2033798e-03
  -4.4172985e-02   9.4978034e-02   3.5207594e-01   1.5697257e-04  -1.3809663e-03  -2.1988477e-03
  -3.8587574e-02   1.0157445e-01   3.1722539e-01  -3.2838373e-04  -1.3581339e-03  -2.2646029e-03
  -3.8763175e-02   7.5728788e-02   3.7524194e-01  -6.9754626e-04  -1.3812236e-03  -2.2234457e-03
  -3.8531556e-02   9.9792711e-02   3.2073105e-01  -2.0431931e-04  -1.3257085e-03  -1.9670925e-03
  -4.3799398e-02   8.9947167e-02   3.1440164e-01  -7.5751147e-04  -1.1465083e-03  -2.1160468e-03
  -3.5901904e-02   1.0346124e-01   3.2483946e-01   8.5552572e-05  -9.5234892e-04  -1.9129884e-03
  -3.6954514e-02   9.3393121e-02   3.1929269e-01  -3.8627437e-04  -1.2510445e-03  -2.2740847e-03
  -3.5761070e-02   8.5749504e-02   3.5077075e-01  -1.4425550e-04  -1.4020299e-03  -2.3040284e-03
  -3.4359467e-02   8.8264631e-02   2.8744250e-01  -9.8933210e-04  -1.2079760e-03  -2.3764489e-03
  -3.8789870e-02   9.3541571e-02   3.3305412e-01   6.5495963e-06  -1.2145942e-03  -2.3003582e-03
  -3.5043103e-02   1.0858399e-01   2.9985131e-01  -6.2443155e-05  -1.1888662e-03  -2.2369933e-03
  -4.2486596e-02   9.0457776e-02   3.6359318e-01  -2.1598426e-04  -1.1785381e-03  -2.2162804e-03
  -3.3858283e-02   8.8535611e-02   3.1375871e-01  -1.0747318e-04  -8.9331541e-04  -1.9789142e-03
  -3.9785186e-02   7.3209259e-02   3.4141630e-01  -8.3250683e-04  -1.1727526e-03  -2.1925557e-03
  -3.4058995e-02   1.0219085e-01   2.9463322e-01  -6.5911971e-05  -9.9128034e-04  -1.9114958e-03
  -3.9829081e-02   1.0372109e-01   3.2724559e-01  -5.1363537e-04  -1.2987991e-03  -2.3381048e-03
  -3.2864283e-02   1.1402514e-01   3.3215704e-01   1.7658801e-04  -1.2712707e-03  -2.1441922e-03
  -3.0931938e-02   9.2152718e-02   3.2614066e-01  -8.2765184e-04  -1.3728215e-03  -2.3374791e-03
  -3.4141276e-02   1.0088163e-01   3.3422599e-01   1.2685765e-05  -1.2528377e-03  -1.9837998e-03
  -4.4221438e-02   8.9970665e-02   3.0626593e-01  -6.2028033e-04  -1.3396355e-03  -2.2068516e-03
  -4.4314488e-02   1.0126455e-01   3.3552412e-01   8.0187477e-06  -1.2655366e-03  -2.0746349e-03
  -3.9380740e-02   1.1045794e-01   3.1092969e-01  -4.1405722e-04  -1.0740205e-03  -2.0664201e-03
  -3.8024417e-02   1.0549539e-01   3.4760472e-01  -3.3889096e-04  -1.1559396e-03  -2.2152753e-03
  -3.3284702e-02   1.1891022e-01   2.9866434e-01  -9.7651266e-06  -9.8587748e-04  -2.1143322e-03
  -3.0646791e-02   1.0788803e-01   3.3841067e-01  -5.9697708e-04  -1.2262681e-03  -2.3108696e-03
  -3.3382107e-02   1.2412556e-01   2.9071170e-01   8.3282041e-05  -9.4360624e-04  -2.0119612e-03
  -3.1225994e-02   1.0583672e-01   3.0963165e-01  -6.9938178e-04  -1.0068943e-03  -2.2022260e-03
  -3.2725764e-02   1.2252489e-01   3.3417061e-01  -3.4220586e-06  -1.0978165e-03  -2.0910150e-03
  -2.8949573e-02   1.1582920e-01   3.0720354e-01  -3.2651942e-04  -1.1653798e-03  -2.0767641e-03
  -3.6962914e-02   1.1368819e-01   3.5567276e-01  -3.1064522e-04  -1.1764222e-03  -2.0923686e-03
  -3.3449149e-02   1.2946134e-01   2.9063797e-01  -3.3021217e-04  -1.0138789e-03  -1.8925950e-03
  -3.9324023e-02   1.0042031e-01   3.3578237e-01  -1.1070848e-03  -1.0493682e-03  -1.9525725e-03
  -4.2107002e-02   1.3575518e-01   2.7944566e-01  -8.1038788e-05  -1.2157169e-03  -1.8485937e-03
  -4.8599079e-02   1.1364904e-01   3.1795604e-01  -9.6595693e-04  -1.2809678e-03  -2.2377115e-03
  -4.1653561e-02   1.3296801e-01   2.9591971e-01   1.7257537e-04  -1.1971452e-03  -2.0174542e-03
  -4.3815614e-02   1.1945621e-01   3.1134636e-01  -6.1301254e-04  -1.5387238e-03  -2.4295634e-03
  -4.2078233e-02   1.2274423e-01   3.2008959e-01   1.3969076e-04  -1.5060552e-03  -2.1674836e-03
  -4.1527818e-02   1.0653600e-01   3.0455401e-01  -7.2682290e-04  -1.4070541e-03  -2.3204884e-03
  -4.3312221e-02   1.1356346e-01   3.2758785e-01   3.9201876e-05  -1.3392946e-03  -2.1043143e-03
  -4.2848877e-02   9.6884594e-02   2.9845984e-01  -8.5268872e-04  -1.2863213e-03  -2.2145517e-03
  -4.2889009e-02   9.7217279e-02   3.1011851e-01  -1.7063052e-04  -1.1895367e-03  -2.0901504e-03
  -3.8684047e-02   9.4214030e-02   2.6884405e-01  -5.1711102e-04  -1.0124316e-03  -2.0762212e-03
  -3.9864354e-02   9.7378617e-02   3.3376134e-01  -8.7598418e-05  -1.0783035e-03  -1.8747844e-03
  -3.9404994e-02   1.0060629e-01   3.0760226e-01  -5.3672528e-04  -1.1170415e-03  -2.1995347e-03
  -3.8419054e-02   1.2810951e-01   3.5759163e-01   2.4273293e-04  -1.3087348e-03  -2.1478763e-03
  -2.9243470e-02   1.1544031e-01   3.2162900e-01  -6.7829339e-04  -1.0984995e-03  -2.2233153e-03
  -2.5034870e-02   1.2835405e-01   3.1372975e-01   3.6363163e-04  -1.0585776e-03  -1.8239487e-03
  -4.2485026e-02   1.0616318e-01   3.4751529e-01  -4.7494636e-04  -1.1213548e-03  -2.1405802e-03
  -4.8988217e-02   1.0798929e-01   2.9336893e-01  -9.6810774e-04  -1.1086608e-03  -2.2246536e-03
  -5.5506446e-02   1.1521796e-01   3.2223264e-01  -2.4937515e-04  -1.2996307e-03  -2.1108520e-03
  -5.0212125e-02   1.1849179e-01   2.7459968e-01  -3.5518232e-04  -1.3779371e-03  -2.1323693e-03
  -5.1196257e-02   9.6169161e-02   3.4745486e-01  -9.9762213e-04  -1.3301678e-03  -2.3539794e-03
  -4.5530721e-02   1.3735017e-01   2.9309964e-01   1.0643618e-04  -1.4044295e-03  -1.9807998e-03
  -4.4211933e-02   1.1684139e-01   3.1376992e-01  -7.0575776e-04  -1.4323374e-03  -2.2179372e-03
  -3.9429148e-02   1.1208296e-01   3.1780069e-01  -1.9155760e-04  -1.4964964e-03  -2.0705172e-03
  -4.3178087e-02   1.1766603e-01   3.0620289e-01  -6.4880553e-04  -1.5228747e-03  -2.2884956e-03
  -4.2903559e-02   1.2652179e-01   3.2412990e-01  -1.3250852e-04  -1.4816300e-03  -2.0527068e-03
  -4.5035405e-02   1.3262749e-01   2.9965451e-01  -2.6519408e-04  -1.5093677e-03  -2.1615551e-03
  -5.1366335e-02   1.1910925e-01   3.4177709e-01  -2.7235871e-04  -1.6106824e-03  -2.2183713e-03
  -4.7292719e-02   1.3975175e-01   2.9246707e-01   1.4570366e-04  -1.5669372e-03  -2.1498622e-03
  -4.8867711e-02   1.3530877e-01   3.2317063e-01  -5.1599524e-04  -1.7156597e-03  -2.4607019e-03
  -3.2710070e-02   1.1169483e-01   2.8341293e-01  -1.0729778e-03  -1.7275098e-03  -2.2641231e-03
  -4.5233047e-02   1.1584382e-01   3.2497825e-01  -7.8559700e-04  -1.6786087e-03  -2.4215405e-03
  -4.2701825e-02   1.4481697e-01   2.8521029e-01  -2.5443734e-04  -1.6886935e-03  -2.3907359e-03
  -4.9878974e-02   1.2722633e-01   3.3013225e-01  -3.7275003e-04  -1.5517087e-03  -2.2113056e-03
  -5.1589868e-02   1.1653198e-01   2.9397301e-01  -6.9069509e-04  -1.4673968e-03  -2.1994801e-03
  -5.8891186e-02   9.6927267e-02   3.4623451e-01  -8.0330770e-04  -1.7204575e-03  -2.2848426e-03
  -5.3337953e-02   1.0103566e-01   2.8234331e-01  -6.6463227e-04  -1.5863599e-03  -2.2389446e-03
  -5.9284423e-02   9.6374100e-02   3.2115295e-01  -5.6934452e-04  -1.7775968e-03  -2.2550124e-03
  -4.1128741e-02   1.2970468e-01   2.6574091e-01  -1.0400424e-05  -1.5064729e-03  -2.0977470e-03
  -3.9257319e-02   1.3202399e-01   3.4459262e-01  -6.0380200e-04  -1.5764796e-03  -2.4122515e-03
  -3.2772136e-02   1.3915070e-01   3.1669622e-01  -2.4263037e-04  -1.6666965e-03  -2.1914142e-03
  -4.0268920e-02   1.2151963e-01   3.1621463e-01  -1.0647979e-03  -1.5489482e-03  -2.4538317e-03
  -4.5968323e-02   1.4106089e-01   3.1482520e-01  -3.6767555e-05  -1.6762995e-03  -2.1315590e-03
  -5.3659299e-02   1.3575483e-01   3.0863715e-01  -4.0354241e-04  -1.7274830e-03  -2.4151612e-03
  -5.4571025e-02   1.3821446e-01   3.3467693e-01   1.3446785e-04  -1.7565086e-03  -2.1981732e-03
  -5.4109307e-02   1.4426468e-01   3.0753423e-01  -3.9739904e-04  -1.7396477e-03  -2.3030046e-03
  -5.7842753e-02   1.4007399e-01   3.4324987e-01  -3.0576655e-04  -1.8905158e-03  -2.2942958e-03
  -4.8532232e-02   1.5122842e-01   2.6969233e-01  -9.6080111e-05  -1.6735007e-03  -2.0739380e-03
  -5.5725646e-02   1.3536494e-01   3.2840314e-01  -6.8682632e-04  -1.7268870e-03  -2.2321045e-03
  -4.6094723e-02   1.5377129e-01   2.7196329e-01   2.9083238e-05  -1.5540475e-03  -2.1792203e-03
  -5.2482028e-02   1.3448263e-01   3.3529700e-01  -5.7045203e-04  -1.7645131e-03  -2.2192921e-03
  -4.7256634e-02   1.4842893e-01   2.8152996e-01  -2.2628675e-04  -1.5367581e-03  -1.9059396e-03
  -6.0406177e-02   1.3763916e-01   3.1255644e-01  -8.8166827e-04  -1.7038981e-03  -2.1839053e-03
  -5.9450077e-02   1.4366263e-01   2.8826379e-01  -7.6898168e-06  -1.6548618e-03  -2.0484045e-03
  -6.0040493e-02   1.3553033e-01   2.7573449e-01  -7.3607096e-04  -1.6483510e-03  -2.2316195e-03
  -5.3593561e-02   1.1994056e-01   3.1740818e-01  -9.2704352e-04  -1.7031147e-03  -1.9387807e-03
  -4.5952850e-02   1.3480687e-01   2.8291426e-01  -6.6025279e-04  -1.4227642e-03  -2.0518943e-03
  -5.3288442e-02   1.2864710e-01   3.2815604e-01  -5.4089265e-04  -1.6120126e-03  -2.1090051e-03
  -4.2998562e-02   1.3699623e-01   2.6853939e-01  -7.7230221e-06  -1.5825620e-03  -1.9016709e-03
  -5.2956819e-02   1.2167518e-01   3.0422599e-01  -6.9746102e-04  -1.7268404e-03  -2.2210834e-03
  -4.8283431e-02   1.3281783e-01   2.8304048e-01   9.7395785e-05  -1.6040904e-03  -1.9145753e-03
  -5.5323759e-02   1.1892064e-01   3.1407595e-01  -5.5701282e-04  -1.6180977e-03  -2.0668257e-03
  -4.9119271e-02   1.3065380e-01   3.0548003e-01   5.6834028e-05  -1.6340731e-03  -1.8035060e-03
  -5.5992841e-02   1.0034398e-01   3.2240669e-01  -1.1645322e-03  -1.7470795e-03  -2.1219665e-03
  -5.4773272e-02   9.8368378e-02   3.1867270e-01  -4.8263163e-04  -1.7498509e-03  -1.9864386e-03
  -5.6859860e-02   4.5312034e-02   3.2675555e-01  -2.0612777e-03  -1.7968173e-03  -2.0283238e-03
  -5.7226244e-02   1.1326314e-01   3.0012442e-01  -7.0165959e-04  -1.6662305e-03  -1.8780008e-03
  -6.0593640e-02   1.2940720e-01   2.6424361e-01  -4.9432987e-04  -1.7121499e-03  -2.1375896e-03
  -6.4675399e-02   1.3187163e-01   3.1178982e-01  -2.4961232e-04  -1.8441634e-03  -2.0618644e-03
  -5.8276423e-02   1.5315980e-01   2.6796899e-01   3.7647071e-07  -1.7904356e-03  -2.1366820e-03
  -6.0423260e-02   1.3533719e-01   3.2154347e-01  -4.0588913e-04  -1.7992326e-03  -2.1268870e-03
  -4.6112996e-02   1.4575205e-01   2.9223208e-01   2.8486847e-04  -1.6224986e-03  -1.7578961e-03
  -5.0683408e-02   1.3657276e-01   2.9963915e-01  -3.4344526e-04  -1.6112980e-03  -2.0454849e-03
  -4.9244679e-02   1.3677863e-01   3.2978517e-01   7.5765508e-05  -1.6696481e-03  -1.9409081e-03
  -5.2073564e-02   1.2018084e-01   2.9529610e-01  -5.8293104e-04  -1.5483641e-03  -2.1310805e-03
  -6.1483050e-02   1.3479587e-01   3.2992809e-01  -2.8697900e-04  -1.7464425e-03  -1.8919348e-03
  -4.7900436e-02   1.4800755e-01   2.6222052e-01  -2.4696796e-04  -1.5219563e-03  -1.7627273e-03
  -5.4744825e-02   1.3443259e-01   3.1724126e-01  -5.8087733e-04  -1.6829896e-03  -1.9971567e-03
  -4.2393243e-02   1.1368750e-01   3.0054746e-01  -3.3155528e-04  -1.6759985e-03  -1.9365944e-03
  -4.5855888e-02   1.3447434e-01   2.7506199e-01  -1.6035821e-04  -1.5533482e-03  -2.0510443e-03
  -4.7169231e-02   1.3407184e-01   3.2056150e-01   4.7677621e-05  -1.6862869e-03  -1.9923406e-03
  -4.3273791e-02   1.3543651e-01   2.8111637e-01  -7.6932899e-05  -1.6924895e-03  -1.8012673e-03
  -5.2300964e-02   1.2916667e-01   3.4229393e-01  -4.3636643e-04  -1.8164879e-03  -1.9981324e-03
  -4.9006133e-02   1.4317222e-01   3.0004185e-01   1.4669726e-04  -1.8082258e-03  -1.9512110e-03
  -5.5667882e-02   1.3524709e-01   3.2773037e-01  -5.3163306e-04  -1.8986014e-03  -2.1794838e-03
  -5.5341787e-02   1.1803146e-01   3.0168904e-01  -2.3917219e-04  -1.7903139e-03  -2.1220500e-03
  -5.6503518e-02   9.0642928e-02   2.9530071e-01  -1.4866740e-03  -1.7308982e-03  -2.3767330e-03
  -5.6048679e-02   1.2234444e-01   3.1621371e-01  -7.3051546e-04  -1.5182460e-03  -2.4612690e-03
  -5.3367094e-02   1.0688740e-01   3.1096860e-01  -1.5235422e-03  -1.7917131e-03  -2.0527075e-03
  -5.5965301e-02   1.2997638e-01   3.1715002e-01  -3.5123892e-04  -1.6785132e-03  -1.9526019e-03
  -5.5988878e-02   1.3659883e-01   2.7451363e-01  -3.7791889e-04  -1.7314787e-03  -2.1070992e-03
  -5.9166049e-02   1.2225769e-01   3.3237523e-01  -7.0428498e-04  -1.6998727e-03  -2.0335453e-03
  -5.3064542e-02   1.4811941e-01   2.8474865e-01  -3.3991014e-05  -1.7632821e-03  -1.8963708e-03
  -5.6566397e-02   1.1891191e-01   3.3162827e-01  -8.7239027e-04  -1.9267709e-03  -2.1418633e-03
  -4.7227216e-02   1.5384224e-01   2.6154881e-01   1.5272398e-04  -1.6847559e-03  -1.9942804e-03
  -5.4221846e-02   1.1979400e-01   3.4217967e-01  -5.6464683e-04  -1.7355354e-03  -2.2158262e-03
  -5.0601765e-02   1.4393598e-01   2.8549981e-01   1.0462985e-04  -1.6574552e-03  -2.2494293e-03
  -6.0923617e-02   1.2853159e-01   3.1541934e-01  -5.0925452e-04  -1.6105878e-03  -2.2089767e-03
  -6.1598232e-02   1.6473974e-01   2.6081476e-01   3.4460364e-04  -1.6905498e-03  -2.1298083e-03
  -6.6898092e-02   1.4619520e-01   3.2230820e-01  -2.9942462e-04  -1.5716491e-03  -2.1416171e-03
  -5.3973686e-02   1.3942809e-01   2.8413031e-01   7.8574950e-05  -1.5869015e-03  -2.1698553e-03
  -6.6036163e-02   1.3769311e-01   2.9653182e-01  -1.0247451e-04  -1.7960401e-03  -2.2068757e-03
  -6.4312803e-02   1.2402023e-01   2.8017511e-01  -2.9920933e-04  -1.9411381e-03  -2.0997542e-03
  -6.4810459e-02   1.3787951e-01   2.5866446e-01  -2.8743702e-04  -1.8221731e-03  -2.2484267e-03
  -6.3745281e-02   1.4552911e-01   3.1037536e-01   3.9675198e-04  -2.0437945e-03  -2.2382665e-03
  -5.3374930e-02   1.4224822e-01   2.2903226e-01  -1.2254609e-04  -2.0259085e-03  -2.6727074e-03
  -5.6959227e-02   1.3590984e-01   2.9292038e-01   7.4621398e-05  -1.9236123e-03  -2.1571241e-03
  -5.4621148e-02   1.5720584e-01   2.5064376e-01   1.3738701e-04  -1.7658736e-03  -2.2146441e-03
  -5.8391425e-02   1.5374022e-01   3.2417674e-01   4.3712495e-04  -1.9745024e-03  -2.0767856e-03
  -5.1025405e-02   1.3822848e-01   2.9131802e-01  -1.9943209e-06  -1.9055903e-03  -2.1539932e-03
  -5.2920580e-02   9.6959783e-02   3.3162661e-01  -5.8089942e-04  -1.7566103e-03  -2.0744448e-03
  -5.1438426e-02   1.3404715e-01   2.6769884e-01   1.4596770e-04  -1.8749553e-03  -2.0535800e-03
  -5.8664095e-02   1.2895942e-01   3.0571456e-01  -1.0366776e-04  -2.0242840e-03  -2.1438349e-03
  -4.9781244e-02   1.6324867e-01   2.3516765e-01   5.2620461e-04  -1.9865107e-03  -1.9637813e-03
  -5.4410931e-02   1.6460491e-01   2.8406823e-01   1.0612691e-04  -2.1625988e-03  -2.2238293e-03
  -4.3351627e-02   1.6883528e-01   2.3935415e-01   5.6648173e-04  -2.0234438e-03  -1.9895897e-03
  -5.4564455e-02   1.1559533e-01   2.9641673e-01  -5.8569172e-04  -2.0309170e-03  -2.2872304e-03
  -5.0705753e-02   1.6045505e-01   2.5142896e-01   4.8166854e-04  -1.9486717e-03  -1.9972468e-03
  -5.5853426e-02   1.3476677e-01   2.6689956e-01  -3.8212708e-04  -2.0625952e-03  -2.0602134e-03
  -4.5473630e-02   1.5327788e-01   2.5136787e-01   1.5946377e-05  -1.7484196e-03  -1.8111934e-03
  -5.0619717e-02   1.4605861e-01   2.4181716e-01  -2.8530968e-04  -1.9998795e-03  -2.1871584e-03
  -4.9246383e-02   1.4860187e-01   2.8149215e-01   6.5728614e-05  -2.0218206e-03  -2.1753964e-03
  -4.2932410e-02   1.5687443e-01   2.4649111e-01   2.2144619e-04  -1.8506671e-03  -2.0150467e-03
  -5.0485507e-02   1.4622947e-01   3.0305117e-01  -3.6781843e-05  -1.9251974e-03  -2.0793862e-03
  -4.0777915e-02   1.4799939e-01   2.5288754e-01   5.8695274e-05  -1.9071788e-03  -1.9257889e-03
  -4.6105240e-02   1.5663677e-01   3.0404504e-01  -2.1380204e-04  -1.9595990e-03  -2.1754181e-03
  -3.7606837e-02   1.7200210e-01   2.5087196e-01   4.0195091e-04  -1.8842139e-03  -2.0197338e-03
  -4.5063925e-02   1.5423914e-01   3.1405865e-01  -1.5023153e-04  -2.0996045e-03  -2.2003267e-03
  -4.2861943e-02   1.5873573e-01   2.6575228e-01   3.2439137e-04  -1.8373129e-03  -1.9277062e-03
  -5.0956067e-02   1.1976011e-01   2.9969371e-01  -8.3226421e-04  -1.7132593e-03  -2.2788040e-03
  -4.3351729e-02   1.4925092e-01   2.9633630e-01   1.1143079e-04  -1.6554601e-03  -2.1925621e-03
  -4.4292923e-02   1.0391903e-01   3.0723702e-01  -1.0477665e-03  -1.7871249e-03  -2.5503540e-03
  -4.3139386e-02   1.1123495e-01   2.7262535e-01  -5.8934582e-04  -1.5352980e-03  -2.3568431e-03
  -4.3899247e-02   7.7117878e-02   2.6205413e-01  -2.2183084e-03  -1.8423752e-03  -2.2656314e-03
  -5.0376367e-02   1.4449701e-01   2.3037774e-01   8.8538777e-05  -1.4433197e-03  -2.0332954e-03
  -5.5384757e-02   9.4219515e-02   2.5642211e-01  -1.5615917e-03  -1.8894070e-03  -2.2715138e-03
  -4.9342509e-02   1.5669067e-01   2.4819250e-01   3.2587640e-04  -1.8570926e-03  -2.0278279e-03
  -4.9046310e-02   1.6578551e-01   2.2616605e-01   1.5076297e-04  -1.9948219e-03  -2.1789068e-03
  -5.1038714e-02   1.6629541e-01   2.5769341e-01   1.8685932e-04  -1.9267903e-03  -2.0879417e-03
  -4.7777842e-02   1.5080029e-01   2.2242287e-01   4.2637756e-05  -1.9413939e-03  -2.0165968e-03
  -5.7899391e-02   1.5509205e-01   2.5609286e-01  -5.7884936e-05  -2.0131243e-03  -2.2070204e-03
  -5.5062172e-02   1.6831034e-01   2.4508330e-01   6.8964841e-04  -2.1853793e-03  -2.1539156e-03
  -5.3325541e-02   1.5550604e-01   2.7844186e-01  -1.6890464e-04  -2.2733477e-03  -2.3730396e-03
  -5.1607525e-02   1.6009514e-01   2.5515427e-01   5.3584230e-04  -2.0152931e-03  -2.0471267e-03
  -5.0276747e-02   1.3386807e-01   2.7154091e-01  -6.1144978e-04  -2.1910583e-03  -2.2470971e-03
  -4.0239778e-02   1.4606830e-01   2.2457566e-01  -2.2038022e-04  -1.9802312e-03  -1.9199290e-03
  -5.1376042e-02   1.4368103e-01   2.5991591e-01  -3.4682671e-05  -2.0575503e-03  -2.1959823e-03
  -4.4243273e-02   1.6127178e-01   2.5198876e-01   5.1500850e-04  -2.2592975e-03  -2.1174578e-03
  -4.9550801e-02   1.5176875e-01   3.0117056e-01   3.6919773e-04  -2.2731389e-03  -2.0462444e-03
  -4.1852374e-02   1.5547296e-01   2.2045098e-01   3.1768444e-04  -2.0547997e-03  -2.0046854e-03
  -4.4236577e-02   1.2266413e-01   2.7623559e-01  -6.7648284e-05  -1.8611650e-03  -2.0296407e-03
  -4.2010693e-02   1.5290355e-01   2.4612880e-01   2.6921066e-04  -1.9788681e-03  -2.1207663e-03
  -4.1853120e-02   1.5574903e-01   2.8104999e-01   4.2040940e-04  -2.0023905e-03  -2.0172121e-03
  -3.6011199e-02   1.5936053e-01   2.2538663e-01   3.2399594e-04  -1.8385743e-03  -1.9717748e-03
  -3.7642823e-02   1.4170942e-01   2.6569806e-01  -1.7345408e-04  -1.9677733e-03  -1.8896788e-03
  -3.2020164e-02   1.4855382e-01   2.2139257e-01   6.0304138e-06  -1.7232171e-03  -1.7850289e-03
  -3.9427453e-02   1.7136929e-01   2.6049592e-01   1.9647176e-04  -1.7717344e-03  -1.8557233e-03
  -2.6701740e-02   1.9196418e-01   2.1214051e-01   5.2454113e-04  -1.7605696e-03  -1.5869576e-03
  -3.9427379e-02   1.7386415e-01   2.5528199e-01  -1.7064392e-04  -1.8853463e-03  -1.8826202e-03
  -3.3994949e-02   1.5175560e-01   2.1386578e-01   7.7647729e-05  -1.6812995e-03  -1.9355115e-03
  -4.1676478e-02   1.6805270e-01   2.6882576e-01  -5.9186840e-06  -1.9737721e-03  -2.0476394e-03
  -3.1559938e-02   1.7894479e-01   2.2375597e-01   5.7758073e-04  -1.8469536e-03  -1.8765300e-03
  -4.1070182e-02   1.4784678e-01   2.5582490e-01  -1.0891802e-04  -1.8595193e-03  -1.9122304e-03
  -3.6374586e-02   1.3696166e-01   2.1938452e-01   6.2487423e-05  -1.7351912e-03  -1.8058411e-03
  -5.0351478e-02   1.7978216e-01   2.3184761e-01   2.3524843e-05  -1.8760378e-03  -1.9770955e-03
  -4.1967303e-02   1.7634351e-01   2.0939962e-01   5.3318061e-04  -1.9205630e-03  -1.7392662e-03
  -4.3952028e-02   1.4043117e-01   2.7236029e-01  -9.5122310e-04  -2.0601134e-03  -2.0639591e-03
  -4.2721360e-02   1.7087732e-01   2.1981228e-01   4.8660946e-04  -1.8269439e-03  -1.7179015e-03
  -4.7178730e-02   1.5517045e-01   2.1844172e-01  -2.6809482e-04  -1.8513939e-03  -1.7986012e-03
  -4.3435158e-02   1.4897890e-01   2.1833547e-01   1.5906635e-04  -1.6363405e-03  -1.7330619e-03
  -5.4539626e-02   1.6530223e-01   2.3631253e-01   2.2858831e-05  -1.7815699e-03  -1.8251483e-03
  -4.8824355e-02   1.7380414e-01   2.4721633e-01   5.8354287e-04  -1.8167481e-03  -1.6784821e-03
  -3.8374570e-02   1.7045961e-01   2.3535234e-01   1.4392817e-04  -1.9032587e-03  -1.8247949e-03
  -3.8233088e-02   1.8189999e-01   2.6849959e-01   2.9116935e-04  -1.8320267e-03  -1.8510490e-03
  -3.6965858e-02   1.5306395e-01   2.2435123e-01  -1.7929055e-04  -1.7695200e-03  -1.9445844e-03
  -4.9559672e-02   1.3848364e-01   2.6428926e-01  -9.2609959e-04  -1.8171583e-03  -2.0490999e-03
  -4.5495742e-02   1.7424572e-01   1.9225866e-01   4.4240603e-04  -1.7771774e-03  -1.6850919e-03
  -4.7382883e-02   1.3682614e-01   2.4337111e-01  -7.2841791e-04  -1.7059165e-03  -1.8992048e-03
  -3.4291076e-02   1.2577584e-01   2.2595287e-01  -5.5611345e-04  -1.5827034e-03  -1.8782454e-03
  -3.9443989e-02   1.4329534e-01   2.4279296e-01  -5.3176663e-04  -1.5379083e-03  -1.8907960e-03
  -3.6821556e-02   1.6519654e-01   2.1294089e-01   2.6298314e-04  -1.2818091e-03  -1.9919190e-03
  -5.0116520e-02   1.3374615e-01   2.3396602e-01  -9.2155872e-04  -1.1891786e-03  -2.4219377e-03
  -5.0461960e-02   1.3747596e-01   2.1273094e-01  -4.6137289e-04  -1.6751388e-03  -1.5986825e-03
  -5.4364184e-02   1.2774635e-01   1.9021436e-01  -1.2526282e-03  -1.8914834e-03  -1.6717124e-03
  -4.8837028e-02   1.4136419e-01   2.2841239e-01  -2.0647021e-04  -1.4537406e-03  -1.7324032e-03
  -4.3882289e-02   1.8024367e-01   1.9556816e-01   6.8094178e-04  -1.7398802e-03  -1.7590739e-03
  -5.0756674e-02   1.5235272e-01   2.6978981e-01   1.2869437e-04  -1.8359570e-03  -1.9169198e-03
  -4.6408070e-02   1.1117852e-01   2.4790493e-01  -7.1758645e-04  -1.8802131e-03  -1.7828528e-03
  -4.9006898e-02   1.5709834e-01   2.0918832e-01   8.0653007e-04  -1.8316877e-03  -2.1159751e-03
  -5.3631511e-02   1.6932925e-01   2.3735022e-01   2.1866055e-04  -2.0251225e-03  -2.1352849e-03
  -4.0694567e-02   2.0105409e-01   2.1295729e-01   1.0282176e-03  -1.8169746e-03  -1.8860630e-03
  -4.0008772e-02   1.7817056e-01   2.6901431e-01   9.7615674e-05  -2.0656824e-03  -2.0984944e-03
  -4.5023015e-02   1.7540329e-01   2.6078586e-01   9.2431228e-04  -1.9790023e-03  -1.8293266e-03
  -5.1512907e-02   1.6179741e-01   2.4415411e-01  -6.0297207e-05  -1.9569511e-03  -1.9245997e-03
  -3.8177989e-02   1.6774540e-01   2.2348577e-01   2.4611882e-04  -1.7962162e-03  -1.8795704e-03
  -3.7823212e-02   1.6967280e-01   2.4952880e-01  -8.6992532e-05  -1.8391340e-03  -1.8955848e-03
  -3.7691373e-02   1.8620383e-01   2.3811184e-01   9.7487176e-04  -1.7952562e-03  -1.8085536e-03
  -4.5814652e-02   1.6951004e-01   2.5415194e-01  -1.5376966e-04  -1.8354487e-03  -1.9850586e-03
  -4.7750073e-02   1.4280451e-01   2.5377736e-01  -2.6618026e-04  -1.8116940e-03  -1.9911772e-03
  -5.2121947e-02   1.5834852e-01   2.2963061e-01  -4.0767244e-05  -1.9724819e-03  -1.8893396e-03
  -5.2094871e-02   1.6898357e-01   2.4841974e-01   4.8110921e-04  -1.8837788e-03  -1.7817713e-03
  -4.7236077e-02   1.8876978e-01   1.9982465e-01   7.0679380e-04  -1.9890206e-03  -1.8818932e-03
  -5.6571113e-02   1.6892487e-01   2.6353662e-01   1.2598673e-04  -2.2458786e-03  -2.0888396e-03
  -4.8346892e-02   1.8869104e-01   1.8797560e-01   8.0350595e-04  -2.0688754e-03  -1.8327135e-03
  -5.7640989e-02   1.6451775e-01   2.4979738e-01  -1.0948564e-04  -2.0854897e-03  -1.9837922e-03
  -5.1520055e-02   1.8671304e-01   1.8509041e-01   6.6168701e-04  -2.0825107e-03  -1.7372440e-03
  -5.3850215e-02   1.7855436e-01   2.3683730e-01   2.0559304e-04  -2.2251295e-03  -1.9206712e-03
  -4.3416546e-02   1.7175171e-01   2.0012571e-01  -1.9128072e-05  -1.8575153e-03  -1.7288289e-03
  -5.2911119e-02   1.6870824e-01   1.9952429e-01  -2.7339562e-04  -1.9152262e-03  -1.7470783e-03
  -4.6930267e-02   1.9221043e-01   1.6319689e-01   5.7238306e-04  -1.7224803e-03  -1.6322832e-03
  -4.1370466e-02   1.8626911e-01   1.7998372e-01  -3.0756131e-05  -1.7005511e-03  -1.7900146e-03
  -4.0613953e-02   1.9532028e-01   2.0956355e-01   6.5030654e-04  -1.7774681e-03  -1.7620863e-03
  -3.7928090e-02   1.8023305e-01   1.8012417e-01   4.9493078e-04  -1.5556802e-03  -1.6175081e-03
  -5.2945035e-02   1.7516705e-01   2.2024004e-01   5.1520365e-04  -1.8623580e-03  -1.7247591e-03
  -4.3875507e-02   1.9240975e-01   1.5255481e-01   6.6993253e-04  -1.8568884e-03  -1.6268232e-03
  -5.1060860e-02   1.7539731e-01   1.9282197e-01   5.3893852e-05  -1.8436466e-03  -1.8146637e-03
  -5.0722610e-02   1.8923438e-01   1.8594624e-01   8.8498123e-04  -1.7439149e-03  -1.5747304e-03
  -4.6625549e-02   1.7518870e-01   1.7121090e-01   7.8469787e-05  -1.7672844e-03  -1.6921038e-03
  -4.2620723e-02   1.8934872e-01   1.7830854e-01   5.1693736e-04  -1.6739403e-03  -1.5358537e-03
  -4.0643489e-02   1.8960090e-01   1.4686146e-01   2.4330362e-04  -1.6650154e-03  -1.6049388e-03
  -4.1447943e-02   1.9008608e-01   1.7790395e-01   1.6533473e-04  -1.6382302e-03  -1.7044147e-03
  -3.1702536e-02   1.9199367e-01   1.6927921e-01   7.4766497e-04  -1.6637720e-03  -1.5574466e-03
  -3.6167297e-02   1.8317825e-01   2.3205910e-01  -2.4175172e-05  -1.8887015e-03  -1.9474139e-03
  -2.3671633e-02   2.0208207e-01   1.8311962e-01   6.0820323e-04  -1.7658632e-03  -1.6369729e-03
  -1.5598632e-02   2.0072478e-01   1.6533311e-01   1.0018933e-04  -1.7244473e-03  -1.4072646e-03
  -2.5603961e-02   1.9360110e-01   1.5042252e-01  -3.5862937e-04  -1.6045168e-03  -1.5594396e-03
  -2.9447742e-02   1.9989718e-01   1.9030921e-01   2.2261207e-04  -1.4347885e-03  -1.3234607e-03
  -3.3314277e-02   1.8685964e-01   1.8215048e-01  -2.6650083e-04  -1.6061001e-03  -1.6831231e-03
  -3.7206029e-02   1.8262522e-01   2.0409187e-01   2.7705014e-04  -1.5239861e-03  -1.6111228e-03
  -3.8992842e-02   1.7754931e-01   1.8160008e-01  -2.2855306e-04  -1.6127090e-03  -2.0001029e-03
  -4.1362152e-02   1.8705784e-01   2.0437887e-01   1.6405257e-04  -1.6042129e-03  -1.7773229e-03
  -4.3439436e-02   1.5734647e-01   1.7921945e-01  -8.0759603e-04  -1.7054948e-03  -1.8138972e-03
  -4.8060651e-02   1.7204874e-01   1.9270348e-01  -4.8374038e-04  -1.4508830e-03  -1.6146053e-03
  -4.0274736e-02   1.7029944e-01   1.3800776e-01  -6.0569275e-04  -1.3032913e-03  -1.7225103e-03
  -4.0681267e-02   1.8438399e-01   1.8656028e-01  -4.4424173e-04  -1.5144328e-03  -1.7788846e-03
  -3.0586021e-02   1.6047466e-01   1.6597140e-01  -4.3735854e-04  -1.5376641e-03  -1.6557511e-03
  -4.2358167e-02   1.9563199e-01   1.8195864e-01  -3.7502423e-04  -1.5607461e-03  -1.9036778e-03
  -4.1115493e-02   2.1180767e-01   1.6990561e-01   4.5488645e-04  -1.8286960e-03  -1.6922248e-03
  -4.5313276e-02   1.9712793e-01   1.7256746e-01  -4.3481543e-04  -1.7416997e-03  -1.7460832e-03
  -4.1936505e-02   2.0308412e-01   1.6992276e-01   2.6239650e-04  -1.6041764e-03  -1.5928428e-03
  -4.0517899e-02   1.9998747e-01   1.3840978e-01  -1.6674465e-04  -1.5245827e-03  -1.5824768e-03
  -4.7043944e-02   1.8683755e-01   1.8201823e-01  -3.8854958e-04  -1.4991821e-03  -1.1972580e-03
  -3.3688432e-02   2.2209935e-01   1.1703038e-01   4.4367580e-04  -1.3351868e-03  -1.2514597e-03
  -4.0175793e-02   2.0373213e-01   1.7661855e-01  -4.2372240e-04  -1.5049494e-03  -1.6596597e-03
  -3.5639476e-02   2.1462674e-01   1.1980492e-01   3.6411714e-04  -1.2626989e-03  -1.4165529e-03
  -4.3624526e-02   1.7419068e-01   1.8759513e-01  -6.4910680e-04  -1.4974842e-03  -1.4467284e-03
  -4.1076092e-02   1.9947115e-01   1.2449933e-01   3.0871893e-04  -1.5517847e-03  -1.3976546e-03
  -4.1967386e-02   1.9931824e-01   1.4362811e-01  -1.0334816e-04  -1.6310792e-03  -1.4972362e-03
  -3.7511867e-02   2.1428922e-01   1.0594609e-01  -2.6662829e-04  -1.4968183e-03  -1.6156934e-03
  -3.5748679e-02   2.3226635e-01   1.4971902e-01   5.5089938e-04  -1.3772009e-03  -1.4466651e-03
  -4.7979722e-02   1.9233944e-01   1.5651077e-01  -5.2617320e-04  -1.4847801e-03  -1.6271198e-03
  -4.6346257e-02   1.9112938e-01   1.3774435e-01   5.5686309e-05  -1.3796755e-03  -1.2923867e-03
  -4.2208454e-02   1.8551419e-01   1.3322309e-01  -1.8237795e-04  -1.4625005e-03  -1.5198313e-03
  -3.6518224e-02   2.0517761e-01   1.7178280e-01   1.3893876e-04  -1.4897793e-03  -1.2335304e-03
  -3.4660703e-02   2.0689933e-01   1.3308356e-01  -2.3324138e-04  -1.4092806e-03  -1.4850344e-03
  -3.7049127e-02   2.0972416e-01   1.6653622e-01   1.9329831e-04  -1.4634851e-03  -1.4501507e-03
