6.6346e-08
4.2778e-07
1.2475e-05
4.0035e-05
6.9754e-05
8.0792e-05
8.1869e-05
8.3713e-05
7.9852e-05
7.8871e-05
7.3198e-05
5.4703e-05
4.5348e-05
5.5159e-05
7.0413e-05
7.1853e-05
6.9367e-05
7.5603e-05
7.0861e-05
6.0601e-05
5.4295e-05
4.4902e-05
4.2805e-05
5.4858e-05
7.8356e-05
8.3582e-05
7.4804e-05
6.8645e-05
7.2363e-05
8.3254e-05
8.2584e-05
6.9101e-05
5.9333e-05
5.0963e-05
4.8932e-05
5.2069e-05
6.0584e-05
6.7308e-05
7.0338e-05
7.4115e-05
6.9246e-05
6.2137e-05
5.5183e-05
6.0172e-05
6.571e-05
5.8149e-05
5.3539e-05
5.762e-05
6.6283e-05
6.5834e-05
7.1041e-05
6.7837e-05
6.4231e-05
6.7539e-05
7.0176e-05
6.3714e-05
5.6142e-05
5.8513e-05
6.3594e-05
7.3882e-05
8.0731e-05
6.9728e-05
6.7565e-05
7.8134e-05
7.7668e-05
7.4134e-05
7.8465e-05
7.2025e-05
5.6318e-05
5.067e-05
4.8422e-05
5.9558e-05
6.4106e-05
5.95e-05
5.925e-05
7.0242e-05
7.941e-05
8.6723e-05
7.9769e-05
5.4502e-05
5.2251e-05
6.2669e-05
5.7808e-05
5.9263e-05
7.2154e-05
8.7318e-05
8.5712e-05
6.1853e-05
3.4942e-05
3.1634e-05
4.1786e-05
5.4077e-05
6.4486e-05
6.7843e-05
7.6175e-05
7.8065e-05
7.5038e-05
7.8939e-05
8.2597e-05
7.8898e-05
7.6568e-05
8.1915e-05
8.3733e-05
7.8817e-05
7.2224e-05
6.8979e-05
6.2733e-05
5.4714e-05
5.0016e-05
5.3789e-05
5.2609e-05
4.6827e-05
5.1352e-05
5.9203e-05
7.4219e-05
7.8609e-05
6.1957e-05
4.9634e-05
5.9667e-05
7.6868e-05
8.0594e-05
8.7149e-05
8.3276e-05
6.711e-05
5.5775e-05
5.3927e-05
6.3891e-05
7.619e-05
7.5e-05
7.5787e-05
7.2404e-05
7.0832e-05
6.0325e-05
4.2713e-05
4.4995e-05
5.2067e-05
4.9728e-05
5.3516e-05
5.0711e-05
5.1427e-05
5.9473e-05
6.3626e-05
7.2687e-05
8.6508e-05
9.5529e-05
9.1675e-05
7.9156e-05
6.1726e-05
5.2871e-05
5.7251e-05
6.6323e-05
6.6191e-05
5.9516e-05
5.659e-05
5.8837e-05
6.5096e-05
7.2094e-05
7.4545e-05
8.0957e-05
8.4297e-05
7.5646e-05
6.1538e-05
5.9083e-05
5.4253e-05
4.4626e-05
5.0659e-05
6.1547e-05
5.8831e-05
6.1841e-05
7.283e-05
7.5872e-05
7.0743e-05
6.4998e-05
6.6107e-05
6.2935e-05
6.376e-05
7.0949e-05
8.3884e-05
8.7972e-05
8.0846e-05
7.6773e-05
7.9549e-05
7.7381e-05
7.1579e-05
7.4688e-05
7.6189e-05
7.1513e-05
6.9744e-05
7.8453e-05
8.5568e-05
7.4553e-05
6.4789e-05
6.1505e-05
5.1578e-05
4.7146e-05
4.6819e-05
5.1846e-05
5.808e-05
5.9298e-05
7.3456e-05
7.7155e-05
7.5508e-05
8.163e-05
8.4063e-05
7.562e-05
7.1042e-05
6.8852e-05
6.5096e-05
6.1485e-05
5.7614e-05
6.4918e-05
6.2722e-05
4.8514e-05
5.0518e-05
5.5722e-05
5.4482e-05
5.4615e-05
5.7168e-05
5.5041e-05
5.8767e-05
6.8531e-05
7.194e-05
6.7009e-05
6.6859e-05
7.1514e-05
7.0455e-05
6.7258e-05
6.5813e-05
7.1895e-05
7.5571e-05
7.3627e-05
6.7469e-05
6.1059e-05
6.1188e-05
6.7445e-05
6.4726e-05
5.6989e-05
6.6016e-05
7.5559e-05
7.8484e-05
8.3614e-05
8.4149e-05
6.7802e-05
5.6796e-05
5.2267e-05
4.7073e-05
5.5822e-05
7.1136e-05
6.9494e-05
6.4268e-05
6.6944e-05
7.5236e-05
8.1859e-05
7.4113e-05
7.1627e-05
7.3687e-05
6.7991e-05
6.4715e-05
6.5081e-05
6.3724e-05
6.1306e-05
6.3956e-05
6.2594e-05
6.2757e-05
7.4313e-05
8.4724e-05
8.0352e-05
7.0471e-05
7.0627e-05
7.1056e-05
6.7607e-05
5.4006e-05
4.7685e-05
5.2409e-05
5.5978e-05
6.0262e-05
6.0185e-05
4.5127e-05
3.7649e-05
3.8893e-05
3.9345e-05
3.5656e-05
2.8923e-05
3.9417e-05
5.6388e-05
6.3718e-05
6.9031e-05
7.9777e-05
9.2578e-05
9.1064e-05
7.1771e-05
6.276e-05
7.108e-05
7.3455e-05
6.7936e-05
6.4831e-05
6.4454e-05
6.2513e-05
6.2367e-05
6.5495e-05
7.5906e-05
8.1762e-05
7.9733e-05
7.1741e-05
6.3101e-05
6.1227e-05
6.1623e-05
6.4961e-05
7.231e-05
7.5038e-05
8.0423e-05
8.1833e-05
7.3654e-05
6.6244e-05
6.6968e-05
7.966e-05
8.2102e-05
7.452e-05
6.8737e-05
6.0373e-05
4.5703e-05
4.3927e-05
4.8146e-05
5.2531e-05
5.3062e-05
4.8629e-05
5.3783e-05
5.7087e-05
5.8281e-05
6.291e-05
6.6317e-05
7.3366e-05
8.0912e-05
7.399e-05
6.4881e-05
6.2012e-05
5.5165e-05
5.6739e-05
6.7613e-05
7.3341e-05
6.6993e-05
6.9396e-05
7.1948e-05
6.9172e-05
6.7819e-05
6.2833e-05
5.3539e-05
4.0954e-05
4.7888e-05
6.9029e-05
8.2394e-05
8.1429e-05
7.9905e-05
8.2086e-05
7.0125e-05
5.688e-05
4.6645e-05
3.8011e-05
4.5716e-05
7.2208e-05
7.6935e-05
8.5165e-05
