   0.0000000e+00   0.0000000e+00  -1.4210855e-14  -1.3877788e-17   0.0000000e+00  -0.0000000e+00
  -1.9372346e-02   6.2476789e-02   2.8906228e-01   8.0362968e-05  -6.2080777e-04  -1.2940993e-03
   3.6944027e-04   1.6431644e-02   4.4548027e-01  -2.3182408e-04  -3.1110396e-04  -1.4799626e-03
  -1.8941576e-02   3.7610234e-02   2.9123186e-01   1.5733895e-04  -9.6921051e-04  -3.2801638e-04
  -1.1138614e-02   7.3607940e-02   2.4161564e-01   7.1838381e-04  -7.9715507e-04  -7.5540058e-04
  -4.8470334e-03   5.0121823e-02   3.3747697e-01   5.6834982e-04  -6.4730050e-04  -1.2060354e-03
   3.3482225e-03   8.2842340e-02   1.9867495e-01   6.5762632e-04  -5.2471490e-04  -1.3401744e-03
   2.0979532e-02   5.0648175e-02   2.8146017e-01   1.9220602e-04  -2.4209144e-04  -1.9068660e-03
   1.4537824e-02   7.4603824e-02   2.8584672e-01   6.6060908e-04  -3.9047299e-04  -1.4646713e-03
   1.6117968e-02   4.9061419e-02   2.0726895e-01   8.3982099e-04  -1.5172597e-04  -5.9706051e-04
   9.7636356e-03   5.5097297e-02   6.9654643e-02   1.7048333e-04  -6.3083118e-04  -1.3115364e-03
   8.1190925e-04   8.5476249e-02   1.0528141e-01   1.4623432e-03  -5.9091418e-04  -9.4428366e-04
   3.7883936e-03   8.4974726e-02   9.3264992e-02   1.4516738e-03  -5.8852713e-04  -1.0084878e-03
   9.8438079e-03   7.2786281e-02   1.3461583e-01   1.1118051e-03  -7.9042395e-04  -1.0121386e-03
   1.9253120e-02   7.0524631e-02   1.2043869e-01   1.1795328e-03  -5.6300552e-04  -5.2370387e-04
   1.7811033e-02   6.4686397e-02   1.5782341e-01   1.8050061e-03  -6.8905428e-04  -7.2155256e-04
   1.0299628e-02   6.7532449e-02   9.8165133e-02   8.9837935e-04  -2.2655797e-04  -5.1225829e-04
   1.2546921e-02   7.0829044e-02   7.7293627e-02   1.1236492e-03  -5.4325106e-04  -6.6650687e-04
   1.9515295e-02   1.0344529e-01   9.5350357e-02   2.7686367e-03  -7.0700481e-04  -5.0924656e-04
   2.8463438e-02   1.1740379e-01   1.2828668e-01   3.5955093e-03  -7.2804834e-04  -4.0851717e-04
   3.3397482e-02   1.0306876e-01   1.6776650e-01   3.1648002e-03  -5.4375846e-04  -6.7362447e-04
   4.5690528e-02   7.6984331e-02  -3.1748443e-03   3.8946678e-03  -5.5862058e-04  -3.0622352e-03
   3.8138509e-02   1.3149909e-01  -2.4739245e-01   2.0197172e-03  -9.8413419e-04  -2.4713424e-03
   3.1882813e-02   1.3932609e-01  -2.0439208e-01   1.8027400e-03  -1.0313046e-03  -2.6239790e-03
   2.1310751e-02   1.0972698e-01  -3.0430483e-01   2.2548227e-03  -8.0378125e-04  -3.7882710e-03
  -3.6628977e-02  -1.3542605e-02  -6.2441003e-01  -2.6270125e-03  -1.2607768e-03  -5.6242901e-03
  -6.9616247e-03   5.6601641e-02  -3.2886669e-01  -8.4214794e-05  -7.6246371e-04  -4.6543955e-03
   1.0504120e-02   7.1293307e-02  -2.7233957e-01   6.2521054e-04  -4.1187999e-04  -4.6171030e-03
   1.0055338e-02   4.7107167e-02  -1.8387614e-01   5.5104584e-04  -6.6166990e-04  -4.4822396e-03
   1.3233032e-02   2.6174040e-02  -1.6445296e-01  -3.7955994e-04  -6.8953426e-04  -4.3360527e-03
   1.8794093e-02   5.5358858e-02  -1.7607463e-01   2.6816774e-04  -5.1658401e-04  -4.0951587e-03
   2.0579115e-02   5.2313124e-02  -1.3130466e-01   6.6196752e-04  -4.2715980e-04  -3.9433198e-03
   4.4615447e-02   5.8572790e-02  -1.2516979e-01   1.0218814e-03  -2.1644611e-04  -3.3241231e-03
   5.8820908e-02   6.6402821e-02  -3.3604971e-02   1.0284135e-03   5.7084488e-04  -2.4192711e-03
   4.1772504e-02   7.0005949e-02  -3.3584842e-02   8.0217721e-04  -1.3650267e-04  -2.6776673e-03
   4.7841171e-02   7.6570361e-02  -1.6260057e-02   7.9578708e-04  -1.0506342e-04  -2.8065793e-03
   4.7736908e-02   5.6744073e-02   1.9885819e-03   6.1682559e-05   3.5307931e-05  -2.7173281e-03
   5.7462239e-02   8.8100386e-02   4.1887790e-02   1.1161181e-03   8.3344879e-05  -2.4818946e-03
   6.8786407e-02   5.7328945e-02   4.6806685e-02   2.1650826e-04   5.4187871e-04  -2.4206968e-03
   6.7434502e-02   7.1499065e-02   8.4627179e-03   3.7338157e-04   5.6496989e-04  -2.4683366e-03
   6.5269181e-02   8.3440703e-02  -7.7562535e-05   2.8070612e-04   6.0779625e-04  -2.5049347e-03
   6.6330626e-02   1.3954480e-01   4.4793038e-02   1.6070293e-03   6.8180415e-04  -2.3766947e-03
   7.0407649e-02   1.1494739e-01   4.8440093e-02   1.3249873e-03   6.8068164e-04  -2.2731657e-03
   7.6908089e-02   9.5068837e-02   8.0244620e-02   1.3033602e-03   6.5845984e-04  -2.3219594e-03
   1.0101820e-01   1.0697645e-01   1.1450016e-01   1.4157947e-03   1.4658977e-03  -1.6696969e-03
   8.8592760e-02   8.6202060e-02   1.1226944e-01   7.9855881e-04   1.1883460e-03  -2.1515432e-03
   9.4560074e-02   8.0193532e-02   1.1476491e-01   6.7022132e-04   1.1716695e-03  -1.9533377e-03
   9.1288771e-02   7.3829104e-02   1.2821568e-01   8.6242922e-04   1.0310530e-03  -1.8828425e-03
   9.6453377e-02   6.5046678e-02   1.6437010e-01   2.9244489e-04   1.1876220e-03  -1.7111304e-03
   9.9669396e-02   9.4163351e-02   1.4957301e-01   1.0349833e-03   1.3275909e-03  -1.7582581e-03
   1.0778352e-01   9.6410118e-02   1.4306092e-01   8.8755004e-04   1.6441162e-03  -1.8291062e-03
   1.0180486e-01   1.0926088e-01   1.5453368e-01   1.5016180e-03   1.4887201e-03  -1.7302111e-03
   1.0382432e-01   1.1502379e-01   1.7016986e-01   1.5808490e-03   1.4181643e-03  -1.7129042e-03
   1.0510329e-01   1.2494821e-01   1.9338279e-01   1.8074951e-03   1.3411665e-03  -1.8144873e-03
   1.0684901e-01   1.1459771e-01   1.6038738e-01   1.2911746e-03   1.5554841e-03  -1.4802748e-03
   1.1746909e-01   1.1131453e-01   1.7519594e-01   1.3565005e-03   1.8957761e-03  -1.4568542e-03
   1.1206690e-01   1.3102878e-01   1.5827340e-01   1.7959549e-03   1.7171730e-03  -1.4254578e-03
   1.1191024e-01   1.1895363e-01   1.6026508e-01   1.3160840e-03   1.6720442e-03  -1.6137625e-03
   1.1858488e-01   1.3104496e-01   1.9264902e-01   1.9518028e-03   1.8542673e-03  -1.5417234e-03
   1.2647881e-01   9.9567730e-02   1.7184013e-01   1.0221883e-03   2.0945635e-03  -1.2774566e-03
   1.3974011e-01   9.9838994e-02   1.8522688e-01   1.1749605e-03   2.3787039e-03  -1.3221327e-03
   1.4592012e-01   1.0158012e-01   1.7644008e-01   1.3694276e-03   2.6541599e-03  -9.8585049e-04
   1.6324886e-01   7.9263249e-02   2.0115622e-01   9.1810430e-04   3.1090122e-03  -5.6224889e-04
   1.6816712e-01   1.0010090e-01   2.0532527e-01   1.4600599e-03   3.3132466e-03  -5.3894297e-04
   1.6942695e-01   8.9295268e-02   2.1132019e-01   1.0575788e-03   3.3891102e-03  -3.0541153e-04
   1.8434421e-01   1.3499921e-01   2.5861636e-01   2.6843741e-03   3.8520006e-03  -4.7907811e-05
   1.8946367e-01   1.3245937e-01   2.1266183e-01   1.8418082e-03   3.7880466e-03  -1.3174994e-05
   1.8460671e-01   1.5260158e-01   2.0516405e-01   2.3291634e-03   3.6885752e-03   2.8376750e-05
   1.7390809e-01   1.4133642e-01   1.8988545e-01   2.2182024e-03   3.4845597e-03  -1.6947502e-04
   1.7390873e-01   1.6771416e-01   1.8551455e-01   2.7413770e-03   3.6334515e-03  -3.5341404e-04
   1.8275118e-01   1.4165078e-01   1.7970723e-01   1.9753923e-03   3.8949429e-03  -3.0425926e-04
   1.8512067e-01   1.5486446e-01   1.8735657e-01   2.6273165e-03   3.9801573e-03  -2.1701329e-04
   1.8681470e-01   1.1828994e-01   1.9502588e-01   1.7141646e-03   4.1776700e-03  -3.3562454e-04
   1.7849724e-01   1.4884203e-01   2.0086362e-01   2.8558902e-03   3.9237359e-03  -4.5629133e-04
   1.8565138e-01   1.3134779e-01   1.9084415e-01   2.1277716e-03   3.9773117e-03  -5.3228464e-04
   1.9901270e-01   1.4183934e-01   1.9635034e-01   2.4969178e-03   4.2557606e-03  -2.3853439e-04
   1.9895268e-01   1.2720220e-01   2.0677622e-01   2.2476469e-03   4.0080250e-03  -9.1459107e-05
   2.0420553e-01   1.2588506e-01   2.3679064e-01   2.3113792e-03   4.1870851e-03  -5.3144901e-05
   1.9823168e-01   1.2396471e-01   2.4920997e-01   2.3214805e-03   4.2936163e-03   1.5079165e-04
   1.9773821e-01   1.1201911e-01   2.8138208e-01   2.1959242e-03   4.2409768e-03   6.3709400e-05
   1.9422577e-01   9.7150570e-02   2.8183675e-01   1.9372259e-03   4.1018276e-03   2.1428356e-04
   1.9503992e-01   1.1421446e-01   3.0251744e-01   2.4793081e-03   4.2708218e-03   1.4448896e-04
   1.8922132e-01   1.2012950e-01   2.9498335e-01   2.5275211e-03   4.1929929e-03   1.9461911e-04
   1.9577914e-01   1.0162844e-01   3.1324997e-01   2.2479454e-03   4.2798560e-03   2.6381585e-04
   1.9886420e-01   1.2492794e-01   3.1259164e-01   2.8161480e-03   4.2705444e-03   2.6825094e-04
   2.0709980e-01   1.1970744e-01   3.0121470e-01   2.2892852e-03   4.5492821e-03   3.1839938e-04
   2.1300375e-01   1.0771616e-01   3.1354534e-01   1.7938994e-03   4.4754788e-03   2.6755295e-04
   2.0634101e-01   1.2907743e-01   2.5733767e-01   2.3936498e-03   4.5359129e-03   6.1562573e-04
   2.0000585e-01   1.4693696e-01   2.6735886e-01   2.5093817e-03   4.3600481e-03   2.3952315e-04
   1.7734618e-01   1.3809778e-01   2.4870789e-01   2.0168391e-03   4.0591617e-03   1.3559748e-04
   1.7831781e-01   1.3337037e-01   3.0906765e-01   2.3912803e-03   4.0254207e-03  -1.5083627e-04
   2.0096913e-01   1.3199206e-01   3.5134190e-01   2.4960227e-03   4.0071297e-03   3.6562475e-04
   1.9527312e-01   1.6257139e-01   4.0107474e-01   3.1933101e-03   3.8439714e-03   4.9075872e-04
   2.0323100e-01   1.3901111e-01   3.9041381e-01   2.6724379e-03   3.8936871e-03   3.9096240e-04
   2.1063938e-01   1.4205930e-01   4.1772857e-01   2.9736421e-03   4.0891440e-03   5.7663521e-04
   2.1062082e-01   1.4295495e-01   4.0059217e-01   2.9687787e-03   3.9866938e-03   6.2105430e-04
   2.1540222e-01   1.5366387e-01   4.3805952e-01   3.0168008e-03   4.0856153e-03   4.7859366e-04
   2.1349602e-01   9.2741835e-02   4.6457439e-01   1.8582569e-03   4.2853945e-03   2.8249571e-04
   1.9279172e-01   1.2518357e-01   4.6606109e-01   3.2119255e-03   3.7290171e-03   6.6987660e-04
   1.8991192e-01   1.3548843e-01   4.7202032e-01   2.6833825e-03   3.6905728e-03   4.4567197e-04
   1.8125570e-01   1.6289017e-01   5.0084542e-01   3.3308392e-03   3.4848486e-03   4.7257344e-04
   1.9557570e-01   1.1787155e-01   5.2206852e-01   2.2378795e-03   3.7123470e-03   5.6355126e-04
   1.9744975e-01   1.1381922e-01   5.6107341e-01   1.9377272e-03   3.5713604e-03   9.7209294e-04
   1.9980155e-01   9.4161563e-02   5.6421071e-01   1.5375512e-03   3.8322129e-03   9.4411146e-04
   2.0553609e-01   9.3413878e-02   5.4944274e-01   1.6408678e-03   4.0330160e-03   8.7765499e-04
   2.0563719e-01   9.4612142e-02   5.6869999e-01   1.3664225e-03   3.9431051e-03   9.0009462e-04
   2.0371137e-01   7.2919280e-02   5.5613306e-01   8.3132833e-04   3.8489622e-03   9.3136670e-04
   2.0471353e-01   9.2284666e-02   5.5866951e-01   1.1250182e-03   3.8043923e-03   1.0019266e-03
   1.9940514e-01   9.2484476e-02   5.2557270e-01   8.6037288e-04   4.0968230e-03   9.2357868e-04
   2.0243515e-01   1.1760743e-01   5.1427236e-01   1.2584468e-03   4.1332150e-03   9.0045905e-04
   2.0834749e-01   1.1797593e-01   5.2995716e-01   1.0226309e-03   4.2063373e-03   9.3910806e-04
   2.0984106e-01   1.4426339e-01   5.5330488e-01   1.8216396e-03   4.2058445e-03   1.1022573e-03
   2.0615175e-01   1.1323944e-01   5.7445269e-01   1.5970502e-03   4.1040243e-03   6.4343191e-04
   1.8779077e-01   1.4740051e-01   5.5015829e-01   2.4109410e-03   3.6582227e-03   8.0078061e-04
   1.9911528e-01   1.1956712e-01   5.7279087e-01   1.3116512e-03   4.0644258e-03   8.2864760e-04
   1.9570423e-01   1.2112242e-01   5.5240818e-01   9.8432666e-04   3.8327911e-03   9.4685095e-04
   1.9564800e-01   1.1926205e-01   5.7749941e-01   1.1080391e-03   3.8525585e-03   9.4101494e-04
   2.0062604e-01   1.2878757e-01   5.7071527e-01   1.2233307e-03   3.9678819e-03   9.6468809e-04
   1.9960583e-01   1.4477989e-01   5.3989091e-01   1.8083089e-03   4.2716997e-03   1.0422132e-03
   2.1443687e-01   1.1887464e-01   5.5919310e-01   1.2243154e-03   4.4560726e-03   1.2073650e-03
   2.0871941e-01   1.5086642e-01   5.8458038e-01   1.6181309e-03   4.0809571e-03   1.3491592e-03
   2.0380297e-01   1.2801629e-01   6.3582530e-01   8.6542262e-04   4.1125219e-03   1.2298748e-03
   2.0239152e-01   1.4499400e-01   6.2575711e-01   1.7590341e-03   4.0077991e-03   1.4261479e-03
   2.0892652e-01   9.6037687e-02   6.1624635e-01   9.8396016e-04   4.2528845e-03   1.3428176e-03
   2.1780464e-01   1.0696923e-01   5.9741152e-01   1.6535199e-03   4.5139773e-03   1.4332866e-03
   2.2200913e-01   8.0775719e-02   5.9717959e-01   4.0293214e-04   4.4726678e-03   1.4105164e-03
   2.1995479e-01   1.1963637e-01   6.0699885e-01   7.0948758e-04   4.2654176e-03   1.5892471e-03
   2.2023587e-01   9.6388270e-02   6.2441242e-01  -6.5746994e-05   4.3351039e-03   1.5713217e-03
   2.2216080e-01   1.0687624e-01   6.3952252e-01   5.2768884e-04   4.2638022e-03   1.7397700e-03
   2.4277596e-01   9.4855506e-02   5.6616444e-01   3.9805010e-04   4.6523290e-03   1.9433042e-03
   2.3754737e-01   1.2155562e-01   5.8235598e-01   1.4876668e-03   4.5556317e-03   1.7454955e-03
   2.2586692e-01   1.3670334e-01   5.4362551e-01   1.3863512e-03   4.4942363e-03   1.6683956e-03
   2.1664888e-01   1.5877549e-01   5.4063579e-01   1.7352066e-03   4.2140321e-03   1.2741154e-03
   2.1309957e-01   1.3978893e-01   5.6221499e-01   1.3711421e-03   4.2688165e-03   1.3219223e-03
   2.1619583e-01   1.4066908e-01   5.9960563e-01   1.7975924e-03   4.1361883e-03   1.6081468e-03
   2.2413212e-01   1.2039047e-01   5.9795677e-01   1.0770590e-03   4.2274746e-03   1.5947217e-03
   2.2437082e-01   1.4132054e-01   6.2115535e-01   1.6981461e-03   4.3256611e-03   1.6898151e-03
   2.1486643e-01   1.3147995e-01   5.8926197e-01   1.3369463e-03   4.3527521e-03   1.7579055e-03
   2.2497766e-01   1.3002047e-01   6.0445163e-01   1.1273741e-03   4.4661308e-03   1.6348575e-03
   2.2140773e-01   1.5066645e-01   5.6294993e-01   1.6872681e-03   4.2674318e-03   1.6644184e-03
   2.2493895e-01   1.3741100e-01   5.8713012e-01   1.5061815e-03   4.2646567e-03   1.5540352e-03
   2.3169707e-01   1.6462914e-01   5.4544593e-01   2.3806022e-03   4.4616828e-03   1.6105154e-03
   2.2132800e-01   1.6907437e-01   5.2690647e-01   3.1244727e-03   4.6396734e-03   1.6261751e-03
   2.2086779e-01   1.8584090e-01   5.5513504e-01   3.5462784e-03   4.2091673e-03   1.5619348e-03
   2.1461695e-01   1.4401788e-01   5.8495550e-01   2.1844588e-03   4.2249742e-03   1.3110537e-03
   2.1498129e-01   1.6056976e-01   5.8229546e-01   2.7493965e-03   4.0218054e-03   1.3150872e-03
   2.2260221e-01   1.4461659e-01   5.7996720e-01   2.2360219e-03   4.3908953e-03   1.0346788e-03
   2.2498826e-01   1.5850315e-01   5.4782149e-01   2.8800309e-03   4.5881385e-03   1.1771523e-03
   2.3250715e-01   1.4888593e-01   5.7567138e-01   2.7809114e-03   4.8445602e-03   1.2203992e-03
   2.2001905e-01   1.5527832e-01   5.1287910e-01   2.6224147e-03   4.7005530e-03   1.1235263e-03
   2.2637536e-01   1.6907743e-01   5.5930972e-01   3.1731290e-03   4.6731665e-03   1.1616535e-03
   2.1927861e-01   1.7913768e-01   5.8536716e-01   3.4880715e-03   4.5595465e-03   1.3220254e-03
   2.1982207e-01   1.8652134e-01   5.8491511e-01   3.9683297e-03   4.5752489e-03   1.4249806e-03
   1.9765743e-01   1.7540517e-01   5.5154714e-01   3.3747026e-03   4.2037039e-03   8.9726800e-04
   2.1890784e-01   1.8101775e-01   5.6476270e-01   3.3035249e-03   4.6136029e-03   8.6104273e-04
   2.1229076e-01   1.9420910e-01   5.9219661e-01   3.6494423e-03   4.3374338e-03   1.1004253e-03
   2.0323515e-01   1.6294688e-01   6.2585274e-01   2.9291861e-03   4.2081992e-03   1.0777837e-03
   2.0740409e-01   1.7415754e-01   6.1693242e-01   3.4913261e-03   4.3392969e-03   1.3129016e-03
   2.0023430e-01   1.5895345e-01   6.2051609e-01   2.9036392e-03   4.5502338e-03   1.0902883e-03
   2.0428615e-01   1.8418953e-01   6.1840970e-01   3.7628250e-03   4.3571577e-03   1.3358757e-03
   2.1456138e-01   1.8524109e-01   6.2900390e-01   3.7412995e-03   4.4544717e-03   1.1224133e-03
   2.1541981e-01   1.9107781e-01   6.0512026e-01   3.6183803e-03   4.7729713e-03   1.1818467e-03
   2.0975313e-01   1.8730938e-01   6.1651042e-01   3.6508080e-03   4.7321624e-03   1.1208149e-03
   2.1460868e-01   1.9455731e-01   6.3816526e-01   4.0286652e-03   4.5820656e-03   1.1022744e-03
   2.1529689e-01   1.8579734e-01   6.2981008e-01   3.9322538e-03   4.7429628e-03   1.2287328e-03
   2.2106855e-01   1.6852858e-01   6.4672958e-01   3.2901506e-03   4.9028182e-03   1.0909102e-03
   2.2401016e-01   1.8807942e-01   5.9303966e-01   3.6605506e-03   5.2585012e-03   1.0749391e-03
   2.2730075e-01   1.9892534e-01   6.0274950e-01   3.6684869e-03   5.2149754e-03   1.0069139e-03
   2.2927146e-01   2.0455305e-01   5.8800544e-01   3.4934600e-03   5.1952052e-03   1.1966538e-03
   2.2135589e-01   2.0609524e-01   6.2848565e-01   3.5813036e-03   5.0711574e-03   9.6486687e-04
   2.1652823e-01   1.9497443e-01   6.3104832e-01   3.8042723e-03   4.8455551e-03   1.2730018e-03
   2.2794366e-01   1.7434148e-01   6.8434533e-01   3.8150076e-03   5.0431358e-03   1.0701304e-03
   2.3372435e-01   1.8348975e-01   6.7100777e-01   4.1856349e-03   5.0109454e-03   1.1375130e-03
   2.4302517e-01   1.8118957e-01   7.1041667e-01   4.0453211e-03   4.8679747e-03   9.6007812e-04
   2.4153552e-01   1.8086317e-01   6.9439797e-01   3.8642891e-03   4.9782331e-03   1.0633638e-03
   2.4250361e-01   1.4603006e-01   7.3620006e-01   2.9921671e-03   4.8929357e-03   9.9970541e-04
   2.3745392e-01   1.6426383e-01   7.2314993e-01   3.6056852e-03   4.7857499e-03   1.0896635e-03
   2.1457234e-01   1.3015045e-01   8.2351480e-01   2.7727212e-03   3.7982339e-03   4.5185161e-04
   1.7643115e-01   1.8381441e-01   4.8412495e-01   2.4574861e-03   4.1662860e-03   1.0782936e-04
   1.6418016e-01   1.6650232e-01   5.2838958e-01   1.8920374e-03   4.3550326e-03  -8.6272023e-04
   1.7025681e-01   1.9683088e-01   5.4962233e-01   3.0205240e-03   4.0808078e-03  -7.2794663e-04
   1.8496864e-01   1.9649393e-01   5.8585447e-01   2.8265338e-03   4.3923750e-03  -5.7759461e-04
   1.8547871e-01   2.1020914e-01   6.1672002e-01   3.4113371e-03   4.1641171e-03  -5.1994327e-04
   1.8598083e-01   1.9579219e-01   6.0400138e-01   3.0116580e-03   4.1374751e-03  -4.3128215e-04
   1.9121713e-01   1.7755802e-01   6.4664447e-01   2.3485486e-03   4.4794277e-03  -6.4000631e-04
   1.9027227e-01   1.9456049e-01   6.2378712e-01   3.1424341e-03   4.1226423e-03  -2.9301432e-04
   1.9577672e-01   1.5390737e-01   6.8289983e-01   2.2265572e-03   4.3610741e-03  -6.4139230e-04
   1.9428482e-01   1.8632424e-01   6.4465413e-01   2.8804848e-03   4.1445657e-03  -3.8729380e-04
   1.9970270e-01   1.6095981e-01   6.7548779e-01   2.1267342e-03   4.4145544e-03  -6.2409204e-04
   1.9739320e-01   2.0456494e-01   6.6842604e-01   3.2821289e-03   4.3917863e-03  -2.6153065e-04
   2.0049814e-01   2.1127553e-01   7.2377100e-01   3.4048059e-03   4.3153829e-03  -1.5377046e-04
   1.9828045e-01   1.8720913e-01   7.4871336e-01   2.6551994e-03   4.2842759e-03  -2.0892474e-04
   2.0175708e-01   2.0431394e-01   7.1879145e-01   3.3032971e-03   4.1581204e-03  -2.6935752e-05
   2.2402752e-01   1.7916598e-01   7.6011655e-01   2.5838537e-03   4.4005231e-03   1.2080926e-05
   2.2022373e-01   1.8025524e-01   7.6468955e-01   2.8751121e-03   4.3051635e-03   3.1779645e-04
   2.2764662e-01   1.4714257e-01   7.6890952e-01   1.9509132e-03   4.5974383e-03   3.3712507e-04
   2.2732871e-01   1.7405914e-01   7.6661175e-01   2.6579123e-03   4.3517446e-03   5.4173541e-04
   2.3575984e-01   1.6058443e-01   7.4564843e-01   2.2116800e-03   4.5277777e-03   7.1674997e-04
   2.3232598e-01   1.7994415e-01   7.8612569e-01   2.8157828e-03   4.2911662e-03   6.4387224e-04
   2.3536553e-01   1.7500025e-01   7.4425464e-01   2.6259382e-03   4.4113569e-03   8.0565651e-04
   2.3753212e-01   1.6541675e-01   7.8638709e-01   2.5172819e-03   4.5441599e-03   8.1253974e-04
   2.3099352e-01   1.6752998e-01   7.4541234e-01   2.5298166e-03   4.4400333e-03   7.7497014e-04
   2.3562218e-01   1.5181804e-01   7.7864546e-01   2.2185329e-03   4.4827406e-03   6.5110446e-04
   2.3415929e-01   1.7634700e-01   7.3369787e-01   2.7660340e-03   4.5212927e-03   7.7664603e-04
   2.3761316e-01   1.5735394e-01   7.5735988e-01   2.1308477e-03   4.4394913e-03   4.7704459e-04
   2.3079842e-01   2.1524995e-01   7.4048021e-01   3.4512057e-03   4.2475357e-03   7.2129891e-04
   2.3284207e-01   1.9870603e-01   7.7285026e-01   2.3388520e-03   4.3842771e-03   4.9408451e-04
   2.2608288e-01   2.3060958e-01   7.8140869e-01   3.5426152e-03   4.2699281e-03   9.2862299e-04
   2.3003516e-01   1.6219083e-01   7.9393565e-01   1.8129391e-03   4.4051124e-03   7.0422222e-04
   2.2854067e-01   1.9594899e-01   7.4212981e-01   2.8346303e-03   4.2704978e-03   9.4090601e-04
   2.3202398e-01   1.9000265e-01   7.7217792e-01   2.6147747e-03   4.3828919e-03   7.9553712e-04
   2.3226061e-01   2.1664206e-01   7.3165660e-01   3.0205624e-03   4.3376565e-03   9.1600858e-04
   2.2805668e-01   2.0761185e-01   8.0926777e-01   2.6310008e-03   4.3568551e-03   6.3114447e-04
   2.1822545e-01   2.1498656e-01   7.7606565e-01   3.0849694e-03   4.1388355e-03   9.4268716e-04
   2.2993515e-01   1.9811489e-01   8.2984314e-01   3.0031398e-03   4.3381546e-03   8.0918294e-04
   2.3069655e-01   1.8417997e-01   7.8500620e-01   2.6581706e-03   4.4325738e-03   9.0081506e-04
   2.3171234e-01   1.9080998e-01   8.1529399e-01   3.0416146e-03   4.1717095e-03   9.5667809e-04
   2.2714373e-01   2.0865591e-01   7.9133916e-01   3.2513160e-03   4.1925356e-03   1.2066263e-03
   2.2895522e-01   2.0790212e-01   8.2804195e-01   3.2033677e-03   4.0708611e-03   1.0945065e-03
   2.2613790e-01   2.0551338e-01   7.8158942e-01   2.9755918e-03   4.1014788e-03   1.1741425e-03
   2.3009451e-01   1.8624066e-01   8.3543702e-01   2.7595053e-03   4.0077715e-03   9.8942685e-04
   2.3181395e-01   1.9225618e-01   7.8685911e-01   2.8139254e-03   4.1847966e-03   1.0746558e-03
   2.3514542e-01   1.8136590e-01   8.3697863e-01   2.6341232e-03   4.1512832e-03   9.7075418e-04
   2.2826201e-01   1.9403072e-01   7.8539216e-01   2.7198483e-03   4.1309142e-03   9.3390315e-04
   2.3015978e-01   2.0557106e-01   8.3319329e-01   3.3350557e-03   4.0301457e-03   9.8070037e-04
   2.3153410e-01   1.9665841e-01   8.0996148e-01   2.9385854e-03   4.1782343e-03   1.0170005e-03
   2.3399372e-01   1.9448600e-01   8.4049848e-01   3.3362399e-03   4.2166677e-03   1.1038625e-03
   2.3290345e-01   1.6605876e-01   8.1571793e-01   2.1135173e-03   4.3686085e-03   9.5362995e-04
   2.3043841e-01   2.2093946e-01   8.1229767e-01   3.5509761e-03   4.1331335e-03   1.1359948e-03
   2.2794030e-01   1.8767895e-01   8.2729348e-01   2.6750136e-03   4.4282201e-03   1.0264546e-03
   2.2680660e-01   2.1575659e-01   8.3392869e-01   3.7696178e-03   4.2588419e-03   1.0756405e-03
   2.2646473e-01   1.9685523e-01   8.2309476e-01   2.9513049e-03   3.9682488e-03   9.6102116e-04
   2.3597161e-01   2.0242205e-01   8.6934106e-01   3.6347113e-03   4.1323347e-03   1.1089422e-03
   2.3544807e-01   1.9973443e-01   8.3352214e-01   3.3417552e-03   4.0831497e-03   1.2015460e-03
   2.3036443e-01   1.9645659e-01   8.7924132e-01   3.3903193e-03   4.1665311e-03   1.0975707e-03
   2.3251336e-01   1.8971297e-01   8.3568802e-01   3.2265945e-03   4.4516470e-03   1.2471978e-03
   2.3315647e-01   1.7958299e-01   8.7137470e-01   2.7557168e-03   4.2843275e-03   9.2724647e-04
   2.3084734e-01   2.0636989e-01   8.0045114e-01   2.8625690e-03   4.5741662e-03   9.3776209e-04
   2.3599286e-01   2.0185638e-01   8.3004908e-01   3.2592724e-03   4.4525511e-03   1.1592222e-03
   2.3609397e-01   2.0539175e-01   8.0456250e-01   2.7111925e-03   4.3332113e-03   1.0426828e-03
   2.3670319e-01   2.3166526e-01   8.4845275e-01   3.6792650e-03   3.9639756e-03   1.1895868e-03
   2.4035131e-01   2.0708892e-01   8.7657389e-01   3.0061884e-03   4.0024673e-03   1.1497895e-03
   2.3462801e-01   2.1136215e-01   8.7010508e-01   3.6210021e-03   4.1645506e-03   1.2719653e-03
   2.2298158e-01   1.9395071e-01   8.6411194e-01   2.7588159e-03   3.9143108e-03   8.8685842e-04
   2.1438923e-01   2.2156304e-01   8.3288107e-01   3.1173364e-03   3.5588925e-03   1.0065406e-03
   2.2843761e-01   1.6038751e-01   9.4976515e-01   2.1088647e-03   3.8797650e-03   6.6662068e-04
   1.9309308e-01   2.1089410e-01   8.3376586e-01   3.3354282e-03   3.2218696e-03   6.1369134e-04
   1.9017084e-01   2.2999296e-01   8.4554182e-01   3.8584129e-03   3.0736133e-03   5.3351501e-04
   1.9020035e-01   2.2855136e-01   8.6925580e-01   3.5361456e-03   2.9770455e-03   4.7907482e-04
   1.7914638e-01   2.3964108e-01   8.8043668e-01   4.0077560e-03   2.6285509e-03   5.6861377e-04
   1.8701543e-01   2.1339035e-01   9.4045273e-01   3.5271862e-03   2.6275421e-03   4.6093221e-04
   1.6775194e-01   2.3422038e-01   8.8857824e-01   4.2278277e-03   1.9537813e-03   7.4881926e-04
   1.7380422e-01   2.3622285e-01   9.3173284e-01   4.7691386e-03   1.9597299e-03   8.5669361e-04
   1.6922509e-01   2.0446976e-01   9.6107679e-01   3.7872225e-03   1.8889395e-03   5.3169049e-04
   1.7056287e-01   2.4349792e-01   9.0627529e-01   4.6071956e-03   2.0227174e-03   6.7363384e-04
   1.6719642e-01   2.4229115e-01   9.5297964e-01   4.6366560e-03   1.8505413e-03   6.7573393e-04
   1.6451307e-01   2.4277994e-01   9.4318133e-01   4.5013921e-03   1.8189323e-03   5.9442987e-04
   1.6617588e-01   2.4873002e-01   9.4254290e-01   5.0353881e-03   2.1249250e-03   6.2298693e-04
   1.7039813e-01   2.0755488e-01   9.9545447e-01   3.8492904e-03   2.0363458e-03   4.6349885e-04
   1.6044528e-01   2.6329906e-01   8.9353093e-01   4.8034351e-03   1.9446933e-03   4.4426555e-04
   1.6507163e-01   2.5384241e-01   9.2685227e-01   4.4182867e-03   2.0752819e-03   4.3617061e-04
   1.6396269e-01   2.4628930e-01   9.1154324e-01   4.4508877e-03   2.0558128e-03   5.8189787e-04
   1.6996650e-01   2.4730558e-01   9.0884737e-01   4.6888179e-03   2.2069025e-03   6.5831379e-04
   1.7234191e-01   2.2748573e-01   9.0169114e-01   3.9588833e-03   2.2820503e-03   5.7079743e-04
   1.7251455e-01   2.6044776e-01   9.1562663e-01   4.8890351e-03   2.2814767e-03   7.1942825e-04
   1.7136429e-01   2.2444338e-01   9.5792164e-01   3.7196770e-03   2.1719169e-03   4.7476001e-04
   1.7054532e-01   2.3170161e-01   8.9036068e-01   4.1356355e-03   2.1427641e-03   5.9910503e-04
   1.8091834e-01   2.3916430e-01   9.2601270e-01   4.1929877e-03   2.0899433e-03   5.8216509e-04
   1.8278867e-01   2.3816307e-01   9.1417651e-01   3.6899543e-03   2.1228727e-03   5.4857523e-04
   1.8810949e-01   2.7341571e-01   9.2767569e-01   4.7089382e-03   2.0561992e-03   5.7546157e-04
   1.8694482e-01   2.3959203e-01   9.8639711e-01   3.9369307e-03   2.1473804e-03   5.1750497e-04
   1.8824946e-01   2.5713065e-01   9.5024580e-01   4.7620686e-03   2.1119509e-03   7.5024379e-04
   1.8945677e-01   2.4124977e-01   9.5022328e-01   4.1808916e-03   2.2945619e-03   5.9322333e-04
   1.8973227e-01   2.7753717e-01   9.0598872e-01   4.7195826e-03   2.2409173e-03   8.7866302e-04
   1.9239746e-01   2.6349135e-01   9.8529952e-01   4.1909404e-03   2.1379355e-03   5.3335075e-04
   1.8667762e-01   2.6887685e-01   9.4802584e-01   4.9171614e-03   2.2594654e-03   7.4476324e-04
   1.8988872e-01   2.0932882e-01   1.0024646e+00   3.8056242e-03   2.2243647e-03   6.5636789e-04
   1.8672289e-01   2.3338591e-01   9.3558086e-01   4.5190776e-03   2.3698186e-03   8.5671445e-04
   1.9072921e-01   2.2246946e-01   9.5784663e-01   4.3110592e-03   2.3765287e-03   7.5626826e-04
   1.8807237e-01   2.2056470e-01   9.4026648e-01   3.6703098e-03   2.3655348e-03   6.7347433e-04
   1.8537460e-01   2.5831600e-01   9.2283500e-01   4.6587666e-03   2.3090250e-03   7.9812904e-04
   1.8674309e-01   2.1790662e-01   1.0164698e+00   3.6860027e-03   2.3503010e-03   3.2017228e-04
   1.7205360e-01   2.4460141e-01   8.9309281e-01   3.7943178e-03   2.3033551e-03   5.8232959e-04
   1.7609955e-01   2.6363488e-01   9.1151257e-01   4.4982430e-03   2.2574729e-03   6.1136310e-04
   1.8216025e-01   2.6792374e-01   9.4062454e-01   3.9286883e-03   2.2258021e-03   4.4226334e-04
   1.6710318e-01   2.8254098e-01   9.1444444e-01   4.8964024e-03   1.9451746e-03   5.5230833e-04
   1.6896137e-01   2.3042113e-01   9.8055478e-01   3.8796459e-03   1.9674120e-03   5.1188565e-04
   1.6352333e-01   2.4635490e-01   9.3347976e-01   4.1320489e-03   1.8065736e-03   6.9537916e-04
   1.7064742e-01   2.1263092e-01   9.8735869e-01   3.5753318e-03   1.9883594e-03   7.4954657e-04
   1.7318435e-01   2.3755166e-01   9.3308406e-01   3.9222452e-03   1.9740065e-03   8.2883836e-04
   1.7515789e-01   2.3664104e-01   9.8246929e-01   3.6534739e-03   1.7415563e-03   7.6646977e-04
   1.6120473e-01   1.8184675e-01   9.9176607e-01   2.5772210e-03   1.5888758e-03   6.0473944e-04
   1.4766803e-01   2.4277461e-01   8.9818676e-01   3.8304168e-03   9.8121665e-04   1.0871273e-03
   1.6320102e-01   2.2479284e-01   9.6982389e-01   3.4054742e-03   1.2294906e-03   8.7018590e-04
   1.5213541e-01   2.6731450e-01   9.2358330e-01   3.9373352e-03   7.0361714e-04   9.7370178e-04
   1.6093297e-01   2.4881292e-01   1.0113052e+00   3.4199318e-03   6.9177875e-04   7.6162151e-04
   1.5198843e-01   2.5843878e-01   9.4706309e-01   3.7349166e-03   8.2733487e-04   8.7749977e-04
   1.5262313e-01   2.2401746e-01   1.0114829e+00   3.1960860e-03   7.0955656e-04   7.3128664e-04
   1.5099051e-01   2.1521996e-01   9.6575141e-01   3.0140664e-03   4.1049516e-04   8.0719409e-04
   1.5677338e-01   2.0821348e-01   1.0114869e+00   3.0569234e-03   6.5274918e-04   7.4152697e-04
   1.4426381e-01   2.0525042e-01   9.8387348e-01   2.7863964e-03   6.4679854e-04   8.8709775e-04
   1.4553712e-01   2.0451616e-01   1.0205311e+00   2.9345715e-03   4.1816494e-04   9.8171168e-04
   1.4783031e-01   2.0316125e-01   9.8594482e-01   2.5860680e-03   6.1194237e-04   9.5060068e-04
   1.5582577e-01   2.2421834e-01   9.9887339e-01   3.3202035e-03   6.1499829e-04   9.7543686e-04
   1.4933049e-01   2.0247257e-01   1.0181509e+00   2.2968885e-03   4.6019763e-04   7.9155854e-04
   1.5263402e-01   2.4338044e-01   1.0019640e+00   3.3468294e-03   5.9161727e-04   9.5117465e-04
   1.5190892e-01   2.0647614e-01   1.0406290e+00   2.4236359e-03   6.1452058e-04   7.4364375e-04
   1.5214968e-01   2.2199202e-01   1.0120229e+00   3.1455904e-03   6.4819900e-04   1.0228281e-03
   1.6133037e-01   2.0891438e-01   1.0658595e+00   2.7994009e-03   7.7199500e-04   8.6109177e-04
   1.5167748e-01   2.2213278e-01   1.0083778e+00   2.7347782e-03   6.5059864e-04   1.0897778e-03
   1.6111674e-01   2.3127506e-01   1.0615754e+00   3.2888256e-03   6.9662330e-04   1.0727585e-03
   1.5790714e-01   2.0220869e-01   1.0685370e+00   1.9992738e-03   5.4945832e-04   8.5961119e-04
   1.6245837e-01   2.1698203e-01   1.0161297e+00   2.7677957e-03   7.8857062e-04   1.2608264e-03
   1.7016077e-01   1.7611880e-01   1.0599059e+00   1.8560889e-03   7.8477904e-04   1.0826378e-03
   1.5806734e-01   2.2894937e-01   9.8801587e-01   2.7691962e-03   6.1584753e-04   1.3854517e-03
   1.5744665e-01   2.2165366e-01   1.0739244e+00   2.4149992e-03   3.6394302e-04   1.0117571e-03
   1.5838650e-01   2.3376083e-01   1.0207245e+00   2.7239797e-03   5.1334801e-04   1.3114644e-03
   1.6620571e-01   2.1306041e-01   1.0624792e+00   2.6955133e-03   6.8791346e-04   1.2854117e-03
   1.6159006e-01   2.1038503e-01   1.0532564e+00   2.2337679e-03   5.2263736e-04   1.2827762e-03
   1.6447125e-01   2.0662351e-01   1.0539637e+00   2.5992148e-03   6.9969158e-04   1.5302672e-03
   1.7013211e-01   1.8643874e-01   1.0648100e+00   1.8285773e-03   5.1394751e-04   1.6492448e-03
   1.7383626e-01   2.1791463e-01   1.0271760e+00   2.7607657e-03   6.5255579e-04   1.8208899e-03
   1.8138488e-01   1.6650316e-01   1.0662283e+00   1.3294559e-03   6.1969245e-04   1.7541889e-03
   1.7938021e-01   2.0386198e-01   9.9231088e-01   2.1424725e-03   8.6496011e-04   2.0362671e-03
   1.7404307e-01   1.8737326e-01   1.0312757e+00   1.5724803e-03   6.4471995e-04   1.6141872e-03
   1.7393907e-01   2.3888878e-01   9.8865092e-01   2.6544983e-03   7.5967772e-04   1.7913752e-03
   1.7755633e-01   1.9739875e-01   1.0569575e+00   1.6551546e-03   5.9137316e-04   1.6006766e-03
   1.7060268e-01   2.0353328e-01   9.7628415e-01   1.8295698e-03   5.6307972e-04   1.8877243e-03
   1.7127819e-01   2.0462371e-01   1.0141135e+00   2.1927828e-03   4.8445082e-04   1.8326617e-03
   1.7054450e-01   1.8827650e-01   9.9508299e-01   1.4164317e-03   6.1296767e-04   1.7856142e-03
   1.6441882e-01   2.1868891e-01   9.6989958e-01   2.6366616e-03   7.6537618e-04   2.0550875e-03
   1.5586669e-01   2.0822265e-01   1.0157654e+00   2.5790455e-03   6.4854743e-04   1.5586480e-03
   1.6103496e-01   2.3110410e-01   9.7537552e-01   2.7954838e-03   7.6963199e-04   1.8090979e-03
   1.6289389e-01   2.0614443e-01   1.0493496e+00   2.4291349e-03   6.0363322e-04   1.3631980e-03
   1.6077789e-01   1.5567289e-01   1.0688588e+00   1.8715224e-03   4.4636258e-04   1.2621450e-03
   1.6234156e-01   2.0031419e-01   9.2909291e-01   2.1373572e-03   5.9340078e-04   1.8463944e-03
   1.7059997e-01   2.6224636e-01   9.6017914e-01   3.4605373e-03   7.2145859e-04   1.9168342e-03
   1.6126647e-01   2.4692665e-01   1.0178554e+00   3.3504515e-03   6.1258993e-04   1.7765790e-03
   1.5613103e-01   2.4743627e-01   1.0356093e+00   3.5657503e-03   6.1270157e-04   1.6779204e-03
   1.5876639e-01   1.9376545e-01   1.0924005e+00   2.2721567e-03   5.9604826e-04   1.2986170e-03
   1.5078382e-01   2.0846174e-01   1.0303378e+00   2.5217914e-03   4.4421454e-04   1.4314181e-03
   1.5024142e-01   1.9172459e-01   1.0431843e+00   2.1618135e-03   5.4705929e-04   1.1260821e-03
   1.4926200e-01   1.7570869e-01   1.0225628e+00   1.4817188e-03   4.8094380e-04   1.1627157e-03
   1.4462434e-01   2.2030516e-01   1.0543710e+00   2.8270828e-03   5.0343344e-04   1.1788579e-03
   1.3869250e-01   2.0433304e-01   1.0510440e+00   2.2221428e-03   2.7749225e-04   9.6546665e-04
   1.3040779e-01   2.4909702e-01   9.9789098e-01   3.2856837e-03   3.3482317e-04   1.1474862e-03
   1.2768556e-01   2.4320811e-01   1.0107599e+00   3.0986109e-03   2.3276206e-04   1.2992933e-03
   1.3548003e-01   2.4816436e-01   1.0128625e+00   3.0049923e-03   4.0787571e-04   1.3230943e-03
   1.3442825e-01   2.3580222e-01   1.0120180e+00   2.7396155e-03   3.4085321e-04   1.2225270e-03
   1.4974594e-01   1.9163743e-01   1.0572042e+00   1.7896683e-03   6.6716021e-04   1.2466191e-03
   1.5129718e-01   2.1142395e-01   9.9154322e-01   2.1246521e-03   7.1898388e-04   1.4087445e-03
   1.4679256e-01   2.1915118e-01   9.6817476e-01   2.2079012e-03   5.5340507e-04   1.3761412e-03
   1.4684705e-01   2.1513826e-01   9.8636475e-01   1.8496919e-03   5.9040948e-04   1.3792819e-03
   1.5421872e-01   2.1299214e-01   9.8498889e-01   1.7650654e-03   8.4965633e-04   1.5170141e-03
   1.5009019e-01   2.3354329e-01   9.5165846e-01   2.0884109e-03   8.4250889e-04   1.5191432e-03
   1.6351799e-01   1.8962148e-01   1.0282027e+00   9.6752098e-04   9.9446237e-04   1.3985843e-03
   1.6101048e-01   2.1477901e-01   9.4976228e-01   1.3864418e-03   1.0065068e-03   1.5162009e-03
   1.6252793e-01   2.2087403e-01   9.7341386e-01   1.6945616e-03   1.0525799e-03   1.3125855e-03
   1.7051922e-01   1.9547210e-01   9.8553128e-01   7.1777759e-04   1.0644360e-03   1.3454054e-03
   1.6125949e-01   2.3498324e-01   9.5277085e-01   1.9607746e-03   9.3377961e-04   1.4295221e-03
   1.6810051e-01   1.9002965e-01   9.9288291e-01   6.9240425e-04   8.6204505e-04   1.2651167e-03
   1.5603308e-01   2.1585430e-01   9.2199242e-01   1.3189418e-03   1.0307833e-03   1.2185770e-03
   1.6197578e-01   1.9401681e-01   9.6318615e-01   8.3634274e-04   9.2244741e-04   1.1129675e-03
   1.5924877e-01   2.2438195e-01   8.7945652e-01   9.4766845e-04   1.0727409e-03   1.2578776e-03
   1.5553872e-01   2.2754038e-01   9.5055348e-01   1.3220666e-03   9.2105982e-04   1.1117339e-03
   1.5709651e-01   2.2868043e-01   9.4387797e-01   1.3369352e-03   9.3362758e-04   1.3062447e-03
   1.5878880e-01   2.0487704e-01   9.7272389e-01   1.1691568e-03   9.9635857e-04   1.4047663e-03
   1.5876728e-01   2.1839999e-01   9.3484888e-01   1.3442494e-03   1.0092143e-03   1.5251273e-03
   1.5148717e-01   2.0815321e-01   9.8097853e-01   1.1435752e-03   8.2624236e-04   1.3291287e-03
   1.5137486e-01   2.1783511e-01   9.3612695e-01   1.1873162e-03   9.0368495e-04   1.4504105e-03
   1.6077678e-01   2.0043610e-01   9.8867379e-01   1.0314285e-03   9.2029544e-04   1.4611387e-03
   1.5888658e-01   2.1518117e-01   9.4702621e-01   1.1659039e-03   1.1128620e-03   1.4933735e-03
