6.3464e-08
4.4779e-07
1.2579e-05
4.019e-05
6.9857e-05
8.0795e-05
8.1879e-05
8.3701e-05
7.9826e-05
7.8862e-05
7.3121e-05
5.4608e-05
4.5355e-05
5.5251e-05
7.0471e-05
7.1836e-05
6.939e-05
7.5624e-05
7.0793e-05
6.0567e-05
5.4253e-05
4.4869e-05
4.2821e-05
5.497e-05
7.8447e-05
8.3549e-05
7.4757e-05
6.8639e-05
7.242e-05
8.3308e-05
8.2532e-05
6.9033e-05
5.9271e-05
5.0915e-05
4.8923e-05
5.2088e-05
6.0629e-05
6.7327e-05
7.0364e-05
7.4128e-05
6.9217e-05
6.2113e-05
5.517e-05
6.0226e-05
6.569e-05
5.8113e-05
5.3526e-05
5.766e-05
6.6282e-05
6.5827e-05
7.1051e-05
6.7795e-05
6.4234e-05
6.7546e-05
7.0168e-05
6.3659e-05
5.6137e-05
5.854e-05
6.3639e-05
7.3956e-05
8.0725e-05
6.9668e-05
6.7613e-05
7.8169e-05
7.7639e-05
7.4137e-05
7.848e-05
7.1942e-05
5.6265e-05
5.0643e-05
4.8442e-05
5.9625e-05
6.4099e-05
5.9488e-05
5.9285e-05
7.0321e-05
7.9461e-05
8.6767e-05
7.9665e-05
5.4405e-05
5.2311e-05
6.2679e-05
5.7775e-05
5.9307e-05
7.2234e-05
8.738e-05
8.5655e-05
6.1707e-05
3.4855e-05
3.1678e-05
4.1838e-05
5.4147e-05
6.4507e-05
6.7866e-05
7.6208e-05
7.8043e-05
7.5027e-05
7.8954e-05
8.258e-05
7.8857e-05
7.6576e-05
8.1945e-05
8.3734e-05
7.8794e-05
7.2204e-05
6.8961e-05
6.2689e-05
5.4673e-05
5.0013e-05
5.3822e-05
5.2587e-05
4.684e-05
5.1402e-05
5.9275e-05
7.4304e-05
7.8565e-05
6.1858e-05
4.9618e-05
5.9772e-05
7.6923e-05
8.0621e-05
8.7185e-05
8.3225e-05
6.7044e-05
5.5751e-05
5.3938e-05
6.3966e-05
7.6199e-05
7.4986e-05
7.5782e-05
7.2388e-05
7.0825e-05
6.0235e-05
4.2666e-05
4.5053e-05
5.2067e-05
4.9725e-05
5.3523e-05
5.0679e-05
5.1473e-05
5.9512e-05
6.3665e-05
7.2761e-05
8.6582e-05
9.5534e-05
9.1632e-05
7.9075e-05
6.1648e-05
5.2865e-05
5.7302e-05
6.6349e-05
6.6151e-05
5.9467e-05
5.6581e-05
5.8853e-05
6.514e-05
7.211e-05
7.4562e-05
8.0988e-05
8.4274e-05
7.5561e-05
6.1488e-05
5.9091e-05
5.4208e-05
4.4619e-05
5.0732e-05
6.1569e-05
5.8813e-05
6.1899e-05
7.2864e-05
7.5866e-05
7.0702e-05
6.4995e-05
6.6095e-05
6.2909e-05
6.3776e-05
7.1007e-05
8.3939e-05
8.7946e-05
8.0791e-05
7.6765e-05
7.9563e-05
7.7361e-05
7.158e-05
7.4713e-05
7.6164e-05
7.1478e-05
6.974e-05
7.8492e-05
8.5527e-05
7.4455e-05
6.4759e-05
6.1463e-05
5.1527e-05
4.7147e-05
4.6829e-05
5.1902e-05
5.81e-05
5.9356e-05
7.3535e-05
7.7139e-05
7.5533e-05
8.1666e-05
8.4042e-05
7.5562e-05
7.103e-05
6.8825e-05
6.5083e-05
6.1446e-05
5.7616e-05
6.4964e-05
6.2667e-05
4.8489e-05
5.057e-05
5.5729e-05
5.4471e-05
5.462e-05
5.7164e-05
5.5028e-05
5.8808e-05
6.8567e-05
7.1928e-05
6.6983e-05
6.6882e-05
7.1523e-05
7.0439e-05
6.7242e-05
6.5828e-05
7.1939e-05
7.5571e-05
7.3608e-05
6.7422e-05
6.1041e-05
6.1207e-05
6.7477e-05
6.4673e-05
5.699e-05
6.6077e-05
7.5579e-05
7.8495e-05
8.3652e-05
8.4105e-05
6.771e-05
5.6758e-05
5.2223e-05
4.7062e-05
5.5913e-05
7.118e-05
6.9449e-05
6.4252e-05
6.6962e-05
7.528e-05
8.1849e-05
7.4068e-05
7.1651e-05
7.3673e-05
6.7965e-05
6.4717e-05
6.509e-05
6.371e-05
6.1304e-05
6.3964e-05
6.2572e-05
6.2789e-05
7.4382e-05
8.475e-05
8.0297e-05
7.0452e-05
7.0627e-05
7.1045e-05
6.7559e-05
5.394e-05
4.7696e-05
5.2437e-05
5.5992e-05
6.0291e-05
6.0135e-05
4.5039e-05
3.7636e-05
3.889e-05
3.9343e-05
3.5613e-05
2.8923e-05
3.9513e-05
5.6452e-05
6.3746e-05
6.9071e-05
7.9849e-05
9.2621e-05
9.1e-05
7.1675e-05
6.2778e-05
7.1122e-05
7.3433e-05
6.7895e-05
6.4822e-05
6.4445e-05
6.2509e-05
6.2376e-05
6.5541e-05
7.5966e-05
8.1772e-05
7.9716e-05
7.17e-05
6.3088e-05
6.1243e-05
6.163e-05
6.4991e-05
7.2329e-05
7.5055e-05
8.0465e-05
8.1807e-05
7.3601e-05
6.6206e-05
6.7009e-05
7.9712e-05
8.2074e-05
7.4482e-05
6.8714e-05
6.0303e-05
4.5648e-05
4.3943e-05
4.8154e-05
5.2549e-05
5.303e-05
4.862e-05
5.3807e-05
5.7074e-05
5.8287e-05
6.2918e-05
6.6335e-05
7.3434e-05
8.0951e-05
7.3954e-05
6.4878e-05
6.1989e-05
5.5143e-05
5.6789e-05
6.7691e-05
7.3346e-05
6.6985e-05
6.9445e-05
7.1946e-05
6.9166e-05
6.7794e-05
6.2788e-05
5.3463e-05
4.0918e-05
4.7981e-05
6.9118e-05
8.2413e-05
8.1391e-05
7.9918e-05
8.2061e-05
7.0044e-05
5.6829e-05
4.6594e-05
3.7988e-05
4.5824e-05
7.2271e-05
7.6931e-05
8.5129e-05
