-8.8084e-06
0.00015193
0.0014545
0.0036805
0.0046894
0.0041646
0.0036242
0.0032451
0.0032496
0.0037984
0.0040083
0.0035772
0.0045778
0.0058553
0.006019
0.0056402
0.0060652
0.0070684
0.0069564
0.0062151
0.004649
0.0038616
0.0045271
0.0052667
0.0062679
0.0069645
0.0075011
0.00809
0.0086339
0.0084853
0.0071762
0.0058976
0.0055838
0.0051804
0.0052914
0.0059807
0.0058426
0.0052657
0.00568
0.0058031
0.0059305
0.0060353
0.005193
0.0045382
0.0038761
0.0042483
0.0053304
0.005573
0.0048386
0.0045404
0.0050584
0.005486
0.005658
0.0048937
0.0038126
0.003122
0.0041015
0.0056719
0.0064616
0.0064324
0.005856
0.004689
0.0042523
0.0042775
0.0037726
0.0038558
0.0050475
0.0049976
0.004488
0.0046615
0.0044272
0.0042748
0.0045671
0.0049223
0.0042477
0.0039937
0.0044205
0.0042355
0.0028722
0.0018024
0.0020512
0.002845
0.0034782
0.0040939
0.0051868
0.006214
0.0050665
0.0036562
0.003428
0.0033418
0.0039039
0.0061589
0.0069069
0.006553
0.0074215
0.0082877
0.0079873
0.0069153
0.0057286
0.0055579
0.0051836
0.004031
0.0031115
0.0026127
0.0032875
0.0048554
0.005022
0.0047361
0.0047681
0.0044931
0.0036332
0.003552
0.0046809
0.0057446
0.0066962
0.0067489
0.0053493
0.0038772
0.0032533
0.0026647
0.0027691
0.0045736
0.0054122
0.0059192
0.0058541
0.0048389
0.0049728
0.0048424
0.004903
0.0057147
0.0061383
0.0055125
0.0037645
0.0028885
0.0041854
0.0050323
0.0049091
0.0052694
0.004286
0.0041357
0.0057435
0.0062469
0.0061064
0.0064019
0.0064853
0.0057354
0.0047351
0.0044479
0.0038548
0.0034864
0.0029837
0.002447
0.0025023
0.002811
0.0034126
0.0036309
0.0031811
0.0037401
0.0046051
0.0047577
0.0049035
0.0050893
0.0056386
0.006022
0.0057182
0.0046489
0.0033362
0.0023284
0.0028614
0.0034646
0.0037115
0.00395
0.0041413
0.0047177
0.0050983
0.0058118
0.0063032
0.0056796
0.0053677
0.0061123
0.0059528
0.0058963
0.0057804
0.0052982
0.0050542
0.0045015
0.0043402
0.0050285
0.006624
0.0074212
0.0070185
0.006586
0.0056539
0.0045274
0.0048224
0.0053228
0.0056644
0.0058842
0.0056344
0.0054188
0.0049162
0.0056383
0.0061188
0.0051611
0.0041198
0.0039498
0.0036814
0.0040143
0.0049303
0.0050384
0.0053799
0.0051257
0.0048066
0.0052542
0.0052737
0.004838
0.0045956
0.0053938
0.005745
0.0052363
0.0060822
0.0070167
0.0062015
0.0050715
0.0046548
0.004294
0.0044548
0.0057048
0.0060902
0.0060306
0.0064879
0.0064375
0.006189
0.0057688
0.0062575
0.0059847
0.0051542
0.0056971
0.0060068
0.0058077
0.0060235
0.0059146
0.0045668
0.0031733
0.0024112
0.0023473
0.0028919
0.004262
0.0046854
0.00413
0.0050678
0.0069207
0.0071336
0.0063132
0.0063694
0.0060452
0.0053961
0.0046894
0.0045313
0.0046632
0.0043524
0.0040154
0.0032519
0.0033416
0.0039335
0.004434
0.0044193
0.0041068
0.0041359
0.0040908
0.003283
0.0027747
0.0031757
0.0033874
0.0036476
0.0036375
0.0035087
0.0035095
0.0036108
0.0029964
0.0026414
0.002024
0.0026703
0.0044022
0.0051184
0.0060279
0.0071146
0.0073145
0.0072724
0.0067699
0.0053507
0.0045056
0.0045764
0.0048074
0.0048458
0.0044105
0.004545
0.0056616
0.0060845
0.0054692
0.0053827
0.0054724
0.0042655
0.0032508
0.004347
0.005412
0.0053129
0.005815
0.0067098
0.0067489
0.0057383
0.0041488
0.00346
0.0039245
0.0038455
0.0032686
0.0031023
0.0031679
0.0034703
0.002962
0.0027872
0.0045975
0.0047877
0.0048874
0.0056998
0.0058376
0.0050581
0.003867
0.0043092
0.0046544
0.0041605
0.0038518
0.0034907
0.0033891
0.0047162
0.0051555
0.0043275
0.003553
0.0038969
0.0055165
0.0058391
0.005204
0.0040872
0.0040165
0.0042357
0.0037531
0.0030297
0.0023569
0.0029637
0.0046985
0.0058712
0.006154
0.0059641
0.0051352
0.0036997
0.0032444
0.0032815
0.0029663
0.0033052
0.0044356
0.0045865
0.0051583
