6.5412e-08
4.3392e-07
1.2505e-05
4.0077e-05
6.9778e-05
8.0788e-05
8.1869e-05
8.3708e-05
7.9842e-05
7.8864e-05
7.3172e-05
5.4673e-05
4.5354e-05
5.5195e-05
7.0439e-05
7.1854e-05
6.9378e-05
7.5611e-05
7.0839e-05
6.0589e-05
5.4281e-05
4.489e-05
4.2809e-05
5.4896e-05
7.8386e-05
8.357e-05
7.4787e-05
6.8642e-05
7.2385e-05
8.3276e-05
8.257e-05
6.9079e-05
5.9311e-05
5.0944e-05
4.8925e-05
5.2068e-05
6.0593e-05
6.7312e-05
7.0347e-05
7.4125e-05
6.9244e-05
6.2135e-05
5.5183e-05
6.019e-05
6.5706e-05
5.8139e-05
5.3532e-05
5.7625e-05
6.6276e-05
6.5826e-05
7.104e-05
6.7821e-05
6.4227e-05
6.7534e-05
7.017e-05
6.3697e-05
5.6144e-05
5.8525e-05
6.3613e-05
7.391e-05
8.0733e-05
6.9711e-05
6.7581e-05
7.8145e-05
7.7659e-05
7.4137e-05
7.8474e-05
7.2005e-05
5.6305e-05
5.0662e-05
4.8427e-05
5.9576e-05
6.4102e-05
5.9496e-05
5.9263e-05
7.0271e-05
7.9431e-05
8.6741e-05
7.9738e-05
5.4471e-05
5.2271e-05
6.2675e-05
5.7799e-05
5.9278e-05
7.218e-05
8.7344e-05
8.5703e-05
6.1813e-05
3.4916e-05
3.1647e-05
4.1798e-05
5.4095e-05
6.4489e-05
6.7847e-05
7.6185e-05
7.8057e-05
7.5029e-05
7.8934e-05
8.2583e-05
7.8881e-05
7.657e-05
8.1925e-05
8.3736e-05
7.8811e-05
7.2216e-05
6.8973e-05
6.2718e-05
5.4699e-05
5.0014e-05
5.3803e-05
5.2608e-05
4.6836e-05
5.1374e-05
5.9231e-05
7.4249e-05
7.8596e-05
6.1925e-05
4.9626e-05
5.97e-05
7.6886e-05
8.0602e-05
8.716e-05
8.3262e-05
6.7092e-05
5.5767e-05
5.3929e-05
6.391e-05
7.6186e-05
7.499e-05
7.5781e-05
7.2397e-05
7.0831e-05
6.0301e-05
4.2702e-05
4.5018e-05
5.207e-05
4.9726e-05
5.3513e-05
5.0696e-05
5.1441e-05
5.9486e-05
6.364e-05
7.2714e-05
8.6533e-05
9.5531e-05
9.1669e-05
7.9142e-05
6.1709e-05
5.2874e-05
5.7269e-05
6.6328e-05
6.6171e-05
5.9492e-05
5.6581e-05
5.884e-05
6.5109e-05
7.2097e-05
7.4551e-05
8.0966e-05
8.4285e-05
7.5616e-05
6.1521e-05
5.9088e-05
5.4244e-05
4.4629e-05
5.0684e-05
6.1555e-05
5.8829e-05
6.186e-05
7.2837e-05
7.5868e-05
7.0731e-05
6.4998e-05
6.6104e-05
6.2926e-05
6.3766e-05
7.097e-05
8.3902e-05
8.796e-05
8.0823e-05
7.6764e-05
7.9551e-05
7.7377e-05
7.1582e-05
7.4694e-05
7.6177e-05
7.1497e-05
6.9736e-05
7.8458e-05
8.5547e-05
7.4516e-05
6.4774e-05
6.1488e-05
5.156e-05
4.7146e-05
4.6822e-05
5.1867e-05
5.8095e-05
5.9325e-05
7.3485e-05
7.7151e-05
7.5515e-05
8.1637e-05
8.4051e-05
7.5596e-05
7.1033e-05
6.8841e-05
6.5089e-05
6.147e-05
5.7614e-05
6.4937e-05
6.271e-05
4.8511e-05
5.0538e-05
5.5724e-05
5.4475e-05
5.4612e-05
5.7167e-05
5.5039e-05
5.878e-05
6.854e-05
7.1933e-05
6.6999e-05
6.6864e-05
7.1515e-05
7.045e-05
6.7253e-05
6.582e-05
7.1913e-05
7.5572e-05
7.3618e-05
6.7451e-05
6.1055e-05
6.1197e-05
6.7456e-05
6.4707e-05
5.6987e-05
6.6033e-05
7.5562e-05
7.8484e-05
8.3624e-05
8.4134e-05
6.7771e-05
5.6779e-05
5.2248e-05
4.7067e-05
5.585e-05
7.1149e-05
6.9477e-05
6.4262e-05
6.6951e-05
7.525e-05
8.1855e-05
7.4099e-05
7.1634e-05
7.3682e-05
6.7985e-05
6.4721e-05
6.5091e-05
6.3724e-05
6.1304e-05
6.3955e-05
6.2584e-05
6.2765e-05
7.4335e-05
8.4733e-05
8.0336e-05
7.0464e-05
7.0622e-05
7.1048e-05
6.7593e-05
5.399e-05
4.7694e-05
5.2422e-05
5.5984e-05
6.0272e-05
6.0168e-05
4.5096e-05
3.7639e-05
3.8889e-05
3.9342e-05
3.5641e-05
2.8923e-05
3.9447e-05
5.6408e-05
6.3727e-05
6.9047e-05
7.9805e-05
9.2593e-05
9.1045e-05
7.1744e-05
6.2769e-05
7.1095e-05
7.3446e-05
6.7918e-05
6.4825e-05
6.445e-05
6.2511e-05
6.2372e-05
6.5513e-05
7.5929e-05
8.1767e-05
7.9732e-05
7.1733e-05
6.3103e-05
6.1236e-05
6.1626e-05
6.4966e-05
7.231e-05
7.5045e-05
8.0442e-05
8.1828e-05
7.3635e-05
6.6229e-05
6.698e-05
7.9675e-05
8.2092e-05
7.4507e-05
6.873e-05
6.0353e-05
4.5686e-05
4.393e-05
4.8148e-05
5.2538e-05
5.3051e-05
4.8623e-05
5.3786e-05
5.7076e-05
5.8276e-05
6.2906e-05
6.632e-05
7.3393e-05
8.0938e-05
7.3995e-05
6.4889e-05
6.2007e-05
5.5158e-05
5.6757e-05
6.7642e-05
7.3347e-05
6.6995e-05
6.9418e-05
7.1954e-05
6.9172e-05
6.7807e-05
6.2812e-05
5.3512e-05
4.0943e-05
4.7917e-05
6.9054e-05
8.2395e-05
8.1412e-05
7.9906e-05
8.2076e-05
7.0099e-05
5.6865e-05
4.6628e-05
3.8001e-05
4.5742e-05
7.2215e-05
7.6924e-05
8.5149e-05
