-8.6764e-06
0.00014991
0.0014473
0.0036735
0.0046895
0.004167
0.0036257
0.003246
0.0032486
0.0037961
0.0040097
0.0035769
0.0045722
0.0058527
0.00602
0.005641
0.0060615
0.0070664
0.0069583
0.0062189
0.004655
0.0038607
0.0045246
0.0052634
0.0062647
0.0069624
0.0074992
0.0080876
0.0086328
0.0084878
0.0071821
0.0058999
0.0055848
0.0051816
0.0052894
0.005979
0.0058451
0.005266
0.0056782
0.0058036
0.0059291
0.0060369
0.0051961
0.0045403
0.0038776
0.0042445
0.0053277
0.0055742
0.0048416
0.0045392
0.0050567
0.0054845
0.005659
0.0048974
0.0038163
0.003122
0.0040955
0.0056675
0.0064604
0.0064335
0.0058593
0.0046928
0.0042519
0.0042785
0.0037742
0.0038529
0.005044
0.0050006
0.0044877
0.0046618
0.004428
0.004275
0.0045649
0.0049231
0.0042502
0.003993
0.0044191
0.0042387
0.0028775
0.0018039
0.0020485
0.0028426
0.003476
0.0040914
0.0051816
0.0062139
0.005073
0.0036588
0.003428
0.0033422
0.0038983
0.0061514
0.0069085
0.0065521
0.0074173
0.0082866
0.0079901
0.00692
0.0057313
0.0055576
0.0051869
0.0040351
0.003114
0.0026132
0.003282
0.0048518
0.0050233
0.0047364
0.004768
0.0044955
0.0036359
0.0035495
0.0046765
0.0057412
0.0066935
0.0067518
0.0053553
0.003881
0.0032547
0.0026671
0.0027647
0.0045677
0.005411
0.0059171
0.0058573
0.0048408
0.0049716
0.0048439
0.0049006
0.0057122
0.006138
0.0055174
0.0037706
0.0028875
0.0041794
0.0050327
0.004908
0.0052701
0.0042904
0.0041316
0.0057386
0.0062475
0.006106
0.0064008
0.0064862
0.0057395
0.0047371
0.0044491
0.003857
0.0034873
0.0029863
0.0024477
0.0025016
0.0028094
0.0034104
0.0036319
0.0031818
0.0037361
0.0046037
0.0047573
0.0049031
0.0050879
0.0056366
0.0060215
0.005721
0.0046532
0.0033411
0.0023293
0.002858
0.0034638
0.0037103
0.0039497
0.0041396
0.004716
0.0050966
0.0058089
0.0063034
0.0056828
0.005366
0.0061108
0.0059542
0.0058956
0.0057822
0.0052992
0.0050557
0.0045032
0.0043396
0.005024
0.0066185
0.0074213
0.0070203
0.0065877
0.0056588
0.0045291
0.0048198
0.0053218
0.0056627
0.0058847
0.005635
0.0054206
0.0049164
0.0056344
0.0061201
0.0051656
0.0041219
0.0039499
0.0036825
0.0040108
0.0049287
0.0050379
0.005379
0.005128
0.0048059
0.0052529
0.0052746
0.0048399
0.0045946
0.0053903
0.0057464
0.0052366
0.006077
0.0070166
0.0062061
0.0050744
0.0046556
0.0042955
0.0044515
0.005701
0.0060908
0.0060296
0.0064868
0.0064383
0.0061903
0.0057691
0.0062553
0.0059888
0.0051543
0.0056947
0.0060071
0.0058081
0.0060222
0.0059176
0.0045723
0.0031774
0.0024124
0.0023468
0.002888
0.0042576
0.004687
0.0041304
0.0050612
0.006916
0.0071363
0.0063146
0.006369
0.0060476
0.0053983
0.0046917
0.0045303
0.0046639
0.0043533
0.0040178
0.0032537
0.0033397
0.0039315
0.0044328
0.0044205
0.0041073
0.0041356
0.0040921
0.0032866
0.0027742
0.0031745
0.0033865
0.003647
0.0036378
0.0035093
0.0035087
0.0036119
0.0029985
0.0026428
0.0020256
0.0026642
0.0043978
0.0051164
0.0060235
0.0071122
0.0073148
0.0072726
0.0067739
0.0053557
0.0045066
0.0045755
0.0048067
0.0048466
0.004412
0.0045422
0.0056578
0.0060856
0.0054712
0.0053816
0.0054741
0.0042713
0.0032505
0.0043412
0.005411
0.005313
0.0058115
0.0067078
0.0067507
0.0057435
0.0041538
0.0034596
0.003923
0.0038474
0.0032701
0.0031022
0.0031673
0.0034697
0.0029656
0.0027829
0.0045925
0.0047896
0.0048845
0.0056981
0.0058382
0.005063
0.0038686
0.0043062
0.0046553
0.0041622
0.0038526
0.0034925
0.0033867
0.0047112
0.0051574
0.0043306
0.0035549
0.0038919
0.0055123
0.0058403
0.0052075
0.0040902
0.0040148
0.0042365
0.0037552
0.0030328
0.0023577
0.0029587
0.0046925
0.005869
0.0061539
0.0059656
0.0051398
0.003704
0.0032439
0.0032823
0.002967
0.0033016
0.0044331
0.0045855
0.0051589
