   0.0000000e+00   0.0000000e+00   0.0000000e+00   1.3877788e-17   0.0000000e+00  -0.0000000e+00
  -7.0028820e-02   4.6485698e-02   2.4300866e-01  -3.3473805e-04  -4.6025685e-04  -7.5742925e-04
  -7.4539674e-02   5.6850205e-02   2.4379504e-01   8.1797504e-04  -2.6141157e-04  -6.5159875e-04
  -7.7845388e-02   2.9501649e-02   3.1128365e-01  -1.3195946e-04  -4.7849078e-04  -4.9640317e-04
  -7.1331516e-02   6.9953491e-02   2.8718333e-01   8.0118603e-04  -2.8840136e-04  -6.1482715e-04
  -7.0177248e-02   4.7436579e-02   3.2140953e-01   1.4544094e-05  -2.5359817e-04  -5.0333374e-04
  -6.7208186e-02   5.4227656e-02   3.2483205e-01   6.2376595e-04  -1.0546277e-04  -6.5489130e-04
  -6.7616343e-02   5.7485633e-02   3.0111688e-01   3.0238917e-04  -6.4588919e-05  -5.3534170e-04
  -7.4435511e-02   5.5667590e-02   3.5422238e-01   3.4931683e-04  -1.1958494e-04  -6.1179501e-04
  -7.1460209e-02   7.7110497e-02   3.2817700e-01   8.9913602e-04  -3.7954337e-05  -7.3769703e-04
  -7.0572230e-02   2.6987346e-03   3.3601975e-01  -2.3396523e-04  -1.5160429e-04  -7.8238956e-04
  -6.5437994e-02   5.2577917e-02   2.9612270e-01   1.1071124e-03  -2.9595858e-05  -7.9647822e-04
  -6.6806601e-02   2.7433385e-02   2.9631335e-01   1.6264093e-04  -1.0357649e-04  -7.3500396e-04
  -6.7164421e-02   3.1359673e-02   2.8494527e-01   3.8553188e-04  -2.2216731e-04  -5.8220444e-04
  -6.6584765e-02   5.2881698e-02   2.7670400e-01   6.9886575e-04  -1.4288627e-04  -6.9111822e-04
  -6.7266688e-02   4.7460502e-02   2.9232430e-01   3.1792327e-04  -4.0102563e-04  -4.3941102e-04
  -6.1222154e-02   3.9367398e-02   3.4271086e-01   1.7518305e-04  -3.5596900e-04  -4.4299823e-04
  -5.6463095e-02   3.5648135e-02   3.1904367e-01   7.6712066e-05  -3.4728873e-04  -3.9212549e-04
  -5.2053877e-02   5.2750930e-03   3.3504389e-01  -1.7908888e-04  -2.9499420e-04  -3.0587783e-04
  -5.0173598e-02   5.7258468e-03   2.9856663e-01  -4.6981674e-04  -3.8500089e-04  -4.2152825e-04
  -5.1584309e-02  -1.8742085e-02   2.9234306e-01  -1.1538532e-03  -3.6318327e-04  -2.1650299e-04
  -4.6756471e-02  -1.6300221e-02   2.9393540e-01  -7.8187993e-04  -1.6689228e-04  -4.8869448e-04
  -4.7923202e-02   1.4335605e-02   2.6494180e-01  -4.6105876e-04  -2.6053471e-04  -4.4125288e-04
  -5.2604366e-02   1.9929906e-02   2.9703618e-01  -6.1258611e-04  -2.4716092e-04  -4.5653990e-04
  -4.9705155e-02   2.1591133e-02   3.0937300e-01  -5.0455295e-04  -2.0336054e-04  -5.4362722e-04
  -5.2924601e-02   2.7184918e-02   2.6007805e-01  -5.1975363e-04  -1.7726108e-04  -4.0873181e-04
  -5.3630052e-02   1.1893714e-02   3.0558438e-01  -1.0499379e-03  -2.6559453e-04  -4.0084182e-04
  -4.7896026e-02   2.3777908e-02   3.0602071e-01  -6.1963478e-04  -3.7281939e-04  -5.2162907e-04
  -4.9548428e-02   1.1300467e-02   2.7700244e-01  -1.1177747e-03  -2.9556773e-04  -3.6222005e-04
  -5.5768338e-02   2.6302779e-03   2.7478731e-01  -1.4343116e-03  -3.8387153e-04  -3.3946950e-04
  -6.4601522e-02   1.9054410e-02   2.7449015e-01  -1.0064225e-03  -5.7808900e-04  -3.9303200e-04
  -6.7553918e-02   2.1686612e-02   2.5485503e-01  -9.7452418e-04  -7.1689167e-04  -3.7412883e-04
  -6.8693905e-02   5.1100331e-03   2.8899820e-01  -1.2391527e-03  -8.0566272e-04  -3.7421702e-04
  -7.3630204e-02   2.4953942e-02   2.6233458e-01  -9.5124587e-04  -5.9872816e-04  -5.0167355e-04
  -7.5101413e-02   1.7786176e-02   2.3833404e-01  -1.2322563e-03  -6.1358208e-04  -4.5585747e-04
  -7.3494111e-02   3.5500955e-02   2.7315596e-01  -7.8178237e-04  -4.6060770e-04  -6.2510715e-04
  -6.6221782e-02   5.8566672e-02   2.6940662e-01  -1.5331108e-04  -3.2817180e-04  -6.1098072e-04
  -7.2769622e-02   4.3159544e-02   2.7378102e-01  -6.5256639e-04  -5.4829633e-04  -3.5762548e-04
  -7.3465952e-02   2.4603081e-02   3.0286697e-01  -5.7958851e-04  -5.5699370e-04  -3.2122367e-04
  -6.3495775e-02   4.6598762e-02   2.9811789e-01  -3.6817651e-04  -4.3584778e-04  -4.0615010e-04
  -6.2500243e-02   5.2332775e-02   2.7500063e-01  -5.3114721e-04  -5.2224319e-04  -3.8563432e-04
  -6.1715575e-02   2.2081526e-02   3.1016910e-01  -1.0115269e-03  -5.5420803e-04  -3.8246841e-04
  -5.7306794e-02   3.9350197e-02   2.7320273e-01  -6.1562218e-04  -4.3795578e-04  -4.7221226e-04
  -6.3712100e-02   2.4378206e-02   2.6639687e-01  -9.5117071e-04  -5.8205120e-04  -5.3128111e-04
  -6.6538735e-02   1.1228569e-02   2.8095763e-01  -9.2571867e-04  -6.0427437e-04  -6.3941532e-04
  -6.6764823e-02   3.1027047e-02   2.3753789e-01  -3.9992002e-04  -6.0001111e-04  -6.8061559e-04
  -6.7838998e-02   8.9623579e-03   2.4655575e-01  -1.1884629e-03  -6.8566046e-04  -5.3511536e-04
  -6.5334488e-02   3.5670562e-02   2.6204561e-01  -5.2113279e-04  -5.2483107e-04  -6.5613294e-04
  -6.4888444e-02   4.9382144e-02   2.4546001e-01  -3.3305920e-04  -6.2933536e-04  -6.0621020e-04
  -6.6815080e-02   9.8731604e-03   2.8088519e-01  -1.3563016e-03  -7.1388516e-04  -5.1147583e-04
  -6.9790291e-02   1.7907206e-02   2.3487131e-01  -8.4806849e-04  -3.9779905e-04  -9.8546703e-04
  -6.7796531e-02  -1.7360295e-02   2.5287993e-01  -1.4520236e-03  -5.9288541e-04  -5.7890774e-04
   1.8058802e-02   2.5975593e-02   2.2385263e-01  -8.0917558e-04   6.1551705e-04   3.0101231e-04
   8.0727097e-03   7.7744005e-03   2.2662852e-01  -1.8896345e-03   4.0754752e-04   8.3433937e-05
  -2.9102370e-02   5.6923068e-02   2.4295581e-01  -1.4295461e-03   1.7246180e-04  -6.9453144e-04
  -5.4212465e-02   2.5805727e-02   2.8599501e-01  -2.0602670e-03  -1.2704825e-04  -7.2733787e-04
  -5.7287003e-02   2.3675613e-02   2.9409526e-01  -1.7490479e-03  -2.3808890e-04  -7.4965985e-04
  -5.8756753e-02   7.8390860e-03   2.7061164e-01  -2.0881002e-03  -2.8979294e-04  -6.0347737e-04
  -5.2020797e-02   8.8558521e-04   3.0609920e-01  -1.9410943e-03  -2.3781661e-04  -6.2786755e-04
  -5.9924031e-02   1.9957803e-02   2.6090497e-01  -1.4009406e-03  -3.9140962e-04  -8.0629151e-04
  -5.5946923e-02   8.0103998e-03   2.9216221e-01  -2.1995598e-03  -4.4773414e-04  -6.4422330e-04
  -5.7154044e-02   2.9109336e-02   2.8706931e-01  -1.7183610e-03  -3.2446666e-04  -7.4904555e-04
  -6.3014764e-02   2.7530957e-02   2.6815023e-01  -2.0491612e-03  -3.9423879e-04  -7.0345405e-04
  -6.0110504e-02   9.1714324e-03   2.9712294e-01  -2.1800873e-03  -4.2703151e-04  -6.6499251e-04
  -5.8184437e-02   3.7250085e-02   2.6580498e-01  -1.4273151e-03  -3.3302424e-04  -6.0884944e-04
  -6.3199170e-02  -3.9279785e-02   3.1856423e-01  -3.4542174e-03  -5.7609879e-04  -3.2145755e-04
  -6.1363167e-02  -2.6887126e-03   3.0235570e-01  -2.3711203e-03  -3.0701156e-04  -3.1280511e-04
  -6.0278747e-02  -2.3100253e-03   2.6761049e-01  -2.4869437e-03  -2.7461666e-04  -3.8571888e-04
  -5.6600991e-02   5.5646476e-03   3.0357660e-01  -2.4767151e-03  -3.2250572e-04  -3.7064741e-04
  -5.4129296e-02   4.4918936e-02   2.7834429e-01  -1.5719557e-03  -2.2460242e-04  -5.9710989e-04
  -5.0035799e-02   1.7506935e-02   2.9342776e-01  -2.2078173e-03  -2.2234430e-04  -4.7892247e-04
  -5.9212731e-02  -1.2955952e-02   2.8349019e-01  -2.2340634e-03  -2.1252624e-04  -7.7824611e-04
  -5.7092046e-02  -3.1318593e-02   2.7671893e-01  -3.0483888e-03  -4.9382618e-04  -4.9769951e-04
  -5.2833214e-02  -1.9018829e-03   2.8711143e-01  -2.4895959e-03  -3.2950685e-04  -5.6209228e-04
  -5.0443264e-02  -2.6094687e-04   2.6679396e-01  -2.4681158e-03  -2.1505157e-04  -5.5651356e-04
  -4.9480011e-02  -2.7727325e-02   2.8734201e-01  -2.6940974e-03  -1.4242082e-04  -7.5023568e-04
  -5.6374528e-02  -5.0194582e-02   2.5931883e-01  -3.1641895e-03  -3.7269286e-04  -7.8923177e-04
  -6.1285875e-02  -1.5503345e-02   2.6420581e-01  -2.9782558e-03  -7.0567067e-04  -4.1850092e-04
  -5.7227655e-02   1.1156391e-02   2.9327744e-01  -2.7494735e-03  -4.1712673e-04  -5.8736308e-04
  -5.8923252e-02   1.1204797e-02   2.7269613e-01  -2.6178048e-03  -3.9632409e-04  -5.7523846e-04
  -6.6794144e-02  -1.4842160e-02   2.9610014e-01  -3.1545777e-03  -3.9218995e-04  -5.3634348e-04
  -7.3790902e-02  -3.2217361e-02   2.6822079e-01  -3.0128594e-03  -3.2595836e-04  -1.0277426e-03
  -7.3565867e-02  -1.9806400e-02   2.8527306e-01  -3.1016336e-03  -7.7703989e-04  -5.8004458e-04
  -6.4198997e-02   2.7084612e-03   3.0062234e-01  -2.6105794e-03  -5.9260320e-04  -6.7374716e-04
  -6.0143301e-02  -2.0288018e-02   3.2043973e-01  -3.2215377e-03  -4.0692593e-04  -5.8053887e-04
  -5.8897178e-02  -3.3646853e-02   3.3924648e-01  -3.4539880e-03  -4.0367190e-04  -5.3848792e-04
  -5.1413251e-02   1.2322609e-03   3.3153478e-01  -2.8076381e-03  -2.9009549e-04  -6.6426328e-04
  -5.1169800e-02   1.6763724e-02   3.3670764e-01  -2.7426612e-03  -2.9587256e-04  -6.6752192e-04
  -5.0849222e-02   1.7241193e-03   3.6748526e-01  -3.1479499e-03  -3.8895814e-04  -6.1389244e-04
  -5.3333240e-02  -2.5116913e-03   3.4489957e-01  -2.9168448e-03  -4.8793008e-04  -6.5336303e-04
  -5.7471625e-02  -5.2210325e-02   3.1589604e-01  -3.4387686e-03  -1.3557506e-04  -1.1395544e-03
  -6.4330662e-02  -3.0100424e-03   3.1251252e-01  -3.3675764e-03  -4.2158576e-04  -6.6472029e-04
  -5.1980187e-02   7.0369181e-03   3.2445464e-01  -2.9839502e-03  -3.1245461e-04  -6.9529522e-04
  -4.4880925e-02   1.1688878e-02   3.0016000e-01  -2.7174405e-03  -1.5118896e-04  -7.7784148e-04
  -5.0224178e-02  -2.7692666e-04   3.0066298e-01  -3.0928243e-03  -2.3550002e-04  -7.1109351e-04
  -4.9228701e-02   3.9612244e-02   3.1972205e-01  -2.3695494e-03  -2.6516384e-04  -8.6483212e-04
  -4.8095638e-02   2.1533942e-02   3.2059473e-01  -2.9009806e-03  -1.8158501e-04  -7.6938866e-04
  -5.1619286e-02  -5.7386356e-03   3.4658970e-01  -3.3062815e-03  -3.3072966e-04  -6.8265184e-04
  -4.8544281e-02   1.7582408e-02   3.2198420e-01  -2.7142351e-03  -4.8522236e-04  -7.3562871e-04
  -4.8184193e-02   2.6993401e-02   3.2040525e-01  -2.7471187e-03  -2.9257156e-04  -7.8854269e-04
  -5.4373598e-02  -8.1133270e-03   3.4226283e-01  -3.5369894e-03  -3.1443099e-04  -8.1017369e-04
  -5.6891343e-02   1.1772842e-02   3.2425106e-01  -2.8852993e-03  -4.9238627e-04  -8.9223373e-04
  -6.3875627e-02  -6.9843188e-02   3.3333071e-01  -4.0856450e-03  -2.6167581e-04  -9.5912710e-04
  -7.1573875e-02  -3.9554491e-02   3.3791510e-01  -3.8414621e-03  -7.0420173e-04  -6.8878152e-04
  -6.2389323e-02   3.7269229e-03   3.2604106e-01  -3.2945624e-03  -3.2988587e-04  -8.2532468e-04
  -5.9038157e-02   1.0080241e-02   3.2842278e-01  -3.4211704e-03  -3.6797416e-04  -7.5647449e-04
  -6.0189312e-02  -7.0120539e-03   3.5671249e-01  -3.6085978e-03  -3.9101152e-04  -7.9604674e-04
  -5.4252913e-02   9.6611669e-04   3.2863564e-01  -3.3457189e-03  -3.8538312e-04  -8.6100429e-04
  -5.2255576e-02   8.5891711e-03   2.9112869e-01  -3.3478560e-03  -3.8034560e-04  -8.2644085e-04
  -5.1003536e-02   1.2239882e-02   3.2451657e-01  -3.2689681e-03  -4.8755112e-04  -7.8972872e-04
  -4.4118201e-02   3.2179124e-02   3.1235548e-01  -2.5446831e-03  -4.4040654e-04  -8.3925289e-04
  -4.0209264e-02  -2.0911578e-03   2.9990607e-01  -3.4230282e-03  -3.7193335e-04  -7.2621693e-04
  -4.7220917e-02   1.1096948e-03   3.0930103e-01  -3.1776757e-03  -4.5228429e-04  -8.4539385e-04
  -4.5326553e-02   3.3943646e-02   2.7280213e-01  -2.6618574e-03  -4.6163166e-04  -9.5645849e-04
  -5.2302969e-02   2.3477908e-02   2.7757390e-01  -3.0308460e-03  -5.0994473e-04  -8.3685588e-04
  -5.2951591e-02   1.3640516e-02   3.0754060e-01  -3.0654179e-03  -6.4294621e-04  -6.2508403e-04
  -5.4985905e-02   2.2032606e-02   2.9693523e-01  -2.8100953e-03  -6.7782716e-04  -6.1151230e-04
  -5.6463243e-02   1.9169679e-02   2.8214279e-01  -2.9675727e-03  -6.4418569e-04  -6.4732811e-04
  -5.3000768e-02   1.3772399e-02   3.1693125e-01  -3.0351216e-03  -7.3876694e-04  -7.3171149e-04
  -5.0716610e-02   1.5013754e-02   3.1427353e-01  -2.5253001e-03  -5.8054743e-04  -8.5633239e-04
  -6.4533577e-02  -4.2360677e-02   2.8677802e-01  -3.2916736e-03  -7.5274329e-04  -9.6719559e-04
  -7.6341128e-02  -1.8103065e-03   3.1059626e-01  -3.0833508e-03  -6.5916355e-04  -9.7237104e-04
  -8.0278637e-02   2.7597551e-02   2.8736869e-01  -2.4542556e-03  -4.9269170e-04  -1.0498043e-03
  -7.3163208e-02   2.1584821e-02   3.0725885e-01  -2.7542490e-03  -5.0688052e-04  -1.0231958e-03
  -7.0963588e-02   4.0333802e-02   3.3127893e-01  -2.4366191e-03  -5.1339236e-04  -9.5410166e-04
  -7.0057083e-02   5.1992137e-02   3.1045645e-01  -2.2687330e-03  -4.2321887e-04  -9.0092399e-04
  -6.4926902e-02   1.4034214e-02   3.2032827e-01  -3.0299235e-03  -4.6656361e-04  -9.4048904e-04
  -5.8218812e-02   1.6837025e-02   3.0449694e-01  -2.8747396e-03  -5.6485333e-04  -9.2378688e-04
  -5.3534155e-02   2.6028778e-02   2.9381667e-01  -2.6998760e-03  -6.2215209e-04  -1.0267893e-03
  -5.2045633e-02  -3.4399649e-02   3.0975683e-01  -3.6194068e-03  -3.7782194e-04  -1.2247331e-03
  -6.4107062e-02  -6.4214511e-02   3.2402648e-01  -3.8276758e-03  -7.4862512e-04  -1.2159398e-03
  -6.2671140e-02   5.6473136e-03   2.7890828e-01  -2.8521092e-03  -9.5741572e-04  -1.0405046e-03
  -5.8976384e-02   2.5694157e-02   3.0885208e-01  -3.0416620e-03  -7.4935152e-04  -1.0076101e-03
  -6.0222156e-02   2.6784746e-02   3.0992340e-01  -2.6873409e-03  -7.4022659e-04  -9.7396409e-04
  -5.9049703e-02   5.0164890e-02   2.7825908e-01  -2.5173445e-03  -6.0950371e-04  -9.7865967e-04
  -5.2328473e-02   1.6172215e-02   3.0827473e-01  -3.3992065e-03  -7.5425496e-04  -9.8039385e-04
  -5.4259415e-02   6.7861476e-03   3.2273669e-01  -3.3535495e-03  -6.6107928e-04  -1.0450394e-03
  -6.0024886e-02   1.9641339e-02   2.8353745e-01  -3.1893858e-03  -6.8993586e-04  -1.0760925e-03
  -6.7938158e-02   9.3916191e-03   2.7160947e-01  -3.4021076e-03  -6.9832357e-04  -9.9727186e-04
  -6.8084130e-02   6.4691938e-03   3.0795508e-01  -3.2809934e-03  -8.5897995e-04  -1.0010656e-03
  -5.9122892e-02   3.8911744e-02   2.9570946e-01  -2.8056289e-03  -8.8920044e-04  -1.0834248e-03
  -5.9654588e-02  -2.4143486e-03   3.2958583e-01  -3.6264126e-03  -6.7891069e-04  -9.2178530e-04
  -6.7865932e-02  -2.9107754e-02   3.2356872e-01  -3.4423705e-03  -9.1366346e-04  -1.2497726e-03
  -7.5601041e-02   1.3665610e-02   2.7418163e-01  -2.9680548e-03  -1.1408229e-03  -1.0606481e-03
  -6.8884583e-02  -1.0733465e-02   3.1429567e-01  -3.7486952e-03  -9.2059373e-04  -8.3192249e-04
  -7.0681627e-02  -1.7768254e-02   2.9564741e-01  -3.2898169e-03  -9.4971965e-04  -1.0740958e-03
  -7.5655935e-02  -3.8928112e-02   3.0857596e-01  -4.0427446e-03  -9.2137516e-04  -8.5205754e-04
  -8.0734347e-02  -1.7061670e-02   3.1183303e-01  -3.6876052e-03  -9.8676496e-04  -9.5643237e-04
  -6.8893453e-02   3.4557848e-02   2.7670456e-01  -3.0627900e-03  -6.8955593e-04  -9.7010056e-04
  -7.3051988e-02   1.2158090e-02   2.9490082e-01  -3.3592604e-03  -7.5452259e-04  -8.0223085e-04
  -6.7966691e-02   1.1847636e-02   3.2481299e-01  -2.8473886e-03  -7.0917327e-04  -8.6233115e-04
  -7.2108903e-02  -2.7736849e-02   3.0826821e-01  -3.3937118e-03  -8.2975160e-04  -1.0990289e-03
  -7.0671379e-02   1.8152654e-03   3.1218571e-01  -3.4592078e-03  -9.4739348e-04  -8.7323313e-04
  -6.3319981e-02   4.2625174e-02   2.9828585e-01  -2.9174086e-03  -8.1159157e-04  -9.9051832e-04
  -5.5866948e-02   5.3207060e-02   3.2552724e-01  -2.7019983e-03  -6.7728101e-04  -1.0559001e-03
  -5.7470707e-02   2.7822964e-02   3.5057180e-01  -3.1764117e-03  -7.3860502e-04  -9.4772855e-04
  -5.5848281e-02   1.8855431e-02   3.2826477e-01  -3.0722660e-03  -7.3659319e-04  -1.0295124e-03
  -5.5229709e-02   1.4368963e-02   3.0099057e-01  -3.2264316e-03  -7.4957444e-04  -9.6213186e-04
  -6.0007053e-02  -2.6830934e-03   3.1856996e-01  -3.5838243e-03  -7.0970867e-04  -9.6992936e-04
  -6.9233840e-02  -1.2740994e-03   3.0180238e-01  -3.0879682e-03  -7.9156787e-04  -1.0424579e-03
  -7.1817032e-02   1.5335362e-02   3.0886915e-01  -3.2668720e-03  -9.4529256e-04  -1.0166975e-03
  -7.0827968e-02   1.7048580e-02   2.9953467e-01  -3.2555288e-03  -9.1272355e-04  -1.0369883e-03
  -7.2085529e-02   2.5773699e-02   2.9518374e-01  -2.6634702e-03  -8.5617238e-04  -1.1647762e-03
  -7.0728696e-02   3.0942355e-02   2.8477143e-01  -2.7283143e-03  -6.8867176e-04  -1.1695944e-03
  -7.3541166e-02   1.2373746e-02   3.0202925e-01  -3.0492018e-03  -8.0736984e-04  -1.1330359e-03
  -6.5667223e-02   4.5873915e-02   2.9358963e-01  -2.3289495e-03  -7.0990678e-04  -1.2837696e-03
  -6.5925890e-02   2.8161547e-02   2.5623697e-01  -2.8471194e-03  -6.0850251e-04  -1.1443380e-03
  -7.1433568e-02  -3.9402683e-02   2.5980788e-01  -4.1147354e-03  -6.8798151e-04  -1.2164335e-03
  -8.0624579e-02  -1.3649620e-02   2.1354093e-01  -3.4081102e-03  -7.7042451e-04  -1.1547010e-03
  -8.8857919e-02  -2.6939793e-02   2.3859063e-01  -3.9040791e-03  -8.3808177e-04  -1.1029899e-03
  -8.6346754e-02   1.4479292e-02   2.6108327e-01  -3.1240017e-03  -1.0021996e-03  -1.0670321e-03
  -8.0015185e-02   3.3122229e-02   2.4464302e-01  -2.8306200e-03  -7.4139006e-04  -1.1065346e-03
  -8.0762813e-02   5.2410703e-03   2.5620104e-01  -3.4567306e-03  -7.2482998e-04  -8.6935623e-04
  -8.5795214e-02  -9.1542919e-03   2.7532543e-01  -3.1482298e-03  -8.7111987e-04  -9.9646200e-04
  -8.8761768e-02  -2.7342839e-02   2.7339383e-01  -3.5146425e-03  -9.2496654e-04  -1.1090459e-03
  -9.1180887e-02  -6.0032770e-03   2.6567701e-01  -3.0197762e-03  -1.2495344e-03  -8.6160999e-04
  -9.4073166e-02  -4.5124442e-03   2.6781456e-01  -3.6407664e-03  -1.4289932e-03  -8.2314529e-04
  -8.4632585e-02   1.0769202e-02   2.6173638e-01  -3.3282743e-03  -8.8433458e-04  -9.0469748e-04
  -9.3414737e-02  -2.5149471e-02   2.2500346e-01  -3.8970627e-03  -1.1905672e-03  -7.7725669e-04
  -8.9912818e-02   6.7749545e-03   2.4744453e-01  -3.6292066e-03  -1.2627886e-03  -7.4372591e-04
  -7.7434279e-02   2.3354176e-02   2.4397778e-01  -3.3086511e-03  -6.0942967e-04  -8.3989535e-04
  -9.3495878e-02   1.3989047e-02   2.3792298e-01  -3.3238189e-03  -1.3946127e-03  -8.4139345e-04
  -8.1304681e-02   1.6052243e-02   2.5897980e-01  -3.6690695e-03  -1.0323681e-03  -8.6206088e-04
  -8.9325281e-02  -7.1677820e-03   2.2465600e-01  -3.4758861e-03  -1.1205078e-03  -9.0855019e-04
  -9.5528964e-02  -8.5933317e-03   2.5484202e-01  -3.7509743e-03  -1.5238059e-03  -8.1758718e-04
  -9.2688892e-02   2.0592433e-02   2.4526372e-01  -3.4807379e-03  -1.0920648e-03  -9.7559624e-04
  -8.7254168e-02   4.1269296e-02   2.0644443e-01  -3.2186738e-03  -1.0318861e-03  -9.6844783e-04
  -8.0270498e-02   3.6081790e-02   2.3116499e-01  -3.3881476e-03  -1.1003428e-03  -1.0380988e-03
  -8.3702135e-02  -3.5573443e-03   2.4863482e-01  -3.2533646e-03  -1.0313729e-03  -1.0779131e-03
  -9.1004688e-02  -3.5819670e-03   2.3344650e-01  -3.4345842e-03  -1.2502581e-03  -1.0293931e-03
  -8.6719927e-02   4.3811540e-03   2.4262588e-01  -3.7028241e-03  -1.2556643e-03  -9.4022229e-04
  -8.6679076e-02  -1.6714601e-02   2.4770865e-01  -3.8866290e-03  -9.6311114e-04  -1.0174384e-03
  -9.9889008e-02   3.1863149e-02   2.0636339e-01  -3.0368850e-03  -1.3503988e-03  -9.4602404e-04
  -9.4759026e-02   4.1468302e-03   2.3952605e-01  -4.0662149e-03  -1.1848130e-03  -8.8735911e-04
  -1.0222066e-01  -8.6961765e-03   2.2544765e-01  -3.8225398e-03  -1.3506191e-03  -8.7762036e-04
  -1.0590062e-01  -1.2338124e-02   2.0920644e-01  -4.0614019e-03  -1.4312041e-03  -6.8013385e-04
  -9.7665055e-02   1.9298301e-02   2.2943233e-01  -3.9457876e-03  -1.3576731e-03  -9.1030139e-04
  -9.8782337e-02   4.4219921e-02   2.2671258e-01  -3.2944575e-03  -1.2101491e-03  -9.3146070e-04
  -9.6703225e-02  -4.1176360e-03   2.3313891e-01  -3.7216579e-03  -1.2594016e-03  -9.5426403e-04
  -9.7686077e-02  -2.3453787e-02   2.5678621e-01  -4.0657690e-03  -1.2862790e-03  -1.0136487e-03
  -9.5863083e-02   7.2834180e-03   2.0519043e-01  -4.1260569e-03  -1.5240690e-03  -8.9413101e-04
  -9.2883333e-02  -9.5029031e-03   2.0733262e-01  -4.9895487e-03  -1.5209492e-03  -1.0457277e-03
  -9.8525674e-02   5.7361205e-03   2.0525755e-01  -4.5919506e-03  -1.5066709e-03  -8.7913460e-04
  -9.6219393e-02  -2.3820053e-03   2.8146716e-01  -4.5409553e-03  -1.4065169e-03  -8.7836746e-04
  -9.3803321e-02   7.8965573e-04   2.7896653e-01  -4.2862564e-03  -1.3361372e-03  -8.7817501e-04
  -9.2158560e-02   8.7349954e-03   2.6474634e-01  -4.3407625e-03  -1.3161137e-03  -7.7678440e-04
  -9.4218682e-02  -1.2381827e-02   2.6207550e-01  -4.9858318e-03  -1.3722613e-03  -7.1679355e-04
  -9.0991575e-02  -8.6276305e-03   2.5328265e-01  -4.6352268e-03  -1.3693443e-03  -7.2332133e-04
  -8.9882641e-02  -4.1883394e-02   2.1517706e-01  -4.6441754e-03  -1.3637779e-03  -7.7693191e-04
  -9.1912757e-02  -5.9638648e-02   2.3893885e-01  -5.3193280e-03  -1.5948040e-03  -6.6966882e-04
  -9.2322802e-02   1.5131685e-02   2.2185357e-01  -3.9221947e-03  -1.2460958e-03  -8.6200118e-04
  -8.5731871e-02   9.1997193e-03   2.4519200e-01  -3.9244361e-03  -1.2806390e-03  -8.1822958e-04
  -8.5296531e-02   2.3679650e-03   2.6501463e-01  -4.4066941e-03  -1.1940225e-03  -8.6210006e-04
  -8.4216624e-02  -1.4373402e-02   2.5700469e-01  -4.7626930e-03  -1.0985262e-03  -8.3414126e-04
  -8.4633130e-02   1.9692275e-03   2.3810541e-01  -4.0205781e-03  -1.1759766e-03  -7.7438090e-04
  -8.1221443e-02   9.1123852e-03   2.2173403e-01  -4.1706337e-03  -1.0788922e-03  -8.0398137e-04
  -8.3767619e-02   1.5556788e-02   2.5416870e-01  -4.3780085e-03  -1.2154738e-03  -8.2212364e-04
  -8.6195521e-02   1.7417181e-02   2.4326442e-01  -4.2057543e-03  -1.2842421e-03  -9.2879985e-04
  -8.3807656e-02   4.1279970e-02   2.0692999e-01  -3.9889715e-03  -1.2596677e-03  -9.0546585e-04
  -8.3806881e-02   1.3946236e-02   2.5256840e-01  -4.6219713e-03  -1.2245129e-03  -8.6751999e-04
  -8.3126593e-02   3.2062888e-02   2.2291977e-01  -3.8711149e-03  -1.1768377e-03  -9.4600885e-04
  -9.1935854e-02   2.7208023e-02   2.2774599e-01  -4.2507951e-03  -1.2261118e-03  -8.3452115e-04
  -9.4204557e-02   2.9932811e-02   2.5964079e-01  -4.0429471e-03  -1.1968190e-03  -8.9400501e-04
  -9.0287986e-02   3.1279974e-02   2.3692703e-01  -4.0330307e-03  -1.1101497e-03  -9.1161525e-04
  -8.8364227e-02   1.5015059e-02   2.4978186e-01  -4.2770612e-03  -1.2005041e-03  -8.3179002e-04
  -8.6246870e-02   1.1929030e-02   2.4766664e-01  -4.0768321e-03  -1.1160832e-03  -9.1312954e-04
  -8.8928440e-02   3.3540488e-02   2.1144666e-01  -3.6809583e-03  -1.0048577e-03  -1.0094123e-03
  -9.0624441e-02   2.5169946e-02   2.3230834e-01  -4.1973230e-03  -1.2073630e-03  -9.4193592e-04
  -8.6642131e-02   3.8348698e-02   2.3853222e-01  -3.7162365e-03  -1.0851361e-03  -8.9051323e-04
  -7.5684830e-02   4.0647601e-02   2.1583610e-01  -3.8217340e-03  -8.9572194e-04  -9.1035638e-04
  -7.5192730e-02   1.6476782e-02   2.1968617e-01  -4.2493406e-03  -1.0566800e-03  -9.5002831e-04
  -7.1583299e-02   4.8819460e-02   2.1095379e-01  -3.5372738e-03  -9.3402029e-04  -1.0231353e-03
  -7.2754708e-02   3.0175357e-02   2.1574042e-01  -3.9933399e-03  -1.0106352e-03  -8.8187982e-04
  -7.0545005e-02   2.3233205e-02   2.3431610e-01  -3.9380939e-03  -1.0624957e-03  -9.7133793e-04
  -6.4715559e-02   4.3988221e-02   2.4688554e-01  -3.6116441e-03  -1.0242361e-03  -9.6098441e-04
  -6.0250585e-02   1.8890710e-02   2.6113392e-01  -3.9694284e-03  -1.0076140e-03  -7.1322916e-04
  -5.8608035e-02   3.0089066e-02   2.5498222e-01  -3.5702931e-03  -9.7684856e-04  -9.0932839e-04
  -5.0183987e-02   5.8267413e-02   2.3966575e-01  -3.0072153e-03  -1.0973587e-03  -9.0170540e-04
  -5.0454638e-02   5.3186114e-02   2.7130606e-01  -3.2856694e-03  -1.1988681e-03  -8.6172786e-04
  -4.1958082e-02   4.2433174e-02   2.8662263e-01  -3.2393216e-03  -1.0935261e-03  -9.7183797e-04
  -3.9536871e-02   4.4406219e-02   2.6018995e-01  -2.9660189e-03  -1.1317257e-03  -8.9202845e-04
  -4.1993042e-02   1.9150480e-02   2.6627608e-01  -3.7313680e-03  -1.2194905e-03  -8.0896807e-04
  -4.5185976e-02   8.0614359e-03   2.6888971e-01  -3.1026658e-03  -1.1410020e-03  -9.9901226e-04
  -5.0785176e-02   1.4436818e-02   2.5889244e-01  -3.7323989e-03  -1.3276655e-03  -7.9852956e-04
  -5.1255436e-02   3.0563747e-02   2.6210650e-01  -3.6986701e-03  -1.0814602e-03  -7.6337305e-04
  -5.0403000e-02   3.4728520e-02   2.5576025e-01  -3.0223537e-03  -1.0666468e-03  -9.2829447e-04
  -5.4962867e-02   1.3632520e-02   2.7894962e-01  -3.6222160e-03  -1.2377084e-03  -6.8297408e-04
  -6.6476572e-02   2.1629330e-02   2.7031939e-01  -3.3700916e-03  -1.3819427e-03  -7.3568828e-04
  -7.6667007e-02   2.5325921e-02   2.3490784e-01  -3.5013951e-03  -1.5527483e-03  -1.0723614e-03
  -7.3731501e-02   4.2662457e-02   1.9144810e-01  -3.4466261e-03  -1.4817362e-03  -1.0195303e-03
  -7.0574330e-02   5.6130767e-02   2.3469401e-01  -3.2501031e-03  -1.5215191e-03  -9.8042315e-04
  -6.2244224e-02   6.5207017e-02   2.4881486e-01  -3.0203084e-03  -1.3692801e-03  -9.7886935e-04
  -5.9472586e-02   3.8706974e-02   2.3780861e-01  -3.6004508e-03  -1.4385790e-03  -8.3151996e-04
  -5.6157425e-02   9.0748806e-04   2.5230661e-01  -3.4197713e-03  -1.3701335e-03  -7.8712788e-04
  -6.8006726e-02   1.1628707e-02   2.2743632e-01  -3.2615734e-03  -1.6707414e-03  -7.9783571e-04
  -6.5790586e-02   1.8024930e-02   2.1950093e-01  -3.5660011e-03  -1.6233055e-03  -7.7038166e-04
  -6.1211037e-02   2.2264397e-02   2.2379073e-01  -3.6428332e-03  -1.2076226e-03  -1.0176771e-03
  -6.2261618e-02   4.5424259e-02   1.5362080e-01  -3.0053685e-03  -1.3137073e-03  -1.0473951e-03
  -7.1235695e-02   3.1482380e-02   1.9726850e-01  -4.1164224e-03  -1.6938755e-03  -9.5794502e-04
  -6.5915053e-02   5.6928313e-02   2.3451809e-01  -3.5448908e-03  -1.5604479e-03  -9.6160371e-04
  -6.6618214e-02   6.2800885e-02   2.2500056e-01  -3.5086143e-03  -1.4298412e-03  -8.4052919e-04
  -6.4368676e-02   3.1829304e-02   2.6116732e-01  -4.0830306e-03  -1.4281825e-03  -9.0727731e-04
  -6.4351042e-02   2.8828676e-02   2.5725251e-01  -3.7714128e-03  -1.2639694e-03  -9.1769832e-04
  -6.8398122e-02   1.0592293e-02   2.1529752e-01  -4.4160757e-03  -1.3549797e-03  -8.0839319e-04
  -6.4140278e-02   1.4633066e-02   2.4952771e-01  -4.2351351e-03  -1.5078110e-03  -8.0674192e-04
  -6.4116200e-02   6.1490952e-02   2.2469151e-01  -3.3350463e-03  -1.2422446e-03  -8.3792500e-04
  -6.3802480e-02   2.3397508e-02   2.2687201e-01  -4.3828784e-03  -1.4182191e-03  -7.3047602e-04
  -5.6649966e-02   3.9631459e-02   2.1587101e-01  -3.9914187e-03  -1.3309232e-03  -7.2428210e-04
  -5.3980012e-02   5.3294870e-02   1.8074298e-01  -3.8050434e-03  -1.2983426e-03  -7.1737037e-04
  -5.5059926e-02   2.0756677e-02   2.3615581e-01  -4.4681768e-03  -1.3932580e-03  -6.8436220e-04
  -5.2549969e-02   2.2561712e-02   2.0617528e-01  -4.1327913e-03  -1.1885372e-03  -6.5370766e-04
  -6.1116538e-02  -4.2937074e-03   2.0924059e-01  -4.5238868e-03  -1.8895553e-03  -4.3544835e-04
  -5.4396287e-02   2.6292371e-02   2.0954745e-01  -4.3659154e-03  -1.4436869e-03  -6.3013834e-04
  -5.7255568e-02   5.1391712e-02   2.2395275e-01  -3.9560035e-03  -1.3513880e-03  -6.4931326e-04
  -6.0637277e-02   1.9433198e-02   2.2849322e-01  -4.6238623e-03  -1.5030132e-03  -4.1255267e-04
  -5.5979937e-02   1.7055342e-02   2.4487422e-01  -4.2747560e-03  -1.3195181e-03  -5.6954502e-04
  -5.7080490e-02   2.8059819e-02   2.2339827e-01  -4.0476468e-03  -1.2546641e-03  -6.2086540e-04
  -5.8294975e-02   1.1243859e-02   2.3501417e-01  -4.4624777e-03  -1.4077946e-03  -5.6603323e-04
  -5.6649174e-02   5.3474123e-02   2.1431758e-01  -3.9853245e-03  -1.1357512e-03  -5.5918300e-04
  -5.6059308e-02   4.1628475e-02   2.1333038e-01  -4.1287746e-03  -1.2587837e-03  -5.3366321e-04
  -6.2668833e-02  -2.1649841e-02   2.4525935e-01  -4.5747192e-03  -1.2822645e-03  -7.3739394e-04
  -5.9293084e-02   2.5173638e-02   1.9548643e-01  -4.3294505e-03  -1.0039454e-03  -6.8703517e-04
  -7.0193307e-02   3.5548097e-02   2.2267285e-01  -4.4195911e-03  -1.1498671e-03  -6.4022935e-04
  -6.9274533e-02   2.7096858e-03   2.5769358e-01  -4.7793473e-03  -1.0652573e-03  -5.7996452e-04
  -7.2974311e-02   1.8930692e-02   2.3754243e-01  -4.4049388e-03  -8.4811754e-04  -7.4298523e-04
  -8.3097767e-02  -3.0280584e-02   2.1797108e-01  -4.6131319e-03  -1.1682147e-03  -6.7552528e-04
  -8.4213056e-02  -1.6396854e-02   2.1971511e-01  -4.6526637e-03  -1.2495688e-03  -6.1899388e-04
  -7.1963705e-02   2.1552127e-02   1.8738834e-01  -3.8359650e-03  -7.6097319e-04  -7.9877715e-04
  -8.1294089e-02  -1.4359772e-02   1.9868743e-01  -4.5358700e-03  -1.0392595e-03  -7.5275625e-04
  -7.9246931e-02   1.4666023e-02   1.7932195e-01  -3.8775159e-03  -1.1369053e-03  -5.5876534e-04
  -7.7551792e-02   1.5012628e-02   1.9364187e-01  -4.5253040e-03  -1.0041937e-03  -7.6518376e-04
  -7.2869002e-02   1.3256463e-02   2.0293818e-01  -4.2663565e-03  -8.2116380e-04  -7.0998661e-04
  -7.2390368e-02  -2.1011745e-02   1.8632546e-01  -4.5004639e-03  -9.0410459e-04  -6.9515445e-04
  -7.0487317e-02  -3.3882555e-03   2.0229759e-01  -4.6262351e-03  -9.5207994e-04  -6.5230015e-04
  -6.5294167e-02   3.7970251e-02   1.8812409e-01  -3.7704957e-03  -7.9685531e-04  -8.1058051e-04
  -6.6387274e-02   6.7529477e-04   1.9018650e-01  -4.6644829e-03  -7.1104635e-04  -8.7455924e-04
  -7.4443863e-02   3.3453857e-02   1.8699254e-01  -4.2409759e-03  -1.1326077e-03  -7.6643833e-04
  -7.6855478e-02   6.3335900e-02   1.5420033e-01  -3.8211151e-03  -1.0180519e-03  -8.5935205e-04
  -7.5906705e-02   6.6066307e-03   1.7025381e-01  -4.4123980e-03  -9.3938598e-04  -6.9325522e-04
  -8.1373570e-02   1.5652146e-02   1.8573917e-01  -4.2966679e-03  -1.2650880e-03  -5.5406716e-04
  -9.1907909e-02   2.8788398e-02   1.5595517e-01  -4.1566921e-03  -1.3862518e-03  -5.3206089e-04
  -9.7197334e-02   2.0893550e-02   1.7755395e-01  -4.3571225e-03  -1.4901577e-03  -4.8011112e-04
  -8.9931423e-02   4.0213314e-02   1.2939997e-01  -4.2697897e-03  -1.0871436e-03  -7.6874023e-04
  -9.5527945e-02  -1.3819221e-02   1.3898386e-01  -5.0719716e-03  -1.1784791e-03  -7.5872620e-04
  -9.0278466e-02   1.0061229e-02   1.4565240e-01  -4.8746525e-03  -1.1018103e-03  -6.6720265e-04
  -7.8460585e-02   3.3448221e-02   1.0828703e-01  -4.2792942e-03  -1.0503094e-03  -9.7279925e-04
  -6.6283916e-02   3.6326323e-02   7.5172094e-02  -4.8949052e-03  -3.7460810e-04  -1.6111073e-03
  -6.4272716e-02   5.3148494e-02   1.1843742e-01  -5.1838166e-03  -8.1241465e-04  -1.1772720e-03
  -5.9595556e-02   8.1573242e-03   1.8418824e-01  -5.7568809e-03  -7.8974171e-04  -9.3383753e-04
  -5.8218144e-02   8.4810350e-04   1.8600438e-01  -5.6419705e-03  -8.1227791e-04  -9.2850252e-04
  -5.7599061e-02  -4.3346923e-02   1.7774243e-01  -6.2330527e-03  -7.5214803e-04  -8.2934254e-04
  -5.9998986e-02  -5.8972860e-02   1.7861433e-01  -6.2751191e-03  -1.0499310e-03  -8.3860029e-04
  -7.2561591e-02  -3.1177156e-03   1.3771986e-01  -5.8662970e-03  -1.4073029e-03  -9.8110234e-04
  -6.7774140e-02  -6.2582233e-02   1.5273706e-01  -6.8477397e-03  -1.2031195e-03  -8.4869939e-04
  -6.9269653e-02  -2.5149085e-02   1.1826699e-01  -5.9796012e-03  -1.1201570e-03  -1.0128431e-03
  -8.2739415e-02  -2.5243124e-02   1.1085006e-01  -6.3107101e-03  -1.5477370e-03  -7.0571225e-04
  -7.8388631e-02  -2.8779467e-03   1.3083479e-01  -6.0602271e-03  -1.3886811e-03  -1.2267043e-03
  -8.0395493e-02  -1.9359352e-02   1.0216299e-01  -5.7353050e-03  -1.1445797e-03  -1.2328475e-03
  -7.9658394e-02  -4.9567695e-02   1.2672792e-01  -6.4801384e-03  -1.1901178e-03  -9.0618158e-04
  -8.3176673e-02  -1.1722015e-02   1.4319541e-01  -5.7296577e-03  -1.3146807e-03  -1.1291379e-03
  -8.3214014e-02   2.2743110e-02   1.3312149e-01  -5.5311159e-03  -1.0472891e-03  -1.1923425e-03
  -8.0914919e-02  -7.3208497e-03   1.6939753e-01  -6.0203929e-03  -1.2569226e-03  -1.1212671e-03
  -8.3468995e-02  -3.8144894e-02   1.5948938e-01  -5.8738635e-03  -1.0833691e-03  -1.2432587e-03
  -9.1440894e-02  -4.1910642e-02   1.2554221e-01  -6.1684679e-03  -1.3382804e-03  -1.1527522e-03
  -9.1869215e-02  -4.0189666e-02   1.4248140e-01  -6.0760928e-03  -1.4378995e-03  -1.4341598e-03
  -8.7917823e-02  -3.1082140e-02   1.1699883e-01  -5.8884877e-03  -1.1434723e-03  -1.2637733e-03
  -8.6190098e-02  -6.3183451e-02   1.1430827e-01  -6.7823216e-03  -1.1192128e-03  -1.2615707e-03
  -8.9966162e-02  -5.9123437e-02   1.3265521e-01  -6.5575588e-03  -1.1893460e-03  -1.3519398e-03
  -9.5812751e-02  -3.7263127e-02   1.2480929e-01  -5.9780501e-03  -1.4657199e-03  -1.2018166e-03
  -9.6060077e-02  -3.9428871e-02   1.3475156e-01  -6.3020832e-03  -1.5557374e-03  -1.1667323e-03
  -9.4559139e-02  -1.2541461e-02   1.3023999e-01  -5.7348832e-03  -1.4654993e-03  -1.4521921e-03
  -9.3911201e-02  -4.1159355e-03   1.0233672e-01  -5.8888125e-03  -1.1984261e-03  -1.3960781e-03
  -1.0227439e-01   7.5462806e-03   1.3983654e-01  -6.0367332e-03  -1.4866779e-03  -1.2631854e-03
  -1.0167464e-01  -3.3246520e-02   1.5698009e-01  -6.4635458e-03  -1.3232005e-03  -1.3574852e-03
  -1.0256084e-01  -2.8391795e-02   1.1454509e-01  -6.3522011e-03  -1.5563600e-03  -1.0677255e-03
  -1.0123928e-01  -3.1990753e-02   1.5602962e-01  -6.5226900e-03  -1.6966945e-03  -1.1951819e-03
  -1.1277501e-01  -2.8713720e-02   1.2144915e-01  -6.5065546e-03  -1.9638825e-03  -1.2090462e-03
  -1.2540956e-01  -4.1338161e-02   8.5184430e-02  -7.3562560e-03  -2.2447281e-03  -6.9475932e-04
  -1.2720268e-01  -2.5714727e-02   9.1940410e-02  -7.3769980e-03  -2.1166809e-03  -1.2691779e-03
  -1.2587494e-01   1.2088428e-02   6.2052677e-02  -7.2196376e-03  -2.1572558e-03  -1.0677430e-03
  -1.1964453e-01  -7.4064501e-03   8.2867002e-02  -7.8422524e-03  -2.0747581e-03  -1.0633546e-03
  -1.0939001e-01   1.8613945e-02   1.1357954e-01  -6.8257508e-03  -1.8210219e-03  -1.1653518e-03
  -1.0522040e-01  -1.1839830e-02   1.5526808e-01  -6.9169365e-03  -2.0185156e-03  -1.0020529e-03
  -9.1376063e-02  -4.0995969e-02   1.8113177e-01  -7.4358489e-03  -1.6778086e-03  -1.0516215e-03
  -9.4491934e-02  -6.8455915e-02   1.5733727e-01  -7.6165193e-03  -1.6374432e-03  -9.1618921e-04
  -1.0543144e-01  -1.0248715e-01   1.7185921e-01  -7.8892049e-03  -2.1556697e-03  -8.8792168e-04
  -9.8516487e-02  -7.9643787e-02   1.3390309e-01  -7.1528696e-03  -1.6492168e-03  -1.1669640e-03
  -1.0761914e-01  -9.3151911e-02   1.2800972e-01  -7.8993005e-03  -1.9183165e-03  -8.5732442e-04
  -1.0939123e-01  -6.8780002e-02   1.5130341e-01  -7.0775558e-03  -1.9574013e-03  -9.4332500e-04
  -1.1557084e-01  -5.5038451e-02   1.1920555e-01  -7.1304554e-03  -2.2147063e-03  -5.8411008e-04
  -1.3209498e-01  -7.6028961e-02   1.0373125e-01  -7.8719431e-03  -2.3203228e-03  -9.9412812e-04
  -1.3876165e-01  -2.7935858e-02   4.8810418e-02  -7.3513241e-03  -2.4160825e-03  -9.6497112e-04
  -1.4434063e-01  -3.1821976e-02   5.3217843e-02  -7.6457238e-03  -2.6471425e-03  -7.3986236e-04
  -1.4189358e-01  -3.7761976e-02   6.8792257e-02  -7.8586201e-03  -2.5849376e-03  -1.1682768e-03
  -1.4557398e-01  -2.1512873e-02   4.9526181e-02  -6.8573398e-03  -2.4807440e-03  -1.0526444e-03
  -1.5132773e-01  -4.0571695e-02   4.8391010e-02  -8.1512156e-03  -2.9163928e-03  -1.1213903e-03
  -1.5063408e-01  -2.7251329e-02   8.0892186e-02  -7.7902373e-03  -2.8569607e-03  -1.0944447e-03
  -1.4975648e-01  -5.0862605e-02   6.1882151e-02  -8.0347143e-03  -2.7621875e-03  -9.2894249e-04
  -1.5026889e-01  -8.5686929e-02   9.9391929e-02  -8.7729599e-03  -2.9047750e-03  -7.1482852e-04
  -1.4559525e-01  -8.3011667e-02   1.0719313e-01  -8.3552362e-03  -2.7874775e-03  -9.2522638e-04
  -1.3609032e-01  -6.8780701e-02   7.1265353e-02  -8.4322581e-03  -2.4843729e-03  -8.6169854e-04
  -1.3492782e-01  -8.6865122e-02   8.8276218e-02  -8.3824259e-03  -2.4460257e-03  -1.0014108e-03
  -1.3239006e-01  -3.9826750e-02   8.3860317e-02  -7.4109755e-03  -2.3344979e-03  -1.1179175e-03
  -1.3199498e-01  -5.8040549e-02   9.6011960e-02  -8.0210596e-03  -2.3858824e-03  -8.2150602e-04
  -1.2781479e-01  -5.8655022e-02   1.2508134e-01  -7.5258288e-03  -2.3393931e-03  -9.9601462e-04
  -1.2729074e-01  -3.3243666e-02   8.5567865e-02  -7.0901431e-03  -2.2323068e-03  -1.0764377e-03
  -1.3017417e-01  -6.4606096e-02   8.5259835e-02  -7.7844819e-03  -2.3898424e-03  -1.0251664e-03
  -1.3093089e-01  -3.2787168e-02   6.9110392e-02  -7.2804764e-03  -2.3022892e-03  -1.2422539e-03
  -1.4207536e-01  -7.7201127e-02   4.9909720e-02  -7.8953468e-03  -2.5812445e-03  -1.2388718e-03
  -1.3970099e-01  -7.4360238e-02   7.8843405e-02  -7.8893815e-03  -2.7814955e-03  -1.1213156e-03
  -1.3192687e-01  -2.1976155e-02   5.7471496e-02  -7.3638661e-03  -2.1849182e-03  -1.2975350e-03
  -1.3647816e-01  -3.8573772e-02   7.9015028e-02  -7.8038114e-03  -2.4081097e-03  -1.1606891e-03
