6.3335e-08
4.4872e-07
1.2585e-05
4.0201e-05
6.9868e-05
8.0803e-05
8.188e-05
8.3695e-05
7.9823e-05
7.8864e-05
7.3116e-05
5.4598e-05
4.5344e-05
5.5237e-05
7.0456e-05
7.1821e-05
6.9382e-05
7.5625e-05
7.0798e-05
6.0574e-05
5.4257e-05
4.4871e-05
4.2817e-05
5.4961e-05
7.8439e-05
8.3548e-05
7.4767e-05
6.8649e-05
7.2418e-05
8.3301e-05
8.2532e-05
6.9036e-05
5.9269e-05
5.0911e-05
4.8923e-05
5.209e-05
6.0634e-05
6.7329e-05
7.0362e-05
7.4123e-05
6.9212e-05
6.2113e-05
5.5172e-05
6.0223e-05
6.5677e-05
5.8103e-05
5.3526e-05
5.7667e-05
6.6291e-05
6.5835e-05
7.1057e-05
6.7799e-05
6.4241e-05
6.7554e-05
7.0168e-05
6.365e-05
5.6125e-05
5.8528e-05
6.3637e-05
7.3966e-05
8.0734e-05
6.9672e-05
6.7618e-05
7.8169e-05
7.7634e-05
7.4141e-05
7.8483e-05
7.1933e-05
5.6256e-05
5.0642e-05
4.8448e-05
5.9637e-05
6.4106e-05
5.9488e-05
5.9282e-05
7.032e-05
7.946e-05
8.676e-05
7.9649e-05
5.4393e-05
5.2304e-05
6.2668e-05
5.7768e-05
5.9305e-05
7.2232e-05
8.7374e-05
8.5647e-05
6.1701e-05
3.4854e-05
3.168e-05
4.184e-05
5.4146e-05
6.4505e-05
6.7866e-05
7.6208e-05
7.8049e-05
7.5043e-05
7.8971e-05
8.2586e-05
7.8851e-05
7.6566e-05
8.1939e-05
8.3727e-05
7.8789e-05
7.2208e-05
6.8972e-05
6.2701e-05
5.4679e-05
5.0009e-05
5.3812e-05
5.2575e-05
4.6834e-05
5.1398e-05
5.9271e-05
7.4297e-05
7.8552e-05
6.1848e-05
4.9614e-05
5.977e-05
7.6921e-05
8.0621e-05
8.7188e-05
8.3227e-05
6.7047e-05
5.5753e-05
5.3937e-05
6.3972e-05
7.6205e-05
7.4988e-05
7.5781e-05
7.2384e-05
7.082e-05
6.0226e-05
4.2662e-05
4.5056e-05
5.2073e-05
4.9736e-05
5.3533e-05
5.0679e-05
5.1469e-05
5.9507e-05
6.3661e-05
7.276e-05
8.6585e-05
9.553e-05
9.1613e-05
7.9049e-05
6.163e-05
5.2853e-05
5.7299e-05
6.6357e-05
6.6163e-05
5.9479e-05
5.6586e-05
5.8855e-05
6.5139e-05
7.2111e-05
7.4562e-05
8.0991e-05
8.4284e-05
7.5571e-05
6.1491e-05
5.9081e-05
5.419e-05
4.4608e-05
5.0727e-05
6.1562e-05
5.8803e-05
6.1893e-05
7.2866e-05
7.5865e-05
7.0692e-05
6.4986e-05
6.6086e-05
6.2897e-05
6.3761e-05
7.0995e-05
8.3931e-05
8.7941e-05
8.0793e-05
7.677e-05
7.9568e-05
7.7363e-05
7.1581e-05
7.4713e-05
7.6161e-05
7.1477e-05
6.9743e-05
7.8497e-05
8.5533e-05
7.4462e-05
6.4771e-05
6.1471e-05
5.1531e-05
4.7156e-05
4.6843e-05
5.1911e-05
5.8091e-05
5.9347e-05
7.3538e-05
7.7149e-05
7.5548e-05
8.1683e-05
8.4051e-05
7.5562e-05
7.1029e-05
6.8827e-05
6.5088e-05
6.1446e-05
5.7607e-05
6.4952e-05
6.2654e-05
4.8478e-05
5.0558e-05
5.5717e-05
5.4467e-05
5.4622e-05
5.7159e-05
5.5021e-05
5.8807e-05
6.8565e-05
7.1927e-05
6.6988e-05
6.6888e-05
7.1526e-05
7.0437e-05
6.7239e-05
6.5825e-05
7.1938e-05
7.5573e-05
7.3609e-05
6.7421e-05
6.1034e-05
6.1202e-05
6.748e-05
6.4683e-05
5.6999e-05
6.6079e-05
7.5579e-05
7.8495e-05
8.3654e-05
8.4108e-05
6.7713e-05
5.6763e-05
5.223e-05
4.7074e-05
5.5923e-05
7.1178e-05
6.944e-05
6.4242e-05
6.6953e-05
7.5281e-05
8.1856e-05
7.4069e-05
7.1651e-05
7.3675e-05
6.7963e-05
6.4708e-05
6.5077e-05
6.3695e-05
6.1297e-05
6.3959e-05
6.2568e-05
6.2795e-05
7.4393e-05
8.4755e-05
8.0296e-05
7.0453e-05
7.0627e-05
7.1044e-05
6.755e-05
5.3925e-05
4.7684e-05
5.2427e-05
5.5984e-05
6.0283e-05
6.0125e-05
4.5031e-05
3.7637e-05
3.8898e-05
3.9354e-05
3.5623e-05
2.8927e-05
3.9512e-05
5.6448e-05
6.3747e-05
6.9072e-05
7.9845e-05
9.2617e-05
9.0993e-05
7.1664e-05
6.2771e-05
7.1116e-05
7.3433e-05
6.7901e-05
6.4823e-05
6.4445e-05
6.251e-05
6.2376e-05
6.5539e-05
7.5962e-05
8.177e-05
7.971e-05
7.1693e-05
6.3081e-05
6.124e-05
6.1629e-05
6.4993e-05
7.2326e-05
7.5039e-05
8.0448e-05
8.1799e-05
7.3603e-05
6.621e-05
6.7013e-05
7.9717e-05
8.2077e-05
7.4488e-05
6.872e-05
6.0302e-05
4.5644e-05
4.3941e-05
4.8149e-05
5.2549e-05
5.3036e-05
4.8627e-05
5.3814e-05
5.7083e-05
5.8293e-05
6.292e-05
6.6333e-05
7.3428e-05
8.0938e-05
7.3936e-05
6.4871e-05
6.1991e-05
5.5149e-05
5.6792e-05
6.769e-05
7.3344e-05
6.6979e-05
6.9433e-05
7.1927e-05
6.9153e-05
6.7795e-05
6.2796e-05
5.3466e-05
4.0915e-05
4.7977e-05
6.9114e-05
8.2408e-05
8.1387e-05
7.9916e-05
8.2059e-05
7.0037e-05
5.6822e-05
4.6597e-05
3.8001e-05
4.5841e-05
7.2285e-05
7.6937e-05
8.5131e-05
