-8.8143e-06
0.00015201
0.0014548
0.0036808
0.0046894
0.0041645
0.0036241
0.0032451
0.0032497
0.0037985
0.0040082
0.0035772
0.0045781
0.0058554
0.006019
0.0056402
0.0060653
0.0070685
0.0069562
0.0062149
0.0046487
0.0038617
0.0045271
0.0052668
0.006268
0.0069646
0.0075013
0.0080901
0.0086339
0.0084852
0.0071759
0.0058974
0.0055837
0.0051803
0.0052915
0.0059807
0.0058424
0.0052657
0.0056801
0.0058032
0.0059306
0.0060352
0.0051928
0.004538
0.003876
0.0042484
0.0053305
0.0055729
0.0048384
0.0045405
0.0050586
0.0054862
0.005658
0.0048935
0.0038124
0.003122
0.0041017
0.0056721
0.0064617
0.0064323
0.0058558
0.0046888
0.0042523
0.0042774
0.0037725
0.0038559
0.0050476
0.0049974
0.0044881
0.0046615
0.0044272
0.0042748
0.0045672
0.0049222
0.0042476
0.0039938
0.0044206
0.0042354
0.002872
0.0018024
0.0020513
0.0028451
0.0034782
0.004094
0.005187
0.006214
0.0050662
0.0036561
0.003428
0.0033418
0.0039041
0.0061591
0.0069068
0.006553
0.0074217
0.0082878
0.0079872
0.0069152
0.0057286
0.005558
0.0051834
0.0040309
0.0031114
0.0026127
0.0032877
0.0048556
0.0050219
0.0047361
0.004768
0.004493
0.003633
0.0035521
0.0046811
0.0057447
0.0066963
0.0067488
0.0053491
0.003877
0.0032532
0.0026646
0.0027693
0.0045738
0.0054122
0.0059193
0.0058539
0.0048388
0.0049729
0.0048423
0.0049031
0.0057148
0.0061383
0.0055122
0.0037642
0.0028886
0.0041857
0.0050323
0.0049092
0.0052694
0.0042858
0.0041358
0.0057437
0.0062468
0.0061064
0.0064019
0.0064852
0.0057351
0.004735
0.0044478
0.0038547
0.0034863
0.0029836
0.002447
0.0025024
0.0028111
0.0034127
0.0036308
0.0031811
0.0037402
0.0046052
0.0047578
0.0049035
0.0050894
0.0056387
0.006022
0.0057181
0.0046488
0.003336
0.0023283
0.0028615
0.0034646
0.0037116
0.00395
0.0041414
0.0047177
0.0050984
0.005812
0.0063031
0.0056795
0.0053678
0.0061124
0.0059527
0.0058963
0.0057803
0.0052981
0.0050541
0.0045014
0.0043402
0.0050286
0.0066242
0.0074212
0.0070184
0.0065859
0.0056537
0.0045274
0.0048225
0.0053228
0.0056644
0.0058841
0.0056344
0.0054188
0.0049162
0.0056385
0.0061188
0.0051609
0.0041197
0.0039498
0.0036814
0.0040145
0.0049303
0.0050384
0.00538
0.0051257
0.0048066
0.0052542
0.0052736
0.0048379
0.0045956
0.0053939
0.0057449
0.0052363
0.0060824
0.0070167
0.0062014
0.0050715
0.0046548
0.0042939
0.004455
0.0057051
0.0060902
0.0060306
0.0064879
0.0064374
0.0061889
0.0057688
0.0062576
0.0059845
0.0051542
0.0056973
0.0060069
0.0058077
0.0060236
0.0059145
0.0045665
0.0031731
0.0024112
0.0023474
0.002892
0.0042622
0.0046853
0.00413
0.005068
0.0069208
0.0071334
0.0063131
0.0063694
0.0060451
0.005396
0.0046893
0.0045314
0.0046631
0.0043524
0.0040153
0.0032518
0.0033417
0.0039335
0.004434
0.0044192
0.0041067
0.004136
0.0040908
0.0032829
0.0027748
0.0031758
0.0033874
0.0036476
0.0036375
0.0035087
0.0035095
0.0036108
0.0029963
0.0026413
0.0020239
0.0026705
0.0044024
0.0051185
0.0060282
0.0071148
0.0073145
0.0072724
0.0067698
0.0053506
0.0045056
0.0045764
0.0048073
0.0048457
0.0044104
0.0045451
0.0056617
0.0060844
0.005469
0.0053828
0.0054723
0.0042653
0.0032508
0.0043472
0.0054121
0.0053129
0.0058151
0.0067099
0.0067488
0.005738
0.0041485
0.00346
0.0039245
0.0038454
0.0032685
0.0031023
0.0031679
0.0034703
0.0029619
0.0027874
0.0045977
0.0047877
0.0048875
0.0056999
0.0058376
0.0050579
0.003867
0.0043094
0.0046543
0.0041604
0.0038518
0.0034907
0.0033892
0.0047164
0.0051554
0.0043274
0.0035529
0.003897
0.0055167
0.0058391
0.0052038
0.0040871
0.0040165
0.0042357
0.003753
0.0030296
0.0023569
0.0029638
0.0046988
0.0058713
0.0061539
0.005964
0.005135
0.0036996
0.0032444
0.0032815
0.0029663
0.0033053
0.0044356
0.0045865
0.0051582
