   1.4210855e-14   0.0000000e+00   0.0000000e+00   0.0000000e+00   0.0000000e+00   0.0000000e+00
  -1.9313920e-02   8.6804872e-02   3.6115983e-01   1.6615230e-03  -3.6677967e-04  -4.6603949e-04
   2.3683106e-02   8.3085058e-02   5.7051799e-01   2.0641161e-03   5.0058328e-05  -1.1796927e-03
   1.9926720e-02   6.2983276e-02   5.3589642e-01   2.4802063e-03  -4.0843602e-06  -9.6436171e-04
   2.7678246e-02   5.8270395e-02   5.5991699e-01   2.5053535e-03   1.7348676e-04  -1.2120271e-03
   2.1413586e-02   6.7059230e-02   5.7153460e-01   3.3599566e-03  -5.2660085e-05  -1.2881384e-03
   3.1913995e-02   7.4341777e-02   5.4901077e-01   2.8774909e-03   6.6744387e-04  -1.1479619e-03
   4.5129310e-02   3.5145566e-02   6.0824983e-01   2.3039212e-03   6.3589674e-04  -8.2202716e-04
   3.7605321e-02   6.8105485e-02   5.5675625e-01   2.9997777e-03   6.5857313e-04  -1.1823465e-03
   3.8909947e-02   5.2197994e-02   6.2417096e-01   2.7608067e-03   4.8165201e-04  -8.7645411e-04
   1.7724308e-02   5.0422396e-02   5.2543324e-01   3.3442700e-03   6.8645390e-04  -7.6131307e-04
   3.3779452e-02   4.0716076e-02   5.8445990e-01   2.5807482e-03   5.0376578e-04  -1.2388388e-03
   2.5114503e-02   4.5200691e-02   5.6442479e-01   3.3890778e-03   3.6009024e-04  -1.1287582e-03
   2.3874423e-02   6.3617554e-02   5.3632289e-01   3.7984372e-03   4.4204610e-04  -1.1779978e-03
   2.7643631e-02   6.7087560e-02   5.8067729e-01   3.5344260e-03   2.9922301e-04  -1.3026324e-03
   3.0090609e-02   7.8163426e-02   5.9164754e-01   4.1825283e-03   2.1295669e-04  -1.1966528e-03
   3.3671410e-02   8.0827674e-02   5.7518717e-01   4.1640678e-03  -6.2364288e-05  -1.3188142e-03
   3.6486284e-02   7.3601104e-02   6.0421964e-01   3.4790363e-03   1.5599702e-05  -1.4206110e-03
   3.0138880e-02   8.2826150e-02   5.7477749e-01   3.9009272e-03   2.5262508e-05  -1.2859526e-03
   1.9276821e-02   7.5780428e-02   5.6634696e-01   4.2696677e-03  -5.7343305e-04  -9.7063573e-04
   2.9135236e-02   5.3956004e-02   6.2366401e-01   3.3578315e-03   1.6736480e-05  -1.5369831e-03
   1.5833181e-02   4.5185511e-02   5.6463625e-01   4.3128908e-03  -5.7102260e-04  -1.0838083e-03
   2.3550833e-02   6.7179716e-02   5.6469958e-01   3.6683907e-03   1.2761289e-04  -1.6144342e-03
   2.1397100e-02   6.6153322e-02   6.0605512e-01   3.4581327e-03  -9.6633006e-07  -1.2852517e-03
   2.1386546e-02   8.7399323e-02   5.7637274e-01   4.1515695e-03   2.7270097e-04  -1.5061562e-03
   2.0913733e-02   9.1173514e-02   5.8380381e-01   4.3584736e-03  -3.8961795e-05  -1.1685556e-03
   2.1958334e-02   8.4750925e-02   6.3001201e-01   3.6503537e-03  -4.0355764e-05  -1.5053678e-03
   1.8590110e-02   9.9748941e-02   5.9492495e-01   4.3659380e-03  -4.8149122e-05  -1.4772570e-03
   2.2167288e-02   9.3618423e-02   6.0979729e-01   4.2181075e-03  -1.5363674e-04  -1.3449474e-03
   3.0218731e-02   7.6230958e-02   6.5016494e-01   3.8394016e-03  -7.9174789e-05  -1.4498880e-03
   2.9492833e-02   5.8979667e-02   6.2920866e-01   4.1521385e-03  -2.2662336e-04  -9.8704365e-04
   1.8007771e-02   3.5255173e-02   6.7819856e-01   3.5464240e-03  -5.4976037e-04  -8.2626568e-04
   1.9515531e-02   6.9960740e-02   6.5698663e-01   3.8671887e-03   2.3566158e-05  -1.2753670e-03
   1.2975138e-02   6.2246254e-02   6.2955645e-01   3.8772621e-03   1.0255733e-04  -1.2928394e-03
   1.8369828e-02   4.9932143e-02   6.5575547e-01   3.2304602e-03   1.9035200e-04  -1.3212428e-03
   6.7392732e-03   7.2847265e-02   5.8907411e-01   4.4493877e-03  -3.9247437e-04  -9.4721370e-04
   6.9331933e-03   6.6758459e-02   6.2772914e-01   3.7199121e-03  -6.2524472e-04  -8.2024436e-04
   1.7894261e-02   6.6878270e-02   6.0989921e-01   3.6201285e-03  -2.1477739e-04  -1.1277347e-03
   9.2503108e-03   9.0194424e-02   5.7527102e-01   4.2646381e-03  -4.2857087e-05  -1.1130454e-03
   1.7307108e-02   1.0402987e-01   6.7254705e-01   3.6519682e-03  -1.6048086e-04  -1.1904662e-03
   2.0182626e-02   1.2501626e-01   5.9941490e-01   4.5907174e-03  -1.6249876e-04  -1.3510488e-03
   1.8540669e-02   1.1054349e-01   6.2449191e-01   4.2151991e-03  -1.6393567e-04  -1.3077585e-03
   1.7622689e-02   9.8230746e-02   6.1627092e-01   4.2866693e-03  -3.6601693e-04  -1.0836509e-03
   2.1426205e-02   1.0942534e-01   6.0902643e-01   4.5170459e-03  -6.6993892e-05  -1.3328052e-03
   2.4133783e-02   8.7016551e-02   6.6261073e-01   3.8301898e-03  -1.6621259e-04  -1.4797870e-03
   2.1817174e-02   1.0577060e-01   6.3188360e-01   4.3157296e-03  -1.7050814e-04  -1.3360669e-03
   2.1821416e-02   9.3482220e-02   6.8517599e-01   3.5214220e-03  -2.8208678e-04  -1.4137003e-03
   1.3789405e-02   9.9330977e-02   6.0309540e-01   3.9903303e-03   2.1017168e-06  -1.1515331e-03
   1.4031158e-02   7.9275115e-02   6.4066356e-01   3.8137538e-03  -5.6987833e-04  -1.1137256e-03
   1.7209986e-02   6.6037341e-02   6.4890833e-01   3.9477264e-03  -8.7341581e-04  -1.0569351e-03
   1.2503489e-02   1.0555353e-01   5.6360604e-01   4.5647762e-03  -5.3784654e-04  -1.0253197e-03
   5.4465776e-03   4.3112037e-02   6.3590273e-01   2.9017717e-03  -1.1836406e-03  -9.2459856e-04
   6.7997527e-03   1.0893682e-01   5.7594342e-01   3.7374426e-03  -4.7659057e-04  -1.5745310e-03
   4.9558599e-03   9.3985209e-02   5.9053749e-01   3.5308302e-03  -5.2960628e-04  -1.3464927e-03
   1.8682381e-03   9.5968000e-02   6.1071693e-01   3.7327756e-03  -9.6610582e-04  -9.2562244e-04
   6.9182209e-03   1.3509982e-01   5.9632462e-01   4.4058894e-03  -4.0746524e-04  -1.3211778e-03
   1.1226837e-02   1.1509357e-01   6.4653608e-01   3.7748108e-03  -4.3283591e-04  -1.2763949e-03
   8.7097179e-03   1.1234711e-01   5.9509326e-01   4.4581719e-03  -6.1084963e-04  -1.4134132e-03
   1.1269379e-03   1.0360154e-01   5.7035308e-01   4.5593565e-03  -7.3917890e-04  -1.0399289e-03
   8.1827137e-03   1.0026205e-01   5.9899840e-01   4.2506974e-03  -7.2264515e-04  -1.2188837e-03
   8.8829002e-03   1.2470084e-01   5.6365979e-01   4.2586746e-03  -6.7635685e-04  -1.4618092e-03
  -1.3012414e-02   7.1845980e-02   5.8823202e-01   3.2282057e-03  -1.1969936e-03  -9.9455836e-04
  -1.8237893e-02   9.8420900e-02   5.2583102e-01   3.9920851e-03  -4.5742763e-04  -8.1400490e-04
  -1.0196693e-02   1.0455877e-01   6.5693360e-01   3.7242167e-03  -7.5280651e-04  -4.5092249e-04
  -8.4230436e-03   1.5081199e-01   5.9339669e-01   4.9331437e-03  -5.5025844e-04  -8.6115574e-04
  -6.0939826e-03   1.2498375e-01   6.7535518e-01   4.3578704e-03  -8.7168206e-04  -7.0642623e-04
  -9.8105501e-03   1.3506105e-01   6.7465658e-01   5.0073792e-03  -4.1763564e-04  -8.1629990e-04
  -7.1457704e-03   9.8700526e-02   7.2588585e-01   3.9191574e-03  -5.3718409e-05  -8.1661450e-04
  -4.3238550e-03   1.0110419e-01   7.1027524e-01   3.9457017e-03   1.9132021e-04  -8.7846084e-04
  -5.6168862e-03   8.9717798e-02   7.1357394e-01   4.2447549e-03  -2.1382498e-04  -7.1930903e-04
  -2.0881545e-02   7.3982371e-02   7.2336033e-01   4.2168599e-03  -6.4054532e-04  -2.8560949e-04
  -1.9250921e-02   7.2906696e-02   7.5530090e-01   3.8808140e-03  -6.6711168e-04  -3.2068517e-05
  -7.9881222e-03   1.0825986e-01   7.0864989e-01   4.4220349e-03   3.6124595e-05  -7.2356198e-04
  -1.2703770e-02   7.4739836e-02   7.3467253e-01   3.3464088e-03   8.1234633e-08  -1.4196831e-04
  -8.7373489e-03   1.2856362e-01   6.8799940e-01   4.3054113e-03   7.1959654e-05  -7.5302323e-04
  -8.8259059e-03   1.5003629e-01   6.9233569e-01   4.6589613e-03  -1.9575878e-04  -6.5733814e-04
  -2.0036479e-03   1.2579976e-01   7.1174560e-01   4.2994141e-03  -2.3208147e-04  -8.7189130e-04
   2.3412698e-03   1.4202822e-01   6.9439695e-01   4.8663188e-03  -7.7414068e-05  -9.3423406e-04
  -4.8544744e-03   8.9420221e-02   7.5044534e-01   4.2093289e-03  -6.7382632e-04  -4.5308514e-04
  -8.7314449e-03   1.0000297e-01   7.1761329e-01   4.8956978e-03  -7.9530634e-04  -3.1125412e-04
  -1.3293917e-03   1.0898184e-01   7.2984487e-01   4.8921316e-03  -4.2171437e-04  -5.6767749e-04
  -1.1434274e-03   1.1989964e-01   7.3150396e-01   4.4744086e-03  -2.8169325e-04  -5.6018248e-04
  -1.2182993e-02   9.3881005e-02   6.6690625e-01   4.3314089e-03  -5.7679222e-04  -7.6880643e-05
   1.3611865e-03   1.1867150e-01   6.8631715e-01   3.8058021e-03   2.7769781e-04  -6.3726140e-04
  -7.3381268e-03   1.0187145e-01   6.6196841e-01   4.2472155e-03  -3.5595369e-04  -4.3602261e-04
  -9.5952470e-03   1.1639454e-01   6.6949432e-01   4.6517165e-03  -4.2500185e-04  -5.5524985e-04
  -5.5247392e-03   1.4395084e-01   6.6032902e-01   4.8164767e-03  -1.2903375e-04  -8.5055221e-04
  -1.4970015e-02   1.3807547e-01   6.6116142e-01   5.0042901e-03  -5.8922787e-04  -4.8153611e-04
  -6.1213697e-03   1.4173723e-01   6.6920894e-01   4.9057186e-03  -3.3239192e-04  -8.8172406e-04
  -1.9379317e-02   1.4745698e-01   6.4454094e-01   5.5904189e-03  -8.3963467e-04  -5.1016220e-04
  -1.7622993e-02   1.1785682e-01   6.6780734e-01   4.6086926e-03  -7.4760735e-04  -5.3509560e-04
  -1.0650269e-02   1.4674459e-01   6.5675874e-01   4.9671557e-03  -1.3619817e-04  -8.0673826e-04
  -2.5681770e-02   1.3906566e-01   6.6255815e-01   5.3733652e-03  -6.5606316e-04  -5.2315407e-04
  -2.6481053e-02   1.2718811e-01   6.8917752e-01   5.0221413e-03  -1.1691756e-03  -2.9637173e-04
  -2.4616492e-02   1.1957290e-01   5.9735445e-01   5.0966917e-03  -6.5257535e-04  -2.3425113e-04
  -1.3981457e-02   1.1686837e-01   6.1302342e-01   3.8399374e-03  -1.8509253e-04  -1.3811658e-04
  -2.1105954e-02   1.4273453e-01   6.0563899e-01   4.5814896e-03  -1.3488606e-04  -5.7242881e-04
  -3.8889342e-02   9.1577931e-02   6.6977234e-01   4.0483419e-03  -5.0124028e-04  -3.2716436e-05
  -6.4532698e-02   1.7810511e-01   5.9014479e-01   5.6785816e-03  -3.9417606e-04  -2.0748469e-04
  -5.3688977e-02   2.2647744e-01   6.4431991e-01   5.9660635e-03  -5.2472096e-05  -5.7724172e-04
  -4.4779781e-02   1.9901215e-01   6.8658796e-01   6.3836565e-03  -2.5865848e-04  -3.2576317e-04
  -4.2363412e-02   1.8746175e-01   6.6180506e-01   5.8879278e-03   1.0313806e-04  -4.7010737e-04
  -2.9541566e-02   1.4311259e-01   7.5557647e-01   4.6867622e-03   1.0905493e-04  -1.9026888e-04
  -3.9704189e-02   1.8827146e-01   6.5105901e-01   6.6081437e-03   9.8626685e-06  -3.5191629e-04
  -3.3800716e-02   1.4012387e-01   7.0204389e-01   5.1868499e-03  -4.4585606e-04  -2.5457610e-04
  -3.0178092e-02   1.5748466e-01   6.3110343e-01   5.9092510e-03   3.1896798e-05  -3.0739418e-04
  -2.4058634e-02   1.3468284e-01   6.5292093e-01   4.6963815e-03   3.7823439e-04  -5.7939805e-04
  -3.8311552e-02   1.1353000e-01   6.0356425e-01   5.1157848e-03  -4.7077220e-04  -5.6331480e-05
  -4.1127776e-02   1.5512796e-01   5.8899441e-01   5.9573677e-03  -1.6627386e-04   2.7796077e-05
  -3.4009713e-02   1.2768403e-01   6.5220375e-01   5.2534209e-03  -2.9780687e-04  -2.1331898e-04
  -4.0749572e-02   1.3587155e-01   5.9211211e-01   5.6817520e-03  -4.3793405e-04   2.7642049e-04
  -2.9373362e-02   1.0173443e-01   6.2434724e-01   4.1326193e-03  -1.6750641e-04   4.1049230e-04
  -2.3747560e-02   1.1172180e-01   5.7375624e-01   4.2820551e-03   4.1018565e-04   6.5319931e-04
  -9.7488354e-04   1.1075989e-01   5.5462723e-01   2.7326074e-03   1.2734822e-03   4.5039194e-04
  -6.3880772e-03   1.4145505e-01   5.5689719e-01   3.7698701e-03   1.3536211e-03  -1.1130796e-04
  -1.5821129e-02   1.4836206e-01   5.8215719e-01   4.7200820e-03   8.6126161e-04   1.1298126e-05
  -1.9009312e-02   1.7750419e-01   5.9867678e-01   5.2473542e-03   5.0672873e-04  -1.1062865e-04
  -1.3532370e-02   2.3387424e-01   5.5465929e-01   6.4202681e-03   8.3712739e-04  -3.5973885e-04
  -6.2083784e-03   2.1353185e-01   5.9294118e-01   5.7440008e-03   6.3487819e-04  -7.7134807e-04
  -1.7151925e-04   2.0328036e-01   5.8045132e-01   5.8208881e-03   5.8706856e-04  -7.6176934e-04
  -9.4744167e-03   1.7127339e-01   5.5958892e-01   5.9970382e-03   3.6460555e-04  -4.3859224e-04
  -3.1329526e-03   1.5956590e-01   5.9915901e-01   5.1566005e-03   7.6041996e-04  -6.6669407e-04
  -1.2903824e-02   1.6688045e-01   5.3959664e-01   6.1646538e-03   4.1508726e-04  -5.4073373e-04
  -9.6269736e-03   1.8084981e-01   5.7252790e-01   5.6506005e-03   8.8973319e-04  -8.1699203e-04
  -1.3966300e-02   1.4835860e-01   5.9323138e-01   5.4589780e-03   6.5929852e-04  -5.1038163e-04
  -1.6081225e-02   1.6376065e-01   5.7081231e-01   5.9441882e-03   6.4231015e-04  -4.9263300e-04
  -2.0870552e-02   1.2739658e-01   6.3771599e-01   4.7300195e-03   3.6138328e-04  -4.1248827e-04
  -3.0159442e-02   1.6215858e-01   5.7002941e-01   6.6461045e-03   1.8676016e-04  -1.3661838e-04
  -3.0422253e-02   1.4836809e-01   6.1385643e-01   5.3850076e-03   3.4025321e-04  -1.1768651e-04
  -2.2723509e-02   1.7404177e-01   5.9122426e-01   6.1436360e-03   6.7136808e-04  -5.9556724e-05
  -1.4903415e-02   1.5151041e-01   6.1160218e-01   5.6574730e-03   4.9528865e-04  -6.3945290e-05
  -1.0082941e-02   1.6469649e-01   5.8756165e-01   5.8824990e-03   7.5166095e-04  -3.0019796e-04
  -7.8354475e-03   1.5446475e-01   6.0842313e-01   5.6849938e-03   5.6676126e-04  -3.2825312e-04
  -4.7041899e-03   1.5650438e-01   6.1995422e-01   5.2224377e-03   9.8340123e-04  -5.2700797e-04
  -1.3508706e-02   1.3315195e-01   6.0185148e-01   5.9564489e-03   3.3824196e-04  -1.5778711e-04
  -7.6995566e-03   1.4577254e-01   6.4443725e-01   5.1050445e-03   9.9124996e-04  -6.4827545e-05
  -1.0299490e-02   1.8013330e-01   6.0715333e-01   6.1160025e-03   1.0306459e-03  -2.0607665e-04
  -9.4320011e-03   1.5749118e-01   6.3753991e-01   5.2401871e-03   8.5607333e-04  -1.9265805e-04
  -4.5968285e-02   1.6586961e-01   5.6939450e-01   6.5476818e-03   1.8613380e-04   1.7268609e-04
  -4.2604365e-02   1.2824807e-01   6.5764605e-01   5.6247152e-03  -4.3993317e-04   2.1049181e-04
  -4.3459891e-02   1.8159298e-01   5.8582157e-01   6.3722592e-03   4.7996730e-04   4.7437265e-04
  -1.9913962e-02   1.5501820e-01   6.6729106e-01   5.4665392e-03   7.3820682e-04  -4.7798035e-06
  -4.1586952e-02   1.6039748e-01   5.8909870e-01   6.5412883e-03   3.1505659e-04   4.1329105e-04
  -2.4272105e-02   1.4823397e-01   6.5114370e-01   5.2948268e-03   6.3561040e-04   1.9620272e-04
  -3.1906951e-02   1.5971943e-01   6.1230026e-01   6.4889386e-03   4.1626494e-04   3.3520215e-04
  -1.6445393e-02   1.7062001e-01   6.3142825e-01   5.6726407e-03   1.0985540e-03  -3.4728453e-04
  -1.2416484e-02   1.8767234e-01   6.0679079e-01   6.4203009e-03   1.0473671e-03  -2.8905267e-04
  -1.4032054e-02   2.0376763e-01   5.9504640e-01   6.6672027e-03   8.5952635e-04  -3.6606105e-04
  -6.5704846e-03   1.7823807e-01   6.1560822e-01   5.6848791e-03   1.1573095e-03  -4.1874182e-04
  -1.6247904e-02   1.6027474e-01   6.0218108e-01   6.4186273e-03   5.9837356e-04   2.1049279e-06
  -2.3205861e-02   1.6663616e-01   6.1638346e-01   6.3660978e-03   5.9079322e-04   2.2900219e-04
  -8.4096902e-03   1.7253739e-01   6.2907773e-01   5.5935998e-03   1.3159057e-03  -2.9909178e-04
  -2.6046755e-02   1.8023782e-01   5.6024645e-01   6.4073195e-03   3.5186060e-04   1.9141039e-04
  -1.6129460e-02   1.7554661e-01   5.8711120e-01   5.7181580e-03   8.4022232e-04  -8.9560087e-05
  -2.3542409e-02   1.7285185e-01   5.7650419e-01   6.1063222e-03  -8.7686881e-05  -7.3765160e-05
  -9.5741046e-03   2.0533510e-01   5.8598675e-01   6.5370312e-03   7.7418975e-04  -3.9582786e-04
  -9.5497675e-03   1.4684553e-01   6.3049002e-01   5.5752511e-03   8.8243365e-04  -2.8852914e-04
  -1.8628522e-02   1.5870148e-01   5.9727211e-01   6.1134826e-03   6.2643867e-04  -1.4859448e-04
  -2.4718706e-02   1.6427611e-01   6.0311641e-01   6.1464342e-03   3.2388509e-04  -4.4262124e-05
  -2.6463484e-02   1.8904363e-01   5.3368826e-01   6.3732835e-03   3.3885490e-05   2.8574461e-04
  -2.5144614e-02   1.7134468e-01   5.5855698e-01   5.7021686e-03   5.0686437e-04   3.1404819e-04
  -2.3078785e-02   1.3221031e-01   5.0064158e-01   4.5451366e-03   9.8905772e-04   8.9781979e-04
  -1.8187436e-03   1.0676686e-01   4.3038024e-01   3.4779154e-03   4.5898999e-04   3.9174879e-04
   1.0819450e-02   7.4457838e-02   3.0692281e-01   1.1920898e-03   1.1132096e-03  -1.8519636e-05
  -8.9188227e-03   1.2869337e-01   4.5842399e-01   3.5621713e-03   1.0863429e-03  -4.4786652e-04
  -1.3207781e-02   1.4190138e-01   5.3242540e-01   4.0223318e-03   9.4116210e-04   7.3082136e-06
  -1.2406535e-02   1.9693199e-01   5.2847137e-01   5.5675786e-03   1.1862469e-03  -2.1296677e-04
   8.9374672e-04   1.7640200e-01   6.0878088e-01   4.7747155e-03   1.3323169e-03  -2.7385972e-04
   1.1792269e-03   1.8807273e-01   5.5626199e-01   5.5016584e-03   1.3841009e-03  -5.8309444e-04
  -8.0524400e-03   1.1680933e-01   6.0313855e-01   4.8477967e-03   7.0065478e-04  -3.1373456e-04
   1.2092621e-04   1.4403402e-01   5.7233089e-01   5.0879606e-03   1.4171443e-03  -4.5182852e-04
  -9.1937873e-03   1.2584656e-01   5.5191487e-01   5.4907349e-03   8.2454337e-04  -3.4912568e-04
  -4.8270606e-03   1.3370775e-01   5.8660391e-01   4.6542764e-03   1.3598458e-03  -6.6598890e-04
  -1.3414373e-02   1.4857160e-01   5.5348390e-01   5.4946302e-03   7.3831468e-04  -1.6804984e-04
  -5.9143122e-03   1.4978168e-01   5.9024238e-01   5.1404047e-03   1.2446310e-03  -5.4270125e-04
  -1.1130369e-02   1.3983410e-01   5.9483383e-01   5.4020557e-03   1.1796258e-03  -5.3053602e-04
  -1.4843700e-02   1.5023139e-01   5.7363455e-01   5.5195734e-03   1.1534999e-03  -4.9818064e-04
  -1.2159402e-02   1.2964849e-01   6.0040786e-01   4.8290587e-03   1.1465295e-03  -2.9618495e-04
  -1.6011959e-02   1.4366557e-01   5.8274394e-01   5.6541165e-03   1.0618308e-03  -1.4248396e-04
  -2.8767785e-02   1.4416421e-01   5.7256532e-01   5.3788308e-03   5.1765021e-04  -8.1250360e-05
  -1.3578683e-02   1.5169378e-01   6.0135404e-01   5.1886734e-03   1.2112318e-03  -5.1045587e-04
  -1.8437004e-02   1.6197657e-01   5.9018957e-01   5.2824349e-03   1.2175226e-03  -5.3806353e-04
  -1.5592109e-02   1.4980527e-01   6.1616944e-01   5.0439190e-03   1.2861451e-03  -2.4542744e-04
  -1.9359175e-02   1.6751964e-01   6.0150198e-01   5.3749328e-03   1.3506819e-03  -1.5139745e-04
  -2.3139517e-02   1.5173120e-01   6.1755662e-01   5.3404211e-03   1.1435460e-03   2.1825916e-04
  -1.9172158e-02   1.7734323e-01   6.0440782e-01   5.3562720e-03   1.5656037e-03  -3.6139866e-04
  -2.0096017e-02   1.6793923e-01   6.3942581e-01   5.4586417e-03   1.3129865e-03  -3.3238815e-04
  -1.8888013e-02   1.9932787e-01   6.2343800e-01   6.0754927e-03   1.6114541e-03  -3.8629274e-04
  -1.1274717e-02   1.6929203e-01   6.6923502e-01   5.3296492e-03   1.4988111e-03  -2.2354876e-04
  -1.3036818e-02   1.8289355e-01   6.0659508e-01   6.2093404e-03   1.4547496e-03  -4.0408923e-04
  -8.2280877e-03   1.5389231e-01   6.5936158e-01   5.3446698e-03   1.5090049e-03  -3.0718336e-04
  -1.8897902e-02   1.9639803e-01   5.9120308e-01   6.6307607e-03   1.7923135e-03  -1.6455674e-05
  -1.5544193e-02   1.5781885e-01   6.4002065e-01   5.0378722e-03   1.4196339e-03  -1.6702614e-05
  -2.4475134e-02   1.7551076e-01   6.1769751e-01   6.3510410e-03   1.0991408e-03   1.6213566e-04
  -1.9111891e-02   1.3506462e-01   6.4129863e-01   5.1458608e-03   1.0999545e-03  -4.7811919e-05
  -1.6780727e-02   1.7273389e-01   6.2507546e-01   5.6841693e-03   1.4481739e-03  -2.6899262e-04
  -1.7531067e-02   1.6515128e-01   6.3676632e-01   5.5093856e-03   1.4083127e-03  -1.2048861e-04
  -2.1457132e-02   1.2428372e-01   6.8021429e-01   4.9432929e-03   1.1781381e-03   1.9319211e-04
  -2.5900704e-02   1.3026678e-01   6.9968969e-01   4.8379573e-03   1.1681198e-03   1.5208002e-04
  -3.5242950e-02   1.7105527e-01   6.7441864e-01   6.1768773e-03   1.1041179e-03  -7.4767357e-05
  -3.2687215e-02   1.6665120e-01   7.0643099e-01   5.5432078e-03   9.8019406e-04  -4.5907619e-05
  -3.1903990e-02   2.0825966e-01   6.6921054e-01   6.4129070e-03   1.1731663e-03  -4.2264571e-04
  -3.4075989e-02   1.6731289e-01   6.9776719e-01   5.5036374e-03   6.6957306e-04  -2.7463907e-04
  -3.2245066e-02   1.9646152e-01   6.6037967e-01   6.2235486e-03   8.9513841e-04  -5.6024504e-04
  -2.7148599e-02   1.9037087e-01   6.4673766e-01   5.7336572e-03   1.1204962e-03  -4.9843173e-04
  -2.7298153e-02   1.6230678e-01   6.8837887e-01   5.4160525e-03   8.3880205e-04  -3.0340473e-04
  -3.5839109e-02   1.9346046e-01   6.6663240e-01   6.8490257e-03   8.6175102e-04  -4.3229211e-04
  -5.5318666e-02   1.8300949e-01   6.5869843e-01   6.1708058e-03   8.2730949e-04  -3.9478402e-04
  -4.9883494e-02   1.8209605e-01   6.7496938e-01   5.8980274e-03   1.2661727e-03  -4.2312735e-04
  -4.9191873e-02   2.0538238e-01   6.3824742e-01   6.4956162e-03   9.5097604e-04  -4.4594384e-04
  -3.9477295e-02   2.0467990e-01   6.6722560e-01   6.4828892e-03   1.1424922e-03  -5.6479154e-04
  -4.4962947e-02   1.6163258e-01   6.5597070e-01   6.3823041e-03   2.7047097e-04  -3.1133755e-04
  -4.7386486e-02   1.7692860e-01   6.4707991e-01   6.7078057e-03   4.9769173e-04  -3.2921336e-04
  -4.7846873e-02   1.5855169e-01   6.3682079e-01   5.9248880e-03   5.6230218e-04  -3.3942790e-04
  -4.9130180e-02   1.7240762e-01   5.7452781e-01   6.5197321e-03   1.4833402e-04  -5.6825533e-04
  -5.2123640e-02   1.7699898e-01   6.2825145e-01   5.9688306e-03   1.8138657e-04  -5.0028247e-04
  -4.7555781e-02   2.0269396e-01   5.9289692e-01   6.3380875e-03   6.6297287e-04  -8.8540748e-04
  -4.6696215e-02   1.9367562e-01   6.3669169e-01   5.8621196e-03   7.5196540e-04  -6.9864994e-04
  -5.0939418e-02   1.9492253e-01   5.9261748e-01   6.4163663e-03   3.8670406e-04  -4.6108935e-04
  -4.8042752e-02   2.1576353e-01   6.0206882e-01   5.9333362e-03   1.1254072e-03  -7.6343358e-04
  -4.3855899e-02   1.8269734e-01   6.4583228e-01   5.4881664e-03   9.6820911e-04  -7.0557786e-04
  -5.3697749e-02   2.0926553e-01   5.7602542e-01   6.8773627e-03   9.9591434e-04  -7.1129433e-04
  -5.5522411e-02   1.5560161e-01   6.6080103e-01   5.3098137e-03   8.6856841e-04  -3.8191006e-04
  -5.2234745e-02   2.0102747e-01   6.1550596e-01   6.6383342e-03   1.1452875e-03  -6.3483230e-04
  -4.1741701e-02   1.8748445e-01   6.5249873e-01   5.7835963e-03   8.9768954e-04  -8.0302835e-04
  -4.1230037e-02   2.0079436e-01   6.1857164e-01   6.4018402e-03   8.7582553e-04  -8.5786986e-04
  -3.9457175e-02   1.8970857e-01   6.2282875e-01   6.0496604e-03   9.2353995e-04  -1.2041094e-03
  -4.7814437e-02   1.3995820e-01   6.3340898e-01   5.5998304e-03   6.8580008e-05  -6.1221125e-04
  -3.9406676e-02   2.0208420e-01   5.8296687e-01   6.4442269e-03   9.1415327e-04  -8.3842187e-04
  -3.1889684e-02   1.6299512e-01   6.6456641e-01   5.0165093e-03   1.1536632e-03  -8.1121700e-04
  -4.5497028e-02   1.7503610e-01   5.7283029e-01   5.9754716e-03   7.3050540e-04  -2.7650468e-04
  -5.4301409e-02   1.7321482e-01   6.1289135e-01   5.7610125e-03   3.5032309e-04  -2.1761741e-04
  -5.4131325e-02   1.9191876e-01   5.5803742e-01   6.2680398e-03   5.2143939e-04  -2.3736889e-05
  -4.3014225e-02   1.8175691e-01   5.7086403e-01   5.2144032e-03   1.0069463e-03  -4.3774173e-04
  -5.2800886e-02   2.0691742e-01   4.9804099e-01   6.1541980e-03   8.7286205e-04  -1.0963407e-03
  -6.5276524e-02   2.2193830e-01   5.2450903e-01   7.2779163e-03   1.0296623e-03  -4.2428760e-04
  -5.9392268e-02   2.2578160e-01   5.7167316e-01   6.7341755e-03   1.0050629e-03  -4.0727465e-04
  -5.3574734e-02   2.5573452e-01   5.9824654e-01   7.1987181e-03   1.0935453e-03  -6.4680525e-04
  -4.7208851e-02   2.3141128e-01   6.5901127e-01   6.9721735e-03   1.2154267e-03  -3.7070807e-04
  -4.7516423e-02   1.7966793e-01   6.7923255e-01   6.3505435e-03   6.8750144e-04  -1.4009619e-04
  -3.3957962e-02   1.7488674e-01   6.6797636e-01   5.5850963e-03   1.6148893e-03  -8.7972774e-04
  -3.5094308e-02   1.5872472e-01   6.9458133e-01   5.6845385e-03   1.5001773e-03  -4.6607498e-04
  -4.8303791e-02   1.5332747e-01   6.8452346e-01   5.8376287e-03   1.1049036e-03  -2.7490960e-04
  -3.5340779e-02   1.5900676e-01   7.0898798e-01   5.7941590e-03   1.5191389e-03  -4.4778458e-04
  -4.5741882e-02   1.4781527e-01   7.0287486e-01   6.0966338e-03   9.5798559e-04  -2.5339911e-04
  -5.4145217e-02   1.3109654e-01   7.2343818e-01   5.4831911e-03   3.1994850e-04  -3.9998030e-05
  -5.8600443e-02   1.5086423e-01   6.3244166e-01   6.1319797e-03   7.0077871e-04   2.6724363e-04
  -4.0292661e-02   9.8078108e-02   6.6596073e-01   3.5350261e-03   1.3920349e-03   5.4073705e-04
  -4.5456583e-02   1.4152928e-01   6.2429329e-01   4.2128105e-03   1.4293925e-03   1.4936404e-04
  -3.3216267e-02   1.5410216e-01   6.5188061e-01   4.1134916e-03   1.8032696e-03  -2.1815941e-04
  -4.6629326e-02   1.6307215e-01   5.6321407e-01   4.9858711e-03   1.4862593e-03   1.2022769e-07
  -3.6483648e-02   1.8859772e-01   5.6934525e-01   5.0852203e-03   1.4107097e-03  -2.4680155e-04
  -1.3663110e-02   2.0422745e-01   6.0759430e-01   5.1260157e-03   1.7145439e-03  -5.9012165e-04
  -3.2525000e-02   1.7058386e-01   5.8121032e-01   5.7240399e-03   8.0514352e-04  -3.2925875e-04
  -2.7449872e-02   1.6309199e-01   6.1896986e-01   4.9995711e-03   1.3701335e-03  -6.0247072e-04
  -3.5870794e-02   1.4363158e-01   5.6092731e-01   4.8556511e-03   7.2249044e-04  -3.0667826e-04
  -2.9918790e-02   1.6883881e-01   5.9890429e-01   4.3314665e-03   1.7921287e-03  -5.3276217e-04
  -3.1630872e-02   1.3296850e-01   6.1419140e-01   4.3431383e-03   1.5433322e-03  -4.5302359e-04
  -2.8451713e-02   1.4606754e-01   5.6442909e-01   5.2537292e-03   1.1284632e-03  -5.1202313e-04
  -2.3617579e-02   1.2164274e-01   6.2593142e-01   4.2941999e-03   7.0381662e-04  -1.5217962e-04
  -2.7545698e-02   1.2709718e-01   5.6756724e-01   4.3900984e-03   9.5603374e-04   4.6488854e-04
  -1.3428276e-02   1.3268481e-01   5.8939937e-01   3.5359796e-03   2.2014302e-03  -4.7442321e-04
  -2.4462793e-02   1.4985433e-01   5.2917744e-01   4.8182840e-03   1.7699395e-03  -3.7094430e-04
  -3.8937966e-02   1.5891634e-01   5.4620227e-01   4.6506663e-03   1.4829852e-03  -3.1479549e-05
  -3.9444136e-02   2.1469792e-01   4.8897760e-01   5.9130694e-03   1.1100217e-03  -1.6738625e-04
  -2.7037163e-02   2.2698484e-01   5.0301299e-01   5.8307446e-03   1.2246977e-03  -3.9478137e-04
  -1.7723877e-02   1.6096465e-01   5.8013345e-01   3.9689084e-03   1.1298538e-03   3.4652844e-04
  -1.4735556e-02   1.0540722e-01   3.5087112e-01   2.3652368e-03   1.5606144e-03   1.0401647e-03
  -2.5607250e-03   7.3515929e-02   4.0231570e-01   9.2708230e-04   1.9007860e-03  -8.2002943e-05
  -7.5978182e-03   1.3581636e-01   3.8477911e-01   3.4176502e-03   1.9483384e-03  -4.6847170e-04
  -1.3269380e-02   1.0804782e-01   4.9021081e-01   3.0784783e-03   1.5725780e-03  -8.8668460e-05
  -1.3748634e-02   1.4697963e-01   4.4320581e-01   3.8997414e-03   2.5343754e-03  -6.7829585e-04
  -1.2918030e-02   1.0345908e-01   5.1799354e-01   2.9207257e-03   1.8434065e-03  -3.3263811e-04
  -1.2422302e-02   9.9462280e-02   4.8089082e-01   3.3986115e-03   1.3215061e-03  -1.3459513e-04
  -3.0612531e-02   8.8819673e-02   4.2941729e-01   3.3372605e-03   1.8622565e-03   4.9669563e-04
  -2.1709676e-02   4.1316514e-02   4.0727180e-01   1.9297067e-03   2.9949655e-03   7.7655728e-04
  -1.4619127e-02   6.7997905e-02   4.5095996e-01   2.4534423e-03   2.8665811e-03   1.6330596e-04
  -1.2009651e-02   8.8420759e-02   5.0830108e-01   2.9874917e-03   2.7003348e-03  -2.5893304e-05
  -1.0895028e-02   1.0412708e-01   4.9670936e-01   3.1305911e-03   2.4984536e-03  -2.4189121e-04
  -8.2058423e-03   1.0277895e-01   5.3390810e-01   2.9906886e-03   2.1826337e-03  -2.3903685e-04
  -1.5621458e-02   9.6201472e-02   4.8997639e-01   3.2140291e-03   1.8641976e-03  -4.8030522e-05
  -7.1995431e-04   4.6378696e-02   5.6593171e-01   9.0716487e-04   2.1450879e-03   3.7608968e-04
  -1.5320894e-02   4.9058446e-02   2.8997374e-01   7.2953599e-04   2.1574083e-03   5.6885002e-04
  -9.9016097e-04   6.4857966e-02   3.9354050e-01   5.9241142e-04   2.7976127e-03  -4.5029352e-04
  -1.9590122e-02   6.0951869e-02   4.1632053e-01   2.0562583e-03   1.9896453e-03   5.0980579e-05
  -1.4014704e-02   3.4193526e-02   4.6984002e-01   1.1224318e-03   2.1584122e-03   1.7131602e-04
  -9.7827427e-03   5.9393668e-02   4.7052022e-01   1.7013476e-03   2.1153228e-03   1.3643964e-04
  -4.9367126e-04   8.2120917e-02   4.7165283e-01   1.7979929e-03   2.5880113e-03  -2.7348594e-04
  -9.6132610e-03   4.3398173e-02   5.2149017e-01   1.3306661e-03   1.8468010e-03   1.1679533e-04
  -8.7121250e-03   6.9506510e-02   3.8378742e-01   1.7040383e-03   1.6777534e-03   6.5751264e-05
  -6.5438266e-03   4.1248045e-02   4.0166111e-01   2.7191514e-04   2.9400786e-03   5.0276744e-04
  -7.0610453e-03   6.3563727e-02   4.1811566e-01   1.1503699e-03   3.0686543e-03  -1.6217623e-04
  -4.7401570e-03   6.0949059e-02   4.5070605e-01   9.4724679e-04   3.0643491e-03  -1.4714665e-04
  -4.9199689e-03   4.3396143e-02   4.3265703e-01   1.3320188e-03   2.5333064e-03   5.1505412e-05
  -5.6282055e-03   7.6573354e-02   4.3764286e-01   1.9191910e-03   2.2126352e-03   7.6417969e-05
  -7.5512727e-04   8.2984854e-02   4.8480259e-01   1.0517915e-03   3.0473717e-03  -2.8491390e-04
  -1.3118778e-02   6.1865755e-02   4.1679386e-01   1.7658471e-03   2.0018189e-03   1.7924377e-04
  -1.3056736e-02   4.7448468e-02   4.5981916e-01   7.4533738e-04   2.2790447e-03   1.2862285e-04
  -2.1393698e-02   5.3233961e-02   4.2588100e-01   1.5515158e-03   2.0360837e-03   4.3506419e-04
  -1.1759925e-02   8.2166622e-02   4.1608461e-01   1.0362643e-03   2.9509925e-03  -5.8519032e-04
  -1.8637825e-02   5.1786245e-02   4.8286965e-01   1.0392404e-03   2.1701765e-03   1.5327302e-04
  -1.9708038e-02   7.6482902e-02   4.6188169e-01   2.0002965e-03   2.0623757e-03   4.1153479e-04
  -9.8049616e-03   7.0038380e-02   4.9919465e-01   8.5422736e-04   2.7033048e-03   8.5997849e-05
  -1.6200235e-02   1.0038301e-01   4.0933784e-01   2.3111812e-03   2.7552384e-03  -1.7279908e-04
  -1.1573996e-02   7.3526540e-02   4.4008363e-01   1.4699845e-03   2.4294724e-03   6.1542465e-05
  -3.0833194e-02   1.1462867e-01   4.3321054e-01   3.2830302e-03   2.1183064e-03   4.0740060e-05
  -2.4224923e-02   1.0488799e-01   5.0047775e-01   2.4081682e-03   2.0515286e-03   2.7565869e-05
  -3.8079583e-02   1.0977034e-01   3.9906535e-01   2.9798043e-03   1.9926157e-03   3.7016485e-04
  -2.5843562e-02   7.6432736e-02   4.8821561e-01   1.3166689e-03   2.1382520e-03   5.3963111e-04
  -3.3457683e-02   8.6156789e-02   3.9078293e-01   2.1335911e-03   1.9709138e-03   7.0775042e-04
  -2.3494192e-02   4.5940701e-02   4.5485052e-01   6.4123540e-04   2.0408284e-03   1.0210945e-03
  -2.6261419e-02   6.4146966e-02   4.1998318e-01   1.5359645e-03   2.2943836e-03   3.3465566e-04
  -1.8639721e-02   8.0430548e-02   4.5467720e-01   1.0759634e-03   2.6940951e-03  -6.5209437e-05
  -1.0548672e-02   1.0576481e-01   4.3499333e-01   2.0968121e-03   2.6937539e-03  -2.3482951e-04
  -8.7613244e-03   1.2555827e-01   4.7403007e-01   2.8090834e-03   2.5346265e-03  -1.5970338e-04
  -1.6685418e-02   8.3753526e-02   4.5458811e-01   2.2417218e-03   2.0843633e-03  -1.1714984e-05
  -2.6212880e-02   8.7797309e-02   4.5480526e-01   2.7180653e-03   1.8194588e-03   1.4959537e-04
  -2.4438373e-02   1.1398092e-01   4.5490697e-01   2.7809535e-03   2.3481499e-03   3.4038667e-04
  -1.8215641e-02   1.0427300e-01   4.3062332e-01   2.6288352e-03   2.5676105e-03  -3.3787977e-04
  -2.0011700e-02   9.0426871e-02   4.4259148e-01   2.3517711e-03   2.4615126e-03  -3.0621509e-04
  -3.2227116e-02   7.8192010e-02   4.0754113e-01   2.8269431e-03   1.8070917e-03   1.4639868e-05
  -1.5652582e-02   5.6891799e-02   4.7999254e-01   1.7031484e-03   2.5247028e-03  -2.6633412e-04
  -2.4485884e-02   8.0448514e-02   4.0829123e-01   2.7423788e-03   2.2638931e-03  -1.1406610e-04
  -2.7554966e-02   6.5219994e-02   4.7141931e-01   2.3132068e-03   1.8678397e-03   1.3706539e-04
  -3.2711672e-02   4.9230842e-02   4.1752645e-01   2.6076286e-03   1.5751350e-03   1.9613783e-04
  -2.9862262e-02   5.9781289e-02   4.7786502e-01   1.8278895e-03   1.4761539e-03   6.0815556e-04
  -1.8963185e-02   1.0298641e-01   4.4198215e-01   2.6030702e-03   2.3673243e-03  -1.1086078e-04
  -2.4303098e-02   4.6044787e-02   4.5072997e-01   1.4684977e-03   1.5621290e-03   3.1643214e-04
  -2.1287497e-02   6.0597568e-02   3.4915642e-01   1.3539353e-03   1.7670181e-03   1.1193556e-04
  -1.4961975e-02   8.6422816e-02   4.3291390e-01   1.0116387e-03   2.7172528e-03  -3.0615050e-04
  -2.5082352e-02   8.5685695e-02   3.6232370e-01   2.1920456e-03   2.1169139e-03   6.2517523e-06
  -3.5972725e-02   6.8165691e-02   3.9711191e-01   2.0764711e-03   1.4481408e-03   2.5869878e-04
  -2.9636375e-02   1.1113978e-01   3.7265707e-01   2.7232428e-03   2.2598784e-03  -3.5170748e-04
  -2.4588252e-02   8.9985827e-02   3.9856292e-01   2.6240166e-03   1.8768410e-03  -8.6543689e-05
  -2.8193187e-02   6.4092455e-02   4.1903903e-01   2.1135930e-03   1.2566968e-03   1.9082655e-04
  -3.2856486e-02   6.3158756e-02   3.5029798e-01   2.0371977e-03   1.9320358e-03   6.4712448e-04
  -1.2879842e-02   3.2457661e-02   3.7142699e-01   7.3266052e-04   1.8739781e-03   6.1964316e-04
  -4.7232737e-02   8.4250866e-02   7.1601761e-02   1.3034168e-03   1.4967619e-03   5.9643329e-04
  -3.3466106e-02   6.3768148e-02   2.3416009e-01   2.8328256e-04   1.9533227e-03   1.7498387e-04
  -4.0589901e-02   7.4192416e-02   2.3196774e-01   1.8912460e-03   1.4340766e-03   4.3182899e-04
  -3.3887675e-02   7.9186206e-02   3.1294484e-01   1.3426698e-03   1.1977197e-03   6.0872806e-04
  -3.3954899e-02   1.2943395e-01   1.7519255e-01   1.9907362e-03   8.7532927e-04   4.3130745e-04
  -2.0761573e-02   1.3747452e-01   2.7304296e-01   1.7541849e-03   9.3960026e-04  -2.4923009e-04
  -2.0497661e-02   9.2160003e-02   3.0574038e-01   1.4064618e-03   1.1180238e-03  -2.7843159e-04
  -4.0603249e-02   8.7096330e-02   2.6911354e-01   2.1168808e-03   4.8201112e-04   9.0420484e-05
  -3.7950131e-02   7.8751914e-02   3.0329444e-01   1.1549681e-03   9.2951531e-04   4.7949413e-04
  -4.2399326e-02   6.5965411e-02   2.1597197e-01   9.6136771e-04   1.3061094e-03   6.7979917e-04
  -2.9583290e-02   7.0708393e-02   2.6999371e-01   5.1928909e-04   1.5515583e-03   4.7577171e-04
  -2.6044015e-02   7.7040039e-02   3.0493453e-01   1.1506111e-03   2.0078401e-03   2.1147035e-05
  -4.7721017e-02   2.9718074e-02   3.3994331e-01   1.3961617e-03   1.0856310e-03   1.4742142e-04
  -2.1767581e-02   1.1670614e-01   2.3478681e-01   2.5487323e-03   1.3191773e-03  -5.1446831e-04
  -1.4634251e-02   1.2129059e-01   1.1375821e-01   3.1174205e-03   2.1672290e-03  -7.2647215e-04
  -2.5069777e-02   1.0011956e-01   2.0545304e-01   1.9001627e-03   2.3473999e-03  -3.0252976e-04
  -1.5373941e-02   7.3176737e-02   3.4498332e-01   1.7721890e-03   2.4426202e-03  -5.4013965e-04
  -9.5231472e-03   7.2792621e-02   3.9155990e-01   1.7699861e-03   2.4526273e-03  -2.2972117e-04
  -1.9285920e-02   7.0690319e-02   3.6136115e-01   2.2908360e-03   1.5856716e-03  -5.1287713e-05
  -2.4677238e-02   4.8623262e-02   3.5636318e-01   1.4796742e-03   1.5691148e-03   5.3519452e-04
  -1.6466388e-02   5.0367589e-02   3.7243478e-01   1.5227375e-03   2.4691366e-03  -1.5303168e-04
  -1.4720741e-02   3.1544370e-02   3.9812156e-01   6.6162239e-04   2.1036393e-03  -1.1072517e-04
  -4.2044196e-02   9.4390613e-02   2.7813824e-01   2.4080048e-03   2.1305378e-03  -4.8912288e-05
  -3.0251453e-02   6.7272621e-02   3.8061161e-01   1.1647385e-03   1.9651021e-03   1.8218805e-04
  -4.1790239e-02   1.0411356e-01   3.1390149e-01   2.5687643e-03   1.4867580e-03   5.8556644e-04
  -2.0304741e-02   5.8264831e-02   3.6377460e-01   6.3184569e-04   1.3917401e-03   6.4236341e-04
  -4.1041746e-02   8.0579223e-02   2.3326602e-01   1.8989848e-03   2.1478533e-03   1.4475349e-04
  -3.8705365e-02   7.1574954e-02   3.0167334e-01   1.3017056e-03   2.3509036e-03   1.3136777e-04
  -4.1558826e-02   5.3852358e-02   2.9478531e-01   1.4302557e-03   2.2281477e-03   2.8409345e-05
  -5.4092322e-02   7.0566670e-02   3.3586062e-01   1.8745599e-03   1.5028879e-03   7.5218353e-05
  -4.3609493e-02   7.4787454e-02   3.4272094e-01   1.7205778e-03   1.4716562e-03   1.7872908e-04
  -4.2072414e-02   9.6409426e-02   2.1807335e-01   1.8996630e-03   2.1979121e-03   7.6713420e-04
   2.9214370e-04   5.7912077e-02   2.0692305e-01  -5.5969368e-05   1.3651759e-03   3.6783242e-04
  -2.5018408e-02   9.6972920e-02   2.5688905e-01   1.2340869e-03   2.2310033e-03  -3.6574510e-04
  -3.9327795e-02   4.3712191e-02   3.1035509e-01   7.1025431e-04   1.5133142e-03  -1.0836241e-04
