-8.6693e-06
0.0001498
0.0014469
0.003673
0.0046894
0.0041671
0.0036259
0.0032461
0.0032485
0.003796
0.0040097
0.0035769
0.0045718
0.0058526
0.0060201
0.005641
0.0060613
0.0070662
0.0069583
0.006219
0.0046553
0.0038606
0.0045244
0.0052631
0.0062645
0.0069623
0.0074992
0.0080876
0.0086327
0.0084879
0.0071823
0.0059
0.0055848
0.0051817
0.0052893
0.0059788
0.0058452
0.005266
0.0056781
0.0058037
0.005929
0.006037
0.0051962
0.0045404
0.0038777
0.0042443
0.0053275
0.0055742
0.0048418
0.0045393
0.0050567
0.0054845
0.0056591
0.0048976
0.0038165
0.003122
0.0040953
0.0056673
0.0064604
0.0064336
0.0058594
0.0046929
0.0042518
0.0042786
0.0037743
0.0038527
0.0050438
0.0050007
0.0044877
0.0046618
0.0044281
0.004275
0.0045648
0.0049232
0.0042504
0.0039929
0.0044191
0.0042389
0.0028779
0.0018041
0.0020483
0.0028424
0.0034758
0.0040913
0.0051813
0.0062139
0.0050734
0.003659
0.003428
0.0033422
0.0038979
0.0061509
0.0069085
0.006552
0.0074171
0.0082866
0.0079904
0.0069204
0.0057315
0.0055577
0.0051871
0.0040354
0.0031141
0.0026132
0.0032817
0.0048516
0.0050234
0.0047364
0.0047679
0.0044955
0.003636
0.0035494
0.0046762
0.0057409
0.0066933
0.006752
0.0053557
0.0038812
0.0032548
0.0026673
0.0027645
0.0045674
0.0054109
0.005917
0.0058575
0.0048409
0.0049715
0.004844
0.0049005
0.0057121
0.006138
0.0055177
0.0037709
0.0028875
0.004179
0.0050328
0.004908
0.0052702
0.0042907
0.0041314
0.0057383
0.0062475
0.006106
0.0064007
0.0064862
0.0057397
0.0047372
0.0044491
0.0038571
0.0034874
0.0029864
0.0024478
0.0025015
0.0028093
0.0034103
0.0036319
0.0031818
0.0037359
0.0046036
0.0047573
0.0049031
0.0050878
0.0056365
0.0060215
0.0057212
0.0046535
0.0033414
0.0023294
0.0028578
0.0034637
0.0037102
0.0039497
0.0041395
0.0047159
0.0050966
0.0058088
0.0063034
0.005683
0.0053658
0.0061107
0.0059543
0.0058956
0.0057823
0.0052992
0.0050557
0.0045033
0.0043394
0.0050237
0.0066182
0.0074213
0.0070204
0.0065878
0.005659
0.0045292
0.0048196
0.0053217
0.0056626
0.0058847
0.005635
0.0054207
0.0049164
0.0056342
0.0061203
0.0051658
0.004122
0.0039499
0.0036826
0.0040106
0.0049287
0.0050379
0.005379
0.0051281
0.0048058
0.0052528
0.0052747
0.00484
0.0045945
0.0053901
0.0057464
0.0052366
0.0060767
0.0070166
0.0062063
0.0050746
0.0046557
0.0042956
0.0044514
0.0057009
0.0060909
0.0060295
0.0064867
0.0064383
0.0061904
0.0057692
0.0062551
0.005989
0.0051543
0.0056947
0.0060072
0.0058083
0.0060221
0.0059178
0.0045726
0.0031776
0.0024125
0.0023468
0.0028878
0.0042573
0.0046871
0.0041304
0.0050608
0.0069157
0.0071364
0.0063147
0.0063689
0.0060477
0.0053984
0.0046918
0.0045303
0.004664
0.0043533
0.0040179
0.0032538
0.0033395
0.0039314
0.0044327
0.0044205
0.0041073
0.0041356
0.0040923
0.0032868
0.0027742
0.0031744
0.0033865
0.003647
0.0036379
0.0035093
0.0035086
0.003612
0.0029986
0.0026428
0.0020257
0.0026639
0.0043975
0.0051163
0.0060234
0.0071121
0.0073149
0.0072726
0.0067741
0.005356
0.0045067
0.0045755
0.0048066
0.0048465
0.004412
0.0045419
0.0056575
0.0060856
0.0054713
0.0053816
0.0054742
0.0042717
0.0032505
0.0043409
0.005411
0.005313
0.0058114
0.0067077
0.0067508
0.0057437
0.0041541
0.0034596
0.0039229
0.0038474
0.0032702
0.0031022
0.0031672
0.0034697
0.0029658
0.0027827
0.0045922
0.0047896
0.0048843
0.005698
0.0058383
0.0050633
0.0038687
0.004306
0.0046554
0.0041623
0.0038527
0.0034926
0.0033866
0.004711
0.0051576
0.0043308
0.003555
0.0038916
0.005512
0.0058403
0.0052077
0.0040904
0.0040147
0.0042366
0.0037554
0.003033
0.0023577
0.0029584
0.0046922
0.0058688
0.0061538
0.0059656
0.0051401
0.0037042
0.0032439
0.0032824
0.0029671
0.0033014
0.004433
0.0045855
0.0051589
