   0.0000000e+00   0.0000000e+00   0.0000000e+00   0.0000000e+00   0.0000000e+00   0.0000000e+00
   7.4818232e-03   8.5915633e-02   2.6216528e-01  -8.6626488e-04  -1.0327807e-03  -2.1311230e-03
  -5.2840251e-03   6.2199427e-02   3.4950490e-01  -1.2490358e-03  -1.0922844e-03  -1.3744329e-03
   2.1868069e-03   7.4414551e-02   3.8000008e-01  -1.3042258e-03  -1.2297139e-03  -1.1448560e-03
  -2.1610624e-02   8.6516170e-02   4.1719683e-01  -1.8616536e-03  -1.9469269e-03  -1.0304664e-03
  -2.2400118e-02   1.2054830e-01   3.9840833e-01  -9.7709011e-04  -1.0861778e-03  -1.2661863e-03
  -2.5595059e-02   9.1256604e-02   4.1348770e-01  -1.6490738e-03  -1.4373102e-03  -1.1917187e-03
  -2.3499141e-02   6.2992381e-02   4.2764636e-01  -2.3452091e-03  -1.6557773e-03  -1.1150190e-03
  -2.5863461e-02   7.2274784e-02   3.9706903e-01  -1.7829202e-03  -1.6113205e-03  -1.0740137e-03
  -2.6333184e-02   6.4048541e-02   3.9400588e-01  -2.0136190e-03  -1.4299536e-03  -1.0343924e-03
  -2.5594803e-02   8.1545534e-02   3.9365652e-01  -1.7455504e-03  -1.4024652e-03  -1.0597369e-03
  -2.4086840e-02   8.7342858e-02   3.8298288e-01  -1.2457282e-03  -1.2461578e-03  -1.0944480e-03
  -1.8779424e-02   6.8895532e-02   3.7892194e-01  -1.5859632e-03  -9.7081958e-04  -1.0950908e-03
  -1.6655442e-02   4.4482918e-02   3.9033657e-01  -1.7844992e-03  -1.4503834e-03  -1.1430832e-03
  -3.2726292e-03   4.3292371e-02   3.7242326e-01  -1.4505667e-03  -1.1850213e-03  -1.2252050e-03
  -6.0565256e-03   4.8437056e-02   3.9059368e-01  -1.3700120e-03  -1.0917631e-03  -9.3974327e-04
   7.1041004e-03   2.7702256e-02   3.8938382e-01  -1.3636452e-03  -7.9273604e-04  -1.2709193e-03
  -3.3807632e-03   5.3648706e-02   3.8565626e-01  -1.0264909e-03  -8.5842062e-04  -1.0870662e-03
  -1.3323650e-02   3.7998393e-02   3.9498995e-01  -1.6480845e-03  -1.3415766e-03  -8.9800375e-04
  -4.9304267e-03   4.9568009e-02   3.8608100e-01  -1.3536863e-03  -9.0913463e-04  -9.7161074e-04
  -2.7871336e-03   4.7982830e-02   3.7210081e-01  -1.0653993e-03  -1.0492153e-03  -9.3255509e-04
  -1.3699130e-03   4.2146079e-02   3.6387217e-01  -9.8973586e-04  -9.6641541e-04  -8.7172536e-04
  -3.5859996e-03   4.1235053e-02   3.8152126e-01  -1.1194540e-03  -8.0969509e-04  -8.2931676e-04
   4.5819583e-03   4.6615537e-02   3.7870115e-01  -1.0438030e-03  -9.0095543e-04  -8.6373034e-04
   2.4923472e-04   5.5616317e-02   3.7145814e-01  -6.9948223e-04  -9.3069970e-04  -9.4896985e-04
  -3.7022919e-03   4.2323048e-02   3.8261974e-01  -1.0356663e-03  -5.8296119e-04  -9.3724943e-04
  -1.0904489e-02   3.7766234e-02   3.8073022e-01  -1.0095967e-03  -6.9097893e-04  -8.3073082e-04
  -6.3011244e-03   3.8385919e-02   3.8384796e-01  -1.0545189e-03  -7.4433776e-04  -6.5509007e-04
  -3.6683230e-03   4.9600159e-02   3.8727936e-01  -8.0465056e-04  -6.8337882e-04  -7.5176195e-04
   4.9052530e-03   8.4966733e-03   4.0727037e-01  -1.1047114e-03  -5.5558424e-04  -9.8672547e-04
   1.0538278e-03  -2.3983367e-04   3.9235201e-01  -1.3687458e-03  -4.0999309e-04  -9.1582268e-04
  -1.1450171e-02   2.3456633e-02   3.6733434e-01  -1.2188907e-03  -6.1271484e-04  -7.1792905e-04
  -1.4569228e-02   2.1596375e-02   3.9566752e-01  -1.3478161e-03  -4.8892554e-04  -6.6561402e-04
  -4.7762300e-03   1.0342883e-02   3.8802323e-01  -1.4301593e-03  -1.4953063e-04  -9.1455105e-04
  -7.4934762e-03   2.1523451e-02   3.7457314e-01  -1.2775804e-03  -3.9512669e-04  -6.2210073e-04
  -9.5612576e-03   2.3051881e-02   3.6195977e-01  -1.4162686e-03  -4.0995650e-04  -7.4242604e-04
  -3.1335416e-03   1.7457868e-03   3.7672216e-01  -1.7304341e-03  -9.1846553e-05  -8.0217862e-04
   3.1047976e-03   1.3111596e-02   3.6749707e-01  -1.2754832e-03  -1.9129941e-04  -8.1345405e-04
   2.8305781e-04   6.0494101e-03   3.7240845e-01  -1.2108544e-03  -9.1962915e-05  -1.0632132e-03
  -1.1958317e-02  -2.4176931e-03   3.7784400e-01  -1.7908800e-03  -1.1371018e-04  -7.3151081e-04
  -1.1520926e-02   6.5435809e-04   3.9749798e-01  -1.3612875e-03  -4.3022111e-04  -7.9416561e-04
  -9.9073721e-03   1.5944948e-02   3.8967951e-01  -1.2052678e-03  -3.4587537e-04  -6.4471225e-04
  -4.3082779e-03  -8.4982830e-03   3.9740692e-01  -1.7603685e-03  -1.8545020e-04  -8.1720859e-04
  -1.0708991e-02   3.0000683e-03   3.8778494e-01  -1.6920025e-03  -4.4091585e-04  -5.4152185e-04
  -1.7758827e-02   1.9682343e-02   3.7249394e-01  -1.3869269e-03  -3.6957841e-04  -4.7570067e-04
  -1.1258439e-02   1.6603627e-02   3.6873544e-01  -1.1048262e-03  -5.5162626e-04  -7.4917463e-04
  -8.1071991e-03   4.4924188e-03   3.8307896e-01  -1.3583358e-03  -2.2912812e-04  -9.0800956e-04
  -1.2791409e-02   1.3165611e-02   3.7439572e-01  -1.1066662e-03  -4.5618391e-04  -5.5317199e-04
  -4.4840858e-03  -6.7006712e-03   4.0068339e-01  -1.6112014e-03  -3.7110602e-04  -4.4071897e-04
  -2.0188768e-03  -1.3975467e-02   4.0547350e-01  -1.7639103e-03  -4.6629111e-04  -5.6648518e-04
  -8.4820723e-03  -6.0643517e-03   3.8051408e-01  -1.5293964e-03  -2.4373232e-04  -5.2888046e-04
  -1.1295158e-02  -6.8207808e-03   3.9682961e-01  -1.6825564e-03  -3.0803795e-04  -7.0895780e-04
  -1.4538940e-02   3.1968389e-03   3.8371717e-01  -1.4695323e-03  -3.3272402e-04  -5.0526580e-04
  -1.2040268e-02  -1.8013613e-03   3.6816522e-01  -1.6375067e-03  -4.6038091e-04  -6.1865416e-04
  -1.2846665e-02  -3.0773135e-03   3.8284260e-01  -1.7982241e-03  -1.9702802e-04  -5.8565101e-04
  -4.4276956e-04  -2.1799279e-02   3.8288294e-01  -1.8675324e-03  -4.7304906e-05  -7.6948190e-04
  -3.7551675e-03  -1.7077104e-02   3.6161328e-01  -1.6859672e-03  -3.7252401e-04  -6.4057599e-04
  -3.8311645e-03  -2.9784039e-02   3.6361333e-01  -1.6920544e-03  -2.6001784e-04  -5.5694419e-04
   4.9223550e-03  -3.6779838e-02   3.8155066e-01  -1.3965869e-03  -2.9984073e-04  -7.8110568e-04
   1.3173621e-02  -4.4639907e-02   3.5887880e-01  -1.5838748e-03  -3.0431986e-04  -8.2054994e-04
   4.5156772e-03  -5.4879571e-02   3.5748178e-01  -2.0042805e-03  -1.2157956e-04  -5.4255374e-04
   5.3358685e-03  -5.4948006e-02   3.8964597e-01  -2.1518763e-03  -2.3562773e-04  -4.5036054e-04
   9.3612213e-04  -2.4458100e-02   3.2527509e-01  -6.2253416e-04  -2.0359470e-04  -6.4725299e-04
   5.2578518e-03  -7.1875381e-02   4.0907944e-01  -2.7509284e-03  -6.6773387e-06  -7.6884343e-04
   5.8522633e-03  -3.8092072e-02   3.9195692e-01  -1.9464256e-03  -2.5248918e-05  -6.9637501e-04
   1.7169974e-03  -7.5427317e-02   4.1372370e-01  -2.6208402e-03   2.0867183e-04  -5.9342905e-04
   8.1977649e-03  -6.4673487e-02   4.2216933e-01  -2.5403241e-03  -8.3310940e-05  -5.8656376e-04
   1.1892086e-02  -5.5931428e-02   3.9893439e-01  -2.2088926e-03  -1.1148857e-04  -7.0176571e-04
   1.1290141e-02  -8.3623760e-02   4.1352303e-01  -2.7250647e-03   2.4590004e-04  -6.3927132e-04
   6.2336255e-03  -7.5935084e-02   4.3722889e-01  -2.7658048e-03  -1.1134668e-05  -3.5650902e-04
   5.7026160e-03  -6.5762536e-02   4.1906906e-01  -2.1771875e-03   3.4348231e-05  -6.5148347e-04
  -1.1943165e-03  -7.6753139e-02   4.0732586e-01  -2.3051204e-03   1.3539096e-04  -5.3115280e-04
   3.3241433e-03  -8.4007044e-02   4.3507371e-01  -3.2194349e-03   2.5533214e-04  -5.7848287e-04
   1.3195302e-02  -7.9696541e-02   4.1457869e-01  -2.6966578e-03   1.3928821e-04  -7.5026581e-04
   4.7165388e-03  -9.8549036e-02   4.0540734e-01  -3.1789093e-03  -2.8973226e-04  -6.5005466e-04
   1.7032396e-02  -1.1142410e-01   4.1894870e-01  -3.1356827e-03   4.8118949e-04  -7.7058206e-04
   2.2219859e-02  -8.8004135e-02   4.0794088e-01  -2.6856368e-03   1.3421893e-04  -6.7289227e-04
   3.8540744e-02  -1.1219302e-01   4.0468890e-01  -2.9624940e-03   4.7058008e-04  -9.2534271e-04
   2.7273659e-02  -1.0198273e-01   4.0505734e-01  -3.0820931e-03   3.5645891e-04  -6.4343561e-04
   3.1923492e-02  -8.2861142e-02   4.0050168e-01  -2.3420452e-03   2.3541341e-05  -9.5181083e-04
   3.0782365e-02  -1.1168726e-01   3.9338608e-01  -2.4496379e-03   4.3888577e-04  -1.0341930e-03
   2.3358392e-02  -1.1335309e-01   4.0969046e-01  -2.6686761e-03   1.7138458e-04  -9.0439465e-04
   2.0909448e-02  -1.1480967e-01   4.1194528e-01  -2.6431464e-03   6.4603482e-05  -8.0116923e-04
   2.4146522e-02  -1.4224215e-01   4.0666672e-01  -2.8635561e-03   2.7924546e-04  -1.1095774e-03
   1.9937755e-02  -1.2993029e-01   3.9637592e-01  -2.7046890e-03   9.7596812e-05  -8.6796962e-04
   1.9936876e-02  -1.1976132e-01   3.9620911e-01  -2.7820006e-03   1.5047962e-04  -1.0057869e-03
   2.5031804e-02  -1.1812592e-01   3.8931588e-01  -2.8531903e-03  -6.4511596e-05  -1.0012277e-03
   4.1474703e-02  -1.1181464e-01   3.7949730e-01  -2.3871885e-03  -3.3804730e-04  -1.3436309e-03
   2.9667769e-02  -1.3172372e-01   3.7603511e-01  -2.9399901e-03  -5.8495795e-05  -1.1711663e-03
   3.5556346e-02  -1.4231368e-01   3.7846612e-01  -3.0833105e-03  -1.5806364e-04  -1.2671807e-03
   3.6005966e-02  -1.1442381e-01   3.7085454e-01  -2.5484159e-03  -3.4897172e-04  -1.2722926e-03
   3.5005411e-02  -1.3317127e-01   3.8549911e-01  -2.6615126e-03  -5.7209512e-04  -1.3047478e-03
   4.2534725e-02  -1.3296424e-01   3.7651901e-01  -2.7398123e-03  -4.6082314e-04  -1.1747735e-03
   4.1616619e-02  -1.1918991e-01   3.6432027e-01  -2.6306861e-03  -5.9387937e-04  -1.1439148e-03
   3.7804894e-02  -1.3452671e-01   3.6148765e-01  -3.0347223e-03  -3.2224664e-04  -1.2758822e-03
   3.6035478e-02  -1.2393321e-01   3.7271102e-01  -2.6466682e-03  -5.0663413e-04  -1.2498311e-03
   3.8576109e-02  -1.2088022e-01   3.7404040e-01  -2.5493974e-03  -2.8308292e-04  -1.1074441e-03
   3.9307387e-02  -1.3663209e-01   3.9039970e-01  -3.0195156e-03  -4.1429238e-04  -1.0431424e-03
   4.0311668e-02  -1.1828097e-01   3.7585897e-01  -2.6850848e-03  -5.9348056e-04  -1.1287181e-03
   3.3151406e-02  -1.3560054e-01   3.9476810e-01  -2.9564055e-03  -2.6731547e-04  -1.0217926e-03
   2.7866356e-02  -1.3640237e-01   4.0848638e-01  -2.9270890e-03  -6.0263346e-04  -9.3822376e-04
   3.3263865e-02  -1.4297898e-01   3.6945587e-01  -2.8460993e-03  -5.9006202e-04  -1.0546842e-03
   3.8030313e-02  -1.2320464e-01   3.5996614e-01  -2.7729244e-03  -1.7808893e-04  -1.1506862e-03
   3.8153225e-02  -1.1240291e-01   3.8653600e-01  -2.5647787e-03  -2.2335632e-04  -1.1099828e-03
   4.6922632e-02  -1.4364352e-01   3.9132049e-01  -2.7216860e-03  -5.3266339e-04  -1.1885264e-03
   4.5428836e-02  -1.5839174e-01   3.7760172e-01  -2.9848294e-03  -6.1148099e-04  -9.6628005e-04
   4.3153929e-02  -1.6608288e-01   3.8412788e-01  -3.3727835e-03  -6.7313480e-04  -9.0866925e-04
   4.3999099e-02  -1.4907276e-01   3.7846894e-01  -2.8390167e-03  -6.2232903e-04  -1.0782307e-03
   4.9538438e-02  -1.3724455e-01   3.6113637e-01  -2.5693169e-03  -6.3223445e-04  -1.1735034e-03
   5.4089825e-02  -1.5227862e-01   3.9707625e-01  -2.9704533e-03  -3.2439740e-04  -1.0471379e-03
   5.8935752e-02  -1.3825076e-01   3.8832859e-01  -2.6611987e-03  -4.1198630e-04  -1.1188969e-03
   5.5430786e-02  -1.4210461e-01   3.7943083e-01  -2.8260313e-03  -6.1380246e-04  -9.5860356e-04
   4.9958942e-02  -1.5526331e-01   3.7953058e-01  -2.9533568e-03  -5.3854403e-04  -1.0359127e-03
   4.9319850e-02  -1.5442331e-01   3.7846014e-01  -2.6995752e-03  -4.2052302e-04  -1.1493777e-03
   4.6621100e-02  -1.4728338e-01   3.7369100e-01  -2.6398738e-03  -7.9511658e-04  -1.0911366e-03
   2.9089199e-02  -1.1475055e-01   3.2097589e-01   3.4785490e-04  -1.0474247e-03  -1.1011505e-03
   3.9067260e-02  -1.2836204e-01   3.7709561e-01  -6.0176693e-04  -8.7953956e-04  -8.0026486e-04
   4.7990793e-02  -1.2209322e-01   3.5469131e-01  -5.9347080e-04  -8.1099710e-04  -8.1453003e-04
   4.8996931e-02  -1.4605248e-01   3.9925533e-01  -1.3428897e-03  -5.7448945e-04  -8.2901294e-04
   5.4005514e-02  -1.7224383e-01   3.9354029e-01  -1.3850249e-03  -7.5423537e-04  -8.6526111e-04
   4.8892485e-02  -1.7007832e-01   3.6887180e-01  -1.5356889e-03  -9.0056209e-04  -7.4531405e-04
   5.1101077e-02  -1.7291606e-01   3.5243951e-01  -1.5856474e-03  -5.1696810e-04  -9.8417608e-04
   4.1141304e-02  -1.6336281e-01   3.6286874e-01  -1.4989200e-03  -7.3763201e-04  -9.9009274e-04
   4.9671110e-02  -1.6514356e-01   3.5826949e-01  -1.2298970e-03  -2.6780418e-04  -1.3666432e-03
   4.3347147e-02  -1.3979232e-01   3.4105163e-01  -1.1846695e-03  -6.1892779e-04  -9.2863513e-04
   4.3489571e-02  -1.4544265e-01   3.6815264e-01  -1.4132638e-03  -5.6732141e-04  -9.4865183e-04
   5.5416280e-02  -1.5952302e-01   3.6092169e-01  -1.1532189e-03  -7.5554314e-04  -1.0028446e-03
   5.5448279e-02  -1.7251918e-01   3.5225154e-01  -1.4600131e-03  -7.9760015e-04  -9.3473720e-04
   5.1003590e-02  -1.7366093e-01   3.8453787e-01  -1.4717805e-03  -8.6204012e-04  -8.8052084e-04
   5.2298338e-02  -1.7409748e-01   3.8720899e-01  -1.3918050e-03  -9.8589828e-04  -9.0695289e-04
   5.6218819e-02  -1.9020620e-01   3.7251323e-01  -1.5943509e-03  -7.8583069e-04  -9.1021873e-04
   5.2872164e-02  -1.9179541e-01   3.8701655e-01  -1.7312657e-03  -8.5182692e-04  -8.2200854e-04
   4.2589623e-02  -2.1221694e-01   3.8625368e-01  -2.1453830e-03  -1.2187455e-03  -9.5459467e-04
   3.4954492e-02  -2.3547388e-01   3.9171126e-01  -3.1369536e-03  -2.3042477e-03  -7.8133673e-04
   3.9315926e-02  -2.3951064e-01   4.0958833e-01  -3.1553930e-03  -2.3413750e-03  -8.4982299e-04
   4.6044365e-02  -2.6630501e-01   4.1179580e-01  -3.1863069e-03  -2.1568566e-03  -1.0506243e-03
   3.9172072e-02  -2.4709786e-01   4.0121061e-01  -3.1338821e-03  -2.4792371e-03  -8.0269039e-04
   4.0018442e-02  -2.4567207e-01   4.0481187e-01  -2.6535778e-03  -2.3988738e-03  -9.3973296e-04
   5.3834842e-02  -2.0651878e-01   3.9922774e-01  -1.8280369e-03  -9.3586763e-04  -7.5894205e-04
   4.8922554e-02  -1.9930173e-01   3.8456471e-01  -1.4464278e-03  -1.2775933e-03  -7.4369527e-04
   5.6820956e-02  -2.0229192e-01   3.6722947e-01  -1.4615985e-03  -1.1322339e-03  -8.9815236e-04
   5.2950295e-02  -2.0839509e-01   3.7046569e-01  -1.8345944e-03  -1.0207287e-03  -8.7552882e-04
   5.6829598e-02  -2.2442848e-01   3.7232211e-01  -1.7811780e-03  -6.8627822e-04  -1.1993111e-03
   5.0727096e-02  -1.9899873e-01   3.5762609e-01  -1.4718220e-03  -9.2141150e-04  -1.0355363e-03
   4.7959233e-02  -2.0169129e-01   3.5742950e-01  -1.2653427e-03  -9.0045933e-04  -9.3065276e-04
   5.3251818e-02  -2.1644203e-01   3.7719611e-01  -1.5894716e-03  -1.0349367e-03  -1.0061919e-03
   5.3618260e-02  -2.1193523e-01   3.6744462e-01  -1.5079208e-03  -1.1978161e-03  -9.7305768e-04
   5.0818724e-02  -2.0477686e-01   3.7276069e-01  -1.2632798e-03  -1.1492048e-03  -8.3852897e-04
   5.3277777e-02  -2.2526686e-01   3.8458592e-01  -1.6974872e-03  -1.2351665e-03  -8.5648501e-04
   6.1899763e-02  -2.5168567e-01   3.8068721e-01  -1.6866150e-03  -1.1515462e-03  -1.0611257e-03
   6.7553848e-02  -2.5488858e-01   3.6937149e-01  -1.6536877e-03  -8.6890356e-04  -1.2176240e-03
   6.1318432e-02  -2.5453266e-01   3.7819211e-01  -2.0522370e-03  -9.4943781e-04  -1.0688475e-03
   5.8937022e-02  -1.9985173e-01   3.2944746e-01   9.2211577e-04  -1.2700332e-03  -8.8958367e-04
   4.6011689e-02  -2.4386154e-01   3.9519928e-01  -1.4444873e-03  -1.1602133e-03  -9.3044580e-04
   4.8035164e-02  -2.2505356e-01   4.0259806e-01  -1.2469242e-03  -1.2319153e-03  -9.3508136e-04
   5.6462672e-02  -2.4918059e-01   4.0302104e-01  -1.7850602e-03  -1.0219711e-03  -1.0662903e-03
   5.8036797e-02  -2.3773150e-01   4.0416371e-01  -1.2950118e-03  -1.4372569e-03  -9.3668136e-04
   5.8028601e-02  -2.5383041e-01   3.9842266e-01  -1.8085012e-03  -1.3378476e-03  -8.3498842e-04
   5.7387849e-02  -2.6219387e-01   4.1085925e-01  -1.9294131e-03  -1.2383270e-03  -8.6032972e-04
   5.7012754e-02  -2.6322127e-01   3.8824925e-01  -1.3209301e-03  -1.3757148e-03  -1.1565927e-03
   4.8819463e-02  -2.3974530e-01   3.8539314e-01  -1.7234768e-03  -1.2775719e-03  -1.0761169e-03
   4.7600758e-02  -2.3019685e-01   4.0280315e-01  -1.5861405e-03  -1.3354678e-03  -8.9359845e-04
   5.0691378e-02  -2.2493709e-01   4.0628168e-01  -1.5952689e-03  -1.5460131e-03  -8.4461796e-04
   5.8062556e-02  -2.6194063e-01   4.0839273e-01  -2.1439090e-03  -1.3748614e-03  -7.2788476e-04
   5.7878548e-02  -2.5180206e-01   4.1784823e-01  -1.8523883e-03  -1.4429942e-03  -8.8299855e-04
   4.9653795e-02  -2.3067570e-01   4.0543749e-01  -1.4293188e-03  -1.5843280e-03  -8.7619249e-04
   4.6928083e-02  -2.6233683e-01   4.2462102e-01  -1.9781755e-03  -1.4939808e-03  -7.9119192e-04
   4.7237464e-02  -2.8380153e-01   4.0168425e-01  -2.0756855e-03  -1.4286262e-03  -7.8637271e-04
   4.4221273e-02  -2.5716871e-01   3.9386747e-01  -1.6412862e-03  -1.6424491e-03  -8.2412677e-04
   4.8385078e-02  -2.5690757e-01   3.9276499e-01  -1.7344920e-03  -1.3552025e-03  -8.3543442e-04
   5.0054629e-02  -2.5853098e-01   4.0663795e-01  -1.8803163e-03  -1.4009385e-03  -7.3278017e-04
   5.3564740e-02  -2.4889750e-01   3.9683790e-01  -1.6970154e-03  -1.4770925e-03  -8.5516591e-04
   5.0227765e-02  -2.9476394e-01   4.2098518e-01  -2.3788037e-03  -1.5062475e-03  -8.0964597e-04
   5.0820688e-02  -2.6449555e-01   3.8684490e-01  -1.6430520e-03  -1.7612453e-03  -8.4757698e-04
   4.4909924e-02  -2.7078410e-01   4.0834981e-01  -1.9482557e-03  -1.7976331e-03  -9.3910036e-04
   5.3550217e-02  -2.6470692e-01   4.0477622e-01  -1.5554683e-03  -1.7050380e-03  -9.2781407e-04
   5.3572413e-02  -2.7222370e-01   3.9892832e-01  -1.6294701e-03  -1.6975462e-03  -8.7423336e-04
   5.1796472e-02  -3.0325828e-01   3.9659519e-01  -2.1460264e-03  -1.6993517e-03  -8.0714235e-04
   5.4699230e-02  -2.9307757e-01   3.7863321e-01  -1.8018345e-03  -1.7767680e-03  -9.8389911e-04
   5.9418905e-02  -2.5623920e-01   3.5860889e-01  -1.2993888e-03  -1.3912456e-03  -1.1781285e-03
   5.8530489e-02  -2.7700724e-01   3.7499347e-01  -1.6806910e-03  -1.4499550e-03  -1.0759566e-03
   5.3216314e-02  -2.8830556e-01   3.8998766e-01  -2.0259555e-03  -1.6616780e-03  -1.0662034e-03
   5.0592020e-02  -2.8938318e-01   3.8390384e-01  -1.7187394e-03  -1.7243295e-03  -1.0429505e-03
   5.6615908e-02  -2.8330289e-01   3.8695310e-01  -1.6485963e-03  -1.9793312e-03  -1.0486755e-03
   5.7644908e-02  -3.0792066e-01   3.9089690e-01  -2.1814375e-03  -1.9428408e-03  -9.8164654e-04
   5.4057207e-02  -3.2441651e-01   3.8254208e-01  -2.2134166e-03  -1.9950052e-03  -9.3733436e-04
   6.3054997e-02  -3.1470597e-01   3.7110793e-01  -1.8712042e-03  -1.9429454e-03  -9.8663031e-04
   6.4126729e-02  -3.0054010e-01   3.7980995e-01  -2.0138543e-03  -1.7704522e-03  -9.7768311e-04
   6.1615092e-02  -2.8813625e-01   3.9286417e-01  -1.6339370e-03  -1.8470953e-03  -1.1054204e-03
   3.6559641e-02  -2.7958336e-01   3.4126710e-01   3.8300155e-04  -2.3971091e-03  -1.2876029e-03
   5.3271747e-02  -3.0415281e-01   3.9603401e-01  -1.2887037e-03  -2.1308783e-03  -9.7067060e-04
   6.3382981e-02  -2.7813537e-01   3.9277288e-01  -6.2121586e-04  -2.0103051e-03  -9.9536315e-04
   6.1893375e-02  -2.8276679e-01   3.9647731e-01  -9.4146485e-04  -1.9015198e-03  -1.0763954e-03
   5.7717484e-02  -2.9680904e-01   4.1101436e-01  -1.3144843e-03  -2.0519638e-03  -9.8828474e-04
   5.5572973e-02  -3.1227437e-01   4.1857537e-01  -1.2876360e-03  -2.3497270e-03  -9.5087089e-04
   6.3968329e-02  -3.4453492e-01   4.1463494e-01  -1.6155264e-03  -2.0382362e-03  -1.0772985e-03
   6.1353065e-02  -3.3468790e-01   4.0622660e-01  -1.5185250e-03  -2.2490296e-03  -8.1087848e-04
   6.4202147e-02  -3.2900785e-01   4.3577567e-01  -1.2977582e-03  -1.8866449e-03  -9.1114836e-04
   7.0909320e-02  -3.2885896e-01   4.5916461e-01  -1.3145537e-03  -2.1589478e-03  -7.6210323e-04
   7.1678182e-02  -3.3026226e-01   4.4436587e-01  -1.4072656e-03  -2.3622477e-03  -6.8286181e-04
   7.7951086e-02  -3.4881418e-01   4.4758933e-01  -1.6165799e-03  -2.2206251e-03  -1.0303999e-03
   7.3828304e-02  -3.2015917e-01   4.4479554e-01  -1.1669843e-03  -2.2802504e-03  -7.8372183e-04
   7.6022922e-02  -3.0997057e-01   4.4194322e-01  -1.0249304e-03  -2.4489439e-03  -6.4343391e-04
   7.1805738e-02  -3.4888850e-01   4.8274723e-01  -1.9745882e-03  -2.3226604e-03  -6.0461449e-04
   7.5183596e-02  -3.4407483e-01   4.3865787e-01  -1.3043285e-03  -2.5077424e-03  -6.4564647e-04
   7.5212261e-02  -3.1425218e-01   4.3807819e-01  -1.0389100e-03  -2.4668762e-03  -7.0456701e-04
   7.8564124e-02  -3.3324716e-01   4.6080522e-01  -1.0256890e-03  -2.5037393e-03  -1.0203472e-03
   8.0192540e-02  -3.3394275e-01   4.5261108e-01  -1.2406078e-03  -2.5305456e-03  -6.6543661e-04
   8.0211758e-02  -3.2541931e-01   4.2253623e-01  -8.2496541e-04  -2.6437059e-03  -8.9973765e-04
   6.9576214e-02  -3.2428243e-01   4.5108213e-01  -1.0550453e-03  -2.5376628e-03  -9.3453384e-04
   7.1449730e-02  -3.2500297e-01   4.3017862e-01  -1.1069869e-03  -2.6179181e-03  -8.5026490e-04
   6.5058452e-02  -3.3945856e-01   4.4055609e-01  -1.3870740e-03  -2.7110610e-03  -8.6027477e-04
   6.6154521e-02  -3.1572384e-01   4.3075178e-01  -6.3225427e-04  -2.6096824e-03  -1.1349349e-03
   6.5514289e-02  -3.3596252e-01   4.2442350e-01  -1.0540626e-03  -2.4394796e-03  -1.0227705e-03
   6.4119271e-02  -3.5720245e-01   4.2188091e-01  -1.4543403e-03  -2.4148341e-03  -8.8084721e-04
   6.5427060e-02  -3.3868762e-01   4.1335455e-01  -9.8179916e-04  -2.4541171e-03  -1.0328139e-03
   7.0346263e-02  -3.2812219e-01   4.2237594e-01  -9.5574839e-04  -2.5778605e-03  -9.7980818e-04
   6.8970148e-02  -3.4687311e-01   4.4520519e-01  -1.3445714e-03  -2.4210733e-03  -8.2301179e-04
   5.3540284e-02  -3.8898358e-01   4.5470805e-01  -2.4766260e-03  -3.8530901e-03  -7.6714232e-04
   5.9242485e-02  -3.8407154e-01   4.2750608e-01  -2.3993109e-03  -3.7883852e-03  -9.1290290e-04
   6.0726564e-02  -3.9809271e-01   4.4663036e-01  -2.6600803e-03  -3.8918024e-03  -9.3575556e-04
   5.7508593e-02  -4.0671191e-01   4.6712779e-01  -2.7593611e-03  -4.0624489e-03  -7.0108672e-04
   6.3111010e-02  -3.9922778e-01   4.5943961e-01  -2.4619543e-03  -4.0486644e-03  -7.0194717e-04
   6.9245299e-02  -4.2631818e-01   4.5537315e-01  -2.7603046e-03  -3.6626735e-03  -9.0429548e-04
   7.0229658e-02  -4.1810214e-01   4.4729863e-01  -2.6654919e-03  -3.7420424e-03  -7.8777363e-04
   3.7872162e-02  -3.1361673e-01   4.9331257e-01   3.0923164e-03  -4.6489343e-03  -1.1688789e-03
   3.5925143e-02  -3.7505998e-01   5.2169466e-01  -2.4398508e-04  -4.4373804e-03  -7.5280324e-04
   3.4657510e-02  -3.7277061e-01   4.9891957e-01  -1.1016681e-03  -4.6863461e-03  -4.7193888e-04
   3.7456656e-02  -3.8100048e-01   5.1037388e-01  -8.7802334e-04  -4.3034838e-03  -7.2567251e-04
   4.3187440e-02  -3.9258620e-01   5.3819809e-01  -1.1953555e-03  -4.4363950e-03  -7.7952314e-04
   4.0669778e-02  -4.0864278e-01   5.2141896e-01  -1.1835315e-03  -4.4300438e-03  -9.7640695e-04
   3.5297525e-02  -4.2399112e-01   5.0208898e-01  -1.5476411e-03  -4.3285894e-03  -7.9262411e-04
   3.5942937e-02  -4.2321508e-01   5.0577589e-01  -1.4531881e-03  -4.2993306e-03  -9.3778871e-04
   2.9219094e-02  -4.0473696e-01   4.8490306e-01  -1.0411222e-03  -4.1832835e-03  -1.0630262e-03
   2.9695106e-02  -4.0403328e-01   4.9153265e-01  -1.4137090e-03  -3.9835661e-03  -1.2155704e-03
   3.2026544e-02  -4.1630522e-01   4.9390045e-01  -1.6221024e-03  -4.0251325e-03  -1.1499960e-03
   2.4422447e-02  -3.9009291e-01   4.4552374e-01  -3.8437252e-04  -4.3453237e-03  -1.4785982e-03
   2.7884214e-02  -4.3429958e-01   5.4890637e-01  -1.3884223e-03  -4.4273483e-03  -1.0681713e-03
   3.9444258e-02  -4.2640257e-01   5.4624404e-01  -1.5893815e-03  -4.3109702e-03  -1.0204295e-03
   3.9044918e-02  -4.1150636e-01   5.3622610e-01  -1.4988163e-03  -4.2923399e-03  -1.1081350e-03
   4.0318647e-02  -4.3808193e-01   5.6322998e-01  -2.0696182e-03  -4.1467670e-03  -9.3417386e-04
   4.1093298e-02  -4.3760925e-01   5.6584609e-01  -1.8647347e-03  -4.5740786e-03  -8.5147349e-04
   4.6770542e-02  -4.5433109e-01   5.5330843e-01  -2.0748564e-03  -4.2489461e-03  -1.0394840e-03
   4.4370912e-02  -4.4458112e-01   5.7461398e-01  -2.2227571e-03  -4.4757572e-03  -8.7725381e-04
   4.2770699e-02  -4.4415315e-01   5.7051859e-01  -1.9084456e-03  -4.3749356e-03  -8.9543145e-04
   4.0925016e-02  -4.4650714e-01   5.5234561e-01  -1.8782739e-03  -4.5015201e-03  -8.2102311e-04
   3.8988753e-02  -4.5302587e-01   5.6712181e-01  -2.3205546e-03  -4.3635030e-03  -9.4324455e-04
   3.7593789e-02  -4.5471960e-01   5.6292102e-01  -2.1717207e-03  -4.7336004e-03  -9.9235545e-04
   3.6854973e-02  -4.5661055e-01   5.4423258e-01  -2.2445279e-03  -4.8286964e-03  -1.0306690e-03
   3.5232518e-02  -4.7484828e-01   5.5848937e-01  -2.6353271e-03  -4.7172811e-03  -8.9220206e-04
   3.7566976e-02  -4.5121210e-01   5.4743880e-01  -1.9277277e-03  -4.4149745e-03  -9.0376287e-04
   4.0164696e-02  -4.5361135e-01   5.6042384e-01  -2.1953060e-03  -4.3517227e-03  -8.8804151e-04
   4.9706996e-02  -4.4989699e-01   5.9129863e-01  -2.4766898e-03  -4.4129605e-03  -8.1951154e-04
   6.1790085e-02  -4.1750505e-01   5.5069874e-01  -1.5982644e-03  -3.6904270e-03  -8.5476456e-04
   7.2077734e-02  -4.1869699e-01   5.5187765e-01  -1.4360100e-03  -2.9117858e-03  -9.4511442e-04
   6.4189735e-02  -4.4417219e-01   5.5713852e-01  -1.5936778e-03  -3.0606551e-03  -8.7458774e-04
   6.4550548e-02  -4.3730316e-01   5.3186296e-01  -1.3173641e-03  -3.2632531e-03  -9.1464166e-04
   6.8920565e-02  -4.3289596e-01   5.2719934e-01  -1.6704831e-03  -3.0077524e-03  -9.3695432e-04
   6.8596424e-02  -4.2066905e-01   5.5114318e-01  -1.4047277e-03  -3.0064775e-03  -9.7500642e-04
   6.4757511e-02  -4.2621880e-01   5.3146016e-01  -1.1583137e-03  -3.2952496e-03  -8.8028905e-04
   6.3327725e-02  -4.2515390e-01   5.4655587e-01  -1.5957401e-03  -3.2276284e-03  -1.0247447e-03
   4.4689544e-02  -4.1393623e-01   5.5029739e-01  -1.3747661e-03  -3.0477974e-03  -1.0323375e-03
   5.6637873e-02  -4.2072462e-01   5.4890184e-01  -1.1912515e-03  -3.1617647e-03  -1.0982948e-03
   5.0741139e-02  -4.3610284e-01   5.6183554e-01  -1.5617713e-03  -3.3282663e-03  -9.9037512e-04
   5.1288691e-02  -4.4839460e-01   5.4873691e-01  -1.4088828e-03  -3.2399908e-03  -1.0587838e-03
   5.6754798e-02  -4.4808949e-01   5.4494926e-01  -1.3145356e-03  -3.2723074e-03  -9.7785186e-04
   5.8333571e-02  -4.6304516e-01   5.6057386e-01  -1.7854109e-03  -3.2816317e-03  -8.2944284e-04
   5.9729011e-02  -4.6811495e-01   5.4401180e-01  -1.9023686e-03  -3.2214719e-03  -9.0347409e-04
   5.3934290e-02  -4.3639265e-01   5.0869329e-01  -1.3627355e-03  -3.1856419e-03  -1.0933222e-03
   5.5402874e-02  -4.4501945e-01   5.3782179e-01  -1.4204951e-03  -2.8505647e-03  -1.0285920e-03
   6.5351778e-02  -4.4647242e-01   5.4498751e-01  -1.5904894e-03  -2.8410692e-03  -9.9689102e-04
   6.7010763e-02  -4.3674264e-01   5.4608829e-01  -1.4876120e-03  -3.2280863e-03  -8.1105705e-04
   6.3640070e-02  -4.6196591e-01   5.4613824e-01  -1.5941011e-03  -3.5409105e-03  -9.8877789e-04
   6.2313907e-02  -4.7712005e-01   5.5895740e-01  -1.8576190e-03  -3.3215065e-03  -8.9786903e-04
   5.6539865e-02  -4.5281099e-01   5.5326359e-01  -1.2425996e-03  -3.2785985e-03  -1.0726375e-03
   5.0941921e-02  -4.7115411e-01   5.5453515e-01  -1.8123794e-03  -3.0455253e-03  -1.0280918e-03
   4.7107898e-02  -4.5911931e-01   5.5384964e-01  -1.5803965e-03  -3.1848779e-03  -9.4081823e-04
   5.5078391e-02  -4.7252810e-01   5.3321234e-01  -1.4362852e-03  -3.0260353e-03  -1.1069774e-03
   5.9923569e-02  -4.8807253e-01   5.5215182e-01  -1.9952218e-03  -3.1367850e-03  -8.7657559e-04
   6.1403472e-02  -4.6746485e-01   5.4692389e-01  -1.4444159e-03  -3.3251413e-03  -8.6541996e-04
   6.1957706e-02  -4.8373866e-01   5.5012954e-01  -1.7875114e-03  -3.2515597e-03  -8.8629033e-04
   6.2119925e-02  -4.8343804e-01   5.4957196e-01  -1.6165337e-03  -3.2119979e-03  -1.0236791e-03
   5.6003109e-02  -4.7207948e-01   5.4183541e-01  -1.5914359e-03  -3.2075877e-03  -1.1112132e-03
   5.7505582e-02  -4.8022780e-01   5.7268520e-01  -1.9597116e-03  -3.1154363e-03  -1.0401325e-03
   5.6479074e-02  -4.7869701e-01   5.7505951e-01  -1.4256362e-03  -3.4661662e-03  -1.0223403e-03
   5.5844648e-02  -4.9490051e-01   5.7240049e-01  -1.5618553e-03  -3.6040389e-03  -8.3342931e-04
   6.0071738e-02  -5.0231953e-01   5.9536551e-01  -1.7758771e-03  -3.1886310e-03  -8.3771128e-04
   5.1193506e-02  -5.0766048e-01   6.0029532e-01  -2.2304886e-03  -3.9911722e-03  -9.0684078e-04
   3.6113287e-02  -5.5717118e-01   6.2757509e-01  -3.3694667e-03  -4.6511636e-03  -8.4502286e-04
   3.3249309e-02  -5.4748541e-01   6.1647182e-01  -3.2142566e-03  -4.9199404e-03  -9.1194535e-04
   2.5285719e-02  -5.5405962e-01   6.0992970e-01  -3.2355244e-03  -5.2554382e-03  -9.8227183e-04
   3.3660186e-02  -5.7431834e-01   6.0861906e-01  -3.5395993e-03  -4.7504105e-03  -9.3388495e-04
   3.0032324e-02  -5.6061220e-01   5.0388710e-01  -1.5864830e-03  -4.7492105e-03  -1.2637257e-03
   3.8114102e-02  -5.6587983e-01   6.3310552e-01  -3.5665129e-03  -4.8486707e-03  -1.0168251e-03
   5.6437783e-02  -4.9258337e-01   6.6124950e-01  -1.5041221e-03  -4.0465914e-03  -1.1194828e-03
   5.7462198e-02  -5.1366570e-01   6.7147778e-01  -1.8608030e-03  -3.3025883e-03  -9.4504273e-04
   5.7649683e-02  -5.1881000e-01   6.5731463e-01  -1.9852434e-03  -3.5303879e-03  -8.8020239e-04
   5.3261137e-02  -5.1849472e-01   5.6980822e-01  -1.9404336e-03  -3.7167352e-03  -1.0871618e-03
   5.2858213e-02  -5.3077144e-01   5.7563547e-01  -2.3784516e-03  -3.6218661e-03  -1.0978924e-03
   4.0516051e-02  -5.0966089e-01   5.2349260e-01  -1.9958154e-03  -3.2946214e-03  -1.2141411e-03
   5.0009661e-02  -5.3781556e-01   5.7570118e-01  -2.0781199e-03  -3.2796749e-03  -1.1521439e-03
   5.4632507e-02  -5.3517305e-01   5.9507019e-01  -1.9657715e-03  -3.2226101e-03  -1.1574800e-03
   5.1949088e-02  -5.2682762e-01   5.8376747e-01  -1.6868841e-03  -3.3338365e-03  -1.1509138e-03
   5.2116922e-02  -5.5495169e-01   6.3256613e-01  -2.2928237e-03  -3.4623160e-03  -1.2183599e-03
   4.4796452e-02  -5.4520413e-01   6.1710431e-01  -1.7742160e-03  -3.5184928e-03  -1.2300145e-03
   4.7456808e-02  -5.2835441e-01   6.1205197e-01  -1.5271494e-03  -3.5569946e-03  -1.2034638e-03
   5.6452104e-02  -5.6403996e-01   6.2828474e-01  -1.9916582e-03  -3.1757676e-03  -1.5613584e-03
   5.0255294e-02  -5.6278188e-01   6.2722223e-01  -1.9255424e-03  -3.5250538e-03  -1.1300219e-03
   3.8002920e-02  -5.4683345e-01   6.0045243e-01  -1.6980428e-03  -3.6285240e-03  -1.1206347e-03
   4.6031632e-02  -5.5075926e-01   6.1660091e-01  -1.8533225e-03  -3.6158240e-03  -1.0392514e-03
   5.6099291e-02  -5.4892628e-01   6.1710710e-01  -1.7358982e-03  -3.5686650e-03  -9.2527031e-04
   5.9091181e-02  -5.5114029e-01   6.2119406e-01  -1.5605307e-03  -3.7259565e-03  -9.4036661e-04
   6.7054533e-02  -5.6908052e-01   6.2621567e-01  -2.1350763e-03  -3.6988241e-03  -9.7909156e-04
   6.9658313e-02  -5.8022310e-01   6.2137368e-01  -1.9333113e-03  -3.6431262e-03  -1.0099458e-03
   7.1341448e-02  -5.7986266e-01   6.0915506e-01  -1.6909132e-03  -3.7873617e-03  -1.0074525e-03
   8.0331079e-02  -5.8463747e-01   6.2618865e-01  -2.0688765e-03  -3.6672125e-03  -1.0929897e-03
   7.8941744e-02  -4.8262062e-01   5.1021584e-01   4.8345380e-03  -3.8540344e-03  -1.4291166e-03
   7.4909576e-02  -5.0768903e-01   6.0589482e-01   1.2823782e-03  -3.8838285e-03  -1.2265057e-03
   6.0164848e-02  -4.9856389e-01   6.0381377e-01   5.3290796e-04  -3.8989602e-03  -1.4076083e-03
   5.9268253e-02  -5.0354054e-01   6.0578353e-01   4.3258990e-04  -3.9254552e-03  -1.4832271e-03
   6.1249601e-02  -5.3677384e-01   6.3823148e-01  -2.6275462e-04  -3.9208161e-03  -1.3889880e-03
   5.9003975e-02  -5.6370533e-01   6.2024499e-01  -4.1654480e-04  -3.9050884e-03  -1.4860134e-03
   5.7442201e-02  -5.6308552e-01   6.1152209e-01  -4.6658213e-04  -4.1974295e-03  -1.0928539e-03
   6.1100459e-02  -5.6088703e-01   6.3182726e-01  -4.8426109e-04  -4.0863980e-03  -1.2213568e-03
   6.3468671e-02  -5.3306318e-01   5.9244719e-01   1.6779760e-04  -3.8176869e-03  -1.2730727e-03
   6.7288219e-02  -5.3326273e-01   6.2854559e-01  -3.4851567e-04  -3.6506875e-03  -1.2839062e-03
   5.9716390e-02  -5.1881613e-01   6.2667052e-01   2.1678243e-04  -3.8392077e-03  -1.2425470e-03
   5.4316531e-02  -5.8868345e-01   6.7334528e-01  -1.5860035e-03  -5.2050609e-03  -1.1868553e-03
   5.8171434e-02  -5.9577817e-01   6.7319154e-01  -1.5364788e-03  -5.1840572e-03  -1.2335664e-03
   5.6310687e-02  -5.8085761e-01   6.5953426e-01  -1.0564367e-03  -5.1817349e-03  -1.2621221e-03
   4.6090341e-02  -5.8850915e-01   6.9434033e-01  -1.4733125e-03  -5.3112766e-03  -1.1738750e-03
   5.7398682e-02  -5.3766382e-01   6.8882320e-01   1.9367227e-04  -4.0517623e-03  -1.1017531e-03
   4.2727079e-02  -5.8248605e-01   7.1259727e-01  -9.7172683e-04  -5.6324902e-03  -9.4379732e-04
   4.5490594e-02  -6.0458871e-01   7.3307967e-01  -1.4164324e-03  -5.5493623e-03  -9.4476984e-04
   6.1159098e-02  -5.4735490e-01   6.7985867e-01   9.7155736e-05  -4.1149878e-03  -1.0593493e-03
   5.2859493e-02  -5.6755936e-01   6.7781108e-01  -2.5480870e-04  -3.9050339e-03  -9.4477175e-04
   5.7469844e-02  -5.5400078e-01   6.7872036e-01  -1.3995243e-04  -4.0968476e-03  -9.8984544e-04
   6.3898109e-02  -5.5663911e-01   6.5917316e-01   2.1370938e-05  -3.7855769e-03  -1.2820947e-03
   6.3495426e-02  -5.5975505e-01   6.7289347e-01   7.5689041e-06  -3.7576744e-03  -1.1310010e-03
   6.0674050e-02  -5.7593871e-01   6.7815379e-01  -7.8399344e-05  -3.9489777e-03  -1.1272792e-03
   6.1567367e-02  -5.7728241e-01   6.5870332e-01   6.0163743e-05  -3.8929500e-03  -1.1582265e-03
   6.1587613e-02  -5.7959060e-01   6.4933898e-01  -1.0430635e-04  -3.6707962e-03  -1.0224679e-03
   6.8488409e-02  -5.8059422e-01   6.8201597e-01  -3.8159147e-04  -3.8623835e-03  -9.3256059e-04
   7.0098086e-02  -5.7232241e-01   6.6935800e-01   8.0993387e-05  -4.0728120e-03  -1.0287894e-03
   6.8875922e-02  -5.9267396e-01   6.5539516e-01  -9.7489974e-05  -3.9691359e-03  -1.0535487e-03
   6.5655105e-02  -5.8557402e-01   6.7598221e-01  -1.5542994e-05  -3.8384670e-03  -1.0765761e-03
   6.3459319e-02  -5.7937455e-01   6.6516234e-01   6.5173435e-05  -3.9555157e-03  -1.1562214e-03
   7.0864459e-02  -5.8353688e-01   6.6116137e-01  -1.6084844e-05  -4.0627259e-03  -1.1549801e-03
   7.7285840e-02  -5.8654081e-01   6.9063490e-01  -1.7769560e-05  -4.0590318e-03  -1.1401381e-03
   7.6823702e-02  -5.8232712e-01   6.9067839e-01   1.1072246e-04  -4.0837227e-03  -1.0846793e-03
   7.5051140e-02  -6.2246772e-01   6.9778365e-01  -6.4094860e-04  -3.6307529e-03  -1.2965664e-03
   6.4521780e-02  -5.8271351e-01   6.7467763e-01  -9.1494586e-05  -4.1083897e-03  -1.2267134e-03
   6.5318958e-02  -5.9353090e-01   6.7212742e-01  -3.1355182e-04  -3.8967660e-03  -1.1865229e-03
   6.4128568e-02  -6.0743845e-01   6.9429260e-01  -6.1442613e-04  -4.0985907e-03  -1.0874532e-03
   6.1576832e-02  -6.1013834e-01   6.7345220e-01  -5.5461950e-04  -4.0624748e-03  -1.0885057e-03
   7.2450128e-02  -6.1572932e-01   6.6168848e-01  -3.2785258e-04  -3.8848421e-03  -1.3101119e-03
   6.5882845e-02  -6.1682042e-01   6.5533791e-01  -5.0047016e-04  -3.7406029e-03  -1.3375292e-03
   6.4164318e-02  -6.0458657e-01   6.6333640e-01  -4.8269800e-04  -3.8671831e-03  -1.1829923e-03
   6.1384501e-02  -6.0876040e-01   6.6077500e-01  -3.9610413e-04  -4.1374788e-03  -1.1929865e-03
   5.8630533e-02  -6.0263806e-01   6.3284970e-01  -4.5156784e-04  -4.1704275e-03  -1.0211175e-03
   6.2815610e-02  -6.1430830e-01   6.3268488e-01  -7.3962825e-04  -4.0430338e-03  -1.0511579e-03
   7.2952598e-02  -6.1775418e-01   6.2682117e-01  -6.3774157e-04  -3.8897369e-03  -1.2138209e-03
   7.3707700e-02  -6.3043810e-01   6.1389474e-01  -3.9811791e-04  -3.9012328e-03  -1.1815224e-03
   7.5189952e-02  -6.3603582e-01   6.1693249e-01  -8.7969880e-04  -3.9002926e-03  -1.2248403e-03
   6.6641301e-02  -6.1900543e-01   6.2483550e-01  -6.2169656e-04  -3.9469797e-03  -1.3046413e-03
   6.8515608e-02  -6.3061023e-01   6.2930882e-01  -7.5078951e-04  -3.8247548e-03  -1.3316724e-03
   7.5271934e-02  -6.3648901e-01   6.5900413e-01  -6.8675957e-04  -3.7506563e-03  -1.4567467e-03
   6.3618473e-02  -6.2030008e-01   6.2943838e-01  -5.7820727e-04  -3.8846913e-03  -1.2958997e-03
   6.6831503e-02  -6.3356156e-01   6.3526191e-01  -8.2243892e-04  -3.9218507e-03  -1.2738940e-03
   6.5814924e-02  -6.3749910e-01   6.4538158e-01  -5.8824708e-04  -4.1349223e-03  -1.0557600e-03
   6.8789263e-02  -6.4097805e-01   6.3306641e-01  -3.9832558e-04  -4.1691705e-03  -1.1260674e-03
   7.2834357e-02  -6.5434681e-01   6.8165116e-01  -9.9369582e-04  -3.9334562e-03  -1.0886959e-03
