6.5529e-08
4.3354e-07
1.2506e-05
4.0083e-05
6.979e-05
8.0801e-05
8.1873e-05
8.3704e-05
7.9838e-05
7.8864e-05
7.3174e-05
5.4675e-05
4.5344e-05
5.5174e-05
7.042e-05
7.1841e-05
6.937e-05
7.561e-05
7.0849e-05
6.06e-05
5.4289e-05
4.4895e-05
4.2803e-05
5.4878e-05
7.8374e-05
8.3575e-05
7.4801e-05
6.8651e-05
7.2376e-05
8.3264e-05
8.2573e-05
6.9086e-05
5.9312e-05
5.0941e-05
4.8921e-05
5.2067e-05
6.0593e-05
6.7311e-05
7.0343e-05
7.4116e-05
6.9239e-05
6.2133e-05
5.5182e-05
6.0182e-05
6.5696e-05
5.8136e-05
5.3539e-05
5.7636e-05
6.6291e-05
6.5838e-05
7.1049e-05
6.7833e-05
6.4238e-05
6.7545e-05
7.0174e-05
6.3696e-05
5.6133e-05
5.851e-05
6.3603e-05
7.3906e-05
8.0739e-05
6.9719e-05
6.7583e-05
7.8143e-05
7.7657e-05
7.4136e-05
7.8468e-05
7.1994e-05
5.6296e-05
5.0662e-05
4.8432e-05
5.9585e-05
6.4112e-05
5.95e-05
5.9258e-05
7.0262e-05
7.9423e-05
8.6735e-05
7.9739e-05
5.4472e-05
5.2259e-05
6.2661e-05
5.7793e-05
5.927e-05
7.2171e-05
8.7332e-05
8.5696e-05
6.1814e-05
3.4923e-05
3.1654e-05
4.1808e-05
5.41e-05
6.4496e-05
6.7855e-05
7.6185e-05
7.8064e-05
7.5049e-05
7.8956e-05
8.2598e-05
7.8883e-05
7.6563e-05
8.1918e-05
8.3728e-05
7.8808e-05
7.222e-05
6.8979e-05
6.2726e-05
5.4703e-05
5.0009e-05
5.379e-05
5.2597e-05
4.683e-05
5.1368e-05
5.9222e-05
7.4235e-05
7.8585e-05
6.1922e-05
4.9626e-05
5.9692e-05
7.6882e-05
8.0603e-05
8.7163e-05
8.3268e-05
6.7097e-05
5.5772e-05
5.393e-05
6.3914e-05
7.6197e-05
7.4999e-05
7.5786e-05
7.2399e-05
7.0829e-05
6.0298e-05
4.2698e-05
4.5009e-05
5.2069e-05
4.9734e-05
5.3524e-05
5.0704e-05
5.1437e-05
5.9479e-05
6.3629e-05
7.2701e-05
8.6525e-05
9.5524e-05
9.1648e-05
7.9118e-05
6.1695e-05
5.2862e-05
5.7261e-05
6.6334e-05
6.6186e-05
5.951e-05
5.6592e-05
5.8844e-05
6.5108e-05
7.2096e-05
7.4544e-05
8.0964e-05
8.4301e-05
7.5639e-05
6.1535e-05
5.9086e-05
5.4235e-05
4.4619e-05
5.0676e-05
6.1549e-05
5.8819e-05
6.185e-05
7.284e-05
7.5869e-05
7.0725e-05
6.4991e-05
6.6097e-05
6.2918e-05
6.3752e-05
7.0956e-05
8.3894e-05
8.7965e-05
8.0838e-05
7.6779e-05
7.9558e-05
7.7379e-05
7.158e-05
7.4697e-05
7.6186e-05
7.1508e-05
6.9751e-05
7.8469e-05
8.556e-05
7.4532e-05
6.4788e-05
6.1496e-05
5.1563e-05
4.715e-05
4.6831e-05
5.1865e-05
5.8079e-05
5.9309e-05
7.3481e-05
7.7159e-05
7.5524e-05
8.1651e-05
8.4067e-05
7.5607e-05
7.1042e-05
6.8847e-05
6.5096e-05
6.1475e-05
5.7607e-05
6.4921e-05
6.2701e-05
4.8502e-05
5.0523e-05
5.5715e-05
5.4476e-05
5.4619e-05
5.7167e-05
5.5036e-05
5.8778e-05
6.8539e-05
7.1936e-05
6.7004e-05
6.6866e-05
7.1516e-05
7.0448e-05
6.7251e-05
6.5816e-05
7.1907e-05
7.5575e-05
7.3626e-05
6.7458e-05
6.105e-05
6.1192e-05
6.746e-05
6.4723e-05
5.6996e-05
6.6031e-05
7.5564e-05
7.8487e-05
8.3626e-05
8.4141e-05
6.7781e-05
5.6787e-05
5.2257e-05
4.7073e-05
5.5845e-05
7.114e-05
6.9471e-05
6.4254e-05
6.6943e-05
7.525e-05
8.1863e-05
7.4105e-05
7.1635e-05
7.3687e-05
6.7988e-05
6.4714e-05
6.5081e-05
6.3715e-05
6.1301e-05
6.3953e-05
6.2585e-05
6.2771e-05
7.4343e-05
8.4739e-05
8.0343e-05
7.0471e-05
7.0631e-05
7.1055e-05
6.7588e-05
5.3977e-05
4.7676e-05
5.2406e-05
5.5976e-05
6.0267e-05
6.0169e-05
4.5102e-05
3.7648e-05
3.8899e-05
3.9352e-05
3.565e-05
2.8924e-05
3.9439e-05
5.6403e-05
6.3728e-05
6.9044e-05
7.9794e-05
9.2589e-05
9.1046e-05
7.174e-05
6.2757e-05
7.1084e-05
7.3448e-05
6.7927e-05
6.4826e-05
6.4447e-05
6.251e-05
6.2366e-05
6.5504e-05
7.5921e-05
8.1766e-05
7.9728e-05
7.1728e-05
6.3093e-05
6.1228e-05
6.1624e-05
6.497e-05
7.2313e-05
7.5033e-05
8.0424e-05
8.1822e-05
7.3641e-05
6.6235e-05
6.698e-05
7.9676e-05
8.2094e-05
7.4512e-05
6.8734e-05
6.0355e-05
4.5686e-05
4.3928e-05
4.8142e-05
5.2532e-05
5.3057e-05
4.8631e-05
5.3795e-05
5.7094e-05
5.829e-05
6.2914e-05
6.6317e-05
7.3377e-05
8.0911e-05
7.3967e-05
6.4874e-05
6.2006e-05
5.5161e-05
5.6753e-05
6.7634e-05
7.3345e-05
6.6991e-05
6.9403e-05
7.1939e-05
6.9166e-05
6.7817e-05
6.2827e-05
5.3518e-05
4.0938e-05
4.7908e-05
6.9048e-05
8.2394e-05
8.1416e-05
7.9906e-05
8.2076e-05
7.0098e-05
5.6863e-05
4.6636e-05
3.8014e-05
4.5751e-05
7.2227e-05
7.6932e-05
8.5155e-05
