   0.0000000e+00   2.8921626e-14   0.0000000e+00  -1.3877788e-17   0.0000000e+00   0.0000000e+00
   8.7992141e-02  -4.7061933e-02   7.7060221e-01   2.5953536e-03  -1.2873819e-03  -4.2759804e-03
   1.0426233e-01  -7.4019184e-02   1.0750503e+00   3.4833615e-03  -8.2437980e-04  -4.2888140e-03
   8.5212379e-02  -3.4885237e-02   1.0910447e+00   4.2371482e-03  -1.2896609e-03  -4.0150061e-03
   8.4319473e-02  -5.5074668e-02   1.1591037e+00   4.8007749e-03  -1.0629345e-03  -4.1297724e-03
   7.6172913e-02  -4.5147859e-02   1.1555730e+00   4.9208465e-03  -1.1831688e-03  -4.1355016e-03
   7.1952369e-02  -4.8797795e-02   1.0870298e+00   4.1930667e-03  -1.2964412e-03  -4.0474381e-03
   8.0362017e-02  -6.7517393e-02   1.1405694e+00   4.6744705e-03  -1.0173342e-03  -4.0149965e-03
   7.2754362e-02  -2.5326427e-02   1.1164872e+00   4.5657053e-03  -1.2453180e-03  -3.9860463e-03
   7.1611997e-02  -3.8813595e-02   1.1589826e+00   5.4218489e-03  -1.1535094e-03  -4.0183010e-03
   6.3974791e-02  -4.1087797e-02   1.1414588e+00   4.8711460e-03  -1.3340570e-03  -4.0107935e-03
   6.4557581e-02  -4.4009011e-02   1.1056922e+00   5.0122380e-03  -1.2715599e-03  -3.9604660e-03
   5.7525484e-02  -2.5366395e-02   1.0856326e+00   5.2954650e-03  -1.4090328e-03  -3.9841117e-03
   7.2898902e-02  -3.9751593e-02   1.1238952e+00   5.2024244e-03  -1.0310481e-03  -3.8710771e-03
   6.7121798e-02  -4.6520009e-02   1.1323028e+00   5.1360546e-03  -1.1495591e-03  -3.8301944e-03
   5.8469994e-02  -2.8830725e-02   1.1169930e+00   5.7534692e-03  -1.3786782e-03  -3.6776204e-03
   6.2341807e-02  -3.7849021e-02   1.1158715e+00   5.4041275e-03  -1.5359412e-03  -3.7738304e-03
   6.0968363e-02  -5.8391091e-02   1.1499084e+00   5.4984504e-03  -1.4555886e-03  -3.9532168e-03
   5.7281674e-02  -4.7350680e-02   1.1049383e+00   5.2164258e-03  -1.5881134e-03  -4.0082447e-03
   5.5157390e-02  -3.8435446e-02   1.0691536e+00   4.9002519e-03  -1.6427964e-03  -3.8320096e-03
   5.4230628e-02  -5.4000682e-02   1.0778743e+00   5.0940511e-03  -1.4999138e-03  -3.8602549e-03
   3.2015518e-02  -3.3023629e-02   1.0419834e+00   5.2480097e-03  -1.8851298e-03  -3.9196267e-03
   2.8898233e-02  -3.8387388e-02   1.0440807e+00   4.9727653e-03  -1.7498065e-03  -3.8639638e-03
   2.9294400e-02  -4.1030366e-02   1.0429232e+00   5.1970494e-03  -1.7883004e-03  -3.8757447e-03
   4.2932406e-02  -2.9603949e-02   1.0706890e+00   4.8928082e-03  -1.4138626e-03  -3.9584674e-03
   4.5303080e-02  -1.3109001e-02   1.0734041e+00   5.2452636e-03  -1.4353829e-03  -3.8436431e-03
   4.9304140e-02  -2.6823823e-02   1.0827881e+00   5.2754253e-03  -1.4700090e-03  -3.9187832e-03
   5.8491406e-02  -5.0211879e-02   1.0742711e+00   4.9012811e-03  -1.3669205e-03  -3.8711810e-03
   5.4083199e-02  -6.8079595e-02   1.1062486e+00   4.4919458e-03  -1.4757611e-03  -4.1480087e-03
   5.6387500e-02  -7.3525265e-02   1.0464630e+00   4.5358758e-03  -1.6094649e-03  -4.0476260e-03
   5.4966163e-02  -5.4619428e-02   1.0330847e+00   5.1648940e-03  -1.5047582e-03  -3.9607654e-03
   4.7049595e-02  -7.9813771e-02   1.0315451e+00   4.6576066e-03  -1.6105916e-03  -3.9915046e-03
   3.5269799e-02  -7.4645268e-02   1.0264206e+00   4.6098747e-03  -1.7063533e-03  -4.0541227e-03
   4.2312344e-02  -5.4467890e-02   1.0216085e+00   4.8506839e-03  -1.5920345e-03  -3.9718263e-03
   3.4008273e-02  -3.9317719e-02   1.0056959e+00   5.2639856e-03  -1.7820294e-03  -3.8598208e-03
   3.7606567e-02  -6.7467666e-02   1.0162138e+00   4.9434183e-03  -1.6991874e-03  -3.9655722e-03
   4.2008545e-02  -6.4866669e-02   1.0161775e+00   4.7352054e-03  -1.5296622e-03  -3.8656847e-03
   4.5806288e-02  -6.7347842e-02   9.9048637e-01   4.7076273e-03  -1.3820565e-03  -3.7556424e-03
   3.0874894e-02  -6.5621838e-02   9.6608138e-01   4.7185096e-03  -1.7740197e-03  -3.7741733e-03
   4.6729360e-02  -7.8266431e-02   9.9033378e-01   4.5623711e-03  -1.4104585e-03  -3.9181252e-03
   6.1069634e-02  -7.8488953e-02   1.0081099e+00   4.5405947e-03  -1.3150815e-03  -3.9307907e-03
   5.2713541e-02  -5.2528028e-02   1.0012797e+00   4.8907023e-03  -1.6627442e-03  -3.9283844e-03
   2.7004950e-02  -5.6868513e-02   9.8133703e-01   4.9888398e-03  -2.4103354e-03  -3.6497791e-03
   3.9833641e-02  -1.0924703e-01   1.0264098e+00   4.4228260e-03  -1.8292341e-03  -3.6841194e-03
   3.2559069e-02  -7.7361611e-02   1.0062490e+00   4.6688061e-03  -1.9556500e-03  -3.7417203e-03
   3.4734769e-02  -6.3328138e-02   9.9626090e-01   4.9391728e-03  -2.0270985e-03  -3.6404192e-03
   3.3097171e-02  -8.8428592e-02   1.0516052e+00   4.8354351e-03  -1.9150894e-03  -3.8753456e-03
   3.1954901e-02  -8.8618966e-02   1.0298432e+00   4.8918938e-03  -2.0084812e-03  -3.9937886e-03
   3.7541310e-02  -8.1690880e-02   1.0167327e+00   4.6300823e-03  -1.9766311e-03  -3.9241927e-03
   3.6457485e-02  -7.5363008e-02   1.0217939e+00   5.0651717e-03  -2.0431652e-03  -3.7650246e-03
   4.5259406e-02  -8.6113410e-02   1.0550628e+00   4.8406634e-03  -1.8107424e-03  -3.7637111e-03
   4.2294705e-02  -9.0805449e-02   1.0372237e+00   4.7146375e-03  -1.8547711e-03  -3.7193360e-03
   3.0413708e-02  -9.7586759e-02   9.9776065e-01   4.6345199e-03  -1.9512025e-03  -3.8701690e-03
   2.5521670e-02  -1.2752069e-01   1.0364102e+00   4.8344069e-03  -1.9327464e-03  -4.3192913e-03
   2.2455363e-02  -1.1545218e-01   1.0757193e+00   4.4514503e-03  -2.0423207e-03  -4.2429148e-03
   1.4075737e-02  -1.1354434e-01   1.0478961e+00   4.5494257e-03  -1.9629821e-03  -4.0405725e-03
   1.8572654e-02  -1.1154502e-01   1.0417078e+00   4.7797523e-03  -1.9656596e-03  -4.1222802e-03
   2.7261797e-02  -1.2085713e-01   1.0639917e+00   4.5966172e-03  -1.8256367e-03  -4.0008369e-03
   3.3660195e-02  -1.0463851e-01   1.0660571e+00   4.7325535e-03  -1.9864187e-03  -3.8334479e-03
   4.3255354e-02  -1.4218734e-01   1.0981157e+00   4.9303607e-03  -1.7629602e-03  -3.7963988e-03
   3.9256324e-02  -1.5173884e-01   1.0585173e+00   4.3695615e-03  -1.8454814e-03  -3.9508503e-03
   3.8437864e-02  -1.1607002e-01   1.0534911e+00   4.7917494e-03  -1.8404439e-03  -3.8459070e-03
   3.6337453e-02  -1.1106370e-01   1.0577984e+00   4.7767536e-03  -1.9084298e-03  -3.6828676e-03
   4.5761255e-02  -1.4520984e-01   1.1063537e+00   4.6590603e-03  -1.4842054e-03  -3.9733703e-03
   3.9607849e-02  -1.4133261e-01   1.0703382e+00   4.3037671e-03  -1.7447716e-03  -3.8432922e-03
   4.6707496e-02  -1.3648215e-01   1.0681814e+00   4.1983359e-03  -1.8123210e-03  -3.7995842e-03
   4.7169166e-02  -1.6074685e-01   1.0959637e+00   4.6229434e-03  -1.6325627e-03  -3.9732161e-03
   2.2900191e-02  -1.7034703e-01   1.1134214e+00   4.2478820e-03  -2.1952760e-03  -4.0639537e-03
   1.4123593e-03  -1.8580402e-01   1.1115773e+00   3.6569161e-03  -2.8514054e-03  -3.9345480e-03
   2.4034315e-03  -2.1024111e-01   1.1279082e+00   3.8105367e-03  -2.5812315e-03  -4.0277651e-03
  -2.7457419e-03  -1.8837714e-01   1.1133715e+00   3.8225617e-03  -2.7498440e-03  -3.9927481e-03
   4.7520518e-03  -1.6354053e-01   1.1310331e+00   4.0467634e-03  -2.6872690e-03  -3.7810869e-03
   1.2107184e-02  -1.6763107e-01   1.1328199e+00   4.3293888e-03  -2.6081088e-03  -3.6865180e-03
   3.2268495e-03  -1.9573100e-01   1.1423849e+00   4.3010406e-03  -2.6796562e-03  -3.7829487e-03
   1.8274697e-04  -2.0948331e-01   1.1473662e+00   3.9616391e-03  -2.7516114e-03  -3.8361186e-03
  -6.4809798e-03  -1.9235350e-01   1.0722943e+00   3.9477990e-03  -2.8227567e-03  -3.7040153e-03
  -7.6822137e-03  -1.7940599e-01   1.0802396e+00   4.3324474e-03  -2.8892248e-03  -3.8237934e-03
  -9.7346084e-03  -1.8270159e-01   1.1028906e+00   4.4489140e-03  -3.0006742e-03  -3.6934253e-03
  -1.9679633e-02  -1.9851103e-01   1.1425056e+00   4.2686593e-03  -2.9370462e-03  -3.8202139e-03
  -1.6393219e-02  -2.1261754e-01   1.1499836e+00   4.2684697e-03  -2.9610945e-03  -3.5540739e-03
  -1.3706645e-02  -2.0423509e-01   1.1082528e+00   4.1892099e-03  -3.0046182e-03  -3.5742124e-03
  -1.2821739e-02  -2.0212584e-01   1.1051087e+00   4.2907118e-03  -2.9290787e-03  -3.4972585e-03
  -8.5402769e-03  -2.0872008e-01   1.0977606e+00   3.8629045e-03  -2.8920661e-03  -3.6068740e-03
  -1.1249821e-02  -2.0557766e-01   1.0747011e+00   3.9207634e-03  -2.9726724e-03  -3.6432690e-03
  -1.2137243e-02  -2.3197995e-01   1.0944777e+00   3.8096106e-03  -2.8366897e-03  -3.7606789e-03
  -1.2997497e-02  -2.1764016e-01   1.0910404e+00   3.7095316e-03  -2.9721164e-03  -3.6511152e-03
  -2.6625107e-02  -2.0600943e-01   1.0844296e+00   4.1373568e-03  -3.2939149e-03  -3.7691118e-03
  -1.4795727e-02  -2.1899242e-01   1.0896317e+00   4.0351500e-03  -3.2982763e-03  -3.6634342e-03
  -9.6195557e-03  -2.4206687e-01   1.1146273e+00   3.9375386e-03  -2.8988455e-03  -3.7012522e-03
  -2.0617939e-02  -2.5790183e-01   1.0836364e+00   3.8019512e-03  -2.9062335e-03  -3.5911227e-03
  -2.8142652e-02  -2.4505614e-01   1.1072977e+00   3.9991485e-03  -3.3631621e-03  -3.5323573e-03
  -2.3944858e-02  -2.6702406e-01   1.1638637e+00   4.0404864e-03  -3.1039649e-03  -3.6609238e-03
  -3.0674735e-02  -2.3837378e-01   1.0979813e+00   3.9033806e-03  -3.2194689e-03  -3.7549627e-03
  -3.3965765e-02  -2.3244608e-01   1.0935432e+00   4.2539365e-03  -3.3196289e-03  -3.5761780e-03
  -2.7576524e-02  -2.6760923e-01   1.1572602e+00   4.0434436e-03  -3.1892096e-03  -3.5500327e-03
  -3.3044505e-02  -2.4680739e-01   1.1230130e+00   4.2478615e-03  -3.3642478e-03  -3.4896463e-03
  -3.5065087e-02  -2.4577648e-01   1.0992774e+00   4.0752747e-03  -3.4656493e-03  -3.3937694e-03
  -3.8547459e-02  -2.3824049e-01   1.0910896e+00   4.3097928e-03  -3.4502623e-03  -3.3668303e-03
  -2.2577940e-02  -2.6343591e-01   1.1210185e+00   4.0291300e-03  -3.1502090e-03  -3.5252514e-03
  -3.1648469e-02  -2.3938163e-01   1.0601497e+00   4.2813771e-03  -3.3867608e-03  -3.5278320e-03
  -3.0156335e-02  -2.4979136e-01   1.0534539e+00   4.1649499e-03  -3.3855031e-03  -3.6558349e-03
  -1.0722101e-02  -2.6681301e-01   1.0977845e+00   4.1838628e-03  -3.1607581e-03  -3.8400248e-03
  -1.0718357e-02  -2.7224523e-01   1.0955460e+00   3.9865330e-03  -3.3659078e-03  -3.7156139e-03
  -1.1978441e-02  -2.5886943e-01   1.0943704e+00   4.0832534e-03  -3.4431757e-03  -3.7322569e-03
   1.2294219e-03  -2.5877132e-01   1.1123885e+00   4.4910272e-03  -3.1888877e-03  -3.8095249e-03
   1.1516552e-03  -2.9415638e-01   1.1379983e+00   3.5882890e-03  -3.1825626e-03  -3.7523632e-03
  -9.6011834e-03  -2.7347846e-01   1.0947882e+00   3.7728172e-03  -3.2773619e-03  -4.0101334e-03
  -1.0820949e-02  -3.3126557e-01   1.1351233e+00   3.8223758e-03  -3.4844843e-03  -4.3779557e-03
  -1.6037452e-02  -3.2400004e-01   1.1435840e+00   3.5380722e-03  -3.4585507e-03  -4.4144690e-03
  -6.1632637e-03  -2.9132555e-01   1.1346460e+00   3.9653047e-03  -3.3134930e-03  -4.0675770e-03
  -1.6141079e-03  -3.1236648e-01   1.1197877e+00   3.7300436e-03  -3.4389338e-03  -4.0213108e-03
   1.3039831e-02  -3.2074417e-01   1.1815885e+00   3.4869650e-03  -3.1465533e-03  -4.1689113e-03
   2.2830878e-03  -2.9597982e-01   1.1490942e+00   3.9220485e-03  -3.3279098e-03  -3.9679694e-03
  -7.7812843e-03  -3.0782135e-01   1.1525647e+00   4.1613719e-03  -3.4134372e-03  -3.9806267e-03
   1.0595109e-03  -3.3707504e-01   1.1856744e+00   3.7229832e-03  -3.2585878e-03  -3.9992795e-03
   1.9691822e-02  -3.3180076e-01   1.1869100e+00   3.6682157e-03  -3.0917242e-03  -4.1100097e-03
   2.7395644e-02  -3.8347455e-01   1.2400801e+00   4.3357866e-03  -2.8357028e-03  -4.6052968e-03
   9.1234202e-03  -4.1738925e-01   1.2647659e+00   4.8522033e-03  -2.7475009e-03  -4.8565037e-03
  -6.0513291e-03  -4.6420929e-01   1.3806646e+00   6.3135158e-03  -2.7163732e-03  -5.1608939e-03
   1.2756236e-02  -4.5476179e-01   1.2673064e+00   5.5613131e-03  -2.4254438e-03  -4.9012642e-03
  -2.2736084e-02  -3.4745201e-01   1.1563603e+00   5.2341958e-03  -3.1809188e-03  -4.1049363e-03
   7.8509114e-03  -2.7997093e-01   1.2131289e+00   5.0325239e-03  -2.9837873e-03  -4.3689759e-03
  -9.4727195e-03  -2.9276230e-01   1.2910779e+00   5.1215904e-03  -3.2935523e-03  -4.2908176e-03
   2.6837660e-04  -2.9233508e-01   1.3192814e+00   5.7820604e-03  -2.9086640e-03  -4.1099649e-03
  -1.6028142e-04  -3.2899267e-01   1.3474274e+00   4.3638337e-03  -3.1127598e-03  -4.0121343e-03
   6.5398326e-03  -3.4370727e-01   1.3278770e+00   4.2882683e-03  -3.1206497e-03  -4.1021314e-03
   3.8756730e-03  -3.4348253e-01   1.3098455e+00   3.8599945e-03  -3.2993515e-03  -3.8382944e-03
   3.0933633e-03  -3.0966758e-01   1.2854626e+00   4.6362439e-03  -3.1062653e-03  -3.9085905e-03
  -4.2656201e-03  -2.9452141e-01   1.2588422e+00   4.3310221e-03  -3.2548327e-03  -3.7449850e-03
  -1.0563591e-02  -2.8444699e-01   1.2439288e+00   4.4276603e-03  -3.5907265e-03  -3.4895122e-03
  -1.7140588e-03  -3.1653693e-01   1.2796427e+00   4.2381294e-03  -3.1338354e-03  -3.6403559e-03
  -2.9367171e-03  -3.0815094e-01   1.2034466e+00   4.1542921e-03  -3.2712447e-03  -3.5618586e-03
   3.4884755e-03  -2.6382244e-01   1.2081137e+00   4.5202052e-03  -2.9832409e-03  -3.6537190e-03
  -3.1266788e-04  -2.3538391e-01   1.2415993e+00   4.5150377e-03  -3.2379348e-03  -3.5694092e-03
   2.4750834e-03  -2.9602039e-01   1.2698083e+00   4.6655811e-03  -3.2461176e-03  -3.6485396e-03
   9.1201999e-03  -3.1117612e-01   1.2416424e+00   3.8959976e-03  -3.0008300e-03  -3.5629382e-03
   6.0273283e-04  -2.6295489e-01   1.1900539e+00   4.3514640e-03  -3.1042189e-03  -3.5012442e-03
  -6.1554772e-03  -2.9238616e-01   1.2433994e+00   4.5060864e-03  -3.0651757e-03  -3.9772025e-03
  -3.3533304e-03  -3.1400941e-01   1.2195483e+00   4.3498744e-03  -3.4149028e-03  -3.9388295e-03
   6.8797889e-04  -3.4989868e-01   1.2239698e+00   4.3178635e-03  -3.2085656e-03  -3.9088878e-03
   7.8685264e-03  -3.4957046e-01   1.1964079e+00   3.7044957e-03  -3.2031627e-03  -4.0171435e-03
   1.2788928e-02  -3.0196135e-01   1.1751739e+00   4.3903858e-03  -3.0436740e-03  -3.9360171e-03
   1.2622820e-02  -3.0219347e-01   1.2160260e+00   4.6305797e-03  -3.0628131e-03  -3.9440313e-03
   1.1839412e-02  -3.0616670e-01   1.2125591e+00   4.3364065e-03  -3.1996520e-03  -4.0673309e-03
   1.7843276e-02  -3.0869428e-01   1.2466233e+00   5.6723330e-03  -2.7914417e-03  -4.2554842e-03
   1.1204623e-02  -3.2280214e-01   1.2227815e+00   4.8596256e-03  -3.1392860e-03  -4.4077936e-03
   8.1228110e-03  -2.9842986e-01   1.1879312e+00   4.8186595e-03  -3.1470448e-03  -4.2620359e-03
  -3.2493406e-04  -2.8914530e-01   1.1777461e+00   5.0021395e-03  -3.4481384e-03  -3.9823037e-03
   1.0787616e-02  -3.3401092e-01   1.2045286e+00   4.2337291e-03  -3.3489919e-03  -3.9481443e-03
   9.2355671e-03  -3.6523227e-01   1.2124363e+00   3.9370309e-03  -3.4737208e-03  -4.1533373e-03
  -3.9656502e-03  -3.4078349e-01   1.2199516e+00   4.2872626e-03  -3.5154530e-03  -4.1174581e-03
  -7.5557401e-03  -3.3160360e-01   1.2113328e+00   4.8815974e-03  -3.6375072e-03  -4.0289089e-03
  -2.0315216e-03  -3.4461205e-01   1.2775956e+00   4.5107467e-03  -3.4486151e-03  -4.2065521e-03
  -1.0011425e-02  -3.1695248e-01   1.2122166e+00   4.5605389e-03  -3.9255423e-03  -4.1106836e-03
   2.1971156e-02  -3.4624325e-01   1.2649924e+00   4.9818779e-03  -3.2566255e-03  -4.0534368e-03
   1.9527709e-02  -3.6347113e-01   1.2362758e+00   4.0894861e-03  -3.4185428e-03  -3.8656153e-03
   4.9867749e-03  -3.5890350e-01   1.2305482e+00   4.2963699e-03  -3.7908212e-03  -3.8704001e-03
   2.0678014e-03  -3.5471010e-01   1.2337515e+00   4.6835334e-03  -3.5944380e-03  -4.0334049e-03
  -5.6600157e-03  -3.8585773e-01   1.2498252e+00   4.0724214e-03  -3.6598437e-03  -4.0689539e-03
  -1.2010754e-02  -3.4239917e-01   1.1883685e+00   4.5623983e-03  -3.9257792e-03  -3.9201519e-03
  -8.0371896e-03  -3.6262063e-01   1.1991759e+00   4.7869165e-03  -3.7917208e-03  -3.8060529e-03
  -8.4248262e-03  -3.6940576e-01   1.2111622e+00   4.1851567e-03  -3.7453821e-03  -3.8217501e-03
  -1.4725923e-02  -3.2629712e-01   1.1769416e+00   4.2120834e-03  -3.6007662e-03  -3.6732396e-03
   7.3745668e-04  -3.7800753e-01   1.2140878e+00   4.5278724e-03  -3.2418282e-03  -3.7899701e-03
   7.1990051e-03  -3.3207345e-01   1.1760986e+00   4.3779972e-03  -3.3659381e-03  -3.7561065e-03
   1.3791510e-02  -3.5609379e-01   1.1934961e+00   4.6602064e-03  -3.2569148e-03  -4.0161175e-03
  -1.9518162e-02  -3.6273532e-01   1.1877054e+00   4.3509960e-03  -4.0758901e-03  -4.1010092e-03
  -2.8488687e-02  -3.6446023e-01   1.1762108e+00   4.8420422e-03  -4.1498053e-03  -3.9228179e-03
  -1.8437072e-02  -3.9302788e-01   1.2014516e+00   4.5433877e-03  -3.7469993e-03  -3.9932566e-03
  -2.2946535e-02  -3.5043020e-01   1.1471377e+00   4.6417162e-03  -3.9049440e-03  -3.9843219e-03
  -2.3645255e-02  -3.4347803e-01   1.1998949e+00   5.2697891e-03  -3.8767946e-03  -4.0930017e-03
  -1.8210097e-02  -3.6557069e-01   1.2201741e+00   4.8125953e-03  -3.8852912e-03  -4.0442024e-03
  -1.1175723e-02  -3.4812050e-01   1.2039325e+00   5.0472491e-03  -3.8034508e-03  -3.6415548e-03
  -1.1510431e-02  -3.4554618e-01   1.1671701e+00   5.1256985e-03  -3.7850642e-03  -3.5111929e-03
  -3.5009248e-03  -3.7683792e-01   1.2532799e+00   4.8115322e-03  -3.6270097e-03  -3.8298529e-03
  -7.3254130e-03  -3.6503558e-01   1.1852364e+00   4.8569504e-03  -3.8252910e-03  -3.5972170e-03
  -3.2940830e-02  -3.5140182e-01   1.1469842e+00   5.1597515e-03  -3.9917380e-03  -3.4916491e-03
  -4.3485073e-02  -3.6652485e-01   1.1732427e+00   5.2518093e-03  -4.0229378e-03  -3.7970529e-03
  -5.2898988e-02  -3.4367261e-01   1.1583375e+00   5.3940731e-03  -4.1788374e-03  -3.6960788e-03
  -5.9684832e-02  -3.3052775e-01   1.1497914e+00   5.5645456e-03  -4.1750513e-03  -3.5483912e-03
  -4.8160552e-02  -3.7801104e-01   1.1699544e+00   5.0231380e-03  -4.0066177e-03  -3.8831475e-03
  -5.3355216e-02  -3.8128272e-01   1.1836579e+00   4.7587148e-03  -4.0730222e-03  -3.9428647e-03
  -5.4522292e-02  -3.7627136e-01   1.1904764e+00   5.0822390e-03  -4.2222778e-03  -3.9674618e-03
  -4.9966211e-02  -3.9981684e-01   1.2344953e+00   5.0260218e-03  -3.9008409e-03  -4.0478523e-03
  -4.6676676e-02  -4.0603123e-01   1.2315139e+00   4.9279193e-03  -3.9936762e-03  -3.8529012e-03
  -6.2705950e-02  -3.8159169e-01   1.2070687e+00   4.8845775e-03  -4.4438361e-03  -3.8514638e-03
  -5.3843397e-02  -3.6576658e-01   1.2068252e+00   5.2520256e-03  -4.0406265e-03  -3.7918749e-03
  -5.2116026e-02  -4.0270192e-01   1.2195328e+00   5.2956732e-03  -4.0906742e-03  -3.8872327e-03
  -5.6242349e-02  -4.1115249e-01   1.2344123e+00   5.1265711e-03  -4.2314077e-03  -3.8948532e-03
  -6.5602069e-02  -3.7435749e-01   1.2296832e+00   5.3947716e-03  -4.3796277e-03  -3.7155282e-03
  -6.2707356e-02  -4.0002733e-01   1.2513870e+00   5.2032688e-03  -4.0426397e-03  -3.6880134e-03
  -7.9888233e-02  -3.8430820e-01   1.2143270e+00   5.1667629e-03  -4.5271090e-03  -3.5690770e-03
  -7.8579963e-02  -3.6088637e-01   1.1765147e+00   5.3318478e-03  -4.4805723e-03  -3.4562052e-03
  -6.9091574e-02  -3.6255958e-01   1.2040049e+00   5.2630924e-03  -4.1585293e-03  -3.7265409e-03
  -6.6216272e-02  -3.5409642e-01   1.1857641e+00   5.3214583e-03  -4.2818708e-03  -3.7400102e-03
  -6.9083720e-02  -3.4275480e-01   1.1783659e+00   5.4832541e-03  -4.2683155e-03  -3.6764972e-03
  -5.7367999e-02  -3.9503130e-01   1.2009516e+00   5.0491408e-03  -4.0148683e-03  -3.5726910e-03
  -5.9053124e-02  -3.5879653e-01   1.1679457e+00   5.0331482e-03  -3.9884584e-03  -3.6036045e-03
  -5.5165620e-02  -3.3896762e-01   1.1522398e+00   5.5862715e-03  -3.8449211e-03  -3.5456648e-03
  -3.4742114e-02  -4.1299636e-01   1.2678439e+00   5.1781335e-03  -3.5410199e-03  -4.2608805e-03
  -2.9670690e-02  -4.0649071e-01   1.2595008e+00   4.9862489e-03  -3.8068485e-03  -4.0532948e-03
  -2.7600010e-02  -4.6341933e-01   1.3337713e+00   5.5316112e-03  -3.4187610e-03  -4.4789210e-03
  -3.8812079e-02  -4.9818452e-01   1.3435148e+00   6.6586018e-03  -3.2687515e-03  -4.5174530e-03
  -7.9712388e-02  -5.2462827e-01   1.3926656e+00   7.8402697e-03  -3.2530788e-03  -4.3544099e-03
  -3.5725757e-02  -4.6000359e-01   1.3307585e+00   8.3769225e-03  -2.7201773e-03  -4.4087970e-03
  -4.0746418e-02  -4.0672175e-01   1.3339428e+00   6.8342604e-03  -3.5817209e-03  -4.6997599e-03
  -7.3569337e-02  -3.7472734e-01   1.2256346e+00   6.3613430e-03  -4.5996533e-03  -4.3185540e-03
  -8.6285232e-02  -3.6464447e-01   1.1854481e+00   6.6621582e-03  -4.5006067e-03  -3.8647943e-03
  -8.9929124e-02  -3.4514185e-01   1.2697206e+00   6.8992415e-03  -4.5112420e-03  -3.8019907e-03
  -9.0515825e-02  -3.6332019e-01   1.2843063e+00   6.6746334e-03  -4.7456014e-03  -3.9422101e-03
  -8.3912354e-02  -4.1331674e-01   1.2620711e+00   6.1287232e-03  -4.4620207e-03  -3.7310242e-03
  -8.5505503e-02  -4.0079500e-01   1.2226872e+00   5.9053672e-03  -4.7547648e-03  -3.6955354e-03
  -7.3708889e-02  -4.1153897e-01   1.1528388e+00   5.2175544e-03  -4.6304524e-03  -3.5198118e-03
  -7.7352143e-02  -3.9424333e-01   1.1771395e+00   5.9098341e-03  -4.5002685e-03  -3.6428808e-03
  -9.0435937e-02  -3.9257793e-01   1.1927373e+00   5.7794414e-03  -4.8834686e-03  -3.6438776e-03
  -8.8232685e-02  -3.9519257e-01   1.1681050e+00   5.4817747e-03  -4.9499829e-03  -3.5539358e-03
  -8.8892772e-02  -3.8918544e-01   1.1682562e+00   5.8079268e-03  -4.8148916e-03  -3.5384983e-03
  -1.0207861e-01  -4.0432344e-01   1.1873514e+00   5.4225216e-03  -4.8932018e-03  -3.5039970e-03
  -9.4275992e-02  -4.0689142e-01   1.1717323e+00   5.3094366e-03  -4.8925861e-03  -3.5239329e-03
  -9.6800742e-02  -3.9246376e-01   1.1521649e+00   5.7606271e-03  -4.8838715e-03  -3.4740041e-03
  -9.5923107e-02  -4.0604315e-01   1.1295865e+00   5.5134885e-03  -4.8191865e-03  -3.6308946e-03
  -1.4262421e-01  -3.9894556e-01   1.1095225e+00   4.7118961e-03  -5.6047750e-03  -3.5354808e-03
  -1.3829189e-01  -4.2302838e-01   1.1333388e+00   4.8169914e-03  -5.5486748e-03  -3.6513166e-03
  -1.3637666e-01  -4.1123170e-01   1.1524880e+00   4.8458002e-03  -5.5494319e-03  -3.7320433e-03
  -1.4189448e-01  -4.0626576e-01   1.1515330e+00   5.2501014e-03  -5.6168066e-03  -3.5633771e-03
  -1.3872998e-01  -4.2069214e-01   1.1571003e+00   5.4373314e-03  -5.5060150e-03  -3.5078455e-03
  -1.4141120e-01  -3.9889031e-01   1.1829530e+00   5.3152095e-03  -5.4958661e-03  -3.4895630e-03
  -1.4735148e-01  -3.6065652e-01   1.1723660e+00   6.1033670e-03  -5.6128447e-03  -3.2343302e-03
  -1.3691521e-01  -4.0056556e-01   1.1455006e+00   5.8082099e-03  -5.5075094e-03  -3.3984793e-03
  -1.3164075e-01  -3.9712336e-01   1.0884811e+00   5.0665997e-03  -5.4515021e-03  -3.4767796e-03
  -1.2486634e-01  -3.9596900e-01   1.0980412e+00   5.2759047e-03  -5.4247477e-03  -3.5189688e-03
  -1.1465451e-01  -4.1867216e-01   1.1434633e+00   5.5224835e-03  -5.0842692e-03  -3.5299441e-03
  -1.2509187e-01  -4.2316284e-01   1.1312684e+00   5.3867443e-03  -5.4723540e-03  -3.5466784e-03
  -1.3742741e-01  -4.1444894e-01   1.1191342e+00   5.6619454e-03  -5.6421692e-03  -3.7725019e-03
  -1.3033661e-01  -4.5814994e-01   1.1312141e+00   5.4072089e-03  -5.4960019e-03  -3.6151442e-03
  -1.2895431e-01  -4.6073194e-01   1.1457193e+00   4.9799123e-03  -5.5334442e-03  -3.8159881e-03
  -1.5239751e-01  -4.4465806e-01   1.1357223e+00   5.0574480e-03  -5.9316439e-03  -3.6098360e-03
  -1.4424694e-01  -4.0392347e-01   1.1091166e+00   5.5309891e-03  -5.3690728e-03  -3.5997525e-03
  -1.2727558e-01  -4.1730640e-01   1.1260837e+00   5.0554183e-03  -5.3200389e-03  -3.9215812e-03
  -1.2310542e-01  -3.9865968e-01   1.0977822e+00   5.4028489e-03  -5.4692397e-03  -3.5352384e-03
  -1.4326808e-01  -4.0563929e-01   1.0661937e+00   5.5911453e-03  -5.7141346e-03  -3.5466814e-03
  -1.5286614e-01  -4.3023665e-01   1.1135790e+00   5.2622182e-03  -5.6719161e-03  -3.9702282e-03
  -1.4506734e-01  -4.2762578e-01   1.1039225e+00   5.3388253e-03  -5.5862805e-03  -3.7863060e-03
  -1.4655056e-01  -4.3292505e-01   1.0786196e+00   5.1590443e-03  -5.6086704e-03  -3.6986618e-03
  -1.3562242e-01  -4.4555332e-01   1.1435145e+00   5.1112566e-03  -5.2894068e-03  -3.9236609e-03
  -1.3488959e-01  -4.3752261e-01   1.1511791e+00   5.5510619e-03  -5.5075869e-03  -3.8502689e-03
  -1.3192516e-01  -4.6178963e-01   1.1202693e+00   5.3484120e-03  -5.4424637e-03  -3.5546698e-03
  -1.2366495e-01  -4.8923796e-01   1.1416101e+00   4.9897667e-03  -5.2637928e-03  -3.9290283e-03
  -1.3948561e-01  -4.7184990e-01   1.1099241e+00   5.0943973e-03  -5.5619623e-03  -3.8430654e-03
  -1.3980251e-01  -4.5163281e-01   1.1150148e+00   5.2391061e-03  -5.6211018e-03  -3.7570714e-03
  -1.2276912e-01  -4.7262544e-01   1.1664487e+00   5.2667039e-03  -5.1786524e-03  -4.0072823e-03
  -1.2088329e-01  -4.5702216e-01   1.1365896e+00   5.3735059e-03  -5.3762028e-03  -3.7519209e-03
  -1.3511770e-01  -4.1625403e-01   1.0812568e+00   5.5321332e-03  -5.6597241e-03  -3.5295481e-03
  -1.2262659e-01  -4.2597293e-01   1.0950667e+00   5.6515795e-03  -5.1484901e-03  -3.6662227e-03
  -1.2647300e-01  -4.5894146e-01   1.1531713e+00   5.2961559e-03  -5.3965015e-03  -3.8893120e-03
  -1.2152602e-01  -4.4749779e-01   1.1245594e+00   5.5319024e-03  -5.4336158e-03  -3.5968297e-03
  -1.0390005e-01  -4.8078073e-01   1.1484058e+00   5.7197929e-03  -4.7870059e-03  -3.8803654e-03
  -1.3447061e-01  -4.4775482e-01   1.1233467e+00   5.5079388e-03  -5.4824238e-03  -3.9117154e-03
  -1.2135325e-01  -4.3539870e-01   1.1776738e+00   5.8583964e-03  -5.2143551e-03  -3.5895728e-03
  -1.2358237e-01  -4.6287100e-01   1.1983943e+00   6.0397869e-03  -5.0984914e-03  -3.8447576e-03
  -1.3440000e-01  -4.7514369e-01   1.1570149e+00   5.5119547e-03  -5.2863900e-03  -3.6639081e-03
  -1.4358021e-01  -4.6494365e-01   1.1332043e+00   5.6638547e-03  -5.3060254e-03  -3.4784532e-03
  -1.2258862e-01  -4.7311327e-01   1.1792796e+00   5.7281251e-03  -4.8124583e-03  -3.7720358e-03
  -1.3637230e-01  -4.9554892e-01   1.1589352e+00   5.2552837e-03  -5.3704069e-03  -3.7537697e-03
  -1.4136559e-01  -4.8001550e-01   1.1033661e+00   5.6815014e-03  -5.4870950e-03  -3.7846916e-03
  -1.3464116e-01  -4.9409504e-01   1.1101725e+00   5.3589284e-03  -4.9596586e-03  -3.6523236e-03
  -1.4505442e-01  -4.6458405e-01   1.1105589e+00   5.5500861e-03  -5.3014501e-03  -3.3556701e-03
  -1.3636962e-01  -4.2152216e-01   1.1426479e+00   6.1440480e-03  -5.2140618e-03  -3.2094129e-03
  -1.1471005e-01  -4.8729312e-01   1.1902758e+00   5.9477540e-03  -4.9559605e-03  -3.5317484e-03
  -1.2311621e-01  -4.7399239e-01   1.1364716e+00   5.7810824e-03  -5.2075033e-03  -3.2991498e-03
  -1.2281899e-01  -4.9816361e-01   1.1165218e+00   5.7832325e-03  -5.0811329e-03  -3.4712668e-03
  -1.2718957e-01  -4.8715178e-01   1.1110070e+00   5.3790504e-03  -5.2685179e-03  -3.6622863e-03
  -1.2370598e-01  -4.7071557e-01   1.1401355e+00   5.9071725e-03  -5.0964154e-03  -3.5757216e-03
  -1.0425859e-01  -4.9985912e-01   1.1789616e+00   5.9180441e-03  -4.8345358e-03  -3.6812988e-03
  -1.0676210e-01  -4.9196479e-01   1.1913395e+00   5.9137402e-03  -5.2279578e-03  -3.5851763e-03
  -1.0394221e-01  -4.9060820e-01   1.1654736e+00   6.1661178e-03  -4.9079866e-03  -3.1899905e-03
  -9.5715809e-02  -5.2346608e-01   1.2114769e+00   5.5837164e-03  -4.6392628e-03  -3.6502768e-03
  -1.0029515e-01  -4.8997956e-01   1.1772586e+00   6.0448119e-03  -5.0196450e-03  -3.7033308e-03
  -8.7971296e-02  -5.0244547e-01   1.2129275e+00   6.2930652e-03  -4.7228689e-03  -3.7453624e-03
  -8.2828774e-02  -5.2340304e-01   1.2180039e+00   6.0485315e-03  -4.8621657e-03  -3.8106983e-03
  -7.3012732e-02  -4.8409605e-01   1.1550565e+00   5.9623088e-03  -4.7529220e-03  -3.3389297e-03
  -6.1452513e-02  -5.1695366e-01   1.2019776e+00   5.9192039e-03  -4.4757275e-03  -3.6265680e-03
  -7.5156176e-02  -4.9164666e-01   1.1999287e+00   5.3903962e-03  -4.6392220e-03  -3.8126435e-03
  -7.6900988e-02  -4.9868832e-01   1.2300925e+00   5.7978963e-03  -4.6182907e-03  -3.6868515e-03
  -9.4492029e-02  -5.1255169e-01   1.2072672e+00   5.9598271e-03  -4.8283548e-03  -3.7133503e-03
  -1.0123237e-01  -4.9123799e-01   1.1992307e+00   5.9631983e-03  -5.0869602e-03  -3.8200390e-03
  -1.0312440e-01  -4.8644198e-01   1.1856080e+00   5.9999605e-03  -5.1482713e-03  -3.6494131e-03
  -1.0278893e-01  -5.1278650e-01   1.2122014e+00   5.7675952e-03  -5.2043908e-03  -3.5822738e-03
  -1.0569495e-01  -5.4881723e-01   1.1952251e+00   5.7971934e-03  -5.2141112e-03  -3.5391380e-03
  -1.2148795e-01  -5.0933770e-01   1.2045714e+00   6.0626222e-03  -5.4244392e-03  -3.5690563e-03
  -1.1629334e-01  -4.6285396e-01   1.2273800e+00   6.5192735e-03  -5.2365964e-03  -3.1939831e-03
  -1.1355092e-01  -4.8769713e-01   1.2771541e+00   6.5751743e-03  -5.0030247e-03  -3.3434867e-03
  -1.0496454e-01  -5.0838575e-01   1.2638386e+00   6.4098690e-03  -5.0541030e-03  -3.4862246e-03
  -1.2023354e-01  -5.1703303e-01   1.2240661e+00   6.3401150e-03  -5.4143620e-03  -3.3766979e-03
  -1.2666432e-01  -4.8279770e-01   1.1966523e+00   6.7202964e-03  -5.3812343e-03  -3.1806559e-03
  -1.1190133e-01  -5.0707825e-01   1.2756722e+00   6.8335413e-03  -4.9734195e-03  -3.6976308e-03
  -1.0108722e-01  -5.7023738e-01   1.2625585e+00   8.0715269e-03  -4.9782096e-03  -3.7546481e-03
  -1.6454317e-01  -6.2848458e-01   1.3169204e+00   8.8975275e-03  -6.0805402e-03  -3.8320989e-03
  -2.4409975e-01  -6.2650199e-01   1.3380449e+00   9.9635737e-03  -7.3294410e-03  -3.3333797e-03
  -1.9313685e-01  -5.3516098e-01   1.2050242e+00   8.8919894e-03  -6.5118792e-03  -3.6394815e-03
  -2.0430268e-01  -4.5302085e-01   1.0783363e+00   7.8917604e-03  -6.6336371e-03  -2.8630238e-03
  -1.7726085e-01  -4.6126693e-01   1.1086882e+00   8.0364525e-03  -6.0637407e-03  -3.3665824e-03
  -1.4466854e-01  -4.1802713e-01   1.1074316e+00   7.8542120e-03  -5.3826132e-03  -3.6827797e-03
  -1.4339003e-01  -4.7731420e-01   1.1471904e+00   6.8489783e-03  -5.5512226e-03  -4.3114945e-03
  -1.3835081e-01  -5.0350450e-01   1.1545914e+00   6.8395894e-03  -5.4698516e-03  -4.0855697e-03
  -1.3666642e-01  -5.3239876e-01   1.1859959e+00   6.4872564e-03  -5.2663128e-03  -4.2325923e-03
  -1.4365696e-01  -5.2600077e-01   1.1644105e+00   6.2999560e-03  -5.6404608e-03  -4.1375281e-03
  -1.4028641e-01  -4.9223234e-01   1.1064167e+00   6.3631162e-03  -5.2927063e-03  -3.8639805e-03
  -1.3288196e-01  -4.9489877e-01   1.1161506e+00   6.3927875e-03  -5.2276655e-03  -3.9872671e-03
  -1.2295222e-01  -5.0342409e-01   1.1018889e+00   6.1704100e-03  -5.4477939e-03  -3.7493928e-03
  -1.1088665e-01  -4.8131593e-01   1.0832800e+00   6.1773991e-03  -5.1547268e-03  -3.8368446e-03
  -1.1022530e-01  -4.7170384e-01   1.0531804e+00   6.4208533e-03  -4.8223272e-03  -3.6565685e-03
  -1.1480713e-01  -4.8373564e-01   1.0865703e+00   6.2304926e-03  -4.8278090e-03  -4.0937586e-03
  -1.3822317e-01  -4.8886433e-01   1.0924383e+00   6.4015955e-03  -5.1960958e-03  -3.9069466e-03
  -1.4254569e-01  -4.9833505e-01   1.0610297e+00   6.1765796e-03  -5.4051123e-03  -3.8945544e-03
  -1.3067997e-01  -5.2978119e-01   1.0655284e+00   6.1760301e-03  -5.2452221e-03  -4.0553960e-03
  -1.2731754e-01  -5.2712802e-01   1.0585685e+00   5.7336811e-03  -5.3156421e-03  -4.0071282e-03
  -1.3423703e-01  -4.7335080e-01   1.0544319e+00   6.3066316e-03  -5.4111194e-03  -3.9090284e-03
  -1.5551345e-01  -4.5782694e-01   1.0107372e+00   6.3387760e-03  -5.3908998e-03  -3.8649210e-03
  -1.2902204e-01  -4.9630735e-01   1.0699472e+00   6.1613961e-03  -5.1258630e-03  -4.2132279e-03
  -1.2366641e-01  -5.0711000e-01   1.0298951e+00   6.0757281e-03  -5.2597301e-03  -4.2069804e-03
  -1.2110177e-01  -5.1812358e-01   1.0178930e+00   5.7767287e-03  -5.1887307e-03  -4.0783155e-03
  -1.1594458e-01  -5.2380282e-01   1.0330869e+00   6.1961801e-03  -4.8845215e-03  -4.0518669e-03
  -1.1064959e-01  -5.0642709e-01   1.0380182e+00   6.1843463e-03  -5.0976990e-03  -4.1715926e-03
  -7.9502865e-02  -5.0923184e-01   1.0995019e+00   6.5719226e-03  -4.6235694e-03  -3.8767932e-03
  -1.0207186e-01  -5.2615990e-01   1.1095659e+00   6.6905593e-03  -4.8636126e-03  -4.0197677e-03
  -1.2103710e-01  -5.3019230e-01   1.0696260e+00   6.1512183e-03  -5.1069167e-03  -4.0214141e-03
  -1.2019099e-01  -5.2263859e-01   1.0373634e+00   6.4383895e-03  -4.8493897e-03  -3.9427980e-03
  -1.1366179e-01  -5.2140033e-01   1.0500505e+00   6.2266293e-03  -4.9713667e-03  -4.0853755e-03
  -1.2189616e-01  -5.1251996e-01   1.0813612e+00   6.6624576e-03  -5.1015270e-03  -3.9865676e-03
  -1.1389675e-01  -5.3443905e-01   1.0870218e+00   6.6751659e-03  -4.8074725e-03  -4.0108797e-03
  -1.1752213e-01  -5.4734035e-01   1.0897115e+00   6.4743299e-03  -5.2013602e-03  -3.9906686e-03
  -1.1102354e-01  -5.1941870e-01   1.0634352e+00   6.6209240e-03  -5.1204644e-03  -3.7849252e-03
  -1.0199287e-01  -5.2147871e-01   1.0521833e+00   6.9189701e-03  -4.9018460e-03  -3.7617772e-03
  -1.0173656e-01  -5.3124370e-01   1.0522183e+00   6.3830029e-03  -4.9489414e-03  -3.9156410e-03
  -1.1986201e-01  -5.0626471e-01   1.0604214e+00   6.8675303e-03  -5.1074915e-03  -3.7726896e-03
  -1.0894407e-01  -5.3217037e-01   1.1159461e+00   6.9539951e-03  -4.6568214e-03  -4.0528677e-03
  -1.2536412e-01  -5.1583387e-01   1.1220104e+00   7.1343098e-03  -5.0626649e-03  -3.9959917e-03
  -1.3058799e-01  -5.1489923e-01   1.0909636e+00   7.2290985e-03  -4.8778520e-03  -3.9183708e-03
  -1.3412998e-01  -5.3064699e-01   1.0603403e+00   7.0429210e-03  -4.9042058e-03  -3.6292428e-03
  -6.9090645e-02  -4.5838338e-01   1.0338691e+00   8.6806154e-03  -2.7275626e-03  -3.5206756e-03
  -8.8608167e-02  -4.7348929e-01   1.0517881e+00   8.1160687e-03  -3.7006457e-03  -3.6554832e-03
  -6.9401583e-02  -4.8842445e-01   1.0807612e+00   8.5722849e-03  -3.3105194e-03  -3.3472086e-03
  -5.0541911e-02  -4.6499576e-01   1.0259624e+00   9.0086852e-03  -2.4802044e-03  -3.5756372e-03
  -6.5088063e-02  -4.2326821e-01   9.9820006e-01   9.3932012e-03  -2.7295372e-03  -3.2271474e-03
  -5.6679236e-02  -4.2899418e-01   1.0292741e+00   9.8300501e-03  -2.5370652e-03  -3.3390443e-03
  -4.9221748e-02  -4.4369217e-01   1.0261002e+00   9.3246363e-03  -2.5183342e-03  -3.3289470e-03
  -5.1007616e-02  -4.3133593e-01   9.9457973e-01   9.3818237e-03  -2.4996164e-03  -3.2032606e-03
  -4.8508091e-02  -4.5823966e-01   9.8611830e-01   9.1534403e-03  -2.4001618e-03  -3.0850690e-03
  -6.5521651e-02  -4.2126356e-01   9.3471898e-01   9.4113138e-03  -2.9079027e-03  -3.2465671e-03
  -6.1624039e-02  -4.4435040e-01   9.7078498e-01   9.8122368e-03  -2.4787796e-03  -3.4777149e-03
  -5.7835526e-02  -4.5451698e-01   9.8797795e-01   9.4140793e-03  -2.3837923e-03  -3.6972664e-03
  -7.4775713e-02  -4.4254501e-01   9.5969122e-01   9.7898845e-03  -2.6512429e-03  -3.5158465e-03
  -6.3564069e-02  -4.7683594e-01   1.0059864e+00   9.5161941e-03  -2.2401575e-03  -3.7262756e-03
  -7.3455986e-02  -4.2262079e-01   9.6603368e-01   9.9088235e-03  -2.7760658e-03  -3.7245489e-03
  -8.3631335e-02  -4.0144503e-01   9.3350369e-01   1.0178788e-02  -2.8435363e-03  -3.6874645e-03
  -7.9782993e-02  -4.1366266e-01   9.4155263e-01   1.0151378e-02  -2.5686717e-03  -3.5923499e-03
  -8.7772505e-02  -4.2276890e-01   9.6131110e-01   9.8706955e-03  -2.7400431e-03  -3.8381855e-03
  -8.8451112e-02  -4.1694890e-01   9.3315447e-01   9.8648579e-03  -2.8634325e-03  -3.7679478e-03
  -8.9609986e-02  -3.9905072e-01   9.0425004e-01   9.8041382e-03  -2.8103989e-03  -3.5616066e-03
  -8.4116375e-02  -4.1814230e-01   9.6050528e-01   9.7323339e-03  -2.6274581e-03  -3.3918986e-03
  -8.6684276e-02  -4.2022769e-01   9.7371046e-01   9.5818703e-03  -2.9006832e-03  -3.5791259e-03
  -8.8693623e-02  -4.2087114e-01   9.4119325e-01   9.6529380e-03  -2.8267572e-03  -3.4676110e-03
  -8.3665475e-02  -4.6082897e-01   9.4875809e-01   9.5275237e-03  -2.6925184e-03  -3.5855114e-03
  -9.7382156e-02  -4.4873930e-01   9.5501917e-01   9.4258399e-03  -2.8426670e-03  -3.7678599e-03
  -9.5520571e-02  -4.3794575e-01   9.3343264e-01   1.0042649e-02  -2.6685997e-03  -3.7642291e-03
  -8.9551835e-02  -4.4420249e-01   9.3918214e-01   9.6837821e-03  -2.7666432e-03  -3.8177810e-03
  -8.7478938e-02  -4.4269243e-01   9.5412290e-01   9.4315681e-03  -2.9266207e-03  -3.5513081e-03
  -7.4867730e-02  -4.3890646e-01   9.9394488e-01   9.4936954e-03  -2.8561279e-03  -3.6004269e-03
  -6.7124464e-02  -4.7724807e-01   1.0098646e+00   9.2020381e-03  -2.4732995e-03  -3.5358888e-03
  -7.1267452e-02  -4.8960740e-01   1.0053737e+00   8.7802384e-03  -2.5192289e-03  -3.7148796e-03
  -5.0012748e-02  -4.4673799e-01   9.8457232e-01   8.9976727e-03  -2.2082022e-03  -3.4187784e-03
