-8.6467e-06
0.00014946
0.0014457
0.0036719
0.0046895
0.0041676
0.0036261
0.0032462
0.0032483
0.0037956
0.00401
0.0035768
0.0045709
0.0058521
0.0060202
0.0056411
0.0060607
0.0070659
0.0069587
0.0062198
0.0046563
0.0038604
0.004524
0.0052626
0.006264
0.006962
0.0074989
0.0080872
0.0086326
0.0084884
0.0071834
0.0059004
0.0055849
0.0051818
0.0052889
0.0059785
0.0058456
0.005266
0.0056778
0.0058037
0.0059288
0.0060373
0.0051968
0.0045408
0.0038779
0.0042436
0.005327
0.0055744
0.0048423
0.004539
0.0050564
0.0054843
0.0056593
0.0048983
0.0038172
0.003122
0.0040942
0.0056665
0.0064601
0.0064337
0.00586
0.0046936
0.0042518
0.0042788
0.0037746
0.0038522
0.0050432
0.0050012
0.0044877
0.0046618
0.0044282
0.0042751
0.0045644
0.0049233
0.0042508
0.0039928
0.0044188
0.0042394
0.0028788
0.0018043
0.0020479
0.002842
0.0034754
0.0040909
0.0051804
0.0062138
0.0050745
0.0036594
0.003428
0.0033423
0.0038969
0.0061496
0.0069088
0.0065519
0.0074164
0.0082864
0.0079908
0.0069211
0.005732
0.0055576
0.0051876
0.004036
0.0031145
0.0026133
0.0032808
0.0048509
0.0050236
0.0047364
0.004768
0.004496
0.0036365
0.003549
0.0046755
0.0057404
0.0066928
0.0067525
0.0053567
0.0038818
0.003255
0.0026677
0.0027637
0.0045664
0.0054107
0.0059166
0.005858
0.0048413
0.0049713
0.0048443
0.0049001
0.0057117
0.0061379
0.0055185
0.0037719
0.0028873
0.004178
0.0050328
0.0049078
0.0052702
0.0042914
0.0041307
0.0057375
0.0062476
0.0061059
0.0064005
0.0064863
0.0057404
0.0047375
0.0044493
0.0038574
0.0034875
0.0029868
0.0024479
0.0025014
0.0028091
0.0034099
0.0036321
0.0031819
0.0037352
0.0046034
0.0047572
0.004903
0.0050876
0.0056361
0.0060214
0.0057216
0.0046543
0.0033423
0.0023296
0.0028572
0.0034636
0.00371
0.0039497
0.0041392
0.0047156
0.0050963
0.0058082
0.0063034
0.0056835
0.0053656
0.0061104
0.0059546
0.0058954
0.0057825
0.0052994
0.005056
0.0045036
0.0043393
0.0050229
0.0066172
0.0074212
0.0070207
0.0065881
0.0056599
0.0045295
0.0048193
0.0053216
0.0056623
0.0058848
0.0056351
0.005421
0.0049164
0.0056335
0.0061205
0.0051666
0.0041224
0.0039499
0.0036828
0.00401
0.0049284
0.0050378
0.0053788
0.0051285
0.0048057
0.0052525
0.0052748
0.0048403
0.0045944
0.0053895
0.0057467
0.0052366
0.0060758
0.0070166
0.0062071
0.005075
0.0046558
0.0042958
0.0044508
0.0057002
0.006091
0.0060293
0.0064865
0.0064385
0.0061906
0.0057692
0.0062547
0.0059896
0.0051543
0.0056942
0.0060072
0.0058082
0.0060218
0.0059183
0.0045735
0.0031784
0.0024127
0.0023467
0.0028872
0.0042565
0.0046873
0.0041305
0.0050597
0.0069149
0.0071369
0.0063149
0.0063688
0.0060481
0.0053988
0.0046922
0.0045301
0.0046641
0.0043534
0.0040182
0.0032541
0.0033392
0.003931
0.0044324
0.0044207
0.0041074
0.0041355
0.0040925
0.0032874
0.0027741
0.0031742
0.0033864
0.0036469
0.003638
0.0035094
0.0035085
0.0036122
0.002999
0.0026431
0.0020259
0.0026629
0.0043968
0.005116
0.0060226
0.0071117
0.0073149
0.0072726
0.0067748
0.0053568
0.0045068
0.0045753
0.0048065
0.0048467
0.0044123
0.0045415
0.0056569
0.0060857
0.0054716
0.0053814
0.0054745
0.0042727
0.0032505
0.0043399
0.0054108
0.0053131
0.0058108
0.0067073
0.0067511
0.0057446
0.0041549
0.0034595
0.0039227
0.0038478
0.0032705
0.0031022
0.0031671
0.0034696
0.0029664
0.002782
0.0045914
0.00479
0.0048838
0.0056977
0.0058384
0.0050641
0.003869
0.0043055
0.0046555
0.0041626
0.0038528
0.0034929
0.0033862
0.0047101
0.0051578
0.0043312
0.0035554
0.0038908
0.0055113
0.0058405
0.0052083
0.0040909
0.0040144
0.0042367
0.0037557
0.0030335
0.0023579
0.0029575
0.0046912
0.0058685
0.0061539
0.0059659
0.0051408
0.0037049
0.0032438
0.0032825
0.0029672
0.0033008
0.0044326
0.0045853
0.005159
