6.5803e-08
4.3115e-07
1.2491e-05
4.0056e-05
6.9767e-05
8.0795e-05
8.1868e-05
8.3701e-05
7.9841e-05
7.8863e-05
7.3179e-05
5.4679e-05
4.534e-05
5.5164e-05
7.0412e-05
7.1842e-05
6.9368e-05
7.5606e-05
7.0852e-05
6.0602e-05
5.4298e-05
4.4902e-05
4.2803e-05
5.4863e-05
7.8358e-05
8.3573e-05
7.4808e-05
6.8657e-05
7.2377e-05
8.3262e-05
8.258e-05
6.9091e-05
5.931e-05
5.0937e-05
4.8918e-05
5.2063e-05
6.0591e-05
6.7313e-05
7.0343e-05
7.4121e-05
6.9248e-05
6.2144e-05
5.5189e-05
6.0173e-05
6.5693e-05
5.8136e-05
5.3534e-05
5.7621e-05
6.6278e-05
6.5828e-05
7.1039e-05
6.7834e-05
6.4234e-05
6.7537e-05
7.0169e-05
6.3699e-05
5.6132e-05
5.8509e-05
6.3606e-05
7.391e-05
8.0747e-05
6.9729e-05
6.7578e-05
7.8139e-05
7.7659e-05
7.4136e-05
7.8468e-05
7.2006e-05
5.6302e-05
5.0663e-05
4.8429e-05
5.9581e-05
6.412e-05
5.9506e-05
5.9258e-05
7.0262e-05
7.9431e-05
8.6735e-05
7.9747e-05
5.4478e-05
5.2251e-05
6.2659e-05
5.7795e-05
5.9265e-05
7.216e-05
8.7328e-05
8.5712e-05
6.1837e-05
3.4933e-05
3.1644e-05
4.1793e-05
5.4082e-05
6.4483e-05
6.7841e-05
7.6174e-05
7.8064e-05
7.5043e-05
7.8944e-05
8.2587e-05
7.8875e-05
7.6555e-05
8.1914e-05
8.3736e-05
7.8821e-05
7.2229e-05
6.8989e-05
6.2738e-05
5.4711e-05
5.0011e-05
5.3791e-05
5.2608e-05
4.6836e-05
5.1368e-05
5.9221e-05
7.423e-05
7.8593e-05
6.1933e-05
4.9624e-05
5.968e-05
7.688e-05
8.0604e-05
8.7165e-05
8.3285e-05
6.7119e-05
5.5781e-05
5.3925e-05
6.3899e-05
7.6187e-05
7.4993e-05
7.5783e-05
7.24e-05
7.0831e-05
6.0311e-05
4.2706e-05
4.5007e-05
5.2074e-05
4.9735e-05
5.352e-05
5.0704e-05
5.1434e-05
5.9483e-05
6.3636e-05
7.2706e-05
8.6522e-05
9.5521e-05
9.1651e-05
7.9124e-05
6.1699e-05
5.2861e-05
5.7257e-05
6.6331e-05
6.6187e-05
5.9507e-05
5.6584e-05
5.8837e-05
6.5101e-05
7.2094e-05
7.4545e-05
8.0959e-05
8.4293e-05
7.5637e-05
6.1532e-05
5.9079e-05
5.4239e-05
4.4624e-05
5.0668e-05
6.1544e-05
5.8823e-05
6.1844e-05
7.2833e-05
7.5869e-05
7.073e-05
6.4989e-05
6.609e-05
6.291e-05
6.3743e-05
7.0945e-05
8.388e-05
8.7956e-05
8.0828e-05
7.6768e-05
7.9558e-05
7.7393e-05
7.1589e-05
7.4689e-05
7.6175e-05
7.1498e-05
6.9731e-05
7.844e-05
8.5543e-05
7.4529e-05
6.4787e-05
6.1502e-05
5.1573e-05
4.7159e-05
4.6841e-05
5.187e-05
5.8089e-05
5.9312e-05
7.3477e-05
7.7167e-05
7.5533e-05
8.1654e-05
8.4067e-05
7.5605e-05
7.1031e-05
6.8847e-05
6.5098e-05
6.1473e-05
5.7599e-05
6.4917e-05
6.2714e-05
4.8513e-05
5.0522e-05
5.5713e-05
5.4475e-05
5.461e-05
5.7158e-05
5.5029e-05
5.8766e-05
6.8529e-05
7.1936e-05
6.7011e-05
6.6867e-05
7.1517e-05
7.0451e-05
6.7253e-05
6.5815e-05
7.1905e-05
7.5575e-05
7.3624e-05
6.7458e-05
6.1048e-05
6.1185e-05
6.7456e-05
6.4731e-05
5.6996e-05
6.6021e-05
7.5556e-05
7.8484e-05
8.3624e-05
8.415e-05
6.7792e-05
5.6785e-05
5.2257e-05
4.7077e-05
5.5846e-05
7.1143e-05
6.9474e-05
6.4246e-05
6.6928e-05
7.5234e-05
8.186e-05
7.4111e-05
7.1633e-05
7.3688e-05
6.7989e-05
6.4712e-05
6.5075e-05
6.371e-05
6.1295e-05
6.3948e-05
6.2585e-05
6.2764e-05
7.4331e-05
8.4735e-05
8.0349e-05
7.0472e-05
7.0621e-05
7.1045e-05
6.7591e-05
5.3987e-05
4.7677e-05
5.2404e-05
5.5971e-05
6.0258e-05
6.0165e-05
4.51e-05
3.7637e-05
3.8895e-05
3.9355e-05
3.5659e-05
2.8928e-05
3.9429e-05
5.6394e-05
6.3726e-05
6.9039e-05
7.9783e-05
9.2578e-05
9.1051e-05
7.1753e-05
6.2756e-05
7.1079e-05
7.3448e-05
6.7927e-05
6.4825e-05
6.4452e-05
6.2516e-05
6.2374e-05
6.5506e-05
7.5916e-05
8.1765e-05
7.9733e-05
7.1739e-05
6.3106e-05
6.1238e-05
6.1627e-05
6.4961e-05
7.2303e-05
7.5028e-05
8.0419e-05
8.1823e-05
7.3642e-05
6.6235e-05
6.6972e-05
7.9668e-05
8.2101e-05
7.4523e-05
6.8742e-05
6.0364e-05
4.5692e-05
4.3921e-05
4.8134e-05
5.2527e-05
5.3058e-05
4.8626e-05
5.3782e-05
5.7083e-05
5.8276e-05
6.2902e-05
6.6314e-05
7.3385e-05
8.0931e-05
7.3993e-05
6.4887e-05
6.2016e-05
5.517e-05
5.6757e-05
6.7638e-05
7.3355e-05
6.7e-05
6.9404e-05
7.1939e-05
6.9158e-05
6.7809e-05
6.2824e-05
5.3526e-05
4.0943e-05
4.7893e-05
6.9026e-05
8.2381e-05
8.1411e-05
7.99e-05
8.2079e-05
7.0108e-05
5.6869e-05
4.6643e-05
3.8021e-05
4.5736e-05
7.2207e-05
7.692e-05
8.515e-05
