   0.0000000e+00   0.0000000e+00   0.0000000e+00   1.3877788e-17   0.0000000e+00   0.0000000e+00
   1.4076356e-02  -2.1227103e-02   5.5579151e-01  -2.1170445e-04  -8.8817954e-04  -2.3749851e-03
   2.7228492e-02  -2.8709489e-03   7.3280251e-01   6.2200047e-04  -8.9247573e-04  -2.2375220e-03
   4.4703332e-02   2.6200360e-02   7.9068643e-01   7.3310137e-04  -5.5845993e-04  -1.9798536e-03
   4.3757867e-02  -5.9348135e-03   8.0508999e-01   1.7654995e-04  -1.1002123e-03  -1.7272051e-03
   6.3348497e-02   1.9650424e-02   8.6074068e-01   1.2684834e-03  -5.4128634e-04  -2.0524408e-03
   5.5951717e-02   6.2112743e-03   8.2808879e-01   1.1376903e-03  -9.4812169e-04  -1.9448793e-03
   5.7727604e-02  -3.8325983e-03   8.5561283e-01   4.5598119e-04  -5.1137565e-04  -2.0587041e-03
   2.9362094e-02  -2.0470762e-02   7.8185668e-01   1.6955360e-04  -1.2846359e-03  -2.0345163e-03
   2.7861048e-02  -1.1588503e-02   8.4234867e-01   2.3103455e-04  -1.0413141e-03  -2.0063898e-03
   6.3727616e-03   1.0209817e-02   7.8823088e-01   4.1651589e-04  -1.2310304e-03  -2.0636857e-03
  -6.9068426e-02   3.0667482e-02   7.1764142e-01   2.1964209e-04  -1.8743461e-03  -2.7948056e-03
  -2.6412517e-02  -1.2229790e-02   7.6788595e-01   2.6574941e-04  -1.9815463e-03  -2.3783140e-03
  -1.9212991e-02   7.4255249e-03   7.7327089e-01   6.3240332e-04  -1.8314187e-03  -2.0891218e-03
  -2.9957975e-02   1.5530047e-02   8.2771162e-01   1.0359054e-03  -1.4124803e-03  -2.0665016e-03
  -2.0462551e-02   3.7574457e-03   8.1245530e-01   8.5020456e-04  -1.1812096e-03  -2.2290538e-03
  -1.8067077e-01  -2.1965449e-01   1.2464047e+00  -1.1235878e-02  -3.4685956e-03  -1.5178056e-03
  -1.5215067e-02  -8.5384481e-02   1.1710115e+00  -3.4865240e-03  -1.0283837e-03   3.2084379e-04
   2.0638094e-02  -1.4275262e-01   1.1440950e+00  -3.9050276e-03  -8.7611212e-04   4.4181149e-04
  -2.9677991e-02  -1.3555701e-01   1.1516649e+00  -3.1335796e-03  -2.2950984e-03   2.2599202e-04
  -1.0310976e-01  -1.2059785e-01   1.0486393e+00  -1.9748562e-03  -1.0745875e-03  -5.5912026e-03
  -4.2421269e-02  -8.7159724e-02   1.0193869e+00  -1.9196641e-03  -7.3236055e-04  -3.8012308e-03
  -1.5659670e-02  -8.8358245e-02   1.0173035e+00  -2.6748237e-03   8.2749797e-05  -3.8333114e-03
   4.2429165e-02  -5.2247015e-02   1.0091879e+00  -2.8003915e-03   6.7735603e-04  -1.7285208e-03
   9.4702896e-02  -1.4571806e-02   1.0510698e+00  -1.2094205e-03   1.2663641e-03  -1.1472988e-03
   9.7608614e-02  -3.9085524e-02   1.0808927e+00  -1.7391473e-03   1.3649421e-03  -9.1022124e-04
   1.0779214e-01  -1.0426344e-01   1.1189591e+00  -4.5277594e-03   1.3077568e-03  -1.6017848e-04
   1.0959753e-01  -1.4662598e-01   1.1577060e+00  -5.4271278e-03   8.6452760e-04  -3.4682673e-04
   1.2026101e-01  -1.1623663e-01   1.0953529e+00  -4.2753772e-03   1.3020126e-03  -4.7047280e-04
   1.2221019e-01  -9.2406226e-02   1.0066626e+00  -2.5478250e-03   8.7380750e-04  -3.6457984e-04
   1.1811072e-01  -8.5511791e-02   1.0940839e+00  -2.0777922e-03   1.0447134e-03  -6.9400031e-04
   1.0984326e-01  -1.3534088e-01   1.0715657e+00  -3.4556020e-03   1.2663095e-03  -7.3608367e-04
   1.1891101e-01  -1.6145499e-01   1.0963669e+00  -3.5500167e-03   1.5397132e-03  -1.2943809e-03
   1.1758528e-01  -1.0351098e-01   1.0900074e+00  -2.3190280e-03   1.1620438e-03  -9.8654387e-04
   1.1283451e-01  -1.2237659e-01   1.1901730e+00  -4.9430009e-03   1.2081191e-03  -6.2344165e-04
   1.0901455e-01  -1.4308251e-01   1.2145864e+00  -4.9377459e-03   9.2430533e-04  -6.6904008e-04
   1.1486078e-01  -1.5310402e-01   1.1421194e+00  -4.2987162e-03   1.0595636e-03  -7.3239280e-04
   1.1186793e-01  -1.4885710e-01   1.1418098e+00  -4.7938881e-03   1.0463114e-03  -6.8803375e-04
   1.2274596e-01  -1.6456682e-01   1.1703666e+00  -4.9270209e-03   1.8403620e-03  -1.1420762e-03
   1.1206301e-01  -1.2368706e-01   1.1372263e+00  -3.9638206e-03   1.0582048e-03  -7.0929250e-04
   1.2006140e-01  -1.5476725e-01   1.1515902e+00  -4.8624628e-03   1.3229317e-03  -6.3738796e-04
   1.2867654e-01  -1.5552960e-01   1.1385236e+00  -4.8649560e-03   1.5055125e-03  -4.6765674e-04
   1.2211790e-01  -1.5379490e-01   1.0434379e+00  -4.5529696e-03   9.9992695e-04  -4.0816862e-04
   1.3602643e-01  -1.4757245e-01   1.0747685e+00  -3.5805313e-03   1.4072332e-03  -5.3761271e-04
   1.2149387e-01  -9.0671594e-02   9.8590036e-01  -1.9456874e-03   1.0031003e-03  -6.9520274e-04
   1.2806631e-01   2.7215659e-02   8.8472191e-01   2.6890912e-03   4.9058416e-04  -1.0063152e-03
   1.4170602e-01  -2.1958277e-02   9.1343585e-01   7.5745911e-04   9.8382264e-04  -7.6771457e-04
   1.3995454e-01  -2.5354711e-02   8.7609377e-01   1.3575071e-03   1.1950827e-03  -5.2555119e-04
   1.4214907e-01  -2.6298592e-02   8.8085007e-01   1.4628805e-03   8.9546101e-04  -7.6753746e-04
   1.1400202e-01  -3.7210499e-02   8.7470966e-01   5.5547988e-04   5.0097147e-04  -8.4831338e-04
   1.2254091e-01  -2.4167453e-02   8.5927438e-01   1.3579409e-03   9.6472266e-04  -7.8879304e-04
   1.2682733e-01  -5.6145029e-02   8.6768423e-01   9.5684499e-04   9.2415202e-04  -6.7400429e-04
   1.3822379e-01  -7.0507684e-02   8.7607881e-01   1.0246970e-03   1.0846043e-03  -7.0180197e-04
   1.3620173e-01  -7.2766801e-02   8.6219473e-01   9.4476462e-04   1.1767098e-03  -6.3172014e-04
   1.4987001e-01  -9.0750331e-02   8.7909976e-01   4.0953063e-04   1.6868412e-03  -7.4702441e-04
   1.6168561e-01  -1.1529661e-01   8.5833697e-01   1.9622841e-04   1.9219084e-03  -8.5167392e-04
   1.4497257e-01  -1.0345132e-01   8.8576967e-01   3.1139555e-04   1.5455777e-03  -6.0800859e-04
   1.2421588e-01  -6.7148488e-02   8.3888536e-01   1.1224270e-03   9.6073029e-04  -3.0386472e-04
   1.3436439e-01  -6.6853321e-02   8.7996645e-01   1.3394748e-03   1.1866635e-03  -3.3023581e-04
   1.3961722e-01  -7.4731171e-02   8.3317641e-01   1.5095722e-03   1.0354403e-03  -2.5407757e-04
   1.3452082e-01  -8.0460477e-02   8.5804319e-01   1.1034611e-03   1.1513560e-03  -2.9891704e-04
   1.3465504e-01  -8.1419850e-02   8.4456876e-01   9.1400184e-04   1.2209814e-03  -5.0128607e-04
   1.5505598e-01  -1.1876940e-01   8.6515161e-01   2.2955118e-04   2.1254782e-03  -9.8266442e-04
   1.4958676e-01  -8.9936740e-02   8.6306984e-01   1.1838429e-03   1.1761990e-03  -6.6275793e-04
   1.4094032e-01  -8.0679219e-02   7.9460312e-01   1.2920278e-03   1.0483552e-03  -7.2634615e-04
   1.4860039e-01  -1.0813917e-01   8.3842256e-01   6.8716218e-04   1.6027032e-03  -1.0071422e-03
   1.3314275e-01  -8.5056449e-02   7.9773874e-01   1.0810375e-03   9.7623980e-04  -8.0590456e-04
   1.5184954e-01  -7.7801319e-02   7.3896092e-01   1.1841438e-03   1.6006106e-03  -1.0834735e-03
   1.4321690e-01  -1.0228127e-01   8.0042237e-01   6.3857630e-04   9.0765674e-04  -3.0463337e-04
   1.3166920e-01  -1.0316365e-01   7.7983651e-01   1.9550421e-03   9.4950339e-04  -5.6191832e-04
   1.2664868e-01  -9.6005541e-02   7.7440527e-01   2.0608421e-03   1.1973013e-03  -7.9341659e-04
   1.2791769e-01  -9.7754618e-02   7.7981360e-01   1.6986425e-03   1.1819548e-03  -9.2795066e-04
   1.2766118e-01  -1.1969116e-01   7.7704356e-01   1.8031815e-03   7.4279201e-04  -9.7299599e-04
   1.2669473e-01  -1.3608608e-01   8.0833235e-01   1.4224559e-03   6.7231977e-04  -1.0783205e-03
   1.3409508e-01  -1.3134205e-01   8.4765356e-01   1.4226637e-03   7.8331061e-04  -1.1282286e-03
   1.3355205e-01  -1.2872183e-01   8.4607348e-01   1.4824164e-03   1.0755172e-03  -9.9981679e-04
   1.2562520e-01  -1.2554905e-01   8.4952681e-01   1.8178199e-03   7.7814423e-04  -9.7842681e-04
   1.2945109e-01  -1.4662481e-01   8.4932983e-01   1.5449247e-03   1.2383759e-03  -1.1778876e-03
   1.2213983e-01  -1.7109607e-01   8.0618111e-01   1.2012771e-03   8.3577090e-04  -1.1530150e-03
   1.1923223e-01  -1.4655367e-01   7.7908564e-01   9.9882809e-04   6.8714015e-04  -1.0236567e-03
   1.1076229e-01  -1.1478295e-01   7.6434898e-01   2.6343954e-04   8.4412384e-04  -9.0873401e-04
   1.1457194e-01  -1.3449680e-01   8.3521613e-01   5.6498921e-04   8.6046921e-04  -1.1139796e-03
   1.0384407e-01  -1.5489796e-01   7.9357675e-01   6.1105461e-04   5.2898593e-04  -1.0162803e-03
   9.1447076e-02  -1.3725177e-01   7.7350472e-01   1.0459649e-03   3.2350317e-04  -1.4310028e-03
   9.7205065e-02  -1.4141310e-01   8.0776549e-01   1.1121845e-03   3.4881957e-04  -1.5257146e-03
   8.8699007e-02  -1.5090511e-01   8.3832274e-01   7.1569246e-04   1.8527777e-04  -1.4994854e-03
   1.0236121e-01  -1.7465491e-01   8.9025411e-01  -2.7000009e-05   1.0991344e-03  -1.7219422e-03
   1.0504031e-01  -1.8655120e-01   8.4100973e-01   4.6485287e-05   9.4000107e-04  -2.1097386e-03
   1.1046198e-01  -1.5902240e-01   8.4353543e-01   7.8420775e-04   4.4345274e-04  -1.7204624e-03
   1.0138331e-01  -1.4441919e-01   7.8149868e-01   1.0398013e-03   3.7879921e-04  -1.8365105e-03
   9.7052914e-02  -1.3688261e-01   8.1794442e-01   1.1934151e-03   2.5553328e-04  -1.9317525e-03
   9.8902217e-02  -1.1218094e-01   8.3236670e-01   1.2544868e-03   5.0344633e-04  -1.7286108e-03
   8.6661934e-02  -1.1985143e-01   8.0620192e-01   2.8414919e-04   4.5078809e-04  -1.6688812e-03
   9.9952890e-02  -1.5712498e-01   8.3316433e-01   5.1137514e-04   6.2886020e-04  -1.8202941e-03
   9.9369241e-02  -1.7925033e-01   8.4531824e-01   5.6407411e-04   6.1130502e-04  -1.8853499e-03
   1.0028316e-01  -1.8617919e-01   8.1678380e-01   5.2761877e-04   6.1277006e-04  -1.8596272e-03
   9.9273386e-02  -1.6779906e-01   8.5818094e-01   8.2653091e-04   4.8088878e-04  -1.5991611e-03
   2.9407512e-02  -2.0160793e-01   8.4510022e-01   5.3531314e-04  -2.9021951e-04  -3.0688442e-03
   4.1617520e-02  -2.1919511e-01   8.7251789e-01   2.0673689e-04   8.6628294e-04  -3.1661680e-03
   5.3735699e-02  -1.9262470e-01   8.0761008e-01   1.0908844e-03   8.3058947e-04  -2.4319025e-03
   5.2163432e-02  -1.8441441e-01   8.2221974e-01   1.2507732e-03   7.7057973e-04  -2.7168294e-03
   6.2604119e-02  -1.6299237e-01   8.3806425e-01   1.4486614e-03   7.1890601e-04  -2.6544987e-03
   5.8932677e-02  -2.0387768e-01   8.5854218e-01   1.1374761e-03   3.3434594e-04  -2.7064680e-03
   6.8856866e-02  -1.9674925e-01   8.6009388e-01   1.2036091e-03   7.7121760e-04  -2.6658420e-03
   7.4655845e-02  -1.8820040e-01   8.5702667e-01   1.1092011e-03   1.1172762e-03  -2.6163583e-03
   7.9622113e-02  -2.1467624e-01   9.1498311e-01   5.7240089e-04   1.6602970e-03  -2.8372869e-03
   6.8202035e-02  -2.2298215e-01   9.2684138e-01   1.0624280e-03   7.9702954e-04  -2.5291538e-03
   7.4984647e-02  -2.3440921e-01   8.8736582e-01   6.1217233e-04   1.0929426e-03  -2.8471051e-03
   7.2550470e-02  -2.0814233e-01   8.8090276e-01   1.6102812e-03   8.8947214e-04  -2.6151892e-03
   7.5333612e-02  -1.9849554e-01   8.7290723e-01   1.7739888e-03   1.0668995e-03  -2.3817143e-03
   3.7931359e-02  -2.0032786e-01   8.8719764e-01   1.3148280e-03   1.0824807e-03  -2.9854861e-03
   5.4133975e-02  -2.2026513e-01   8.4458014e-01   9.6832019e-04   1.1742958e-03  -2.6625683e-03
   8.0591832e-02  -2.3628731e-01   8.8509673e-01   9.3394033e-04   1.4920485e-03  -2.3043119e-03
   8.0147749e-02  -2.1633470e-01   8.4099468e-01   1.1629210e-03   1.2724325e-03  -2.1589344e-03
   6.8463618e-02  -2.4016635e-01   8.6591820e-01   1.1960191e-03   1.1142667e-03  -2.4583286e-03
   6.6368412e-02  -2.2313733e-01   8.4819447e-01   1.4264385e-03   1.1177825e-03  -2.5647177e-03
   6.8213236e-02  -1.9836270e-01   8.3585083e-01   2.0238650e-03   1.1429451e-03  -2.4038344e-03
   9.7917323e-02  -2.3060416e-01   8.7992407e-01   1.5772550e-03   2.2655600e-03  -2.4750391e-03
   8.9474911e-02  -2.2345391e-01   8.9028031e-01   2.3884749e-03   1.5514158e-03  -2.1454729e-03
   8.7713072e-02  -2.5101794e-01   9.7230919e-01   2.2688484e-03   1.7100609e-03  -2.2757860e-03
   9.4022133e-02  -2.4834917e-01   9.8558345e-01   2.1753233e-03   1.9965284e-03  -2.1965839e-03
   1.0023225e-01  -2.3434425e-01   9.2980691e-01   1.9339722e-03   1.8002129e-03  -2.2406445e-03
   1.0220849e-01  -2.2756868e-01   9.3588636e-01   2.1176316e-03   2.2741206e-03  -2.4178854e-03
   1.0611773e-01  -2.3163962e-01   9.4618681e-01   1.9632800e-03   1.8626761e-03  -2.0296135e-03
   1.1091778e-01  -2.4427529e-01   9.5977419e-01   1.2157533e-03   2.4915582e-03  -2.3273877e-03
   1.1110038e-01  -2.6631875e-01   9.5193291e-01   1.1528219e-03   2.5138292e-03  -2.3743254e-03
   1.0278347e-01  -2.2012502e-01   9.3224791e-01   2.0198645e-03   2.1621215e-03  -2.4290832e-03
   9.0732905e-02  -2.0731034e-01   9.4163221e-01   2.2258652e-03   1.8221808e-03  -2.3424547e-03
   9.7677379e-02  -2.4057069e-01   9.9733659e-01   1.5673100e-03   1.9552041e-03  -2.2991828e-03
   9.5906391e-02  -2.3329764e-01   9.5740693e-01   2.0168151e-03   2.2319286e-03  -2.3750035e-03
   9.9144314e-02  -2.3175777e-01   9.2092905e-01   2.2533512e-03   2.0962022e-03  -2.2575847e-03
   1.2107621e-01  -2.3768775e-01   9.5262854e-01   2.4707577e-03   2.4038797e-03  -2.1262228e-03
   1.3832797e-01  -2.3103306e-01   9.2398482e-01   2.8336507e-03   2.5650160e-03  -2.2735657e-03
   1.3026150e-01  -2.4815205e-01   9.3618709e-01   3.1899319e-03   2.0143276e-03  -2.2583305e-03
   1.2724046e-01  -2.2128923e-01   9.0052625e-01   2.9055215e-03   2.1534210e-03  -1.9977856e-03
   1.2776379e-01  -2.3620589e-01   9.2605288e-01   2.5836927e-03   2.1975454e-03  -1.9443615e-03
   1.3115240e-01  -2.5312928e-01   9.7128643e-01   2.7278395e-03   2.2040437e-03  -1.9894345e-03
   1.3835532e-01  -2.6790481e-01   9.5192302e-01   2.5570601e-03   2.2260508e-03  -2.0447109e-03
   1.3265059e-01  -2.6635353e-01   9.3823535e-01   2.6393996e-03   1.9605755e-03  -2.1247508e-03
   1.1525923e-01  -2.4937897e-01   9.3897288e-01   2.8789028e-03   2.0445077e-03  -2.1590485e-03
   1.1870135e-01  -2.4421244e-01   9.9534384e-01   2.8829900e-03   2.0275484e-03  -2.2128088e-03
   1.2943955e-01  -2.6603024e-01   1.0565910e+00   2.4852208e-03   2.0114643e-03  -1.7484569e-03
   1.2323137e-01  -2.8600484e-01   9.8694740e-01   2.1704930e-03   1.8330105e-03  -2.1179350e-03
   1.2505384e-01  -2.9757125e-01   9.8149290e-01   1.8295392e-03   1.8718055e-03  -2.2176121e-03
   1.3549985e-01  -2.9980214e-01   1.0153071e+00   2.1639127e-03   2.1991270e-03  -1.8601363e-03
   1.2342974e-01  -2.7892108e-01   9.7936073e-01   2.6476090e-03   2.1434572e-03  -1.9327570e-03
   1.2859940e-01  -2.7926574e-01   9.8840560e-01   2.1824379e-03   2.0606614e-03  -1.7996069e-03
   1.7305028e-01  -3.0519417e-01   9.9898619e-01   1.8717363e-03   3.0419255e-03  -1.6395796e-03
   1.6992087e-01  -3.0529016e-01   9.6616619e-01   2.1180038e-03   2.7904099e-03  -2.0439979e-03
   1.6148370e-01  -2.8145524e-01   9.7552132e-01   3.0004447e-03   2.4907792e-03  -1.8995191e-03
   1.6335085e-01  -3.0862720e-01   9.6638763e-01   1.8131374e-03   3.0353540e-03  -2.1209437e-03
   2.7424953e-01  -2.7158160e-01   9.2974056e-01   2.3393572e-03   4.0288047e-03  -4.7986668e-04
   2.4720745e-01  -2.8774630e-01   9.4233596e-01   2.9485216e-03   3.7831779e-03  -8.7627459e-04
   2.4757062e-01  -3.0354800e-01   9.4988489e-01   2.8918267e-03   3.3392154e-03  -8.5035001e-04
   2.4493157e-01  -2.9304824e-01   9.9448720e-01   2.7944841e-03   3.5798625e-03  -7.1025285e-04
   2.2750143e-01  -3.0886885e-01   9.4895386e-01   2.5920380e-03   2.9789040e-03  -6.8863192e-04
   2.3554266e-01  -3.0978999e-01   9.0719954e-01   2.1215916e-03   3.0679614e-03  -6.7581459e-04
   2.2245052e-01  -2.9133582e-01   9.0569927e-01   2.2616139e-03   3.0423944e-03  -7.7089739e-04
   2.1070708e-01  -2.8290690e-01   8.8855150e-01   2.4893005e-03   2.5512280e-03  -7.5569227e-04
   2.0530841e-01  -2.8910646e-01   9.7782062e-01   2.3786751e-03   2.6558140e-03  -8.0885535e-04
   1.9854161e-01  -3.0124575e-01   9.4953161e-01   2.6918979e-03   2.4091011e-03  -8.0594356e-04
   2.0971365e-01  -3.0636639e-01   9.5127898e-01   2.3478952e-03   2.7026092e-03  -7.3292939e-04
   2.2563149e-01  -3.4475808e-01   9.9080514e-01   1.7538156e-03   3.5273647e-03  -1.0365787e-03
   2.1683189e-01  -3.2751112e-01   9.6557419e-01   2.3052685e-03   3.1471065e-03  -7.0664788e-04
   2.0824476e-01  -3.3853688e-01   9.9222124e-01   2.5314152e-03   3.4198188e-03  -1.1262894e-03
   1.8753910e-01  -3.3183760e-01   9.6160592e-01   2.9195081e-03   2.5058129e-03  -8.7549450e-04
   2.0012529e-01  -3.6708217e-01   9.6679811e-01   2.4005707e-03   2.3292726e-03  -6.8674049e-04
   2.0655623e-01  -3.7124895e-01   9.9685761e-01   2.7306447e-03   2.3057329e-03  -5.6372962e-04
   2.0839661e-01  -3.8126133e-01   9.4992730e-01   1.8115086e-03   3.0278709e-03  -9.2298135e-04
   2.0571666e-01  -3.4560361e-01   9.5143692e-01   2.5475330e-03   2.2633597e-03  -4.7069832e-04
   2.0028330e-01  -3.4974537e-01   9.0914395e-01   2.6823712e-03   2.3409549e-03  -7.6678411e-04
   2.0864564e-01  -3.5449207e-01   9.9043618e-01   3.5351845e-03   2.5119196e-03  -7.6277305e-04
   2.0788970e-01  -3.5806222e-01   9.7698586e-01   3.2029770e-03   2.7328541e-03  -6.9339780e-04
   2.0364810e-01  -3.5699494e-01   9.2516925e-01   3.0879190e-03   2.6842331e-03  -7.2674475e-04
   2.0136477e-01  -3.7421395e-01   9.4208492e-01   3.0791613e-03   2.4843078e-03  -7.1087687e-04
   2.0532597e-01  -3.6456825e-01   9.6661533e-01   2.8117697e-03   2.5778469e-03  -5.8308330e-04
   1.9662005e-01  -3.8808327e-01   9.2635525e-01   2.3218271e-03   2.5158952e-03  -6.4801538e-04
   1.8687692e-01  -3.7734007e-01   9.5742473e-01   2.6572208e-03   2.5334042e-03  -7.5202286e-04
   1.8457540e-01  -3.3237110e-01   9.1738388e-01   3.1159523e-03   2.9026856e-03  -7.9437317e-04
   1.8524936e-01  -3.3932331e-01   1.0080983e+00   2.9925289e-03   2.9838123e-03  -7.5426614e-04
   2.0149086e-01  -3.8394340e-01   1.0828171e+00   3.0847403e-03   2.8584879e-03  -8.2417499e-04
   2.0476688e-01  -4.2158244e-01   1.0695828e+00   2.3881100e-03   2.9387009e-03  -8.4041397e-04
   2.1041351e-01  -4.2963724e-01   1.0804386e+00   2.0801424e-03   2.7973358e-03  -4.5399551e-04
   2.2000045e-01  -4.1807053e-01   1.0654597e+00   1.8676939e-03   3.1103273e-03  -5.3876442e-04
   2.2775406e-01  -4.4832742e-01   1.0219354e+00   1.3196832e-03   3.3258227e-03  -3.7395292e-04
   2.2422423e-01  -4.3841149e-01   1.0436398e+00   2.6626357e-03   3.2307711e-03  -6.0072083e-04
   2.3230782e-01  -4.2093475e-01   1.1273416e+00   3.1190954e-03   3.3512455e-03  -6.2089241e-05
   2.3301757e-01  -4.2288466e-01   1.0907913e+00   2.8329435e-03   3.8397432e-03  -2.0451732e-04
   2.3539708e-01  -4.4397204e-01   1.0735613e+00   1.6095578e-03   4.0076464e-03  -4.9362589e-04
   2.2664765e-01  -4.1178502e-01   1.1205554e+00   3.0459065e-03   3.5609571e-03  -3.9071137e-04
   2.3080250e-01  -4.2986960e-01   1.1394183e+00   2.8105734e-03   3.3951869e-03  -4.6454840e-04
   2.3947518e-01  -4.6989272e-01   1.1549745e+00   2.4261716e-03   3.3972301e-03  -4.6855296e-04
   2.3102526e-01  -4.6484000e-01   1.2308665e+00   2.6594657e-03   3.0932618e-03  -5.2007384e-04
   2.1760522e-01  -4.6152910e-01   1.1720379e+00   2.7702583e-03   2.9929991e-03  -4.9526200e-04
   2.2114410e-01  -5.0003494e-01   1.2237323e+00   1.7648829e-03   3.3768440e-03  -6.3194745e-04
   2.2404111e-01  -4.8657693e-01   1.2833045e+00   2.2860523e-03   3.2493487e-03  -3.4733722e-04
   2.3103771e-01  -4.8347651e-01   1.2206399e+00   1.6776935e-03   3.4296740e-03  -4.5989486e-04
   2.3291242e-01  -4.9097921e-01   1.2642933e+00   1.9734944e-03   3.0748598e-03  -4.6865760e-04
   2.2996913e-01  -4.8267817e-01   1.2529334e+00   1.7283093e-03   3.0187812e-03  -3.7242824e-04
   2.2557588e-01  -4.6763033e-01   1.1895578e+00   1.3456443e-03   3.4587262e-03  -7.9836876e-04
   2.2327261e-01  -4.3482597e-01   1.1638493e+00   1.9669446e-03   2.8828308e-03  -7.0888936e-04
   2.2498875e-01  -4.6210683e-01   1.1879198e+00   1.6207619e-03   3.0411291e-03  -5.3192285e-04
   2.1690007e-01  -4.5087359e-01   1.1265671e+00   1.3904343e-03   3.1138597e-03  -5.4477404e-04
   2.1985051e-01  -4.6657360e-01   1.1476515e+00   1.9228424e-03   3.2355194e-03  -6.4765440e-04
   2.0489229e-01  -5.0450284e-01   1.1862596e+00   1.4736648e-03   2.8617611e-03  -9.6086053e-04
   2.0591481e-01  -4.9140393e-01   1.1736291e+00   1.1166617e-03   2.5473911e-03  -7.5124405e-04
   2.1961886e-01  -4.9672178e-01   1.1921953e+00   1.3019202e-03   2.4934026e-03  -6.7111578e-04
   2.2752655e-01  -4.8628897e-01   1.1640924e+00   1.4858154e-03   2.9708792e-03  -8.0117784e-04
   2.3437938e-01  -4.7887415e-01   1.1689181e+00   1.0276884e-03   3.0735834e-03  -5.9069750e-04
   2.5011132e-01  -4.9553132e-01   1.2015227e+00   1.2510625e-03   3.2330237e-03  -1.1505712e-03
   2.6196651e-01  -5.3602201e-01   1.1509056e+00   8.3098285e-04   3.7149288e-03  -1.0996914e-03
   2.6852831e-01  -5.6328917e-01   1.1254500e+00  -5.2894541e-04   4.2481627e-03  -1.6396088e-03
   2.6322638e-01  -5.2834106e-01   1.1769591e+00   4.6524931e-05   4.0130711e-03  -1.1005701e-03
   2.5396538e-01  -5.4646099e-01   1.1451655e+00  -1.2426793e-03   3.9233016e-03  -1.0832346e-03
   2.4927925e-01  -5.4960713e-01   1.1510285e+00  -1.1992791e-03   3.7079103e-03  -1.2290845e-03
   2.5095100e-01  -5.3259045e-01   1.1306044e+00  -7.9906188e-04   3.8688282e-03  -9.6806400e-04
   2.5538112e-01  -5.3159106e-01   1.1296160e+00  -1.3086882e-03   4.1941227e-03  -9.0490986e-04
   2.6516827e-01  -5.5042093e-01   1.1120520e+00  -1.9179806e-03   3.9445307e-03  -7.2289808e-04
   2.7616009e-01  -5.2745517e-01   1.1252757e+00  -1.4518094e-03   4.2680852e-03  -5.8866661e-04
   2.7324206e-01  -5.5560330e-01   1.0986535e+00  -1.9380777e-03   4.8230759e-03  -1.1162108e-03
   2.7835417e-01  -5.4371244e-01   1.0642396e+00  -1.5121792e-03   4.2959758e-03  -7.7596548e-04
   2.8296605e-01  -5.5226209e-01   1.1245230e+00  -1.7064892e-03   4.2375431e-03  -8.0625277e-04
   2.7368014e-01  -5.5015278e-01   1.1313835e+00  -1.6215415e-03   4.3564847e-03  -7.2004648e-04
   2.8091901e-01  -5.5144404e-01   1.1075715e+00  -1.1708731e-03   4.4696428e-03  -6.9436790e-04
   2.7532314e-01  -5.5116828e-01   1.1086494e+00  -1.5380135e-03   4.3512146e-03  -9.4326970e-04
   2.7310706e-01  -5.7200571e-01   1.1653497e+00  -8.6612551e-04   4.3798778e-03  -9.6661035e-04
   2.7578119e-01  -5.6252357e-01   1.1318261e+00  -1.6514613e-03   4.4149439e-03  -9.3304623e-04
   2.8293624e-01  -5.5125248e-01   1.1859851e+00  -1.2634757e-03   4.2683304e-03  -8.6734945e-04
   2.8395628e-01  -5.8106597e-01   1.1841412e+00  -1.5569597e-03   5.1311353e-03  -1.2389564e-03
   2.8268468e-01  -6.0358009e-01   1.2024503e+00  -2.2695491e-03   5.1196947e-03  -1.0170362e-03
   2.8294876e-01  -5.9556297e-01   1.2316201e+00  -1.4918458e-03   4.2145253e-03  -9.4858606e-04
   2.8179718e-01  -6.0620926e-01   1.2216399e+00  -1.5214266e-03   4.7941941e-03  -1.4406298e-03
   2.6641827e-01  -5.7583016e-01   1.2236265e+00  -7.5236588e-04   4.0083094e-03  -9.2476703e-04
   2.8137189e-01  -6.1610040e-01   1.2572807e+00  -1.2040653e-03   5.0835182e-03  -1.0050043e-03
   2.8181146e-01  -6.0486998e-01   1.2311690e+00  -7.0689025e-04   4.3177354e-03  -6.2821248e-04
   2.8716144e-01  -6.0084486e-01   1.2132629e+00  -1.1570267e-03   4.2384513e-03  -3.7109702e-04
   2.8876166e-01  -5.9240902e-01   1.2698316e+00  -4.1152884e-04   4.2977294e-03  -3.8127757e-04
   2.8144791e-01  -6.1121470e-01   1.2502183e+00  -6.9063642e-04   4.3829054e-03  -6.2153891e-04
   2.8547702e-01  -6.4209697e-01   1.2316135e+00  -2.2335179e-03   4.5356492e-03  -6.5398205e-04
   2.7526844e-01  -6.0165238e-01   1.2142349e+00  -7.1486788e-04   3.9767640e-03  -6.5419872e-04
   2.8131549e-01  -5.8229887e-01   1.2508545e+00  -6.0491893e-04   3.8820441e-03  -5.8700088e-04
   2.6723812e-01  -5.3759323e-01   1.2373810e+00  -2.5523460e-04   3.9645212e-03  -6.6696779e-04
   2.6807324e-01  -6.0503238e-01   1.2540578e+00  -7.3376421e-04   4.1579430e-03  -5.6715292e-04
   2.7905082e-01  -6.1777939e-01   1.2791449e+00  -7.6277569e-04   3.8176792e-03  -8.5534008e-04
   2.7230033e-01  -6.2681935e-01   1.2670271e+00  -1.1455067e-03   3.9495405e-03  -8.5773760e-04
   2.8246713e-01  -6.3397749e-01   1.3008700e+00  -1.2819086e-03   4.3584998e-03  -8.9541677e-04
   2.8555560e-01  -6.0814291e-01   1.2741718e+00  -7.0560038e-04   4.1922831e-03  -6.8024381e-04
   2.9091149e-01  -6.2746127e-01   1.3815585e+00  -1.2352738e-03   3.8289181e-03  -3.5004302e-04
   2.8902136e-01  -6.3072352e-01   1.3685147e+00  -1.6719915e-03   4.0374712e-03  -4.3851792e-04
   3.0444117e-01  -6.2963779e-01   1.5473412e+00  -1.3581208e-03   3.9138195e-03  -6.9707179e-04
   3.0366573e-01  -6.7678410e-01   1.4735123e+00  -2.6122565e-03   4.5016932e-03  -1.2574041e-03
   2.8721725e-01  -6.3949152e-01   1.4927737e+00  -1.3930842e-03   3.8066384e-03  -6.1109752e-04
   2.9869059e-01  -5.3815122e-01   1.2541869e+00  -1.7151081e-03   4.0716965e-03  -7.1100342e-04
   2.9925808e-01  -5.4908245e-01   1.2308889e+00  -1.3166494e-03   4.0670297e-03  -4.0460772e-04
   2.9805459e-01  -5.7119859e-01   1.2595373e+00  -9.2589204e-04   4.1570938e-03  -3.5398747e-04
   2.9898668e-01  -6.1491393e-01   1.2412046e+00  -2.1480107e-03   3.8120356e-03  -4.2534347e-04
   2.9553576e-01  -6.0377923e-01   1.2720473e+00  -1.6347794e-03   3.5199255e-03  -2.7284901e-04
   3.0300912e-01  -5.6665233e-01   1.2686261e+00  -8.6493387e-04   4.1769329e-03  -2.9361921e-04
   2.7624682e-01  -5.5393064e-01   1.2938582e+00  -1.0829308e-03   3.4167041e-03  -1.0777047e-04
   2.8052306e-01  -5.8940196e-01   1.2716266e+00  -1.3447456e-03   3.6081937e-03   9.4153424e-05
   3.1331308e-01  -6.6851229e-01   1.3430824e+00   7.6210705e-04   4.6853107e-03   6.2896012e-05
   3.1763899e-01  -6.2031324e-01   1.3903837e+00   2.3547985e-04   5.2800741e-03  -1.7284168e-04
   3.2648604e-01  -6.1102402e-01   1.3673794e+00  -1.1342639e-04   6.2055537e-03  -6.5092966e-04
   3.1615793e-01  -5.6964053e-01   1.3225223e+00   6.3041124e-04   5.4063357e-03  -1.8351276e-04
   3.3242101e-01  -6.0090345e-01   1.3408391e+00  -4.9883600e-04   6.1722516e-03  -2.6068286e-04
   3.1845387e-01  -6.0167776e-01   1.3045514e+00   6.6106233e-06   5.3847542e-03   5.1709975e-05
   3.2936747e-01  -5.9186815e-01   1.3910666e+00   6.4289238e-04   5.2767471e-03   4.3127401e-04
   3.3636341e-01  -5.9624556e-01   1.3815009e+00   5.9215897e-04   5.6115391e-03   1.4350970e-04
   3.3835434e-01  -5.9091542e-01   1.3409238e+00   6.2504348e-04   5.5389809e-03  -1.6997913e-05
   3.5641953e-01  -5.8126971e-01   1.3254853e+00   7.2898904e-04   5.8779011e-03   1.8567815e-04
   3.4502048e-01  -5.9936746e-01   1.2970653e+00   4.0313522e-04   5.9684949e-03   6.6160373e-05
   3.7000749e-01  -5.9010065e-01   1.3489231e+00   6.7085012e-04   6.0641804e-03   1.1093160e-04
   4.2028297e-01  -5.4050363e-01   1.3645593e+00   7.7575637e-04   6.2767165e-03   3.6928326e-04
   4.5169217e-01  -5.7939048e-01   1.3693792e+00  -3.0507144e-04   6.9920404e-03   7.5484054e-05
   4.4946649e-01  -5.4062534e-01   1.3814408e+00   3.6973701e-04   6.2478126e-03   4.9704781e-04
   4.4668924e-01  -5.3986293e-01   1.4199906e+00   8.1487469e-04   6.4261965e-03   6.3660819e-04
   4.5553887e-01  -5.6314426e-01   1.3954916e+00  -5.7541945e-05   6.2584045e-03   8.2122093e-04
   4.9861827e-01  -5.7860889e-01   1.4271272e+00   2.9406203e-04   6.8704264e-03   1.1576368e-03
   4.7247739e-01  -5.6373735e-01   1.3626349e+00   2.7607753e-04   6.8512951e-03   1.1524105e-03
   4.7518546e-01  -5.6331901e-01   1.3699568e+00  -3.7727070e-04   6.5871792e-03   9.1910948e-04
   6.2086951e-01  -5.5420137e-01   1.4541268e+00  -1.4535355e-03   8.2764021e-03   2.2483540e-03
   5.5366593e-01  -5.5515943e-01   1.3411237e+00  -5.0074219e-04   6.7904813e-03   2.3030268e-03
   5.5392520e-01  -5.5140228e-01   1.3257460e+00  -7.7979060e-04   6.9469057e-03   2.0092679e-03
   5.5475621e-01  -5.4758550e-01   1.3700679e+00  -6.4642854e-04   7.4033062e-03   2.1015233e-03
   5.4686132e-01  -5.4318817e-01   1.3623814e+00  -9.9729086e-06   6.8664861e-03   2.1124011e-03
   5.6325694e-01  -5.9151681e-01   1.3910331e+00  -1.1082731e-03   7.4951158e-03   1.9619031e-03
   5.5826095e-01  -5.5236419e-01   1.4004042e+00  -1.7429922e-04   7.1399885e-03   2.3017839e-03
   5.5840940e-01  -5.4839137e-01   1.3733971e+00  -2.4210049e-04   7.0024582e-03   2.2749134e-03
   5.5914717e-01  -5.9178597e-01   1.3921167e+00  -1.0017263e-03   7.2079048e-03   1.8950779e-03
   5.5128832e-01  -5.7688724e-01   1.4368326e+00  -2.7974871e-04   6.9779753e-03   2.2238328e-03
   5.4145869e-01  -5.4740769e-01   1.3799870e+00   2.7256312e-04   6.8017044e-03   2.1503029e-03
   5.3742594e-01  -5.6969854e-01   1.3856644e+00  -2.9307068e-04   7.5419641e-03   2.1572926e-03
   5.3366297e-01  -5.7182576e-01   1.3310485e+00   1.5472574e-04   7.8676034e-03   1.8768494e-03
   5.2913893e-01  -5.3521548e-01   1.3316407e+00   1.8871631e-03   6.7632589e-03   2.1700864e-03
   5.3694748e-01  -5.3512224e-01   1.3929252e+00   1.9992062e-03   6.6265595e-03   2.2800945e-03
   4.5926375e-01  -6.0538981e-01   1.1108796e+00  -2.0745735e-03   4.2008541e-03   1.4473653e-03
   4.5657181e-01  -5.8492240e-01   1.1677512e+00  -1.5186496e-03   4.7554269e-03   1.3929126e-03
   4.6145839e-01  -5.5026677e-01   1.1382515e+00  -5.3627436e-04   5.3724585e-03   1.0787193e-03
   4.6648693e-01  -5.5034728e-01   1.1299761e+00   1.1059521e-05   5.1003886e-03   1.0442854e-03
   4.6522611e-01  -5.6271326e-01   1.1727745e+00  -4.0349591e-04   4.6503644e-03   1.0305769e-03
   4.7139729e-01  -5.7128514e-01   1.2241781e+00  -2.3012321e-05   4.8406768e-03   1.2403915e-03
   4.7996862e-01  -5.4850759e-01   1.2132884e+00   7.9235139e-04   5.1124689e-03   1.4315363e-03
   4.7508571e-01  -5.4457453e-01   1.1972024e+00   4.8196614e-04   5.0419095e-03   1.3863169e-03
   4.7271311e-01  -5.5805097e-01   1.2572374e+00   2.4702076e-04   5.0706934e-03   1.3867302e-03
   4.7405805e-01  -5.7393707e-01   1.2094465e+00  -1.0657560e-04   5.0426317e-03   1.2967242e-03
   4.8672082e-01  -5.7923238e-01   1.2388830e+00  -4.1072271e-04   5.2725805e-03   1.0566628e-03
   4.9678642e-01  -5.4879317e-01   1.2076137e+00   2.7980131e-04   5.3352612e-03   1.0722037e-03
   5.0283310e-01  -5.5490205e-01   1.2721805e+00   1.0297838e-04   5.5359344e-03   1.3332928e-03
   5.5808886e-01  -5.7996015e-01   1.2412846e+00  -1.9711080e-03   5.8787957e-03   8.2750487e-04
   5.0775394e-01  -5.3588357e-01   1.1961484e+00  -3.1600170e-04   5.4270874e-03   1.2956707e-03
   5.0358847e-01  -5.2295998e-01   1.2185264e+00   2.3339419e-04   5.4252549e-03   1.0589949e-03
   4.9444086e-01  -5.2772610e-01   1.2881415e+00   1.1783477e-03   5.0276051e-03   1.4123177e-03
   4.9519896e-01  -5.8432446e-01   1.3066355e+00   8.6531227e-04   5.2730425e-03   1.5932733e-03
   5.0718556e-01  -5.9565167e-01   1.2900745e+00   1.7659603e-04   5.3127475e-03   1.2767090e-03
   4.8198195e-01  -5.6758437e-01   1.2708582e+00   4.7803596e-04   5.1277176e-03   1.2658496e-03
   4.8003123e-01  -5.6419550e-01   1.2752297e+00   7.2046157e-04   5.1748225e-03   1.4473853e-03
   4.9976975e-01  -5.4833734e-01   1.2733970e+00   7.9816860e-04   5.2132607e-03   1.3910564e-03
   5.2681344e-01  -5.9120824e-01   1.3194340e+00   2.2810082e-04   5.8908046e-03   1.1474568e-03
   4.9248415e-01  -5.7297045e-01   1.2449215e+00   1.2443940e-03   5.0998140e-03   1.3519727e-03
   4.9297937e-01  -5.8588287e-01   1.2616539e+00   4.7475752e-04   5.4869400e-03   1.1114065e-03
   5.8315325e-01  -5.4441002e-01   1.2127315e+00  -6.5193248e-05   7.1448353e-03   1.1768138e-03
   5.5662581e-01  -6.3868441e-01   1.2271034e+00  -5.8121115e-04   6.8802823e-03   6.5927972e-04
   5.4002902e-01  -6.2715753e-01   1.3000408e+00   3.0075364e-04   6.1395581e-03   7.7384681e-04
   5.4036902e-01  -5.9444182e-01   1.2815236e+00   6.0589406e-04   5.7556193e-03   9.7569313e-04
   5.3863196e-01  -5.7936134e-01   1.2838643e+00   5.2344005e-04   5.7088526e-03   1.6449129e-03
   5.3431475e-01  -5.5601754e-01   1.3161472e+00   7.0361946e-04   6.4526265e-03   1.1989140e-03
   5.2426575e-01  -5.3346350e-01   1.3565956e+00   1.5811438e-03   5.6824502e-03   1.3359297e-03
   5.7128848e-01  -5.9408936e-01   1.3157779e+00  -6.1765411e-04   6.0993419e-03   1.1892620e-03
   5.4981321e-01  -6.1227797e-01   1.3267952e+00  -4.7662087e-04   6.3900256e-03   8.9673748e-04
   6.1922864e-01  -5.3598899e-01   1.2878533e+00   4.6764817e-04   5.9715963e-03   1.5120707e-03
   6.0939908e-01  -5.6200993e-01   1.3859439e+00   2.8666479e-04   6.1912847e-03   1.6114544e-03
   5.9602590e-01  -5.7345601e-01   1.3399801e+00  -1.7719792e-04   6.2946730e-03   1.3817570e-03
   6.2362943e-01  -5.5802938e-01   1.3046551e+00   1.4538755e-06   6.2314797e-03   1.4014828e-03
   6.2640294e-01  -5.5800448e-01   1.3531588e+00   3.8543104e-04   6.7711228e-03   1.4627045e-03
   6.1544534e-01  -5.6994751e-01   1.2778311e+00   7.1972166e-05   6.5335687e-03   1.5949232e-03
   6.1184979e-01  -5.4826267e-01   1.2980463e+00   6.3059570e-04   6.5289286e-03   1.5524481e-03
   6.1686316e-01  -5.5597567e-01   1.3229356e+00  -1.9272970e-05   6.5754908e-03   1.7042843e-03
   6.1945106e-01  -5.7308134e-01   1.3166163e+00  -1.8868448e-04   6.5357069e-03   1.7879908e-03
   6.3567452e-01  -6.3560809e-01   1.3473645e+00  -1.2851337e-03   6.9048602e-03   1.4465623e-03
   6.5054443e-01  -5.7821575e-01   1.3548688e+00  -3.9284466e-04   6.9100191e-03   1.6699884e-03
   6.7220841e-01  -5.5970005e-01   1.3589075e+00  -4.8703421e-04   6.4960929e-03   1.8867560e-03
   6.9798741e-01  -5.4804711e-01   1.3367971e+00  -8.2471014e-04   6.7271184e-03   1.9845020e-03
   7.1973535e-01  -5.3818691e-01   1.4048482e+00  -9.4139741e-04   7.1594939e-03   2.3086550e-03
   7.1812448e-01  -5.8608664e-01   1.4333167e+00  -9.5259100e-04   7.4185516e-03   2.0239429e-03
   7.1926555e-01  -5.7345197e-01   1.4354285e+00  -8.9619509e-04   7.4207820e-03   2.3016098e-03
   7.0397896e-01  -5.7581565e-01   1.4458920e+00  -2.8301668e-04   7.2086208e-03   2.4778219e-03
   7.0251875e-01  -5.6756824e-01   1.4511589e+00  -4.3837051e-04   7.7021807e-03   2.4291112e-03
   6.8760269e-01  -5.8359209e-01   1.4482460e+00   2.5391282e-05   7.1639290e-03   2.6984496e-03
   6.8296820e-01  -5.5828353e-01   1.4329263e+00   1.0084025e-03   6.8176978e-03   2.5685208e-03
   7.0857739e-01  -5.7678598e-01   1.5006364e+00  -2.8619498e-05   7.2994292e-03   2.5700593e-03
   7.1434038e-01  -6.2618166e-01   1.5210515e+00  -7.7000293e-04   7.4002271e-03   2.6866132e-03
   7.1170645e-01  -6.4280326e-01   1.5593199e+00  -1.2091886e-03   7.9300905e-03   2.7147834e-03
   7.3625649e-01  -5.8330618e-01   1.5364545e+00  -7.4695342e-04   7.6891219e-03   3.0847156e-03
   7.5605984e-01  -6.1986465e-01   1.5101326e+00  -1.9220869e-03   8.2032098e-03   2.5403645e-03
   7.5367914e-01  -5.7298784e-01   1.5468213e+00  -1.1270998e-03   7.9287428e-03   2.8450309e-03
   7.5912292e-01  -5.4685109e-01   1.5841483e+00  -5.8461170e-04   7.9783582e-03   2.7440248e-03
   7.4392208e-01  -5.9461272e-01   1.5285385e+00  -1.6925698e-03   7.6017688e-03   2.9133988e-03
   7.1582610e-01  -5.9422745e-01   1.5063921e+00  -1.2018672e-03   7.1048224e-03   2.5492067e-03
   7.1783201e-01  -5.6753967e-01   1.5144690e+00  -3.9432888e-04   7.2682468e-03   2.2273496e-03
   7.3510094e-01  -6.0796827e-01   1.6257568e+00  -1.3341685e-03   7.6620403e-03   2.0532009e-03
   7.5566640e-01  -6.3261267e-01   1.5537113e+00  -2.5652003e-03   7.5727818e-03   2.3709001e-03
   7.3136030e-01  -6.2866608e-01   1.5423884e+00  -2.5431749e-03   7.2221575e-03   2.5328067e-03
   7.1148744e-01  -6.1080437e-01   1.5075664e+00  -2.0073480e-03   7.5359524e-03   2.5637567e-03
   6.9690281e-01  -5.4109625e-01   1.4657205e+00  -1.1687837e-03   6.8301892e-03   2.4705036e-03
   6.9205213e-01  -5.4983978e-01   1.5788185e+00  -1.2973117e-03   6.8878448e-03   2.2022278e-03
   6.9179230e-01  -6.0102209e-01   1.6496509e+00  -1.7462475e-03   6.7901164e-03   2.2121133e-03
   7.1159778e-01  -6.7697907e-01   1.6487282e+00  -2.5430580e-03   6.9771898e-03   1.7436925e-03
   7.1061111e-01  -6.6660041e-01   1.6272586e+00  -3.0725157e-03   7.2411674e-03   1.9277517e-03
   6.9104768e-01  -6.4977866e-01   1.5780901e+00  -2.8659299e-03   6.8121980e-03   1.8681937e-03
   6.9424541e-01  -6.3567077e-01   1.6075482e+00  -2.8036323e-03   6.4030348e-03   2.0394049e-03
   6.9029615e-01  -6.1345462e-01   1.6110270e+00  -2.0837657e-03   6.2276964e-03   2.1124005e-03
   7.0209901e-01  -6.2551907e-01   1.6307700e+00  -2.3945354e-03   6.7258556e-03   2.3023280e-03
