-8.6967e-06
0.00015022
0.0014484
0.0036746
0.0046895
0.0041666
0.0036255
0.0032459
0.0032487
0.0037965
0.0040095
0.003577
0.004573
0.0058531
0.0060198
0.0056409
0.0060621
0.0070668
0.0069581
0.0062184
0.0046541
0.0038608
0.004525
0.0052639
0.0062652
0.0069627
0.0074995
0.008088
0.008633
0.0084875
0.0071812
0.0058996
0.0055846
0.0051814
0.0052897
0.0059792
0.0058447
0.0052659
0.0056785
0.0058035
0.0059293
0.0060367
0.0051956
0.00454
0.0038774
0.004245
0.0053281
0.005574
0.0048411
0.0045394
0.0050569
0.0054848
0.0056589
0.0048969
0.0038158
0.003122
0.0040964
0.0056681
0.0064606
0.0064333
0.0058588
0.0046922
0.004252
0.0042784
0.003774
0.0038533
0.0050445
0.0050001
0.0044878
0.0046617
0.0044279
0.004275
0.0045652
0.004923
0.0042498
0.0039931
0.0044193
0.0042382
0.0028767
0.0018037
0.0020489
0.0028429
0.0034763
0.0040918
0.0051824
0.0062139
0.005072
0.0036584
0.003428
0.0033421
0.0038991
0.0061525
0.0069083
0.0065523
0.0074179
0.0082867
0.0079896
0.0069193
0.0057309
0.0055577
0.0051864
0.0040345
0.0031136
0.0026131
0.0032829
0.0048523
0.0050231
0.0047364
0.004768
0.0044951
0.0036355
0.0035499
0.0046771
0.0057417
0.0066939
0.0067514
0.0053544
0.0038804
0.0032545
0.0026667
0.0027654
0.0045686
0.0054112
0.0059174
0.0058568
0.0048405
0.0049718
0.0048437
0.004901
0.0057126
0.0061381
0.0055167
0.0037696
0.0028877
0.0041803
0.0050326
0.0049082
0.00527
0.0042897
0.0041322
0.0057394
0.0062474
0.0061061
0.006401
0.0064861
0.0057389
0.0047368
0.0044489
0.0038566
0.0034872
0.0029858
0.0024476
0.0025017
0.0028097
0.0034108
0.0036317
0.0031817
0.0037367
0.0046039
0.0047574
0.0049032
0.0050881
0.0056369
0.0060216
0.0057205
0.0046526
0.0033404
0.0023292
0.0028585
0.0034639
0.0037105
0.0039498
0.0041399
0.0047162
0.0050969
0.0058093
0.0063033
0.0056823
0.0053662
0.006111
0.005954
0.0058957
0.0057819
0.005299
0.0050554
0.004503
0.0043397
0.0050246
0.0066193
0.0074213
0.00702
0.0065875
0.005658
0.0045289
0.0048202
0.005322
0.005663
0.0058846
0.0056349
0.0054203
0.0049163
0.005635
0.0061199
0.0051649
0.0041216
0.0039499
0.0036824
0.0040113
0.004929
0.0050379
0.0053791
0.0051276
0.004806
0.0052531
0.0052745
0.0048396
0.0045948
0.0053909
0.0057462
0.0052365
0.0060778
0.0070167
0.0062054
0.0050739
0.0046555
0.0042952
0.004452
0.0057016
0.0060907
0.0060297
0.0064869
0.0064382
0.0061901
0.0057691
0.0062556
0.0059881
0.0051543
0.0056951
0.006007
0.005808
0.0060223
0.0059172
0.0045714
0.0031768
0.0024122
0.0023469
0.0028886
0.0042582
0.0046867
0.0041303
0.0050622
0.0069167
0.0071359
0.0063144
0.006369
0.0060473
0.005398
0.0046913
0.0045305
0.0046638
0.0043531
0.0040174
0.0032534
0.00334
0.0039318
0.004433
0.0044203
0.0041072
0.0041356
0.0040919
0.003286
0.0027743
0.0031747
0.0033867
0.0036471
0.0036378
0.0035092
0.0035088
0.0036117
0.0029982
0.0026425
0.0020253
0.0026652
0.0043984
0.0051167
0.0060242
0.0071126
0.0073148
0.0072725
0.0067733
0.0053549
0.0045064
0.0045757
0.0048068
0.0048465
0.0044118
0.0045426
0.0056584
0.0060854
0.0054709
0.0053818
0.0054738
0.0042704
0.0032506
0.0043421
0.0054112
0.005313
0.0058121
0.0067081
0.0067504
0.0057427
0.004153
0.0034597
0.0039232
0.0038471
0.0032699
0.0031023
0.0031674
0.0034698
0.0029651
0.0027836
0.0045933
0.0047893
0.004885
0.0056984
0.0058381
0.0050622
0.0038684
0.0043067
0.0046552
0.0041619
0.0038525
0.0034922
0.0033871
0.004712
0.0051571
0.0043301
0.0035546
0.0038927
0.0055129
0.0058401
0.0052069
0.0040898
0.004015
0.0042364
0.0037549
0.0030323
0.0023576
0.0029594
0.0046935
0.0058693
0.0061539
0.0059653
0.0051391
0.0037033
0.003244
0.0032822
0.0029669
0.0033022
0.0044335
0.0045857
0.0051588
