6.5113e-08
4.3604e-07
1.2516e-05
4.0094e-05
6.9789e-05
8.079e-05
8.1871e-05
8.3705e-05
7.9838e-05
7.8861e-05
7.3163e-05
5.4662e-05
4.5353e-05
5.5203e-05
7.0442e-05
7.1851e-05
6.9381e-05
7.5611e-05
7.083e-05
6.0586e-05
5.428e-05
4.4889e-05
4.2811e-05
5.4905e-05
7.8394e-05
8.3567e-05
7.4785e-05
6.8644e-05
7.2393e-05
8.3282e-05
8.2565e-05
6.907e-05
5.9299e-05
5.0933e-05
4.8921e-05
5.2069e-05
6.06e-05
6.7317e-05
7.0351e-05
7.4127e-05
6.9242e-05
6.2134e-05
5.5181e-05
6.0192e-05
6.5701e-05
5.8136e-05
5.3531e-05
5.7629e-05
6.6274e-05
6.5822e-05
7.104e-05
6.7818e-05
6.4229e-05
6.7535e-05
7.0169e-05
6.3692e-05
5.6143e-05
5.8527e-05
6.3618e-05
7.3918e-05
8.0734e-05
6.9706e-05
6.7587e-05
7.8149e-05
7.7655e-05
7.4135e-05
7.8471e-05
7.1991e-05
5.6296e-05
5.0657e-05
4.8429e-05
5.9586e-05
6.4108e-05
5.95e-05
5.9268e-05
7.0282e-05
7.9441e-05
8.675e-05
7.9731e-05
5.4462e-05
5.2276e-05
6.2673e-05
5.7793e-05
5.9281e-05
7.2186e-05
8.7349e-05
8.5698e-05
6.1798e-05
3.4908e-05
3.1653e-05
4.1807e-05
5.4105e-05
6.4493e-05
6.7849e-05
7.6186e-05
7.8053e-05
7.5027e-05
7.8936e-05
8.2581e-05
7.8875e-05
7.6569e-05
8.1929e-05
8.374e-05
7.8814e-05
7.2217e-05
6.8972e-05
6.2713e-05
5.4695e-05
5.0014e-05
5.3808e-05
5.261e-05
4.6841e-05
5.1382e-05
5.9242e-05
7.4259e-05
7.8592e-05
6.1915e-05
4.9625e-05
5.9713e-05
7.6895e-05
8.0609e-05
8.7169e-05
8.3263e-05
6.7092e-05
5.5769e-05
5.393e-05
6.3917e-05
7.6188e-05
7.499e-05
7.5783e-05
7.2399e-05
7.0832e-05
6.0292e-05
4.2696e-05
4.5021e-05
5.2067e-05
4.9724e-05
5.3514e-05
5.0695e-05
5.1449e-05
5.9495e-05
6.3647e-05
7.2724e-05
8.654e-05
9.5528e-05
9.1659e-05
7.9126e-05
6.1695e-05
5.2871e-05
5.7274e-05
6.6332e-05
6.6166e-05
5.9486e-05
5.6579e-05
5.8842e-05
6.5114e-05
7.2099e-05
7.4551e-05
8.0967e-05
8.4281e-05
7.5605e-05
6.1516e-05
5.909e-05
5.4241e-05
4.463e-05
5.0692e-05
6.1557e-05
5.8827e-05
6.1866e-05
7.2841e-05
7.5869e-05
7.0728e-05
6.4997e-05
6.6098e-05
6.2918e-05
6.3765e-05
7.0973e-05
8.3905e-05
8.7956e-05
8.0815e-05
7.6763e-05
7.9556e-05
7.738e-05
7.1585e-05
7.4698e-05
7.6174e-05
7.1492e-05
6.9732e-05
7.8455e-05
8.5535e-05
7.4501e-05
6.477e-05
6.1483e-05
5.1555e-05
4.7149e-05
4.6826e-05
5.1874e-05
5.8098e-05
5.9332e-05
7.3494e-05
7.7151e-05
7.5522e-05
8.1646e-05
8.4052e-05
7.559e-05
7.1032e-05
6.8839e-05
6.5089e-05
6.1465e-05
5.7611e-05
6.494e-05
6.2707e-05
4.8512e-05
5.0546e-05
5.5727e-05
5.4476e-05
5.4612e-05
5.7163e-05
5.5034e-05
5.8781e-05
6.8544e-05
7.1934e-05
6.6998e-05
6.6868e-05
7.1517e-05
7.0448e-05
6.7252e-05
6.5822e-05
7.1917e-05
7.5572e-05
7.3617e-05
6.7446e-05
6.1051e-05
6.1196e-05
6.746e-05
6.4705e-05
5.6988e-05
6.6039e-05
7.5564e-05
7.8487e-05
8.3632e-05
8.4133e-05
6.7763e-05
5.6773e-05
5.2241e-05
4.7064e-05
5.5861e-05
7.1156e-05
6.9472e-05
6.4255e-05
6.6946e-05
7.5249e-05
8.1852e-05
7.4096e-05
7.1639e-05
7.3682e-05
6.7983e-05
6.4721e-05
6.509e-05
6.3721e-05
6.1303e-05
6.3957e-05
6.2584e-05
6.2769e-05
7.4341e-05
8.4736e-05
8.0332e-05
7.0465e-05
7.0623e-05
7.1046e-05
6.7587e-05
5.3981e-05
4.7692e-05
5.2422e-05
5.5984e-05
6.0275e-05
6.0163e-05
4.5086e-05
3.7636e-05
3.8888e-05
3.9343e-05
3.5637e-05
2.8924e-05
3.9458e-05
5.6416e-05
6.3732e-05
6.9049e-05
7.9808e-05
9.2596e-05
9.1039e-05
7.1734e-05
6.2769e-05
7.1098e-05
7.3443e-05
6.7913e-05
6.4824e-05
6.445e-05
6.2512e-05
6.2374e-05
6.5518e-05
7.5935e-05
8.1769e-05
7.9731e-05
7.1731e-05
6.3105e-05
6.1242e-05
6.1629e-05
6.497e-05
7.2313e-05
7.5047e-05
8.0445e-05
8.1823e-05
7.3627e-05
6.6223e-05
6.6983e-05
7.968e-05
8.2089e-05
7.4505e-05
6.8728e-05
6.0344e-05
4.5679e-05
4.393e-05
4.8144e-05
5.2535e-05
5.3045e-05
4.862e-05
5.3786e-05
5.7074e-05
5.8275e-05
6.2906e-05
6.6323e-05
7.3404e-05
8.0946e-05
7.3992e-05
6.4889e-05
6.2005e-05
5.5157e-05
5.6765e-05
6.7655e-05
7.3353e-05
6.6998e-05
6.9426e-05
7.1954e-05
6.917e-05
6.7804e-05
6.2807e-05
5.3503e-05
4.0937e-05
4.7925e-05
6.9061e-05
8.2395e-05
8.1407e-05
7.9907e-05
8.2074e-05
7.0091e-05
5.6861e-05
4.6626e-05
3.8001e-05
4.5754e-05
7.2219e-05
7.692e-05
8.5142e-05
