-8.8938e-06
0.00015324
0.0014592
0.003685
0.0046893
0.004163
0.0036232
0.0032446
0.0032503
0.0037999
0.0040074
0.0035774
0.0045815
0.0058569
0.0060184
0.0056398
0.0060675
0.0070696
0.0069549
0.0062125
0.004645
0.0038622
0.0045286
0.0052688
0.0062698
0.0069658
0.0075023
0.0080915
0.0086346
0.0084836
0.0071722
0.005896
0.0055831
0.0051796
0.0052928
0.0059818
0.005841
0.0052656
0.0056812
0.0058029
0.0059314
0.0060342
0.0051909
0.0045367
0.0038751
0.0042508
0.0053322
0.0055723
0.0048367
0.0045412
0.0050597
0.0054871
0.0056573
0.0048912
0.0038101
0.0031221
0.0041054
0.0056748
0.0064625
0.0064317
0.0058538
0.0046864
0.0042525
0.0042768
0.0037715
0.0038577
0.0050497
0.0049956
0.0044882
0.0046614
0.0044267
0.0042747
0.0045686
0.0049217
0.004246
0.0039943
0.0044214
0.0042335
0.0028687
0.0018014
0.002053
0.0028466
0.0034796
0.0040955
0.0051902
0.0062141
0.0050623
0.0036546
0.003428
0.0033416
0.0039076
0.0061636
0.0069058
0.0065535
0.0074242
0.0082885
0.0079856
0.0069124
0.005727
0.0055582
0.0051815
0.0040284
0.0031098
0.0026123
0.003291
0.0048578
0.0050211
0.0047359
0.0047681
0.0044915
0.0036314
0.0035536
0.0046837
0.0057467
0.006698
0.0067471
0.0053455
0.0038748
0.0032524
0.0026631
0.002772
0.0045774
0.005413
0.0059206
0.005852
0.0048377
0.0049736
0.0048414
0.0049046
0.0057162
0.0061385
0.0055092
0.0037606
0.0028892
0.0041894
0.0050321
0.0049099
0.0052691
0.0042833
0.0041383
0.0057466
0.0062464
0.0061067
0.0064026
0.0064847
0.0057326
0.0047338
0.004447
0.0038534
0.0034858
0.0029821
0.0024465
0.0025028
0.0028121
0.003414
0.0036301
0.0031807
0.0037426
0.004606
0.004758
0.0049037
0.0050902
0.00564
0.0060223
0.0057164
0.0046461
0.003333
0.0023278
0.0028635
0.0034651
0.0037123
0.0039501
0.0041424
0.0047188
0.0050994
0.0058138
0.0063031
0.0056776
0.0053689
0.0061133
0.0059519
0.0058967
0.0057793
0.0052976
0.0050532
0.0045003
0.0043406
0.0050313
0.0066275
0.0074213
0.0070173
0.0065849
0.0056508
0.0045263
0.004824
0.0053233
0.0056654
0.0058838
0.0056341
0.0054177
0.0049161
0.0056409
0.006118
0.0051582
0.0041184
0.0039497
0.0036808
0.0040167
0.0049313
0.0050388
0.0053806
0.0051243
0.0048071
0.005255
0.005273
0.0048368
0.0045962
0.005396
0.005744
0.0052361
0.0060855
0.0070166
0.0061986
0.0050697
0.0046544
0.0042931
0.004457
0.0057073
0.0060899
0.0060313
0.0064886
0.0064369
0.0061881
0.0057685
0.006259
0.0059821
0.0051541
0.0056988
0.0060068
0.0058076
0.0060245
0.0059126
0.0045632
0.0031706
0.0024104
0.0023477
0.0028943
0.0042649
0.0046844
0.0041298
0.005072
0.0069236
0.0071318
0.0063122
0.0063697
0.0060437
0.0053947
0.0046879
0.004532
0.0046627
0.0043519
0.0040139
0.0032507
0.0033429
0.0039348
0.0044348
0.0044185
0.0041065
0.0041363
0.00409
0.0032807
0.0027751
0.0031764
0.0033878
0.0036479
0.0036373
0.0035084
0.00351
0.0036102
0.0029951
0.0026405
0.002023
0.0026742
0.004405
0.0051197
0.0060308
0.0071162
0.0073144
0.0072723
0.0067674
0.0053476
0.004505
0.004577
0.0048077
0.0048452
0.0044094
0.0045468
0.005664
0.0060838
0.0054679
0.0053835
0.0054713
0.0042618
0.0032509
0.0043507
0.0054127
0.0053128
0.0058172
0.0067111
0.0067477
0.0057349
0.0041455
0.0034603
0.0039254
0.0038443
0.0032676
0.0031023
0.0031683
0.0034707
0.0029597
0.00279
0.0046008
0.0047865
0.0048893
0.0057009
0.0058372
0.0050549
0.003866
0.0043112
0.0046538
0.0041594
0.0038513
0.0034896
0.0033907
0.0047194
0.0051543
0.0043256
0.0035517
0.0039
0.0055192
0.0058384
0.0052017
0.0040853
0.0040176
0.0042352
0.0037518
0.0030278
0.0023564
0.0029669
0.0047024
0.0058726
0.0061539
0.0059631
0.0051323
0.003697
0.0032447
0.003281
0.0029659
0.0033075
0.0044371
0.0045871
0.0051579
