   0.0000000e+00   0.0000000e+00   0.0000000e+00   0.0000000e+00   0.0000000e+00  -0.0000000e+00
  -4.4815274e-02   1.5293264e-02   1.8093332e-01  -2.4156874e-04  -1.8923943e-04  -1.3285830e-03
  -3.3431246e-02   1.6119077e-02   2.8865219e-01   1.8729409e-04  -8.3312009e-05  -7.0352853e-04
  -2.4122431e-02  -1.6978252e-02   2.2594358e-01  -2.4061424e-04  -9.5865710e-05  -1.3619872e-03
  -5.4389099e-03  -2.2538695e-02   2.1382405e-01  -3.8495508e-04   9.1405247e-05  -1.1275740e-03
  -1.9179636e-02   4.1379891e-03   1.6884009e-01  -7.6222674e-04   5.0653393e-04  -1.5390462e-03
  -2.9211270e-02   2.7992879e-02   2.4628067e-01   6.3888775e-05   5.1723755e-04  -1.5189105e-03
  -3.1030198e-02   7.0172313e-03   2.4939671e-01  -3.8261189e-06   4.3341574e-04  -1.3306244e-03
  -3.8657251e-02  -1.5207523e-02   2.5226354e-01  -5.6827191e-05   2.0059453e-04  -1.6094599e-03
  -3.3333846e-02   1.2967814e-03   2.4971594e-01  -1.5028668e-04   3.9826514e-04  -1.6055836e-03
  -4.0646716e-02  -8.9859650e-03   2.2886437e-01  -4.8277723e-04   1.4834529e-04  -1.5449375e-03
  -2.3053294e-02   1.1248898e-02   2.6379838e-01   3.6705073e-04   4.1988751e-04  -1.7655220e-03
  -1.6244209e-02   6.5912465e-03   2.4183431e-01  -3.6070241e-05   4.8741588e-04  -1.5648797e-03
  -3.6022351e-03   2.1968756e-03   2.5788231e-01  -4.6069499e-04   6.5873760e-04  -1.4334169e-03
  -1.5047576e-02   2.8972100e-02   2.3791814e-01   4.1911768e-04   3.9002567e-04  -1.6625594e-03
  -1.2982436e-02   2.2339003e-02   2.5008613e-01   2.0341329e-04   5.2448344e-04  -1.6180033e-03
  -5.1875665e-03  -1.6818771e-03   2.6959687e-01   8.6345170e-05   5.2100470e-04  -1.7253634e-03
   4.2457631e-03  -2.2487252e-04   3.1159792e-01   4.9207559e-04   3.8679051e-04  -1.7120600e-03
  -1.2132246e-03  -2.6081611e-02   2.5802034e-01   3.1784872e-05   4.5780188e-04  -1.9802947e-03
  -1.3005576e-03  -7.7092745e-03   2.8913664e-01   5.4979555e-04   7.2545967e-04  -1.9985559e-03
  -5.7175020e-03  -1.1717336e-02   2.8889897e-01   2.6504574e-04   4.3859162e-04  -2.0875142e-03
  -1.3749455e-02  -6.2299286e-02   2.5962451e-01  -6.6203922e-04   2.3650924e-04  -2.3617039e-03
  -2.1338570e-02  -3.3120527e-02   2.7755689e-01  -1.0135117e-05   2.4959410e-04  -2.3668424e-03
  -1.4578899e-02  -4.2806818e-03   3.2343817e-01   2.5191864e-04   4.4619210e-04  -2.4116041e-03
  -7.9670422e-03  -1.5465403e-02   3.5908725e-01   5.7781729e-04   5.2615347e-04  -2.3687443e-03
   1.6075946e-05  -4.3325428e-02   3.4515323e-01   2.1320045e-04   7.4030843e-04  -2.1919231e-03
   3.8443313e-03  -3.5242920e-02   3.4707050e-01   5.8132263e-04   7.9814037e-04  -2.3764421e-03
  -3.2683493e-03  -2.3621655e-02   3.1452793e-01   6.7357026e-04   7.8908071e-04  -2.3030623e-03
  -9.9449263e-03  -6.3050205e-02   3.1140841e-01  -2.3899578e-04   5.6740134e-04  -2.3529216e-03
  -7.8790907e-03  -5.2275832e-02   3.0433515e-01   1.6460142e-05   6.9894069e-04  -2.3635854e-03
  -5.3220434e-03  -4.3003316e-02   3.0015920e-01   2.1681046e-04   6.3945264e-04  -2.3439934e-03
  -1.0256063e-02  -4.2940326e-02   2.7561504e-01   8.7687562e-05   5.1200084e-04  -2.3034477e-03
  -3.5881200e-03  -4.4999756e-02   2.9395773e-01   6.8272538e-05   6.0947748e-04  -2.3774652e-03
   8.8795640e-04  -3.7005359e-02   2.8883783e-01   1.9489472e-04   6.8650492e-04  -2.2995803e-03
   1.1610882e-02  -3.0238398e-02   2.8541897e-01   1.7045347e-04   8.2908476e-04  -2.2904599e-03
   1.6325022e-02  -5.0878814e-02   3.1229565e-01  -2.7144072e-04   6.6990582e-04  -2.1019941e-03
   2.4046725e-02  -3.5003059e-02   3.3593348e-01   1.7054501e-04   8.0211574e-04  -2.2125662e-03
   1.6059983e-02  -2.4668111e-02   3.1235090e-01   1.6782001e-04   4.7945856e-04  -2.1883239e-03
   3.2641174e-03  -3.2432678e-02   3.1123850e-01   1.0833418e-04   1.1364584e-04  -2.3506561e-03
   4.7782508e-03  -3.4431282e-02   3.2491739e-01   2.0227564e-04   4.0612768e-04  -2.5162132e-03
  -1.7606356e-02  -9.2705473e-02   2.5081263e-01  -1.2985880e-03   6.2098327e-05  -2.5202942e-03
  -9.9673110e-03  -6.2505774e-02   2.8676459e-01  -2.8046451e-04   2.9977610e-04  -2.8791533e-03
   1.6095939e-03  -4.1742767e-02   3.2719848e-01   2.3512279e-04   3.7289371e-04  -2.9204026e-03
   1.7938910e-02  -2.6946553e-02   3.5280090e-01   9.1167785e-04   4.2340960e-04  -2.4126680e-03
   1.8924837e-02  -5.0062526e-02   3.6648105e-01   1.7242844e-04   5.4030862e-04  -2.4748129e-03
   2.2384281e-02  -6.3747418e-02   3.9246217e-01   2.9624269e-04   6.5752358e-04  -2.5515821e-03
   2.2971055e-02  -7.6033721e-02   3.7276471e-01   1.0732298e-04   7.8620208e-04  -2.5790574e-03
   1.4019792e-02  -1.1456082e-01   3.6465757e-01  -6.1322601e-04   4.6343617e-04  -2.5596669e-03
   3.7910816e-03  -1.6209902e-01   3.2834073e-01  -1.5021303e-03   2.8343469e-04  -2.7578838e-03
   2.0495188e-02  -1.4885280e-01   3.8759174e-01  -8.9163729e-04   5.7066688e-04  -2.9793468e-03
   4.0966923e-02  -9.8655940e-02   4.4338272e-01   1.5061981e-04   1.0368556e-03  -3.1389155e-03
   1.4901304e-02  -1.3231964e-01   3.8222999e-01  -3.4825521e-04   5.6682789e-04  -3.1620157e-03
   7.0889022e-03  -1.2168918e-01   4.1943075e-01   1.8209057e-04   8.8850645e-04  -3.2319757e-03
  -2.3185021e-02  -1.2497073e-01   3.2900137e-01   2.3173682e-03   4.1553058e-04  -3.4520426e-03
  -8.0115705e-02  -9.0102098e-02   3.7577709e-01   4.8968184e-03  -6.0262302e-04  -3.1916146e-03
  -9.5386329e-02  -4.1917806e-02   3.6152759e-01   4.3473412e-03  -6.3700547e-04  -3.2699515e-03
  -8.9389316e-02  -1.7415573e-02   4.2895303e-01   3.3509377e-03  -5.8039452e-04  -3.8041084e-03
  -1.1147737e-01  -4.1357629e-02   3.6552704e-01   5.1504178e-03  -8.6369857e-04  -3.9146853e-03
  -1.6255545e-01  -1.2847056e-01   6.3424773e-01   1.1324717e-02  -8.6777455e-04  -3.8402998e-03
  -6.2238652e-02  -1.2701528e-01   6.1913839e-01   5.6935047e-03   4.7092558e-05  -4.2294922e-03
  -4.2629189e-02  -1.4676599e-01   5.2031990e-01   2.6867990e-03   7.7703568e-04  -3.6485961e-03
  -8.8216748e-02  -1.3326016e-01   4.1862075e-01   1.4238361e-03  -1.0475812e-04  -3.2150669e-03
  -1.1222588e-01  -1.3389864e-01   4.2749696e-01   1.0649872e-03  -7.1682570e-04  -3.1626189e-03
  -1.1680197e-01  -1.0648183e-01   4.7674716e-01   2.2447528e-03  -1.0731725e-03  -3.4456885e-03
  -1.2293968e-01  -1.4816778e-01   4.7521343e-01   9.2177007e-04  -1.2154551e-03  -3.3942868e-03
  -1.3469784e-01  -1.7800417e-01   4.7249076e-01   7.6352558e-04  -1.5566106e-03  -3.3258831e-03
  -1.3920027e-01  -1.8341790e-01   4.1800192e-01   1.9137000e-04  -1.6049546e-03  -3.4018535e-03
  -1.3414258e-01  -1.6333934e-01   4.0767723e-01   4.3080628e-04  -1.4195749e-03  -3.5236176e-03
  -1.4178613e-01  -1.3435809e-01   3.8554404e-01   9.4483525e-04  -1.5371846e-03  -3.6887674e-03
  -1.4903781e-01  -1.2651096e-01   3.7600474e-01   5.4884034e-04  -1.6644356e-03  -3.6815936e-03
  -1.5456149e-01  -1.2058873e-01   3.5400680e-01   5.8321594e-04  -1.7473967e-03  -3.7258922e-03
  -1.4908898e-01  -1.3260996e-01   3.4803711e-01   2.0160810e-04  -1.7694314e-03  -3.5246553e-03
  -1.4316701e-01  -1.1374934e-01   3.2271547e-01   4.8580920e-04  -1.7256440e-03  -3.6745984e-03
  -1.3459774e-01  -1.2207180e-01   3.2831173e-01   1.3333164e-04  -1.6619200e-03  -3.4622670e-03
  -1.3850111e-01  -1.0960856e-01   2.9955786e-01   1.7822061e-04  -1.8284963e-03  -3.6340523e-03
  -1.3658111e-01  -1.0561827e-01   2.9735777e-01   9.5211072e-05  -1.7364448e-03  -3.6781570e-03
  -1.3938805e-01  -1.0960533e-01   2.9765117e-01   2.9316220e-04  -1.9992945e-03  -3.6020688e-03
  -1.4260444e-01  -1.0879408e-01   3.1477289e-01   6.6960181e-04  -1.9562998e-03  -3.6342876e-03
  -1.4711012e-01  -8.3798058e-02   3.0153654e-01   1.1717912e-03  -1.8664160e-03  -3.7769147e-03
  -1.3857533e-01  -1.0306998e-01   2.9667440e-01   4.3869703e-04  -2.0179740e-03  -3.6200270e-03
  -1.3404297e-01  -9.3668530e-02   3.3096220e-01   2.9027823e-04  -2.0816458e-03  -3.5786823e-03
  -1.4189642e-01  -5.5290728e-02   3.6308994e-01   1.2163706e-03  -2.5136865e-03  -3.3371719e-03
  -1.4153732e-01  -7.0240193e-02   3.1652762e-01   6.0750774e-04  -2.4641394e-03  -3.4303419e-03
  -1.5384004e-01  -6.6215095e-02   3.0816689e-01   1.1227738e-03  -2.5520979e-03  -3.5205199e-03
  -1.4036409e-01  -7.6827499e-02   2.9098293e-01   6.6841468e-04  -2.5168406e-03  -3.5683977e-03
  -1.3653959e-01  -9.7711107e-02   3.2518631e-01   2.5477432e-04  -2.4815823e-03  -3.2713650e-03
  -1.3790335e-01  -9.5548221e-02   3.3696766e-01   4.7313527e-04  -2.4993005e-03  -3.2120607e-03
  -1.4460914e-01  -1.2990773e-01   3.1702551e-01   1.1710531e-05  -2.8449475e-03  -3.0952774e-03
  -1.3229212e-01  -1.2441104e-01   3.0620076e-01   2.0071240e-04  -2.6661653e-03  -3.1745972e-03
  -1.2130741e-01  -1.2605635e-01   2.9732855e-01   1.2202591e-04  -2.0951119e-03  -2.7350716e-03
  -1.2507708e-01  -1.2754947e-01   2.6573378e-01  -8.0095618e-05  -2.0830446e-03  -2.8992590e-03
  -1.3026207e-01  -9.1152623e-02   3.3704154e-01   8.2370849e-04  -2.1092655e-03  -3.2151758e-03
  -1.3037580e-01  -8.6965548e-02   3.4382408e-01   8.4266402e-04  -2.2332916e-03  -3.2170374e-03
  -1.2266788e-01  -1.1063487e-01   3.5007414e-01   4.3910670e-04  -1.9905368e-03  -3.1166391e-03
  -1.1932144e-01  -1.1249614e-01   3.5377588e-01   7.0931701e-04  -1.8078365e-03  -3.2379134e-03
  -1.1738784e-01  -1.2127931e-01   3.2848078e-01   6.0258388e-04  -1.8883914e-03  -3.0156946e-03
  -1.1336969e-01  -1.1423824e-01   3.4811557e-01   6.7848605e-04  -1.6564186e-03  -3.1158417e-03
  -1.0709648e-01  -1.0730170e-01   3.5422063e-01   1.0077058e-03  -1.8080540e-03  -2.8224627e-03
  -1.0330738e-01  -1.1335305e-01   3.4585397e-01   6.9751761e-04  -1.8467653e-03  -2.7779716e-03
  -1.0345972e-01  -1.2826895e-01   3.5724458e-01   4.1704035e-04  -1.6658039e-03  -2.8304148e-03
  -1.0731965e-01  -1.1549094e-01   3.2269774e-01   5.7003188e-04  -1.7120874e-03  -2.8227867e-03
  -1.2391625e-01  -1.3859197e-01   2.9681694e-01  -1.0827916e-04  -1.8827567e-03  -3.0968468e-03
  -1.1336463e-01  -1.1829714e-01   3.3594362e-01   8.1333417e-04  -1.8051066e-03  -3.1901016e-03
  -1.1112587e-01  -1.1596717e-01   3.0756467e-01   3.8062622e-04  -1.7363590e-03  -3.1358449e-03
  -1.0573582e-01  -1.0904222e-01   3.1639395e-01   5.3289514e-04  -1.6315740e-03  -3.1965574e-03
  -1.0365561e-01  -1.0086983e-01   3.2306717e-01   8.4857861e-04  -1.7401411e-03  -3.2446376e-03
  -9.9221736e-02  -1.3307568e-01   3.3303539e-01   1.3916031e-05  -1.7322980e-03  -3.1439929e-03
  -8.7880061e-02  -1.4365124e-01   3.6154195e-01   4.1272359e-04  -1.5804455e-03  -3.0245199e-03
  -8.4619532e-02  -1.3462613e-01   3.4784225e-01   4.7790920e-04  -1.5402524e-03  -2.9984967e-03
  -8.9381471e-02  -1.4321679e-01   3.2433408e-01  -1.2086968e-04  -1.7867854e-03  -2.7724814e-03
  -9.0232129e-02  -1.3227361e-01   3.5208593e-01   4.5060434e-04  -1.9144830e-03  -2.7022787e-03
  -7.9198711e-02  -1.3586909e-01   3.5002045e-01   5.4154921e-04  -1.8473068e-03  -2.5955848e-03
  -8.1549852e-02  -1.5841475e-01   3.3233848e-01   9.5625529e-05  -2.0486566e-03  -2.6399913e-03
  -8.8692597e-02  -1.7086713e-01   3.3778380e-01   1.4125039e-04  -2.0949521e-03  -2.4119303e-03
  -9.2923986e-02  -1.6355880e-01   3.0705369e-01  -1.1262957e-04  -2.0567568e-03  -2.6991069e-03
  -9.6167352e-02  -1.5894862e-01   3.2377404e-01   2.1022915e-04  -2.0715330e-03  -2.8396705e-03
  -9.5624312e-02  -1.5041135e-01   3.1831314e-01   4.3859588e-04  -2.2042864e-03  -2.7070482e-03
  -9.2703152e-02  -1.5796187e-01   3.1413024e-01  -5.8859130e-05  -2.1053424e-03  -2.6605513e-03
  -8.8908275e-02  -1.5530613e-01   3.2658253e-01   1.4189381e-04  -2.0845179e-03  -2.6426252e-03
  -8.9686936e-02  -1.5314835e-01   3.2931205e-01   2.5549276e-04  -2.1460924e-03  -2.5561689e-03
  -1.0333931e-01  -1.7880362e-01   3.1642078e-01  -9.0231271e-05  -2.3610419e-03  -2.4547166e-03
  -1.0037689e-01  -1.6941700e-01   3.4329229e-01   2.7066420e-04  -1.9932439e-03  -2.7309321e-03
  -1.0364796e-01  -1.6722816e-01   3.0165102e-01   2.0051381e-04  -2.1900606e-03  -2.8543782e-03
  -1.0939112e-01  -1.6650262e-01   2.9765110e-01   2.4757825e-04  -2.1819890e-03  -2.9355242e-03
  -1.1380666e-01  -1.6040849e-01   2.8639366e-01   1.3856499e-04  -2.1632643e-03  -2.8097823e-03
  -1.1061518e-01  -1.9561579e-01   2.7398361e-01  -4.8797037e-04  -2.2052160e-03  -2.7773827e-03
  -1.0564200e-01  -2.0737097e-01   3.0079849e-01  -2.6287388e-04  -2.2423424e-03  -2.5884769e-03
  -1.1702702e-01  -1.8194793e-01   2.6257560e-01   1.5011967e-05  -2.1153637e-03  -2.7166507e-03
  -1.4682957e-01  -1.5758252e-01   2.1613036e-01   2.0475469e-04  -2.2946451e-03  -2.9071857e-03
  -1.6321511e-01  -1.6666920e-01   2.1559167e-01  -3.1906788e-04  -2.3308671e-03  -3.0898118e-03
  -1.5875902e-01  -2.0117422e-01   2.1072924e-01  -7.6532828e-04  -2.3427849e-03  -2.9934938e-03
  -1.4175920e-01  -1.8839941e-01   1.7140431e-01  -4.9650030e-06  -2.4798369e-03  -3.0714275e-03
  -1.3449673e-01  -1.9176970e-01   1.0703676e-01   1.5238081e-04  -2.5235981e-03  -2.2128569e-03
  -1.3809799e-01  -1.8050716e-01   1.8309818e-01  -6.9770078e-04  -2.3932722e-03  -2.2616298e-03
  -1.4645707e-01  -1.8089786e-01   1.9393359e-01  -3.6821601e-04  -2.6259062e-03  -2.3628305e-03
  -1.3867458e-01  -2.0561282e-01   2.1756919e-01  -8.9395142e-04  -2.5629149e-03  -2.4230260e-03
  -1.2527234e-01  -2.3298176e-01   2.2548893e-01  -1.0907479e-03  -2.5137639e-03  -2.1293069e-03
  -1.1967174e-01  -2.2700312e-01   2.4409990e-01  -1.0564143e-03  -2.4152017e-03  -2.2936348e-03
  -1.1893656e-01  -2.3392601e-01   2.1100851e-01  -1.7253646e-03  -2.6345583e-03  -2.3099277e-03
  -1.1704378e-01  -2.2556022e-01   2.1723257e-01  -1.4655336e-03  -2.4852689e-03  -2.3901527e-03
  -1.0865399e-01  -2.0856497e-01   2.1915839e-01  -1.1527362e-03  -2.5018801e-03  -2.1633194e-03
  -1.1263888e-01  -2.3848389e-01   2.1452259e-01  -1.6626478e-03  -2.5885803e-03  -2.1706488e-03
  -1.1433181e-01  -2.3614796e-01   2.2865119e-01  -1.5402468e-03  -2.4939764e-03  -2.1419951e-03
  -1.1670356e-01  -2.3930576e-01   2.3264482e-01  -1.2494759e-03  -2.5439101e-03  -1.9658473e-03
  -1.1375563e-01  -2.4405760e-01   2.0238528e-01  -1.7345227e-03  -2.4759284e-03  -2.1862278e-03
  -1.1741123e-01  -2.6036042e-01   2.2363585e-01  -1.9995862e-03  -2.4781260e-03  -2.1230831e-03
  -1.1667073e-01  -2.4486494e-01   2.2656037e-01  -1.3369341e-03  -2.4958652e-03  -2.0282632e-03
  -1.1889996e-01  -2.4853440e-01   2.4333639e-01  -1.2637817e-03  -2.5911801e-03  -2.1070756e-03
  -1.0981381e-01  -2.6648705e-01   2.5252941e-01  -1.5774300e-03  -2.4983996e-03  -2.0072237e-03
  -1.0855290e-01  -2.7931050e-01   2.4230348e-01  -1.1844107e-03  -2.4694667e-03  -2.0435586e-03
  -1.2483739e-01  -2.7930018e-01   2.4289017e-01  -1.6916132e-03  -2.9169826e-03  -2.1926111e-03
  -1.1534938e-01  -2.6827543e-01   2.8273969e-01  -1.8613434e-03  -2.4312154e-03  -2.4487353e-03
  -1.0811204e-01  -2.3442553e-01   2.5561477e-01  -1.0292224e-03  -2.2986498e-03  -2.4984822e-03
  -1.0656298e-01  -2.5816329e-01   2.7253904e-01  -1.2282753e-03  -2.2109303e-03  -2.3232595e-03
  -9.8442367e-02  -2.8078866e-01   2.9890263e-01  -1.4988168e-03  -2.1875945e-03  -2.0001266e-03
  -1.0097204e-01  -2.9028692e-01   2.7334233e-01  -1.5677612e-03  -2.2618665e-03  -2.0435103e-03
  -9.7878568e-02  -2.9308203e-01   2.8457875e-01  -1.7787791e-03  -2.2848021e-03  -1.8620781e-03
  -9.8014977e-02  -2.8626021e-01   2.7222213e-01  -1.6472383e-03  -2.4189272e-03  -1.6684946e-03
  -8.9839789e-02  -3.1585458e-01   2.8592006e-01  -1.8299453e-03  -2.4564540e-03  -1.5895277e-03
  -9.7107603e-02  -3.0898317e-01   2.8519327e-01  -1.7317644e-03  -2.5442585e-03  -1.6767810e-03
  -1.0837733e-01  -3.2718815e-01   2.3646765e-01  -2.4825164e-03  -2.5224900e-03  -1.3333717e-03
  -9.4742749e-02  -2.8217457e-01   2.8000478e-01  -1.4712677e-03  -2.0387412e-03  -1.7959903e-03
  -1.2375103e-01  -3.1295726e-01   2.5924081e-01  -2.0769641e-03  -2.2710698e-03  -1.9711441e-03
  -1.1454885e-01  -3.1544124e-01   2.5862261e-01  -2.0911744e-03  -2.2250116e-03  -1.9140963e-03
  -1.0232572e-01  -2.7437152e-01   2.5142135e-01  -5.2228835e-04  -1.9586293e-03  -2.1334749e-03
  -1.0614464e-01  -2.6476924e-01   2.1730167e-01   7.8787397e-05  -1.9751787e-03  -2.3887857e-03
  -1.0280199e-01  -2.5807452e-01   2.2536374e-01   6.0982825e-04  -1.8165187e-03  -2.6657340e-03
  -8.4699952e-02  -2.6718152e-01   2.5606442e-01   1.3659168e-03  -1.5457793e-03  -2.8690786e-03
  -6.3360818e-02  -3.0822931e-01   2.4622510e-01   9.5076916e-05  -8.6022794e-04  -3.3776084e-03
  -8.6258599e-02  -2.1730988e-01   1.4522216e-01   1.3329820e-03  -8.7630768e-04  -3.4891293e-03
  -1.3214861e-01  -2.2750191e-01   1.1174894e-01  -1.7366901e-04  -1.7718155e-03  -3.1659811e-03
  -1.6839092e-01  -2.2017354e-01   1.6570986e-01   1.6069066e-04  -2.2271394e-03  -2.9369852e-03
  -1.5863219e-01  -2.5229226e-01   1.9511191e-01  -3.4837166e-04  -2.3835504e-03  -2.7535282e-03
  -1.4702337e-01  -2.7849958e-01   1.9813603e-01  -3.7627699e-04  -2.2146706e-03  -2.7900090e-03
  -1.4629652e-01  -3.0436807e-01   1.7695495e-01  -1.7434392e-03  -2.1899358e-03  -2.6512943e-03
  -1.5949152e-01  -2.9430768e-01   1.6376686e-01  -1.7394717e-03  -2.4267825e-03  -2.7492628e-03
  -1.6368122e-01  -3.0708630e-01   1.4488427e-01  -2.6231973e-03  -2.6257549e-03  -2.9201795e-03
  -1.6207976e-01  -3.0640244e-01   1.3462965e-01  -2.6015385e-03  -2.6658352e-03  -2.8450269e-03
  -1.6934190e-01  -2.7842832e-01   8.3455043e-02  -2.6332975e-03  -2.7384262e-03  -3.0977583e-03
  -1.7763615e-01  -2.7251029e-01   7.5358387e-02  -2.6328121e-03  -2.9606343e-03  -3.0677516e-03
  -1.8539627e-01  -2.4048027e-01   9.8977996e-02  -1.9881666e-03  -3.0973767e-03  -3.1636547e-03
  -1.8865323e-01  -2.3295558e-01   1.0160818e-01  -1.9098792e-03  -3.2165088e-03  -3.1020501e-03
  -1.9363672e-01  -2.5857028e-01   9.7066159e-02  -2.4969248e-03  -3.5319038e-03  -3.1466072e-03
  -1.9656953e-01  -2.6942410e-01   1.2023561e-01  -2.0245269e-03  -3.5370354e-03  -3.2340912e-03
  -1.9195535e-01  -2.5971085e-01   8.9235435e-02  -1.8937546e-03  -3.5781745e-03  -3.2109671e-03
  -1.9660921e-01  -2.7611753e-01   5.3292277e-02  -2.3668668e-03  -3.8106676e-03  -3.2989962e-03
  -1.9779409e-01  -2.5942730e-01   7.5824148e-02  -2.0934136e-03  -3.6566137e-03  -3.2106573e-03
  -1.9283703e-01  -2.3834092e-01   9.4924479e-02  -1.7084161e-03  -3.3661951e-03  -3.2255924e-03
  -1.9386883e-01  -2.6200374e-01   8.4261725e-02  -2.2960204e-03  -3.5548567e-03  -3.2044233e-03
  -1.9327974e-01  -2.6840326e-01   1.0544746e-01  -1.9477202e-03  -3.5517344e-03  -3.2995706e-03
  -1.9196301e-01  -2.7337244e-01   8.7932701e-02  -2.2607617e-03  -3.4195017e-03  -3.2364618e-03
  -1.9581379e-01  -2.8740828e-01   8.3264548e-02  -2.3785383e-03  -3.4469042e-03  -3.1298478e-03
  -1.9749088e-01  -2.9292204e-01   1.1043846e-01  -2.4294155e-03  -3.3806136e-03  -3.0976377e-03
  -2.0250364e-01  -2.9950438e-01   9.2570121e-02  -2.1575794e-03  -3.5785798e-03  -3.0347991e-03
  -1.9384754e-01  -3.1459688e-01   7.9612892e-02  -2.6741041e-03  -3.4815239e-03  -2.8899617e-03
  -1.9920150e-01  -3.3154030e-01   8.5614333e-02  -2.6465496e-03  -3.5469353e-03  -3.0580949e-03
  -1.9991662e-01  -3.2489859e-01   7.3920226e-02  -2.8371246e-03  -3.5425637e-03  -3.2352286e-03
  -1.9354423e-01  -3.5336455e-01   7.3909913e-02  -3.3946578e-03  -3.5911668e-03  -2.9639993e-03
  -1.9260003e-01  -3.5715192e-01   7.3864647e-02  -2.9871963e-03  -3.4692397e-03  -3.2015229e-03
  -1.9810857e-01  -3.3203360e-01   8.2098220e-02  -2.9167756e-03  -3.5897042e-03  -3.1163407e-03
  -1.9294748e-01  -3.1145359e-01   7.3867718e-02  -2.7174278e-03  -3.5021157e-03  -3.1295108e-03
  -1.9986787e-01  -2.9568812e-01   9.4188788e-02  -2.2718387e-03  -3.4243479e-03  -3.2176741e-03
  -2.0437427e-01  -3.1836650e-01   7.0013990e-02  -2.5211400e-03  -3.5640541e-03  -3.1507035e-03
  -2.1000149e-01  -3.4226379e-01  -2.4185958e-04  -2.5363083e-03  -3.6313909e-03  -2.9331743e-03
  -1.9483263e-01  -3.4385966e-01   1.0500902e-02  -2.5551014e-03  -3.2590244e-03  -2.9713184e-03
  -1.8424587e-01  -3.4810791e-01   4.4273000e-02  -2.7581954e-03  -3.2776948e-03  -2.7547553e-03
  -1.9351380e-01  -3.3441092e-01   3.6137478e-02  -2.3117364e-03  -3.5923098e-03  -2.9101903e-03
  -1.9637015e-01  -3.4965538e-01   3.7259160e-02  -2.9355797e-03  -3.5237425e-03  -3.1333340e-03
  -1.9829606e-01  -3.4691139e-01   5.8446927e-02  -2.3746412e-03  -3.7108554e-03  -3.0435923e-03
  -1.8928352e-01  -3.4684533e-01   4.2904606e-02  -2.8459145e-03  -3.6555969e-03  -2.8282199e-03
  -1.8412761e-01  -3.5248341e-01   4.8422499e-02  -3.1582068e-03  -3.6126023e-03  -2.9431345e-03
  -1.7354307e-01  -3.3913597e-01   6.7896327e-02  -2.7891526e-03  -3.2765819e-03  -3.0982623e-03
  -1.8566112e-01  -3.1742929e-01   4.2499484e-02  -2.4117235e-03  -3.6404862e-03  -2.8796391e-03
  -1.9255667e-01  -3.2620456e-01   3.4180970e-02  -2.7822623e-03  -3.7879326e-03  -3.1063850e-03
  -1.8503730e-01  -3.3937804e-01   5.2118937e-02  -2.9103290e-03  -3.6203512e-03  -3.0778595e-03
  -1.7788688e-01  -3.3321142e-01   5.5507944e-02  -2.9617237e-03  -3.5144589e-03  -3.0903949e-03
  -1.7947201e-01  -3.3647467e-01   4.0849711e-02  -2.7381264e-03  -3.7497383e-03  -3.1517516e-03
  -1.7895199e-01  -3.6193396e-01   5.7551197e-02  -3.2102640e-03  -3.6640603e-03  -3.0283996e-03
  -1.7392050e-01  -3.5073422e-01   4.8486613e-02  -2.4025431e-03  -3.7007454e-03  -3.2552552e-03
  -1.7411841e-01  -3.6359533e-01   3.4154231e-02  -3.1857967e-03  -3.6618334e-03  -3.1708072e-03
  -1.8316277e-01  -3.6068957e-01   3.7092498e-02  -3.1984743e-03  -3.8094884e-03  -3.2784663e-03
  -1.8018304e-01  -3.5145709e-01   4.1273548e-02  -2.8639838e-03  -3.7617512e-03  -3.2264487e-03
  -1.8415542e-01  -3.5567085e-01   2.8562104e-02  -2.5020849e-03  -3.8800382e-03  -3.1026469e-03
  -1.7990083e-01  -3.7970172e-01   4.2862544e-02  -2.8712304e-03  -4.0345322e-03  -3.0633220e-03
  -1.7314283e-01  -3.5922104e-01   4.8029771e-02  -2.5905152e-03  -3.6269784e-03  -3.2936412e-03
  -1.8053629e-01  -3.3870096e-01   2.0513000e-02  -2.4668968e-03  -3.7891636e-03  -3.3465635e-03
  -1.8472894e-01  -3.3082098e-01   3.2384145e-02  -2.5496173e-03  -3.7350147e-03  -3.2577234e-03
  -1.8291656e-01  -3.5296332e-01   5.1705558e-02  -2.3894226e-03  -3.7620241e-03  -3.1498636e-03
  -1.8643992e-01  -3.7746085e-01   4.5589666e-02  -2.8111039e-03  -3.7510189e-03  -3.1893573e-03
  -1.8730442e-01  -3.8666078e-01   6.2337168e-02  -3.0534660e-03  -3.6249408e-03  -3.2869558e-03
  -1.8879621e-01  -3.8660667e-01   7.1922336e-02  -2.8877807e-03  -3.7345824e-03  -3.2219789e-03
  -1.8952162e-01  -3.8337850e-01   3.1835464e-02  -2.6666717e-03  -3.7699335e-03  -3.1540572e-03
  -1.9022222e-01  -3.8694185e-01   5.4280798e-02  -2.4630579e-03  -3.7140774e-03  -3.0332752e-03
  -1.8195673e-01  -3.8452068e-01   6.4375575e-02  -2.3395787e-03  -3.6456757e-03  -3.1782997e-03
  -1.7610425e-01  -3.8347648e-01   4.7073441e-02  -2.5975074e-03  -3.6338122e-03  -3.3081879e-03
  -1.7740113e-01  -4.0196303e-01   6.2990122e-02  -3.1230864e-03  -3.7092749e-03  -2.9826454e-03
  -1.7900890e-01  -3.8106442e-01   5.7518250e-02  -2.5648009e-03  -3.7347373e-03  -3.1258919e-03
  -1.7427195e-01  -3.8585029e-01   5.3857969e-02  -2.8437749e-03  -3.6814636e-03  -3.2242545e-03
  -1.7746838e-01  -3.7661616e-01   7.1381302e-02  -2.6801909e-03  -3.6316828e-03  -3.2574758e-03
  -1.7344674e-01  -3.7905495e-01   7.5571922e-02  -2.4294793e-03  -3.6476166e-03  -3.0031343e-03
  -1.7474252e-01  -4.0231300e-01   4.9792798e-02  -3.0653093e-03  -3.6782110e-03  -3.1363516e-03
  -1.7569900e-01  -4.0493311e-01   5.5431055e-02  -3.0668838e-03  -3.6154825e-03  -3.1251972e-03
  -1.7706434e-01  -3.9010270e-01   5.6877299e-02  -2.6822836e-03  -3.7003962e-03  -2.8774557e-03
  -1.7483563e-01  -3.8455187e-01   5.9957848e-02  -2.6133131e-03  -3.8396573e-03  -2.9295038e-03
  -1.8126493e-01  -3.9790011e-01   7.4156466e-02  -2.7000713e-03  -3.8671165e-03  -2.9015491e-03
  -1.8348281e-01  -3.8335546e-01   5.4098682e-02  -2.4700946e-03  -3.8442011e-03  -3.0788385e-03
  -1.7815392e-01  -4.0814453e-01   5.9948268e-02  -2.9774757e-03  -3.8753236e-03  -3.1441174e-03
  -1.7084056e-01  -4.0712809e-01   9.9300672e-02  -2.9189991e-03  -3.6423178e-03  -3.2339922e-03
  -1.8157354e-01  -4.0074714e-01   5.2461088e-02  -2.4990296e-03  -3.8829151e-03  -3.1520773e-03
  -1.7911295e-01  -4.0988005e-01   5.7524332e-02  -2.8632893e-03  -3.7493259e-03  -3.2223085e-03
  -1.7651988e-01  -3.9866383e-01   5.8693858e-02  -2.5092671e-03  -3.6328560e-03  -3.1747063e-03
  -1.7920020e-01  -4.0690772e-01   3.7128932e-02  -2.5772368e-03  -3.8905017e-03  -3.2353373e-03
  -1.7578942e-01  -3.9876067e-01   6.1326230e-02  -2.2626368e-03  -3.9103670e-03  -3.2952875e-03
  -1.8185752e-01  -4.0702591e-01   6.9099421e-02  -2.5693400e-03  -3.9676178e-03  -3.2792954e-03
  -1.8655189e-01  -4.2828190e-01   5.3086007e-02  -2.9949986e-03  -4.0322145e-03  -3.4344331e-03
  -1.8884418e-01  -4.3194074e-01   7.9827119e-02  -2.4288641e-03  -4.0426277e-03  -3.4132258e-03
  -1.7286518e-01  -4.2367566e-01   8.0843332e-02  -2.5922046e-03  -3.5876329e-03  -3.6825888e-03
  -1.6619630e-01  -4.0607673e-01   1.1116760e-01  -2.2114973e-03  -3.4019905e-03  -3.5022201e-03
  -1.6459129e-01  -4.1824256e-01   1.3494799e-01  -1.6370596e-03  -3.7707571e-03  -3.6061080e-03
  -1.5399104e-01  -4.2566830e-01   1.5515861e-01  -2.1998397e-03  -3.1664990e-03  -3.6184522e-03
  -1.6916413e-01  -4.2368547e-01   1.3229496e-01  -2.0069697e-03  -3.3696739e-03  -3.3506995e-03
  -1.8846617e-01  -4.5065164e-01   1.0762284e-01  -2.4802026e-03  -3.7879492e-03  -3.3703984e-03
  -1.7059658e-01  -4.6762564e-01   1.2884388e-01  -2.9403026e-03  -3.2366325e-03  -3.4246622e-03
  -1.6623137e-01  -4.7148827e-01   8.5346878e-02  -3.2895845e-03  -3.3049208e-03  -3.3349377e-03
  -1.6503866e-01  -4.6987776e-01   9.7703025e-02  -3.1216615e-03  -3.3540239e-03  -3.3789828e-03
  -1.6844471e-01  -4.6123860e-01   8.4455964e-02  -2.6639231e-03  -3.8382865e-03  -3.2814055e-03
  -1.6494170e-01  -4.6338806e-01   9.8507258e-02  -2.6763772e-03  -3.7343543e-03  -3.4002000e-03
  -1.6703582e-01  -4.5313019e-01   1.1136861e-01  -2.5462420e-03  -3.6167865e-03  -3.1799569e-03
  -1.8266918e-01  -4.6531386e-01   7.0226848e-02  -3.1107764e-03  -3.8162041e-03  -3.3334276e-03
  -1.7853330e-01  -4.4965765e-01   1.0264174e-01  -2.8008606e-03  -3.6470395e-03  -3.4945100e-03
  -1.7742287e-01  -4.4462053e-01   1.2267996e-01  -2.6459227e-03  -3.7999994e-03  -3.3235059e-03
  -2.5479415e-01  -4.2713290e-01   3.2855109e-02  -3.3337979e-03  -4.9930638e-03  -2.7135579e-03
  -2.2988960e-01  -4.8162147e-01   2.9166373e-02  -4.3149699e-03  -4.6640042e-03  -2.8903424e-03
  -2.0270199e-01  -4.7528899e-01   9.7578459e-02  -3.7322527e-03  -4.1215538e-03  -3.1008600e-03
  -1.9464536e-01  -4.6678620e-01   1.5193067e-01  -3.1329204e-03  -4.0797980e-03  -3.1140244e-03
  -1.9170975e-01  -4.5501899e-01   1.4108715e-01  -2.5379555e-03  -3.8664323e-03  -3.1069160e-03
  -1.8158480e-01  -4.8122739e-01   1.2091245e-01  -3.2691774e-03  -3.8006495e-03  -3.1011412e-03
  -1.8100200e-01  -4.8720255e-01   1.2238328e-01  -3.4533094e-03  -3.7613474e-03  -3.0520251e-03
  -1.8552934e-01  -4.9242228e-01   9.0500934e-02  -3.4256878e-03  -4.0879870e-03  -3.1194435e-03
  -1.8088258e-01  -5.0596628e-01   1.2813114e-01  -3.2953754e-03  -4.0784680e-03  -2.8830099e-03
  -1.8742381e-01  -5.0387816e-01   1.1138308e-01  -3.3022183e-03  -4.1407113e-03  -2.9171595e-03
  -1.8205779e-01  -5.2090837e-01   1.1360244e-01  -3.9016152e-03  -4.0549615e-03  -3.0624465e-03
  -1.6357838e-01  -5.4210235e-01   1.1233768e-01  -4.0998927e-03  -3.8055413e-03  -3.3553789e-03
  -1.6347565e-01  -4.7083455e-01   1.1077440e-01  -2.8225275e-03  -3.5223218e-03  -3.7385654e-03
  -1.7539748e-01  -4.6467917e-01   1.0901636e-01  -3.0862202e-03  -3.9374720e-03  -3.2799701e-03
  -1.6885068e-01  -4.7047430e-01   1.2822217e-01  -3.1559237e-03  -3.5128671e-03  -3.6072738e-03
  -1.6886919e-01  -4.6184375e-01   1.3154223e-01  -2.9741478e-03  -3.6367750e-03  -3.2378751e-03
  -1.8101627e-01  -4.7339906e-01   1.1631018e-01  -3.2626199e-03  -3.9967072e-03  -3.1674246e-03
  -1.7822560e-01  -4.9351641e-01   1.4677815e-01  -3.2122038e-03  -3.7895772e-03  -2.8529740e-03
  -1.8247015e-01  -4.9950113e-01   1.2002226e-01  -3.3842818e-03  -3.7661816e-03  -3.0082258e-03
  -1.7818962e-01  -5.0812142e-01   1.2479808e-01  -3.4087612e-03  -3.6758141e-03  -3.1319754e-03
  -1.7887503e-01  -5.0486071e-01   9.9205718e-02  -3.8348047e-03  -3.6402073e-03  -3.0899115e-03
  -1.7635955e-01  -5.1251849e-01   9.9755302e-02  -4.0372284e-03  -3.6636293e-03  -3.1617382e-03
  -1.7271186e-01  -4.6909796e-01   9.7472500e-02  -3.2179650e-03  -3.7414194e-03  -3.2374090e-03
  -1.6554797e-01  -4.6750636e-01   9.0027137e-02  -3.5926439e-03  -3.7859836e-03  -3.2402288e-03
  -1.5591025e-01  -4.7775420e-01   1.2596368e-01  -3.4000552e-03  -3.5917982e-03  -3.2812064e-03
  -1.5596943e-01  -4.9108183e-01   1.2274152e-01  -3.4088886e-03  -3.6256288e-03  -3.2632096e-03
  -1.6084402e-01  -5.2836563e-01   8.1832096e-02  -4.1071640e-03  -3.4322081e-03  -3.4583910e-03
  -1.7191187e-01  -4.9482387e-01   1.0705424e-01  -2.9927552e-03  -3.7243973e-03  -3.5223288e-03
  -1.7669793e-01  -4.7996996e-01   9.6464693e-02  -3.0189963e-03  -3.7695860e-03  -3.5382732e-03
  -1.9444203e-01  -4.6209555e-01   1.1525357e-01  -2.7998640e-03  -4.0449967e-03  -3.5931759e-03
  -1.8656381e-01  -4.7174027e-01   1.3076450e-01  -2.7823664e-03  -3.7320273e-03  -3.5238726e-03
  -1.8781867e-01  -4.9829236e-01   8.5503261e-02  -3.4509799e-03  -3.9291368e-03  -3.5884329e-03
  -1.7716106e-01  -5.0943642e-01   1.1341365e-01  -3.3999007e-03  -3.6789812e-03  -3.7195979e-03
  -1.8239497e-01  -5.2723101e-01   9.4161189e-02  -3.7548013e-03  -4.0417027e-03  -3.6710046e-03
  -1.7123896e-01  -5.2957375e-01   1.2491338e-01  -3.5765613e-03  -3.7793828e-03  -3.7243890e-03
  -1.7737473e-01  -5.7088426e-01   9.0958165e-02  -4.2434645e-03  -3.8359297e-03  -3.6336678e-03
  -1.6046979e-01  -5.2901707e-01   1.3164710e-01  -3.2199006e-03  -3.5939391e-03  -3.7485173e-03
  -1.6431499e-01  -5.1237538e-01   1.2956768e-01  -3.1975278e-03  -3.6417094e-03  -3.6728829e-03
  -1.7148029e-01  -4.9278184e-01   1.6590957e-01  -2.4806667e-03  -3.7869990e-03  -3.6906894e-03
  -1.6433727e-01  -5.0374773e-01   1.6884346e-01  -2.8451063e-03  -3.8082296e-03  -3.4135576e-03
  -1.6137381e-01  -5.0310919e-01   1.8857727e-01  -2.6884903e-03  -3.6325591e-03  -3.2309902e-03
  -1.6929028e-01  -5.2017702e-01   1.7740763e-01  -3.2503009e-03  -3.7989466e-03  -3.2765861e-03
  -1.7317983e-01  -5.2804313e-01   1.8528727e-01  -3.2149287e-03  -3.6458172e-03  -3.3912519e-03
  -1.7503829e-01  -5.2967858e-01   1.5546624e-01  -3.2829894e-03  -3.7910579e-03  -3.3695257e-03
  -1.6955674e-01  -5.3372110e-01   1.6039242e-01  -3.4922195e-03  -3.8850492e-03  -3.2309278e-03
  -1.7142213e-01  -5.4079098e-01   1.0152389e-01  -3.8268263e-03  -3.8658995e-03  -3.4550107e-03
  -1.7818028e-01  -5.5238858e-01   1.0374581e-01  -3.8532254e-03  -4.1369634e-03  -3.6173510e-03
  -1.8202249e-01  -5.3663275e-01   9.5569085e-02  -3.3927652e-03  -4.1085128e-03  -3.6628258e-03
  -1.6786585e-01  -5.2145020e-01   1.3650825e-01  -3.3300281e-03  -3.9320846e-03  -3.7337836e-03
  -1.6393135e-01  -5.2864448e-01   1.4638631e-01  -3.4610765e-03  -4.0743981e-03  -3.4654053e-03
  -1.6778762e-01  -5.5979054e-01   1.2178794e-01  -4.1186395e-03  -4.3877291e-03  -3.2180499e-03
  -1.6183563e-01  -5.6479767e-01   1.3949087e-01  -3.8545101e-03  -4.3556352e-03  -3.3209940e-03
  -1.6507546e-01  -5.4657558e-01   1.2834909e-01  -3.2886920e-03  -4.4301244e-03  -3.1410088e-03
  -1.6518698e-01  -5.5598489e-01   1.3673892e-01  -3.7184840e-03  -4.3980472e-03  -3.0652483e-03
  -1.5669948e-01  -5.3741630e-01   1.4528775e-01  -3.1867014e-03  -4.0679792e-03  -3.4235807e-03
  -1.6096043e-01  -5.6394693e-01   9.0184962e-02  -3.8121841e-03  -4.0318040e-03  -3.4448392e-03
  -1.5092980e-01  -5.4610033e-01   1.5058038e-01  -3.1124340e-03  -3.9691357e-03  -3.3487686e-03
  -1.5665967e-01  -5.5287890e-01   1.4945213e-01  -3.2484840e-03  -4.0058804e-03  -3.3937859e-03
  -1.5370543e-01  -5.5357179e-01   2.1272415e-01  -2.8415687e-03  -3.7497153e-03  -3.3116495e-03
  -1.5112011e-01  -5.5939983e-01   1.8655302e-01  -3.4235760e-03  -3.6727000e-03  -3.4002346e-03
  -1.4770295e-01  -5.5845654e-01   1.9943320e-01  -3.2030923e-03  -3.6619189e-03  -3.3800800e-03
  -1.4583130e-01  -5.5944480e-01   2.1596407e-01  -3.1489490e-03  -3.6270536e-03  -3.2952887e-03
  -1.5015299e-01  -5.6104196e-01   1.8818888e-01  -3.2712650e-03  -3.8575971e-03  -3.4102077e-03
  -1.4977617e-01  -5.4198984e-01   2.0971948e-01  -3.0176188e-03  -3.6557822e-03  -3.5312298e-03
  -1.2461119e-01  -5.4068130e-01   1.0791767e-01  -2.2048695e-03  -3.4765000e-03  -3.7736824e-03
  -1.0993660e-01  -5.4826357e-01   1.4273808e-01  -2.5577306e-03  -3.0236792e-03  -3.3573158e-03
  -1.1433114e-01  -5.2307291e-01   1.7066586e-01  -2.4177468e-03  -2.7451895e-03  -3.5677095e-03
  -1.3785182e-01  -5.1081907e-01   1.9299355e-01  -2.0907080e-03  -3.3594425e-03  -3.5152565e-03
  -1.4614350e-01  -5.1213065e-01   1.8859080e-01  -2.3880735e-03  -3.6413734e-03  -3.6414423e-03
  -1.3721361e-01  -5.0196568e-01   2.1122501e-01  -1.8172376e-03  -3.4552265e-03  -3.4758736e-03
  -1.2356952e-01  -5.4158062e-01   1.9377669e-01  -2.7720011e-03  -3.0943956e-03  -3.5014899e-03
  -1.2561563e-01  -5.4627138e-01   1.9647996e-01  -2.4875510e-03  -3.1593341e-03  -3.2615561e-03
  -1.1476881e-01  -5.5252001e-01   2.0772448e-01  -2.5432731e-03  -2.9050646e-03  -3.5526758e-03
  -1.3835716e-01  -5.5388779e-01   1.8871105e-01  -2.3375329e-03  -3.5166554e-03  -3.3339580e-03
  -1.5187360e-01  -5.6989051e-01   1.9167221e-01  -2.3418115e-03  -3.9064462e-03  -3.3608089e-03
  -1.2300850e-01  -7.0503321e-01   2.6220762e-01  -1.5048058e-03  -2.4140866e-03  -3.3476654e-03
  -9.9033046e-02  -6.7107066e-01   2.3696316e-01  -2.3469660e-03  -1.7197870e-03  -3.3297300e-03
  -1.8429815e-01  -6.0438514e-01  -6.9917085e-02  -4.0800406e-03  -2.6462864e-03  -2.5171934e-03
  -2.2523284e-01  -5.4104098e-01  -8.9009821e-02  -3.7213328e-03  -3.9231049e-03  -2.4258459e-03
  -2.2568882e-01  -5.4858053e-01  -2.5588747e-02  -4.0709578e-03  -3.8675970e-03  -2.2720348e-03
  -2.2913542e-01  -5.5968688e-01  -1.2116603e-02  -3.6443269e-03  -3.6989738e-03  -2.1381806e-03
  -2.4080424e-01  -5.6974281e-01  -5.1122169e-02  -3.5241723e-03  -4.0137088e-03  -1.6423753e-03
  -2.3593661e-01  -6.0950022e-01  -2.3912662e-01  -4.3979000e-03  -3.7671007e-03  -2.0438207e-03
  -2.2551546e-01  -6.2400514e-01  -1.2070018e-01  -5.2435144e-03  -3.5171162e-03  -1.5838593e-03
  -2.3336239e-01  -6.1234876e-01  -1.0702205e-01  -4.9285583e-03  -3.9127939e-03  -1.7050728e-03
  -2.2084342e-01  -6.3385474e-01  -1.1180070e-01  -5.0200116e-03  -3.5950948e-03  -1.9675318e-03
  -1.9984305e-01  -6.3961579e-01  -1.3501042e-01  -5.2391560e-03  -3.3914682e-03  -2.1067418e-03
  -2.0076924e-01  -5.8480338e-01  -1.5591162e-01  -4.6337705e-03  -3.4764756e-03  -2.3081688e-03
  -1.8655029e-01  -5.6692462e-01  -1.4027054e-01  -4.9092654e-03  -3.3967792e-03  -2.3634024e-03
  -1.8089290e-01  -5.5867684e-01  -1.2935143e-01  -4.9605572e-03  -3.3138922e-03  -2.3294663e-03
  -1.7592529e-01  -5.6080535e-01  -8.2266363e-02  -4.8651031e-03  -3.7083022e-03  -2.4083455e-03
  -1.6244923e-01  -5.7429791e-01  -1.0122642e-01  -5.2248420e-03  -3.4553294e-03  -2.1057492e-03
  -1.5787993e-01  -5.7348564e-01  -8.7822099e-02  -4.8714710e-03  -3.2771224e-03  -1.9601127e-03
  -1.5822292e-01  -6.0012388e-01  -1.2009788e-01  -5.3161916e-03  -3.3905514e-03  -2.0784607e-03
  -1.4365037e-01  -5.8326284e-01  -7.4278558e-02  -4.9675527e-03  -3.0255474e-03  -2.0254156e-03
  -1.4887093e-01  -5.7486320e-01  -1.0048929e-01  -5.1735459e-03  -3.0405039e-03  -1.8433465e-03
  -1.5860440e-01  -5.8965173e-01  -1.1019893e-01  -5.3890435e-03  -3.1883336e-03  -1.8796004e-03
  -1.5670352e-01  -5.7823070e-01  -1.2545299e-01  -5.3884298e-03  -2.9605339e-03  -1.7349241e-03
  -1.5036740e-01  -5.8034259e-01  -1.3254967e-01  -5.1262010e-03  -3.0767453e-03  -1.8259763e-03
  -1.4380038e-01  -6.0073221e-01  -1.0562066e-01  -5.2666660e-03  -2.9594098e-03  -1.7143365e-03
  -1.4046607e-01  -5.9264158e-01  -1.1053420e-01  -5.2996855e-03  -2.8304834e-03  -1.4631536e-03
