6.2243e-08
4.5705e-07
1.2632e-05
4.0278e-05
6.9926e-05
8.081e-05
8.1892e-05
8.3702e-05
7.982e-05
7.887e-05
7.3093e-05
5.4568e-05
4.5351e-05
5.5274e-05
7.0481e-05
7.1814e-05
6.9391e-05
7.5637e-05
7.0776e-05
6.0561e-05
5.4234e-05
4.4853e-05
4.2826e-05
5.5014e-05
7.8484e-05
8.354e-05
7.474e-05
6.8633e-05
7.2429e-05
8.3316e-05
8.2505e-05
6.901e-05
5.926e-05
5.0913e-05
4.8933e-05
5.2108e-05
6.0652e-05
6.7333e-05
7.037e-05
7.4119e-05
6.919e-05
6.2089e-05
5.5157e-05
6.0254e-05
6.5679e-05
5.8093e-05
5.3528e-05
5.7698e-05
6.6308e-05
6.5851e-05
7.1076e-05
6.7787e-05
6.4247e-05
6.7568e-05
7.0172e-05
6.363e-05
5.6124e-05
5.8538e-05
6.3644e-05
7.3977e-05
8.0718e-05
6.9642e-05
6.7636e-05
7.8184e-05
7.7627e-05
7.4142e-05
7.8486e-05
7.1897e-05
5.6237e-05
5.0637e-05
4.8458e-05
5.9657e-05
6.4089e-05
5.9474e-05
5.9291e-05
7.0337e-05
7.9459e-05
8.6767e-05
7.9609e-05
5.4361e-05
5.2334e-05
6.2678e-05
5.7759e-05
5.9324e-05
7.2269e-05
8.7392e-05
8.5605e-05
6.1628e-05
3.4814e-05
3.1698e-05
4.1867e-05
5.4184e-05
6.4525e-05
6.789e-05
7.6234e-05
7.8043e-05
7.5046e-05
7.8992e-05
8.26e-05
7.8857e-05
7.6584e-05
8.1955e-05
8.3717e-05
7.8765e-05
7.2191e-05
6.8954e-05
6.2672e-05
5.4657e-05
5.0008e-05
5.382e-05
5.2552e-05
4.6824e-05
5.1405e-05
5.9288e-05
7.4329e-05
7.8537e-05
6.1812e-05
4.9616e-05
5.9815e-05
7.6937e-05
8.0625e-05
8.7192e-05
8.3186e-05
6.6996e-05
5.5736e-05
5.3951e-05
6.4014e-05
7.6221e-05
7.4994e-05
7.5786e-05
7.2379e-05
7.0816e-05
6.0185e-05
4.2639e-05
4.5076e-05
5.2069e-05
4.9734e-05
5.354e-05
5.0671e-05
5.1484e-05
5.9512e-05
6.3664e-05
7.2774e-05
8.6608e-05
9.5538e-05
9.16e-05
7.9023e-05
6.1609e-05
5.2856e-05
5.7321e-05
6.637e-05
6.6155e-05
5.9474e-05
5.6595e-05
5.8867e-05
6.516e-05
7.2119e-05
7.4568e-05
8.1008e-05
8.4287e-05
7.5546e-05
6.1475e-05
5.9089e-05
5.417e-05
4.46e-05
5.076e-05
6.1578e-05
5.8795e-05
6.1921e-05
7.2888e-05
7.5866e-05
7.0675e-05
6.499e-05
6.6098e-05
6.291e-05
6.3783e-05
7.1028e-05
8.3964e-05
8.7946e-05
8.0793e-05
7.6785e-05
7.9573e-05
7.7339e-05
7.1569e-05
7.4732e-05
7.6171e-05
7.1482e-05
6.9768e-05
7.8546e-05
8.555e-05
7.4445e-05
6.4767e-05
6.1455e-05
5.1507e-05
4.7144e-05
4.683e-05
5.1918e-05
5.8081e-05
5.9355e-05
7.3559e-05
7.7129e-05
7.554e-05
8.1686e-05
8.4043e-05
7.5551e-05
7.1038e-05
6.8818e-05
6.508e-05
6.1439e-05
5.7622e-05
6.4971e-05
6.262e-05
4.8454e-05
5.0573e-05
5.5724e-05
5.4468e-05
5.4637e-05
5.7174e-05
5.5029e-05
5.8835e-05
6.8589e-05
7.1926e-05
6.6973e-05
6.6895e-05
7.153e-05
7.0431e-05
6.7232e-05
6.5829e-05
7.1952e-05
7.5572e-05
7.3608e-05
6.7412e-05
6.1035e-05
6.1217e-05
6.749e-05
6.4654e-05
5.6999e-05
6.6112e-05
7.5601e-05
7.8506e-05
8.3667e-05
8.4082e-05
6.7675e-05
5.6759e-05
5.2221e-05
4.7066e-05
5.5947e-05
7.1189e-05
6.943e-05
6.4253e-05
6.698e-05
7.5315e-05
8.1858e-05
7.4048e-05
7.1659e-05
7.3669e-05
6.7949e-05
6.4708e-05
6.5084e-05
6.3696e-05
6.1307e-05
6.3971e-05
6.2563e-05
6.281e-05
7.4424e-05
8.4765e-05
8.0271e-05
7.0444e-05
7.064e-05
7.1056e-05
6.7535e-05
5.3898e-05
4.7687e-05
5.244e-05
5.5992e-05
6.03e-05
6.0118e-05
4.5015e-05
3.7651e-05
3.8904e-05
3.9348e-05
3.5598e-05
2.892e-05
3.9552e-05
5.6476e-05
6.3754e-05
6.9086e-05
7.9877e-05
9.2642e-05
9.0969e-05
7.1624e-05
6.2779e-05
7.1137e-05
7.3432e-05
6.7894e-05
6.4825e-05
6.4438e-05
6.2503e-05
6.2368e-05
6.5548e-05
7.5983e-05
8.1772e-05
7.9698e-05
7.1667e-05
6.3059e-05
6.1229e-05
6.1625e-05
6.5012e-05
7.2348e-05
7.5053e-05
8.0468e-05
8.1794e-05
7.3592e-05
6.6204e-05
6.7037e-05
7.9743e-05
8.2062e-05
7.4463e-05
6.8701e-05
6.0269e-05
4.5623e-05
4.3959e-05
4.8168e-05
5.2564e-05
5.3027e-05
4.863e-05
5.3836e-05
5.7092e-05
5.8311e-05
6.2938e-05
6.6343e-05
7.3434e-05
8.0918e-05
7.389e-05
6.4852e-05
6.1972e-05
5.5131e-05
5.6799e-05
6.7701e-05
7.3325e-05
6.6961e-05
6.9443e-05
7.1926e-05
6.9163e-05
6.7804e-05
6.2793e-05
5.3441e-05
4.0903e-05
4.8023e-05
6.9167e-05
8.2434e-05
8.1386e-05
7.993e-05
8.2051e-05
7.0005e-05
5.6802e-05
4.6572e-05
3.7983e-05
4.5891e-05
7.2337e-05
7.6961e-05
8.5134e-05
