6.6074e-08
4.2922e-07
1.248e-05
4.004e-05
6.9756e-05
8.0794e-05
8.1867e-05
8.3701e-05
7.9843e-05
7.8863e-05
7.3186e-05
5.4688e-05
4.5339e-05
5.5155e-05
7.0407e-05
7.1845e-05
6.9367e-05
7.5604e-05
7.0858e-05
6.0605e-05
5.4302e-05
4.4906e-05
4.2801e-05
5.4852e-05
7.8349e-05
8.3576e-05
7.4812e-05
6.8658e-05
7.2372e-05
8.3257e-05
8.2585e-05
6.9097e-05
5.9315e-05
5.094e-05
4.8918e-05
5.206e-05
6.0587e-05
6.7311e-05
7.0341e-05
7.4121e-05
6.9252e-05
6.2147e-05
5.5191e-05
6.0167e-05
6.5695e-05
5.8139e-05
5.3535e-05
5.7616e-05
6.6277e-05
6.5827e-05
7.1037e-05
6.7838e-05
6.4233e-05
6.7535e-05
7.017e-05
6.3704e-05
5.6133e-05
5.8506e-05
6.3602e-05
7.3904e-05
8.0749e-05
6.9735e-05
6.7573e-05
7.8136e-05
7.7661e-05
7.4136e-05
7.8467e-05
7.2014e-05
5.6307e-05
5.0665e-05
4.8427e-05
5.9574e-05
6.4121e-05
5.9508e-05
5.9255e-05
7.0256e-05
7.9427e-05
8.6732e-05
7.9757e-05
5.4488e-05
5.2245e-05
6.2657e-05
5.7798e-05
5.9261e-05
7.2152e-05
8.7323e-05
8.5719e-05
6.1852e-05
3.4942e-05
3.164e-05
4.1788e-05
5.4075e-05
6.4481e-05
6.7838e-05
7.617e-05
7.8065e-05
7.5043e-05
7.8941e-05
8.2587e-05
7.8878e-05
7.6554e-05
8.1911e-05
8.3737e-05
7.8824e-05
7.2232e-05
6.8991e-05
6.2742e-05
5.4715e-05
5.0011e-05
5.3788e-05
5.2611e-05
4.6836e-05
5.1365e-05
5.9216e-05
7.4222e-05
7.8597e-05
6.1943e-05
4.9626e-05
5.967e-05
7.6875e-05
8.0602e-05
8.7162e-05
8.3291e-05
6.7127e-05
5.5784e-05
5.3923e-05
6.3891e-05
7.6185e-05
7.4994e-05
7.5783e-05
7.2402e-05
7.0833e-05
6.032e-05
4.2711e-05
4.5002e-05
5.2074e-05
4.9734e-05
5.3519e-05
5.0707e-05
5.143e-05
5.948e-05
6.3632e-05
7.27e-05
8.6515e-05
9.552e-05
9.1655e-05
7.9133e-05
6.1707e-05
5.2862e-05
5.7252e-05
6.6328e-05
6.6189e-05
5.951e-05
5.6584e-05
5.8836e-05
6.5097e-05
7.2092e-05
7.4543e-05
8.0956e-05
8.4294e-05
7.5644e-05
6.1537e-05
5.9078e-05
5.4244e-05
4.4625e-05
5.0661e-05
6.1542e-05
5.8825e-05
6.1839e-05
7.2829e-05
7.5869e-05
7.0735e-05
6.4989e-05
6.609e-05
6.2911e-05
6.3741e-05
7.0939e-05
8.3874e-05
8.7958e-05
8.0832e-05
7.6767e-05
7.9557e-05
7.7396e-05
7.159e-05
7.4686e-05
7.6176e-05
7.15e-05
6.973e-05
7.8434e-05
8.5545e-05
7.4536e-05
6.4789e-05
6.1506e-05
5.1578e-05
4.7159e-05
4.6841e-05
5.1865e-05
5.8088e-05
5.9308e-05
7.347e-05
7.7169e-05
7.5531e-05
8.165e-05
8.4069e-05
7.561e-05
7.1032e-05
6.8849e-05
6.5099e-05
6.1476e-05
5.7598e-05
6.4912e-05
6.2721e-05
4.8517e-05
5.0517e-05
5.5712e-05
5.4475e-05
5.4609e-05
5.7157e-05
5.503e-05
5.8761e-05
6.8525e-05
7.1936e-05
6.7013e-05
6.6864e-05
7.1516e-05
7.0452e-05
6.7255e-05
6.5814e-05
7.1901e-05
7.5575e-05
7.3626e-05
6.7462e-05
6.105e-05
6.1183e-05
6.7453e-05
6.4736e-05
5.6995e-05
6.6015e-05
7.5553e-05
7.8482e-05
8.362e-05
8.4155e-05
6.78e-05
5.6788e-05
5.226e-05
4.7078e-05
5.5837e-05
7.1139e-05
6.9477e-05
6.4247e-05
6.6925e-05
7.5229e-05
8.186e-05
7.4116e-05
7.1631e-05
7.3689e-05
6.7992e-05
6.4712e-05
6.5074e-05
6.3712e-05
6.1295e-05
6.3947e-05
6.2587e-05
6.2761e-05
7.4324e-05
8.4733e-05
8.0355e-05
7.0474e-05
7.062e-05
7.1045e-05
6.7596e-05
5.3993e-05
4.7677e-05
5.2401e-05
5.597e-05
6.0256e-05
6.017e-05
4.5108e-05
3.7637e-05
3.8895e-05
3.9355e-05
3.5663e-05
2.8928e-05
3.942e-05
5.6388e-05
6.3724e-05
6.9035e-05
7.9776e-05
9.2574e-05
9.1058e-05
7.1763e-05
6.2755e-05
7.1075e-05
7.3449e-05
6.793e-05
6.4825e-05
6.4453e-05
6.2516e-05
6.2373e-05
6.5502e-05
7.591e-05
8.1764e-05
7.9735e-05
7.1744e-05
6.3109e-05
6.1237e-05
6.1627e-05
6.4958e-05
7.23e-05
7.5026e-05
8.0415e-05
8.1825e-05
7.3647e-05
6.6238e-05
6.6968e-05
7.9663e-05
8.2103e-05
7.4526e-05
6.8744e-05
6.0371e-05
4.5697e-05
4.3918e-05
4.8132e-05
5.2525e-05
5.306e-05
4.8627e-05
5.3779e-05
5.7083e-05
5.8275e-05
6.29e-05
6.6312e-05
7.338e-05
8.093e-05
7.3999e-05
6.4889e-05
6.2018e-05
5.5172e-05
5.6753e-05
6.7632e-05
7.3356e-05
6.7002e-05
6.94e-05
7.194e-05
6.9159e-05
6.7811e-05
6.2827e-05
5.3532e-05
4.0946e-05
4.7883e-05
6.9017e-05
8.2378e-05
8.1413e-05
7.9898e-05
8.2081e-05
7.0116e-05
5.6874e-05
4.6649e-05
3.8024e-05
4.5725e-05
7.2199e-05
7.6918e-05
8.5152e-05
