-8.6281e-06
0.00014918
0.0014447
0.0036709
0.0046895
0.0041679
0.0036263
0.0032464
0.0032482
0.0037953
0.0040102
0.0035768
0.0045701
0.0058518
0.0060204
0.0056412
0.0060601
0.0070657
0.006959
0.0062203
0.0046572
0.0038603
0.0045237
0.0052621
0.0062636
0.0069617
0.0074987
0.0080868
0.0086324
0.0084887
0.0071842
0.0059008
0.0055851
0.005182
0.0052886
0.0059782
0.005846
0.005266
0.0056775
0.0058038
0.0059286
0.0060375
0.0051972
0.0045411
0.0038782
0.004243
0.0053266
0.0055745
0.0048427
0.0045389
0.0050561
0.0054841
0.0056594
0.0048988
0.0038177
0.0031219
0.0040934
0.0056659
0.0064599
0.0064339
0.0058605
0.0046941
0.0042517
0.0042789
0.0037749
0.0038518
0.0050427
0.0050017
0.0044876
0.0046619
0.0044283
0.0042751
0.0045641
0.0049235
0.0042512
0.0039927
0.0044186
0.0042399
0.0028795
0.0018046
0.0020475
0.0028416
0.0034751
0.0040905
0.0051797
0.0062138
0.0050754
0.0036597
0.003428
0.0033423
0.0038961
0.0061486
0.006909
0.0065518
0.0074158
0.0082862
0.0079912
0.0069218
0.0057323
0.0055575
0.0051881
0.0040366
0.0031149
0.0026134
0.0032801
0.0048504
0.0050238
0.0047365
0.0047679
0.0044963
0.0036368
0.0035487
0.0046748
0.0057399
0.0066924
0.0067529
0.0053576
0.0038824
0.0032552
0.002668
0.0027631
0.0045656
0.0054105
0.0059163
0.0058584
0.0048415
0.0049711
0.0048445
0.0048997
0.0057113
0.0061379
0.0055192
0.0037728
0.0028872
0.0041771
0.0050329
0.0049076
0.0052703
0.004292
0.0041301
0.0057369
0.0062477
0.0061059
0.0064004
0.0064864
0.005741
0.0047378
0.0044495
0.0038578
0.0034876
0.0029872
0.002448
0.0025013
0.0028089
0.0034096
0.0036323
0.003182
0.0037347
0.0046032
0.0047571
0.004903
0.0050874
0.0056359
0.0060214
0.005722
0.0046549
0.003343
0.0023297
0.0028568
0.0034634
0.0037098
0.0039496
0.004139
0.0047153
0.005096
0.0058078
0.0063034
0.005684
0.0053653
0.0061102
0.0059548
0.0058953
0.0057828
0.0052995
0.0050562
0.0045038
0.0043392
0.0050223
0.0066165
0.0074212
0.007021
0.0065883
0.0056605
0.0045298
0.0048189
0.0053215
0.0056621
0.0058849
0.0056352
0.0054212
0.0049164
0.005633
0.0061206
0.0051672
0.0041227
0.0039499
0.003683
0.0040095
0.0049282
0.0050377
0.0053787
0.0051288
0.0048056
0.0052524
0.005275
0.0048405
0.0045942
0.005389
0.0057469
0.0052366
0.0060751
0.0070166
0.0062078
0.0050754
0.0046559
0.004296
0.0044503
0.0056997
0.0060911
0.0060292
0.0064863
0.0064386
0.0061908
0.0057693
0.0062544
0.0059902
0.0051544
0.0056939
0.0060072
0.0058083
0.0060216
0.0059187
0.0045743
0.0031789
0.0024129
0.0023467
0.0028867
0.0042559
0.0046875
0.0041305
0.0050588
0.0069142
0.0071372
0.0063151
0.0063687
0.0060484
0.0053992
0.0046925
0.0045299
0.0046642
0.0043535
0.0040186
0.0032544
0.0033389
0.0039307
0.0044323
0.0044208
0.0041074
0.0041354
0.0040926
0.0032879
0.002774
0.0031741
0.0033863
0.0036468
0.003638
0.0035095
0.0035084
0.0036123
0.0029993
0.0026433
0.0020261
0.002662
0.0043962
0.0051157
0.006022
0.0071114
0.007315
0.0072727
0.0067753
0.0053575
0.004507
0.0045752
0.0048064
0.0048468
0.0044126
0.0045411
0.0056564
0.0060858
0.0054719
0.0053812
0.0054747
0.0042735
0.0032505
0.0043391
0.0054106
0.0053131
0.0058103
0.006707
0.0067513
0.0057453
0.0041556
0.0034594
0.0039225
0.003848
0.0032707
0.0031022
0.003167
0.0034695
0.002967
0.0027814
0.0045906
0.0047902
0.0048834
0.0056975
0.0058385
0.0050648
0.0038692
0.0043051
0.0046556
0.0041628
0.0038529
0.0034932
0.0033859
0.0047094
0.0051581
0.0043317
0.0035556
0.0038901
0.0055107
0.0058407
0.0052088
0.0040913
0.0040141
0.0042368
0.003756
0.0030339
0.002358
0.0029568
0.0046903
0.0058681
0.0061538
0.0059661
0.0051415
0.0037055
0.0032437
0.0032826
0.0029673
0.0033003
0.0044322
0.0045851
0.0051591
