   0.0000000e+00   0.0000000e+00   0.0000000e+00  -1.3877788e-17   0.0000000e+00   0.0000000e+00
   6.7144869e-02   2.3064875e-02   3.6193226e-01  -2.8797919e-05  -5.9299067e-04  -2.2271658e-03
   8.7521284e-02  -3.1443981e-02   4.7452276e-01  -1.4237207e-03  -2.3440641e-04  -1.7057563e-03
   7.9848726e-02   3.6051413e-02   5.0142962e-01  -5.8752290e-04  -1.9027900e-04  -1.6222858e-03
   1.0417103e-01  -8.0516629e-02   6.1450503e-01  -9.4522656e-04  -6.1433769e-05  -1.6032709e-03
   1.1242781e-01  -6.0936753e-02   5.6314567e-01  -1.5393731e-03   2.3191823e-05  -1.5647623e-03
   9.9317702e-02  -2.6923682e-02   5.1606701e-01  -1.1811522e-03  -1.7236389e-04  -1.5817409e-03
   9.5784721e-02  -8.1117579e-02   5.8503884e-01  -8.1449046e-04  -3.7353056e-04  -1.5726770e-03
   9.8915665e-02  -5.4437655e-02   5.5960563e-01  -1.1388830e-03  -8.4292396e-05  -1.3615665e-03
   8.4244781e-02  -5.5346458e-02   5.6101675e-01  -1.0739257e-03  -3.5617549e-04  -1.6129212e-03
   8.5639287e-02  -1.0181472e-01   5.9938572e-01  -9.5241984e-04  -5.0095158e-04  -1.6724525e-03
   8.8560725e-02  -9.6431184e-02   5.9720031e-01  -1.4264982e-03  -1.6287567e-04  -1.4425983e-03
   7.8486497e-02  -1.0637449e-01   5.7551389e-01  -1.7365263e-03  -2.0219391e-04  -1.5227658e-03
   5.7330353e-02  -5.3441891e-02   4.6723436e-01  -1.9513782e-03  -3.9750461e-04  -1.4111762e-03
   1.1778248e-01  -4.4437873e-02   5.3819658e-01  -5.3324989e-06  -2.3588067e-04  -1.0480379e-03
   1.0124592e-01  -3.7263530e-02   4.4038992e-01  -5.0269982e-04  -8.5913384e-06  -1.3733176e-03
   6.5874501e-02   1.6895361e-03   4.6077704e-01   4.9877025e-04  -5.8735218e-04  -1.4359324e-03
   7.7525974e-02  -9.0497908e-02   5.9166553e-01  -5.2494293e-04  -5.7721988e-04  -1.4358611e-03
   7.6689501e-02  -4.5441997e-02   5.3248014e-01  -2.4838260e-04  -1.6726055e-04  -1.1541560e-03
   5.9318946e-02  -1.4929723e-02   5.0269359e-01   7.0555349e-04  -6.1893040e-04  -1.4834647e-03
   8.7212302e-02  -1.1013083e-01   5.6854543e-01  -1.0265155e-03  -4.6253825e-04  -1.3194828e-03
   7.9645453e-02  -1.6726766e-02   4.9396250e-01  -1.6319958e-04  -3.2488829e-04  -1.2991565e-03
   7.4318215e-02  -2.3651669e-02   5.7802010e-01   4.5083887e-04  -5.4677405e-04  -1.4152211e-03
   9.9041303e-02  -6.5620994e-02   5.5597628e-01  -6.4914685e-04  -1.2419629e-04  -1.3944338e-03
   8.1020144e-02  -5.1781482e-03   5.1396344e-01  -6.8204577e-05  -3.3900752e-04  -1.5265296e-03
   8.0700490e-02  -4.4372761e-02   5.3224067e-01  -8.0662713e-05  -5.2901742e-04  -1.5224069e-03
   1.0331197e-01  -8.7646407e-02   6.1129986e-01  -4.4645803e-04  -4.8916560e-04  -1.3722299e-03
   1.0576870e-01  -4.9987322e-02   5.6055951e-01   5.1801964e-05  -5.2292318e-04  -1.3989204e-03
   9.6202347e-02  -5.8493963e-02   5.7795693e-01   1.6578680e-04  -7.0829967e-04  -1.4926564e-03
   8.8227823e-02  -6.7055398e-02   5.8674413e-01   8.3329887e-04  -1.0051964e-03  -1.8756852e-03
   9.1469128e-02  -6.2420792e-02   5.9344005e-01   1.6259245e-04  -9.2128798e-04  -1.7095524e-03
   9.9877292e-02  -4.0073217e-02   5.9353044e-01   6.9999779e-04  -5.8341368e-04  -1.5601920e-03
   8.4801009e-02  -1.6140730e-02   5.6590458e-01   9.1783353e-04  -5.8533034e-04  -1.6906111e-03
   7.9959653e-02  -2.3171797e-02   5.8187751e-01   1.3504793e-03  -7.6178331e-04  -1.5384210e-03
   8.8842753e-02  -1.5079008e-02   6.4196434e-01   1.1740143e-03  -6.7120276e-04  -1.5495456e-03
   9.5348658e-02  -3.1820738e-02   6.2207747e-01   1.0873563e-03  -5.7068206e-04  -1.4974884e-03
   8.8744801e-02  -3.2739584e-02   5.6543008e-01   8.3401544e-04  -3.7450549e-04  -1.3771961e-03
   9.4625201e-02  -7.6932736e-02   6.2864390e-01   1.1550155e-03  -5.2498220e-04  -1.8745220e-03
   9.8352679e-02  -7.6765470e-02   6.3727090e-01   1.0403496e-03  -5.4128807e-04  -1.6691330e-03
   9.6013544e-02  -4.6234328e-02   6.3906572e-01   8.0765205e-04  -4.0547286e-04  -1.6926983e-03
   9.1414312e-02  -3.8463725e-02   6.3091630e-01   1.0558463e-03  -5.6205033e-04  -1.7634806e-03
   8.3637155e-02  -5.3116956e-02   6.1787197e-01   6.2909141e-04  -5.9681426e-04  -1.8962368e-03
   8.7868194e-02  -8.3475472e-02   6.3695878e-01   6.7111980e-04  -5.8030314e-04  -2.0022965e-03
   1.1037848e-01  -1.2868645e-01   6.5669137e-01   4.1330554e-04  -3.9618953e-04  -1.8394694e-03
   1.2090541e-01  -1.4386589e-01   6.5365361e-01  -3.9498976e-04  -1.0455354e-04  -1.7989556e-03
   1.2967127e-01  -1.2055096e-01   6.2644562e-01  -1.8241766e-04   1.2995531e-05  -1.6676524e-03
   1.2438040e-01  -1.4259804e-01   6.5782461e-01  -4.2934450e-04  -7.3287150e-05  -1.7589440e-03
   1.1462724e-01  -1.7010841e-01   6.9395661e-01   1.9233333e-05  -5.3908712e-04  -1.8802209e-03
   1.3230838e-01  -1.8012743e-01   6.7046414e-01  -8.8048525e-04  -1.5604716e-04  -1.6566417e-03
   1.2545930e-01  -1.4828925e-01   6.7176182e-01  -4.0373680e-04  -9.9022833e-05  -1.6326557e-03
   9.7610395e-02  -1.0995324e-01   6.3902181e-01   3.2215163e-04  -4.3093330e-04  -1.6544494e-03
   1.0256544e-01  -1.4371655e-01   6.4508523e-01   4.6990499e-05  -2.5490030e-04  -1.6888828e-03
   9.8294475e-02  -1.5556460e-01   6.6216328e-01   3.8000542e-05  -7.1014841e-04  -1.6800244e-03
   1.0790993e-01  -1.7636656e-01   6.3000955e-01  -5.4745817e-04  -1.0425338e-03  -1.8009590e-03
   9.7903497e-02  -1.0901412e-01   6.2494528e-01   3.3636974e-04  -1.1000593e-03  -1.8309905e-03
   1.0477337e-01  -1.1961630e-01   6.7370794e-01   2.6795508e-04  -7.0450642e-04  -1.5774285e-03
   9.3912025e-02  -1.2244101e-01   6.4354622e-01   6.0706675e-04  -8.3390455e-04  -1.7941316e-03
   1.0137334e-01  -1.1694555e-01   7.0747163e-01   4.4290343e-04  -6.4716522e-04  -1.5941406e-03
   1.0527005e-01  -1.1281940e-01   7.2374406e-01   7.7772139e-04  -6.0003545e-04  -1.4625309e-03
   9.2343100e-02  -8.6280662e-02   6.8536668e-01   9.2682740e-04  -7.7261677e-04  -1.6947307e-03
   9.2406884e-02  -1.0450378e-01   6.4362655e-01   4.7754723e-04  -1.0341691e-03  -1.7864155e-03
   8.4690368e-02  -1.3339224e-01   6.8621058e-01   4.8185803e-04  -9.6643377e-04  -2.0035696e-03
   8.8025640e-02  -1.0836317e-01   6.5532097e-01   2.7851293e-04  -8.1682930e-04  -1.5800408e-03
   7.1450492e-02  -7.7562730e-02   6.8168469e-01   1.4699153e-03  -1.0827045e-03  -1.9815158e-03
   8.7049581e-02  -1.1298893e-01   7.0204760e-01   1.1097189e-03  -8.0088844e-04  -1.7363389e-03
   9.8470849e-02  -1.3059784e-01   7.1618949e-01   4.2876407e-04  -5.0702318e-04  -1.6872911e-03
   1.0918607e-01  -1.4685916e-01   7.1518294e-01   1.8884087e-04  -3.0921575e-04  -1.5461914e-03
   9.5905875e-02  -1.4227528e-01   7.2615463e-01  -3.1760949e-05  -4.0141144e-04  -1.2504576e-03
   7.4691274e-02  -1.2435421e-01   6.7420276e-01   3.7578422e-04  -5.1176221e-04  -1.2596109e-03
   8.1660997e-02  -1.9416170e-01   6.9964920e-01  -3.9314784e-04  -3.8938026e-04  -1.2410201e-03
   8.6475728e-02  -1.3475102e-01   7.0660355e-01  -3.3748882e-04   4.1105509e-05  -1.0541594e-03
   7.4619911e-02  -1.2379195e-01   6.9230675e-01   1.3313995e-04  -2.1086666e-04  -1.1235326e-03
   8.2872460e-02  -1.9653484e-01   7.5131126e-01  -5.8940842e-04  -4.2998391e-04  -1.1859443e-03
   9.5600251e-02  -2.0825100e-01   7.8468550e-01  -6.2042207e-04  -6.5621621e-04  -1.1249533e-03
   8.9021135e-02  -2.0114391e-01   7.9186036e-01  -2.8394871e-04  -9.9133763e-04  -1.2492124e-03
   7.5504061e-02  -1.6842053e-01   7.5409324e-01  -1.7713796e-04  -1.2049566e-03  -1.3777967e-03
   8.1075306e-02  -2.4640299e-01   7.8543243e-01  -4.3084138e-04  -1.1622392e-03  -1.2206131e-03
   8.4775076e-02  -2.3626222e-01   7.7482575e-01  -9.6365202e-04  -1.0802699e-03  -1.3040851e-03
   7.0266215e-02  -1.9354602e-01   7.5847556e-01   5.8692780e-05  -1.3418803e-03  -1.5399793e-03
   7.1654846e-02  -1.8366482e-01   7.8687164e-01   3.1209649e-05  -1.3002212e-03  -1.4090583e-03
   7.0282709e-02  -1.7254788e-01   7.7384372e-01   1.8453302e-04  -1.5646800e-03  -1.7115623e-03
   8.7960270e-02  -1.8672739e-01   7.7381824e-01  -5.7812478e-05  -1.2711840e-03  -1.6202551e-03
   9.2916321e-02  -2.1306775e-01   8.0029991e-01  -3.9986657e-04  -1.1319280e-03  -1.6899188e-03
   1.1784404e-01  -2.6828227e-01   8.0246281e-01  -1.0788669e-03  -4.7469860e-04  -1.6920470e-03
   9.5262675e-02  -2.2679664e-01   7.4113040e-01  -3.3376985e-04  -6.6484566e-04  -1.5286970e-03
   8.1210355e-02  -1.8031121e-01   7.3561073e-01   9.8775589e-05  -8.0718569e-04  -1.5909037e-03
   8.5988587e-02  -1.8043232e-01   7.5863189e-01   1.1198132e-04  -8.3620892e-04  -1.4401715e-03
   9.2667553e-02  -2.0378659e-01   7.9862888e-01  -3.5725228e-04  -6.0238780e-04  -1.3744351e-03
   1.1652471e-01  -1.2666464e-01   7.0036185e-01   9.6489920e-04  -2.9107581e-04  -1.6347147e-03
   1.0438965e-01  -1.5084210e-01   6.7326110e-01   1.3278991e-03  -3.8717763e-04  -1.4853118e-03
   1.0182945e-01  -1.7165369e-01   7.2218984e-01   3.1733728e-04  -3.9825502e-04  -1.2319380e-03
   1.1462332e-01  -2.0396951e-01   7.5410749e-01   7.5579265e-04  -5.6945516e-04  -1.2182809e-03
   9.7982381e-02  -2.0473331e-01   7.0638098e-01   1.0685581e-03  -9.6269798e-04  -1.5234713e-03
   1.2826416e-01  -2.7093581e-01   7.4688369e-01  -1.8159234e-04  -4.0861261e-04  -1.2302067e-03
   1.2496573e-01  -2.0198757e-01   7.5413290e-01   7.1358888e-04  -7.2162973e-04  -1.2114343e-03
   9.4841355e-02  -1.5209212e-01   6.8548813e-01   1.3307658e-03  -9.3398472e-04  -1.3147483e-03
   9.6517647e-02  -2.1286910e-01   7.4853182e-01   6.5619702e-04  -9.5243899e-04  -1.1654856e-03
   1.1655724e-01  -2.4461426e-01   7.5173852e-01   2.1906364e-04  -7.0369378e-04  -9.6592689e-04
   9.8570674e-02  -2.0559879e-01   7.5401544e-01   8.6292373e-04  -9.2135322e-04  -1.1736327e-03
   1.0217595e-01  -2.5770076e-01   7.6413569e-01   5.5767389e-04  -8.6401943e-04  -1.0449710e-03
   1.0892478e-01  -2.4308475e-01   7.8510213e-01   1.8948581e-04  -1.0089967e-03  -1.1774924e-03
   1.1961534e-01  -2.3013305e-01   7.6813910e-01   3.1452540e-04  -8.2817128e-04  -1.1941442e-03
   1.1824912e-01  -2.2096175e-01   7.4756139e-01   7.0790755e-04  -6.9477173e-04  -1.5557510e-03
   1.3284089e-01  -2.4394354e-01   7.4082470e-01  -4.4888376e-05  -2.9120552e-04  -1.2664414e-03
   1.2617562e-01  -2.9435302e-01   7.4657812e-01   2.0126477e-04  -3.1054129e-04  -1.3112077e-03
   1.4800091e-01  -2.7547188e-01   7.2945007e-01  -4.4682194e-04   1.7210418e-04  -1.3666415e-03
   1.2013727e-01  -2.3402582e-01   7.1705644e-01   1.8305437e-04  -9.4849802e-05  -1.2371210e-03
   1.1855420e-01  -2.2380230e-01   7.4891951e-01   7.1041196e-04   1.1311302e-04  -1.3163023e-03
   1.3309653e-01  -2.8731749e-01   7.9092786e-01  -1.8592285e-04   4.2096001e-04  -1.1981758e-03
   1.3831684e-01  -2.5292857e-01   7.7939854e-01   3.4850654e-04   9.2970290e-04  -1.0674062e-03
   1.3880482e-01  -2.2243826e-01   7.9486197e-01   7.8093922e-04   8.2860608e-04  -1.1620475e-03
   1.3959476e-01  -2.5744893e-01   8.0048135e-01   8.7195013e-04   6.3071464e-04  -1.0553118e-03
   1.3686943e-01  -2.8021586e-01   8.2130703e-01   4.5259907e-04   6.8243909e-04  -1.3450369e-03
   1.3949879e-01  -2.7832942e-01   8.2691512e-01   5.6193853e-04   8.0915703e-04  -9.8100918e-04
   1.3301131e-01  -2.6607956e-01   8.2450410e-01   7.4421972e-04   6.1306034e-04  -1.0145698e-03
   1.2849681e-01  -2.6690672e-01   7.7281472e-01   9.8801110e-04   5.8857269e-04  -1.1504938e-03
   1.4686842e-01  -2.9693407e-01   8.1343120e-01   3.4926738e-04   7.7306393e-04  -1.0167808e-03
   1.6356201e-01  -3.0724295e-01   7.9443449e-01  -1.4471336e-04   1.1108054e-03  -8.7992122e-04
   1.6318605e-01  -2.5919408e-01   7.8722637e-01   5.3077522e-04   9.9055476e-04  -1.1429517e-03
   1.5299350e-01  -2.5211492e-01   7.7300353e-01   1.3733489e-03   7.2004693e-04  -1.5467516e-03
   1.4678380e-01  -3.0119206e-01   8.4629183e-01   9.6097416e-04   8.8133542e-04  -1.0351930e-03
   1.5778975e-01  -2.4221227e-01   7.9314043e-01   1.0690806e-03   1.3027793e-03  -1.0915757e-03
   1.7215663e-01  -2.6410169e-01   7.7614699e-01   5.2797642e-04   1.6729593e-03  -1.3406610e-03
   1.6439834e-01  -2.9084012e-01   8.1899497e-01   7.5506610e-04   1.2688978e-03  -1.3043421e-03
   1.7256711e-01  -3.0265842e-01   8.7620843e-01   4.9070207e-04   1.2929944e-03  -1.1918694e-03
   1.8171572e-01  -3.0591308e-01   8.8021371e-01   5.6619023e-04   1.4386115e-03  -1.1567596e-03
   1.8518343e-01  -2.9711187e-01   8.4039073e-01   4.7924378e-04   1.3081289e-03  -1.2861849e-03
   1.8476792e-01  -3.1091883e-01   8.5632401e-01   1.8300997e-04   1.5243174e-03  -1.2255372e-03
   1.6961464e-01  -3.2040149e-01   8.3923495e-01   5.7523944e-04   1.2960898e-03  -1.4083723e-03
   1.7630210e-01  -3.3571489e-01   8.5540716e-01   3.1504005e-04   1.2208811e-03  -1.4356972e-03
   1.8549100e-01  -3.2584938e-01   8.3406804e-01   8.9964969e-05   1.4778721e-03  -1.3192667e-03
   2.0796855e-01  -3.3810987e-01   8.3606610e-01  -1.9469909e-04   1.7928915e-03  -1.4423848e-03
   2.1928884e-01  -3.6567360e-01   8.4306849e-01  -6.8747565e-04   1.9416079e-03  -1.4263758e-03
   1.9793044e-01  -3.5461242e-01   8.5534464e-01  -4.8465760e-06   1.5116470e-03  -1.4280318e-03
   2.0440336e-01  -3.6136275e-01   8.4132664e-01  -4.3239402e-04   1.4956851e-03  -1.5692456e-03
   2.0718501e-01  -3.4892448e-01   8.3657656e-01  -7.9076397e-04   1.6925113e-03  -1.6655469e-03
   2.0105432e-01  -3.4166448e-01   8.2190937e-01  -7.0838601e-04   1.7086626e-03  -1.5451068e-03
   2.1215919e-01  -3.3852946e-01   8.0871083e-01  -8.9042616e-04   1.8741806e-03  -1.6054034e-03
   2.0823050e-01  -3.7139387e-01   8.2971388e-01  -9.6217692e-04   1.9708742e-03  -1.5713902e-03
   2.1531070e-01  -3.7626295e-01   8.3310196e-01  -1.0329684e-03   2.1732944e-03  -1.6175214e-03
   2.2692151e-01  -3.9534286e-01   8.6098678e-01  -1.2284067e-03   2.0842879e-03  -1.4260455e-03
   2.4432408e-01  -4.3119149e-01   8.4592587e-01  -1.9361415e-03   2.3233494e-03  -1.3620239e-03
   2.3691723e-01  -4.1251650e-01   8.3564942e-01  -1.7386845e-03   2.2350258e-03  -1.4668995e-03
   2.2988409e-01  -4.3342180e-01   8.1104314e-01  -2.3305029e-03   2.2236654e-03  -1.5110189e-03
   2.0398339e-01  -4.1316622e-01   8.2612859e-01  -2.2263348e-03   1.9952065e-03  -1.7278573e-03
   2.1525756e-01  -4.5450425e-01   8.4406905e-01  -2.2542849e-03   2.2876841e-03  -1.7091689e-03
   2.3420382e-01  -4.8040456e-01   8.8614435e-01  -2.7486007e-03   2.6741487e-03  -1.5800463e-03
   2.4682499e-01  -5.1428777e-01   8.8284906e-01  -3.0790930e-03   2.7060366e-03  -1.5010796e-03
   2.2211756e-01  -4.5234103e-01   7.9411975e-01  -2.2421208e-03   2.4677861e-03  -1.8215919e-03
   2.4804691e-01  -4.7967551e-01   8.2482041e-01  -2.3934323e-03   2.5377810e-03  -1.6718295e-03
   2.6120552e-01  -4.6642467e-01   8.4199424e-01  -2.3140268e-03   2.7982672e-03  -1.5260503e-03
   2.6374882e-01  -4.7210893e-01   8.2199897e-01  -2.2451582e-03   2.7025969e-03  -1.6057109e-03
   2.5001493e-01  -4.5993377e-01   8.2909773e-01  -1.8790661e-03   2.5103234e-03  -1.6205944e-03
   2.4636591e-01  -4.6315568e-01   8.2656082e-01  -1.8928937e-03   2.3286805e-03  -1.5962257e-03
   2.5737535e-01  -4.6905931e-01   8.5693549e-01  -2.2572772e-03   2.4180859e-03  -1.4962848e-03
   2.7389458e-01  -4.9545999e-01   8.1866181e-01  -2.3492087e-03   2.3580893e-03  -1.6672576e-03
   2.5813786e-01  -4.6980424e-01   7.6083191e-01  -1.9403103e-03   2.3112245e-03  -1.9420890e-03
   2.6347244e-01  -5.3025879e-01   7.9475997e-01  -2.5976305e-03   2.4616899e-03  -1.8085649e-03
   2.6020760e-01  -4.3695578e-01   7.9769389e-01  -1.8441176e-03   2.6106855e-03  -2.0552780e-03
   2.6313038e-01  -4.1320356e-01   8.2920355e-01  -1.1637019e-03   2.6262920e-03  -2.1213895e-03
   2.7417355e-01  -4.5180632e-01   8.6304228e-01  -1.4938163e-03   2.4140273e-03  -1.6517189e-03
   2.7451556e-01  -5.2043829e-01   8.2607083e-01  -2.4706047e-03   2.3044821e-03  -2.0425441e-03
   2.9735404e-01  -6.1248894e-01   8.3796840e-01  -4.5651609e-03   2.6631722e-03  -2.1086093e-03
   2.9803805e-01  -5.7116441e-01   8.2795174e-01  -3.6158996e-03   2.6808036e-03  -2.1177339e-03
   3.2891899e-01  -5.9716499e-01   8.3991831e-01  -4.1216387e-03   3.0673993e-03  -2.1539483e-03
   3.1248108e-01  -5.6461820e-01   8.0966256e-01  -3.1995375e-03   2.6269389e-03  -2.5612282e-03
   3.1556532e-01  -5.4910071e-01   8.2633121e-01  -3.5393560e-03   2.5955030e-03  -2.3404369e-03
   3.1524536e-01  -5.6273782e-01   8.5319876e-01  -3.5431321e-03   2.5453111e-03  -2.4547639e-03
   3.1318390e-01  -5.9488578e-01   8.2102312e-01  -4.2219263e-03   3.1644339e-03  -2.3621007e-03
   3.1560446e-01  -5.6534272e-01   8.2978732e-01  -3.8476383e-03   3.0026232e-03  -2.3094950e-03
   3.3302994e-01  -6.2010715e-01   8.0049801e-01  -5.0518386e-03   3.3609662e-03  -2.5340903e-03
   3.2035854e-01  -5.8895407e-01   7.7762214e-01  -4.6311528e-03   3.0909134e-03  -2.7327600e-03
   3.2225476e-01  -5.8856112e-01   7.8535420e-01  -4.0730350e-03   2.9506305e-03  -2.6518477e-03
   3.3634225e-01  -6.1683450e-01   8.1475093e-01  -4.5118024e-03   3.1569367e-03  -2.4966629e-03
   3.3650964e-01  -5.4722311e-01   7.7270979e-01  -3.8824140e-03   3.5035240e-03  -2.5892763e-03
   3.2786262e-01  -5.5965947e-01   8.0786315e-01  -3.1459333e-03   3.2641004e-03  -2.8264065e-03
   3.4054850e-01  -5.9609550e-01   8.1692850e-01  -4.0135337e-03   3.4714260e-03  -2.6544133e-03
   3.5786366e-01  -5.0291782e-01   7.7662651e-01  -2.8519179e-03   3.6830586e-03  -2.7035398e-03
   4.3469044e-01  -5.6001734e-01   8.3858492e-01  -2.7973187e-03   4.3011457e-03  -2.1549413e-03
   4.4966509e-01  -7.3430501e-01   9.4604078e-01  -3.0240184e-03   4.6755569e-03  -2.0997699e-03
   4.0901366e-01  -5.5086051e-01   7.6463293e-01  -2.5873853e-03   4.1596437e-03  -1.6845918e-03
   3.8322940e-01  -4.2674207e-01   7.3356099e-01  -1.7906253e-03   3.9115681e-03  -2.4253010e-03
   3.1859601e-01  -3.4200119e-01   6.3604504e-01   3.2689872e-05   3.2075089e-03  -3.1025794e-03
   3.4155032e-01  -3.1595809e-01   6.5221555e-01   1.2050516e-04   3.3316941e-03  -3.0264611e-03
   3.7321965e-01  -3.9730956e-01   7.2321343e-01  -1.1713519e-03   3.6502340e-03  -3.2380279e-03
   3.8641073e-01  -4.1982272e-01   8.1785316e-01  -7.6073612e-04   3.9160654e-03  -3.1081357e-03
   4.2127604e-01  -6.1942280e-01   6.9637556e-01  -3.5103402e-03   4.1873378e-03  -3.6619744e-03
   4.4850642e-01  -7.0028124e-01   4.3255188e-01  -5.1530276e-03   4.2917977e-03  -2.7874733e-03
   3.5786169e-01  -4.2325052e-01   5.8993399e-01  -2.1044050e-03   3.0151729e-03  -2.3696394e-03
   3.6370664e-01  -4.4865193e-01   7.3011137e-01  -1.6146743e-03   3.2236300e-03  -2.4302946e-03
   3.6986367e-01  -3.8942045e-01   7.2124742e-01  -9.4423916e-04   3.3931610e-03  -2.6398167e-03
   3.7466263e-01  -4.4835922e-01   7.6857083e-01  -1.9999533e-03   3.6668842e-03  -2.6514073e-03
   4.0070434e-01  -5.0695362e-01   7.7137198e-01  -2.8762441e-03   4.1389641e-03  -2.8937316e-03
   3.9982664e-01  -5.0869746e-01   8.0061428e-01  -2.5421563e-03   4.1653808e-03  -3.2303118e-03
   4.0109004e-01  -4.9471538e-01   7.6724413e-01  -1.9057467e-03   3.9463752e-03  -3.4137485e-03
   4.1853281e-01  -5.2387138e-01   7.7581273e-01  -2.1669225e-03   3.9674200e-03  -3.2468519e-03
   4.2410458e-01  -4.8761804e-01   7.3027764e-01  -2.7742988e-03   4.3091653e-03  -3.4365526e-03
   4.2994914e-01  -4.8416214e-01   7.5956303e-01  -2.4531823e-03   4.4438571e-03  -3.4503931e-03
   4.2234011e-01  -4.8850718e-01   7.5748349e-01  -2.8266329e-03   4.2266961e-03  -3.4396120e-03
   4.2426134e-01  -5.3230557e-01   7.7189875e-01  -3.5677426e-03   3.9395436e-03  -3.4575530e-03
   4.2334781e-01  -5.0295927e-01   7.5468454e-01  -3.3164595e-03   4.0608835e-03  -3.5328961e-03
   4.3433472e-01  -5.5323940e-01   7.6417281e-01  -3.4215281e-03   4.3291209e-03  -3.4611123e-03
   4.3664015e-01  -5.6327061e-01   7.6565313e-01  -3.9967174e-03   4.4829360e-03  -3.7072142e-03
   4.4201754e-01  -5.1072794e-01   7.4855827e-01  -2.9603488e-03   4.6081189e-03  -3.3930946e-03
   4.3761812e-01  -4.9362678e-01   7.0458880e-01  -2.9710484e-03   4.6037097e-03  -3.5825590e-03
   4.4027804e-01  -5.2145722e-01   6.8189555e-01  -3.0346329e-03   4.2870339e-03  -3.8808404e-03
   4.5075397e-01  -5.3341747e-01   7.1589179e-01  -3.6039371e-03   4.5020725e-03  -3.6772924e-03
   4.6027276e-01  -5.6176603e-01   7.1153156e-01  -4.3278600e-03   4.5433682e-03  -3.7113008e-03
   4.6755790e-01  -5.9276027e-01   6.9819207e-01  -4.3511020e-03   4.6954982e-03  -3.7030114e-03
   4.6769977e-01  -5.5346576e-01   7.0567229e-01  -3.5061387e-03   4.9337437e-03  -3.5167194e-03
   4.4748010e-01  -5.4316582e-01   7.0790653e-01  -3.8741229e-03   4.9113515e-03  -3.3306484e-03
   4.6016285e-01  -5.7111976e-01   7.1212610e-01  -4.8842858e-03   5.5287601e-03  -3.3465577e-03
   4.7133339e-01  -5.9889010e-01   6.9595279e-01  -5.1461579e-03   5.4498800e-03  -3.7868412e-03
   4.9560411e-01  -7.0285371e-01   6.9270222e-01  -6.6069609e-03   5.5027887e-03  -3.8951613e-03
   5.0141534e-01  -6.8769112e-01   6.7384322e-01  -6.5610524e-03   5.6810450e-03  -3.7747425e-03
   4.9173800e-01  -6.4458265e-01   6.7919372e-01  -5.9355658e-03   5.5194926e-03  -3.9184637e-03
   4.8711466e-01  -6.4711133e-01   6.7709509e-01  -6.1204508e-03   5.5204596e-03  -3.7263035e-03
   4.8163469e-01  -6.5574962e-01   6.6935064e-01  -5.9410387e-03   5.4425602e-03  -4.0490038e-03
   4.9194438e-01  -6.4659191e-01   6.3698828e-01  -5.8469137e-03   5.5559218e-03  -3.8520683e-03
   5.0268889e-01  -6.4211193e-01   6.8228259e-01  -5.7297898e-03   5.6525244e-03  -3.9189361e-03
   5.0851338e-01  -6.8950240e-01   6.6880209e-01  -6.4728820e-03   5.7186256e-03  -3.8757365e-03
   5.1817095e-01  -6.9776274e-01   6.5016448e-01  -6.6393342e-03   5.7162805e-03  -4.1547397e-03
   5.0247128e-01  -6.5577075e-01   6.3392300e-01  -6.4649461e-03   5.6998554e-03  -3.9658609e-03
   4.9959863e-01  -7.0006589e-01   6.3213248e-01  -6.6265810e-03   5.5565811e-03  -4.1863605e-03
   5.1368014e-01  -7.1971681e-01   6.7994036e-01  -7.0743685e-03   5.5332432e-03  -4.1084301e-03
   5.3295479e-01  -7.8375217e-01   6.4841818e-01  -7.7375855e-03   5.8539292e-03  -3.9269984e-03
   5.7889845e-01  -6.6576524e-01   5.5619431e-01  -5.3622418e-03   5.9562634e-03  -3.7200662e-03
   5.5510916e-01  -6.9337180e-01   5.8247507e-01  -6.6287768e-03   6.1384293e-03  -3.5809924e-03
   5.4405358e-01  -6.9795444e-01   6.3710279e-01  -6.7680789e-03   6.0480782e-03  -3.7660037e-03
   5.3110495e-01  -7.6225748e-01   6.2431775e-01  -7.1420459e-03   6.0092913e-03  -3.8773913e-03
   5.5273019e-01  -7.8179755e-01   7.0340624e-01  -7.0998039e-03   6.1064719e-03  -3.8047173e-03
   5.6303283e-01  -7.7808440e-01   6.9611696e-01  -7.0859039e-03   6.3036690e-03  -3.9525376e-03
   5.6743047e-01  -7.4646524e-01   6.5138317e-01  -7.0253064e-03   6.3051662e-03  -4.1280787e-03
   5.5223613e-01  -6.8152305e-01   6.6000720e-01  -6.1277221e-03   5.9056528e-03  -4.1053668e-03
   5.6018055e-01  -7.0074816e-01   6.8949231e-01  -5.9693526e-03   5.8065989e-03  -4.1815016e-03
   5.8314652e-01  -7.1156465e-01   6.8389329e-01  -5.7419364e-03   6.0926241e-03  -4.3997458e-03
   6.1108259e-01  -7.5847351e-01   7.2399864e-01  -6.4356380e-03   6.4394891e-03  -4.8062363e-03
   6.3500317e-01  -7.4559230e-01   7.3455908e-01  -6.4055842e-03   7.0349319e-03  -4.6628584e-03
   6.4686669e-01  -7.5726517e-01   6.9438162e-01  -6.8635248e-03   7.1308353e-03  -4.9928931e-03
   6.2813288e-01  -7.1285008e-01   6.9949751e-01  -6.5310584e-03   7.1079333e-03  -4.7684062e-03
   6.1346241e-01  -7.9628044e-01   6.2891859e-01  -6.4843716e-03   6.7332308e-03  -4.9581255e-03
   6.1512853e-01  -7.3583229e-01   6.5473617e-01  -6.5384007e-03   7.0232483e-03  -4.9029649e-03
   6.1731679e-01  -6.9807477e-01   7.0307494e-01  -5.9113884e-03   7.0388879e-03  -4.9231334e-03
   6.2689498e-01  -7.2754197e-01   7.2465598e-01  -6.2642382e-03   7.2934485e-03  -4.8389527e-03
   6.1675509e-01  -7.4394017e-01   6.8450430e-01  -6.2181840e-03   6.9457735e-03  -4.8777399e-03
   6.3191764e-01  -7.9470579e-01   7.1275169e-01  -7.0017319e-03   7.1256407e-03  -4.9327277e-03
   6.5817792e-01  -7.8948443e-01   7.0149278e-01  -7.5654861e-03   7.5151750e-03  -5.0952779e-03
   6.6224426e-01  -8.1976031e-01   6.8037546e-01  -7.6779225e-03   7.5488433e-03  -5.2539140e-03
   6.3975167e-01  -7.7996170e-01   6.6722312e-01  -7.3890257e-03   7.1794258e-03  -4.9045789e-03
   6.4280844e-01  -8.0989533e-01   6.7507726e-01  -7.7378606e-03   7.1352122e-03  -4.9998186e-03
   6.7319055e-01  -8.1022039e-01   7.1815113e-01  -7.8320177e-03   7.2982630e-03  -5.1298868e-03
   6.9832432e-01  -8.1534711e-01   6.9890852e-01  -7.9901409e-03   7.7769755e-03  -5.0931566e-03
   6.9774298e-01  -8.0141997e-01   7.0407624e-01  -7.5799034e-03   7.8575503e-03  -5.2717446e-03
   6.7661531e-01  -8.0189108e-01   6.4067440e-01  -7.8886216e-03   7.7240123e-03  -5.2564780e-03
   6.6028827e-01  -7.8750790e-01   6.7673703e-01  -7.5292962e-03   7.6382315e-03  -5.2673533e-03
   6.6681498e-01  -8.8170311e-01   6.7229191e-01  -8.0722796e-03   7.7034399e-03  -5.2931225e-03
   6.7446401e-01  -8.8582610e-01   6.9048360e-01  -8.6993705e-03   7.8054934e-03  -5.1371983e-03
   6.8561569e-01  -8.2787990e-01   6.7078016e-01  -8.0993058e-03   7.8535795e-03  -4.9744546e-03
   6.7862342e-01  -8.0676172e-01   6.6135165e-01  -7.7087213e-03   7.8093380e-03  -5.1208372e-03
   6.7285532e-01  -8.1508815e-01   6.5197414e-01  -8.0920014e-03   7.4847086e-03  -4.9972556e-03
   6.7726948e-01  -8.3628263e-01   6.7312204e-01  -7.7422946e-03   7.5826108e-03  -5.1218683e-03
   6.6992996e-01  -8.6201070e-01   7.2603153e-01  -8.3580431e-03   7.3890143e-03  -4.7820193e-03
   6.6858121e-01  -9.0860936e-01   7.3607759e-01  -8.8953486e-03   7.3093279e-03  -4.7606061e-03
   6.6178808e-01  -8.8776281e-01   7.0983609e-01  -8.7173018e-03   7.2658374e-03  -5.0464551e-03
   6.6190502e-01  -8.6965171e-01   6.8253946e-01  -8.9366152e-03   7.1813221e-03  -4.9452580e-03
   6.5974501e-01  -8.7543957e-01   6.8679588e-01  -8.8412231e-03   7.0343758e-03  -4.8610016e-03
   6.7208103e-01  -9.4767966e-01   7.2583233e-01  -9.6201159e-03   7.1565967e-03  -4.7073550e-03
   6.8455350e-01  -9.7430186e-01   7.1850665e-01  -1.0229113e-02   7.6732271e-03  -4.5864546e-03
   6.8832529e-01  -8.8887207e-01   6.6804304e-01  -9.5129959e-03   7.8622875e-03  -4.5198319e-03
   6.7386968e-01  -9.0246407e-01   6.7426648e-01  -9.3536590e-03   7.5716840e-03  -4.6120390e-03
   6.7612322e-01  -9.6121273e-01   6.9551559e-01  -1.0047103e-02   7.4972344e-03  -4.5647059e-03
   6.8632924e-01  -9.6226352e-01   6.9931284e-01  -1.0444396e-02   7.7359256e-03  -4.6638299e-03
   6.6763739e-01  -9.3741365e-01   6.5279580e-01  -1.0157307e-02   7.6047577e-03  -4.7163346e-03
   6.7515636e-01  -9.2311750e-01   6.4643310e-01  -9.6684639e-03   7.8287712e-03  -4.8067180e-03
   6.9198604e-01  -9.2269716e-01   6.0774551e-01  -9.9316820e-03   7.4590137e-03  -5.0522731e-03
   6.8924100e-01  -9.4384721e-01   6.2662932e-01  -1.0165415e-02   7.3784820e-03  -4.8101756e-03
   6.7838654e-01  -1.0007187e+00   6.5469446e-01  -1.0434260e-02   7.3898597e-03  -4.9024909e-03
   6.8676331e-01  -9.8993142e-01   6.7698944e-01  -1.0251204e-02   7.3939396e-03  -4.7991517e-03
   6.9385541e-01  -9.9738106e-01   7.0014438e-01  -1.0566269e-02   7.4720667e-03  -4.6406476e-03
   7.0847549e-01  -9.8474248e-01   6.9901687e-01  -1.0402078e-02   7.8241930e-03  -4.6290126e-03
   6.9382311e-01  -9.6022524e-01   6.1996942e-01  -1.0092047e-02   7.7041749e-03  -4.7068383e-03
   6.8856471e-01  -9.9478684e-01   6.5614422e-01  -1.0270166e-02   7.8292900e-03  -4.6094395e-03
   6.8257366e-01  -9.5297123e-01   6.2467848e-01  -1.0150037e-02   7.8306597e-03  -4.6756527e-03
   6.8222938e-01  -9.4195151e-01   6.8993770e-01  -9.5423569e-03   7.9844818e-03  -4.5364979e-03
   6.8054373e-01  -9.5101464e-01   6.7127756e-01  -9.6775340e-03   7.7841480e-03  -4.5087822e-03
   6.7737285e-01  -9.7341498e-01   6.4975467e-01  -9.8283664e-03   7.6305081e-03  -4.7751075e-03
   6.8861874e-01  -9.9056274e-01   6.7087957e-01  -1.0089123e-02   7.6910826e-03  -4.5982187e-03
   6.9477919e-01  -1.0146888e+00   6.6924112e-01  -1.0529625e-02   7.7284072e-03  -4.6914438e-03
   6.9807960e-01  -1.0189772e+00   6.2957946e-01  -1.0798884e-02   7.7115642e-03  -4.5966324e-03
   6.9656536e-01  -9.7564591e-01   6.3262505e-01  -1.0257820e-02   7.4941619e-03  -4.8688070e-03
   6.8422066e-01  -9.4719303e-01   6.3824133e-01  -9.9479470e-03   7.4079188e-03  -4.7236481e-03
   6.6791570e-01  -9.2440532e-01   6.3518707e-01  -9.6403554e-03   7.4555251e-03  -4.7186418e-03
   6.8371203e-01  -1.0063675e+00   6.6114238e-01  -1.0250720e-02   7.6417785e-03  -4.6756779e-03
   6.8758976e-01  -1.0479205e+00   6.7688722e-01  -1.0804758e-02   7.8957933e-03  -4.8172444e-03
   6.9681096e-01  -1.0279453e+00   6.4571591e-01  -1.0799760e-02   8.1658721e-03  -4.5942119e-03
   6.7168442e-01  -9.6198225e-01   6.2957841e-01  -1.0083466e-02   7.7970276e-03  -4.5583616e-03
   6.8483669e-01  -9.2748602e-01   6.2106677e-01  -9.5467919e-03   7.7666939e-03  -4.9679169e-03
   6.8049756e-01  -9.6051349e-01   6.0714414e-01  -9.7086897e-03   7.7349045e-03  -5.0155302e-03
   6.9587542e-01  -1.0205874e+00   6.6469601e-01  -1.0316768e-02   7.7729143e-03  -4.8831375e-03
   7.1288394e-01  -1.0284259e+00   6.1337662e-01  -1.0687041e-02   8.3744641e-03  -4.7331572e-03
   6.8250334e-01  -9.6624174e-01   5.8411236e-01  -1.0005317e-02   8.1577600e-03  -4.8147785e-03
   6.9243961e-01  -9.9757106e-01   6.4206939e-01  -1.0378200e-02   8.3208956e-03  -5.0056219e-03
   7.0046147e-01  -9.6278784e-01   6.7316312e-01  -9.2988152e-03   8.4321197e-03  -4.6843544e-03
   7.0529998e-01  -9.8054681e-01   6.2706358e-01  -9.5838054e-03   8.2524069e-03  -5.0538996e-03
   6.8941812e-01  -9.4746332e-01   6.2388440e-01  -9.2569938e-03   7.8146149e-03  -4.9970561e-03
   7.0106669e-01  -1.0240161e+00   6.4384172e-01  -1.0086119e-02   7.7303880e-03  -5.0080946e-03
   7.0820855e-01  -1.0342951e+00   6.5147795e-01  -1.0363089e-02   8.1798545e-03  -4.9946717e-03
   7.2037879e-01  -1.0078472e+00   6.3166532e-01  -1.0137014e-02   8.2445321e-03  -4.9607140e-03
   7.2130464e-01  -9.7258090e-01   6.0402224e-01  -9.8699600e-03   7.9905226e-03  -5.0386417e-03
   7.1299180e-01  -9.7746180e-01   6.1836878e-01  -9.9119576e-03   8.0186425e-03  -5.0458999e-03
   7.2348861e-01  -1.0343447e+00   6.2244901e-01  -1.0034976e-02   7.8929473e-03  -5.1236915e-03
   7.3296113e-01  -1.0586964e+00   6.2845803e-01  -1.0679159e-02   7.9392978e-03  -5.0875734e-03
   7.4241029e-01  -1.0301474e+00   6.5421770e-01  -9.3702167e-03   8.3191428e-03  -5.2137360e-03
   7.8412569e-01  -7.5057063e-01   6.1086468e-01  -2.8720876e-03   8.8646750e-03  -6.0396835e-03
   8.2832054e-01  -7.2057847e-01   5.7498739e-01  -2.8633394e-03   9.0536228e-03  -6.0806369e-03
   8.2779488e-01  -6.9683372e-01   6.3523454e-01  -2.4695470e-03   9.1847013e-03  -6.0821195e-03
   8.2799860e-01  -7.5527059e-01   7.0450267e-01  -2.8877922e-03   9.2786796e-03  -6.2200588e-03
   8.4151158e-01  -7.9948111e-01   7.5626692e-01  -4.4495310e-03   9.4972538e-03  -5.7324562e-03
   8.3805437e-01  -8.4276790e-01   7.1202097e-01  -5.1572564e-03   9.2521393e-03  -5.8950310e-03
   8.1367279e-01  -8.6004512e-01   6.6671555e-01  -5.6553478e-03   8.6186309e-03  -5.8861524e-03
   8.0517671e-01  -9.1104384e-01   6.8310727e-01  -5.3117679e-03   8.3380325e-03  -5.9666785e-03
   8.0973373e-01  -8.6256378e-01   6.4454451e-01  -5.9488167e-03   8.5209155e-03  -5.9233218e-03
   7.9601324e-01  -8.1501475e-01   6.1399114e-01  -5.9225058e-03   8.3383577e-03  -5.6916183e-03
   7.9398811e-01  -8.3628933e-01   6.3317736e-01  -5.6913899e-03   8.5043785e-03  -5.8133407e-03
   8.2138927e-01  -9.2713844e-01   7.1269170e-01  -6.5963768e-03   8.6061264e-03  -5.6664480e-03
   7.9786089e-01  -8.8342441e-01   6.9875733e-01  -6.2043974e-03   8.4604657e-03  -5.6614899e-03
   7.9349700e-01  -8.8812872e-01   6.8388582e-01  -6.5826375e-03   8.0601812e-03  -5.6713337e-03
   7.9836459e-01  -9.1524396e-01   6.7356918e-01  -6.8098676e-03   8.2156289e-03  -5.7338749e-03
   7.8606900e-01  -9.0953224e-01   6.8007089e-01  -6.5942469e-03   8.4324970e-03  -5.6322701e-03
   7.8276746e-01  -9.3800819e-01   6.6397882e-01  -7.1688324e-03   8.2770924e-03  -5.6276910e-03
   7.8832586e-01  -9.6685053e-01   6.7470783e-01  -7.4886996e-03   8.4418817e-03  -5.7190506e-03
   8.1933686e-01  -1.0692554e+00   7.5608633e-01  -8.1331485e-03   9.3017879e-03  -5.4331281e-03
   8.0515058e-01  -9.7075064e-01   6.8062068e-01  -4.6621671e-03   9.0128090e-03  -5.3455068e-03
   7.7394740e-01  -9.8647740e-01   5.2568241e-01  -8.5732297e-03   8.5762341e-03  -4.2794452e-03
   7.6640325e-01  -9.3143657e-01   5.5865746e-01  -7.8545142e-03   8.0906799e-03  -4.6620394e-03
   7.4879342e-01  -8.8207735e-01   5.7471041e-01  -6.7886293e-03   7.7874996e-03  -4.8096440e-03
   7.6015102e-01  -9.2242072e-01   6.2483891e-01  -7.0785586e-03   7.9343336e-03  -4.7674669e-03
   7.8084088e-01  -9.2694108e-01   6.6544599e-01  -6.9524623e-03   7.8670800e-03  -5.0382004e-03
   7.9363523e-01  -9.8681906e-01   6.6668954e-01  -7.7236972e-03   8.0743151e-03  -4.9877265e-03
   7.8493455e-01  -9.6043111e-01   6.3183890e-01  -7.2214747e-03   8.1233197e-03  -4.9893074e-03
   7.9541692e-01  -9.9193298e-01   6.5795763e-01  -7.5882074e-03   8.0492811e-03  -5.6085447e-03
   8.1302870e-01  -9.9187898e-01   6.8063387e-01  -7.5137085e-03   7.8928898e-03  -5.6065318e-03
   8.1050624e-01  -9.2857916e-01   6.4449703e-01  -6.5476346e-03   8.0573430e-03  -5.8065741e-03
   8.1943472e-01  -9.2202704e-01   6.5101439e-01  -6.6551281e-03   8.3021289e-03  -5.6117174e-03
   8.3442478e-01  -9.0112719e-01   6.5563850e-01  -6.1784413e-03   8.7794670e-03  -5.7569491e-03
   8.2304677e-01  -9.3477604e-01   6.1858101e-01  -6.5970865e-03   8.3423743e-03  -5.7069671e-03
   8.3702766e-01  -9.2450293e-01   6.4845316e-01  -7.1259568e-03   8.5131495e-03  -5.7454119e-03
   8.4199070e-01  -9.1580267e-01   6.5632243e-01  -6.8873397e-03   8.6552377e-03  -5.7180679e-03
   8.4820051e-01  -9.2732116e-01   6.7083204e-01  -6.8424009e-03   8.7354231e-03  -5.6555371e-03
   8.3445885e-01  -9.3004712e-01   6.8430168e-01  -6.6797168e-03   8.5851405e-03  -5.7655730e-03
   8.2540853e-01  -9.5783410e-01   6.5894993e-01  -7.4106365e-03   8.3319278e-03  -5.6356081e-03
   8.0876220e-01  -1.0037120e+00   6.4931285e-01  -8.1094449e-03   7.9418463e-03  -5.7877496e-03
   8.1380202e-01  -1.0657060e+00   6.3483836e-01  -8.4360301e-03   7.9456028e-03  -5.5332698e-03
   7.9880719e-01  -1.0122987e+00   6.2370380e-01  -8.4571829e-03   7.9206035e-03  -5.5039667e-03
   7.9860155e-01  -1.0475489e+00   5.9339556e-01  -9.2497923e-03   7.9264499e-03  -5.4558246e-03
   7.9163975e-01  -1.0372468e+00   5.8251512e-01  -8.9862321e-03   7.7761211e-03  -5.5189086e-03
   7.8114100e-01  -1.0171848e+00   5.7217052e-01  -8.7793708e-03   7.6175777e-03  -5.4697512e-03
   7.8555501e-01  -1.0082439e+00   6.1331444e-01  -8.5934366e-03   7.5654795e-03  -5.6327868e-03
   7.9365970e-01  -1.0571880e+00   6.1651848e-01  -8.9305376e-03   7.5806069e-03  -5.5214058e-03
   7.9489736e-01  -1.1179292e+00   5.9329535e-01  -9.7495518e-03   7.5478680e-03  -5.6496090e-03
   7.7691206e-01  -1.0475145e+00   5.7180835e-01  -9.0062899e-03   7.4456892e-03  -5.3814571e-03
   7.7702442e-01  -1.0452769e+00   5.7078736e-01  -9.4572063e-03   7.6556315e-03  -5.2119986e-03
   7.5936870e-01  -1.0431189e+00   5.7478196e-01  -9.1471318e-03   7.3091261e-03  -5.3121962e-03
   7.7244876e-01  -1.1439148e+00   6.1552678e-01  -1.0407937e-02   7.4734381e-03  -5.0013593e-03
   7.8219988e-01  -1.1067005e+00   5.6550584e-01  -1.0384419e-02   7.7570972e-03  -5.0744889e-03
   7.6540415e-01  -1.0585174e+00   5.7423750e-01  -9.6425484e-03   7.7624172e-03  -5.0479422e-03
   7.6024076e-01  -1.1583907e+00   6.1247348e-01  -1.0186184e-02   7.5082130e-03  -5.3022272e-03
   7.8187930e-01  -1.2080507e+00   6.5827472e-01  -1.0745757e-02   7.8161978e-03  -5.1220235e-03
   7.8908115e-01  -1.1441835e+00   6.1536567e-01  -1.0240918e-02   8.0934303e-03  -5.0790855e-03
   7.7267086e-01  -1.1414712e+00   6.3456990e-01  -1.0266313e-02   7.6475681e-03  -5.1068587e-03
   7.5958919e-01  -1.1894813e+00   6.2918566e-01  -1.0653909e-02   7.5635941e-03  -5.1130590e-03
   7.7182840e-01  -1.2831954e+00   6.9711094e-01  -1.1751421e-02   7.7374462e-03  -4.9668765e-03
