6.3163e-08
4.4997e-07
1.2591e-05
4.0209e-05
6.987e-05
8.0799e-05
8.188e-05
8.3698e-05
7.9823e-05
7.8862e-05
7.311e-05
5.4593e-05
4.535e-05
5.5255e-05
7.0473e-05
7.1831e-05
6.9391e-05
7.5626e-05
7.0787e-05
6.0566e-05
5.4252e-05
4.4868e-05
4.2822e-05
5.4977e-05
7.8451e-05
8.3543e-05
7.4755e-05
6.8643e-05
7.2427e-05
8.3311e-05
8.2526e-05
6.9025e-05
5.9262e-05
5.0909e-05
4.8924e-05
5.2093e-05
6.0638e-05
6.7331e-05
7.0365e-05
7.4126e-05
6.9211e-05
6.2109e-05
5.5168e-05
6.023e-05
6.5683e-05
5.8106e-05
5.3524e-05
5.7665e-05
6.6284e-05
6.5828e-05
7.1052e-05
6.7791e-05
6.4237e-05
6.755e-05
7.0167e-05
6.365e-05
5.6133e-05
5.8539e-05
6.3642e-05
7.3964e-05
8.0727e-05
6.9664e-05
6.7619e-05
7.8171e-05
7.7633e-05
7.4137e-05
7.8481e-05
7.1931e-05
5.6257e-05
5.0641e-05
4.8446e-05
5.9637e-05
6.4106e-05
5.9493e-05
5.9291e-05
7.0329e-05
7.9465e-05
8.6769e-05
7.965e-05
5.4391e-05
5.2314e-05
6.2676e-05
5.777e-05
5.9312e-05
7.2241e-05
8.7384e-05
8.5648e-05
6.1693e-05
3.4847e-05
3.1684e-05
4.1846e-05
5.4155e-05
6.4508e-05
6.7867e-05
7.621e-05
7.8041e-05
7.503e-05
7.896e-05
8.2579e-05
7.8849e-05
7.6571e-05
8.1946e-05
8.3735e-05
7.8795e-05
7.2206e-05
6.8963e-05
6.2687e-05
5.467e-05
5.0012e-05
5.3823e-05
5.2581e-05
4.6838e-05
5.1405e-05
5.9281e-05
7.4312e-05
7.8558e-05
6.1846e-05
4.9614e-05
5.978e-05
7.6927e-05
8.0625e-05
8.7191e-05
8.3223e-05
6.7042e-05
5.5753e-05
5.3942e-05
6.3977e-05
7.6202e-05
7.4985e-05
7.5783e-05
7.2388e-05
7.0824e-05
6.0224e-05
4.2661e-05
4.5058e-05
5.2066e-05
4.9726e-05
5.3527e-05
5.0678e-05
5.148e-05
5.9519e-05
6.3672e-05
7.2772e-05
8.6591e-05
9.5531e-05
9.1619e-05
7.9056e-05
6.1633e-05
5.2859e-05
5.7306e-05
6.6356e-05
6.6151e-05
5.9466e-05
5.6582e-05
5.8856e-05
6.5144e-05
7.2112e-05
7.4563e-05
8.099e-05
8.4274e-05
7.5555e-05
6.1483e-05
5.9087e-05
5.4197e-05
4.4615e-05
5.0738e-05
6.157e-05
5.881e-05
6.1905e-05
7.2869e-05
7.5866e-05
7.0696e-05
6.4993e-05
6.6091e-05
6.2903e-05
6.3775e-05
7.1009e-05
8.3942e-05
8.7943e-05
8.0787e-05
7.6767e-05
7.9569e-05
7.7363e-05
7.1582e-05
7.4714e-05
7.6159e-05
7.1474e-05
6.9739e-05
7.8495e-05
8.5522e-05
7.4446e-05
6.4761e-05
6.1463e-05
5.1525e-05
4.7153e-05
4.6836e-05
5.1911e-05
5.8099e-05
5.9359e-05
7.3544e-05
7.714e-05
7.5542e-05
8.1677e-05
8.4045e-05
7.5559e-05
7.1028e-05
6.8822e-05
6.5082e-05
6.144e-05
5.7611e-05
6.4965e-05
6.2662e-05
4.8487e-05
5.0574e-05
5.5728e-05
5.4471e-05
5.4621e-05
5.7161e-05
5.5022e-05
5.881e-05
6.857e-05
7.1927e-05
6.6983e-05
6.6886e-05
7.1524e-05
7.0435e-05
6.7238e-05
6.5828e-05
7.1943e-05
7.5572e-05
7.3608e-05
6.742e-05
6.104e-05
6.1209e-05
6.7484e-05
6.4673e-05
5.6993e-05
6.6082e-05
7.558e-05
7.8496e-05
8.3657e-05
8.4102e-05
6.7703e-05
5.6756e-05
5.2221e-05
4.7063e-05
5.5926e-05
7.1186e-05
6.9443e-05
6.4246e-05
6.6959e-05
7.5282e-05
8.185e-05
7.4066e-05
7.1655e-05
7.3673e-05
6.796e-05
6.4711e-05
6.5084e-05
6.3704e-05
6.1303e-05
6.3967e-05
6.2572e-05
6.2794e-05
7.4389e-05
8.4752e-05
8.0292e-05
7.0452e-05
7.0628e-05
7.1044e-05
6.7551e-05
5.3927e-05
4.7691e-05
5.2435e-05
5.5988e-05
6.0288e-05
6.0125e-05
4.5028e-05
3.7634e-05
3.8892e-05
3.9346e-05
3.5612e-05
2.8924e-05
3.9523e-05
5.646e-05
6.3752e-05
6.9076e-05
7.9854e-05
9.2623e-05
9.0992e-05
7.1663e-05
6.2777e-05
7.1123e-05
7.3429e-05
6.7891e-05
6.482e-05
6.4446e-05
6.251e-05
6.2378e-05
6.5545e-05
7.5972e-05
8.1773e-05
7.9711e-05
7.1692e-05
6.3084e-05
6.1244e-05
6.1633e-05
6.4997e-05
7.2333e-05
7.5054e-05
8.0464e-05
8.1801e-05
7.3595e-05
6.6202e-05
6.7014e-05
7.9718e-05
8.2072e-05
7.4482e-05
6.8714e-05
6.0297e-05
4.5642e-05
4.3944e-05
4.8151e-05
5.2548e-05
5.3026e-05
4.8619e-05
5.381e-05
5.7074e-05
5.8289e-05
6.292e-05
6.6337e-05
7.3441e-05
8.0953e-05
7.3947e-05
6.4876e-05
6.1988e-05
5.5143e-05
5.6796e-05
6.7701e-05
7.335e-05
6.6985e-05
6.9448e-05
7.194e-05
6.916e-05
6.7791e-05
6.2786e-05
5.3456e-05
4.0913e-05
4.7988e-05
6.9126e-05
8.2414e-05
8.1387e-05
7.992e-05
8.2059e-05
7.0034e-05
5.6822e-05
4.6589e-05
3.7988e-05
4.5839e-05
7.2281e-05
7.6931e-05
8.5125e-05
