   0.0000000e+00   0.0000000e+00   0.0000000e+00   6.9388939e-18   0.0000000e+00   0.0000000e+00
   4.6922852e-02   7.9200543e-02   1.9233182e-01   5.5577820e-04   5.4682406e-04  -3.8984105e-04
   2.1901419e-02  -5.6212104e-02   6.2381469e-01  -1.5241061e-03   7.9832631e-04  -6.1504179e-04
   2.5818664e-02  -6.1650803e-02   7.2315121e-01  -1.5471862e-03   9.0281415e-04  -5.8942566e-04
  -7.2202805e-03  -1.7195232e-02   6.0783230e-01  -1.2430218e-03   1.2186721e-05   4.7061767e-04
  -1.5720917e-02  -8.9649292e-03   5.6477621e-01  -1.6975275e-03  -1.1034677e-04   8.0207489e-04
   3.6335875e-04  -4.7699315e-02   6.5342566e-01  -2.1064528e-03   1.3486569e-04   6.8653922e-04
  -5.6829649e-04  -3.5260512e-02   6.2590240e-01  -1.8509519e-03   3.4933505e-04   3.4490064e-04
  -5.9976403e-02  -1.0148538e-02   5.1208324e-01   8.8512842e-04   7.1213242e-05  -1.2695332e-03
  -4.1049937e-02  -3.5147883e-02   5.8581586e-01  -1.3547907e-03  -3.0141260e-04   1.0213535e-04
  -4.1259607e-02  -1.4729549e-02   5.4553502e-01  -1.1101032e-03   4.8794281e-04   1.1504961e-04
  -1.4017835e-02  -4.6289201e-02   6.2148969e-01  -2.5481409e-03   7.7066307e-04   5.2787759e-04
   4.7342991e-02   1.7561485e-02   5.9107542e-01  -1.1398677e-03   9.9655880e-04  -1.1558068e-04
   3.5080914e-03  -4.4406907e-02   7.7289037e-01  -1.5856481e-03   2.1593021e-04  -3.7881029e-04
  -2.0709986e-02   1.3477550e-02   6.8405937e-01  -7.8316245e-04   1.0505563e-04   6.1344255e-04
  -1.2793023e-02  -2.3446877e-02   7.1837092e-01  -1.0216552e-03   7.2489700e-05   7.2976774e-04
  -1.3594550e-02  -5.3944418e-02   7.7986365e-01  -1.4806375e-03  -1.5015818e-04   2.9144121e-04
  -2.9889520e-02  -1.7574831e-02   6.7001148e-01  -1.5162128e-03  -2.4856844e-04   8.8975752e-04
  -1.4162368e-02  -3.8743805e-02   7.6932381e-01  -1.3282108e-03   1.5383346e-04   5.5342203e-04
   2.3985660e-03  -7.0104191e-02   8.0902868e-01  -1.0502586e-03   4.6619462e-05  -2.1994273e-06
  -1.1304196e-02  -2.3580349e-02   6.4888000e-01  -1.5788483e-03  -2.5883631e-04   7.8545238e-04
   3.2813842e-02   1.6576274e-02   5.8424549e-01  -9.2994563e-04   4.3558329e-04   5.7375852e-04
   2.1281875e-03   4.6232693e-03   5.9134896e-01  -5.5705977e-04  -1.9734845e-05   6.5834583e-04
  -7.2985742e-03  -1.2225791e-02   6.1905348e-01  -1.0748385e-03  -2.6709341e-04   6.3971306e-04
  -6.8766935e-03  -4.1205064e-02   6.9296873e-01  -9.9584803e-04  -8.5067067e-05   4.2124569e-04
  -1.3347915e-02  -4.5377033e-02   6.6820626e-01  -1.4211606e-03  -4.1908598e-04   8.2469870e-04
   2.2538793e-03  -1.1133437e-01   8.1219844e-01  -2.0881132e-03  -3.1168957e-04   4.9772793e-04
  -4.7339805e-03  -7.1730414e-02   7.4321913e-01  -1.6430881e-03  -7.9997918e-04   7.4597259e-04
  -9.5646251e-03  -1.8212787e-02   6.6353154e-01  -1.0893935e-03  -6.3523540e-04   1.3572508e-03
  -5.6251546e-04  -4.1005672e-02   7.0881712e-01  -8.8910820e-04  -3.5603513e-04   1.2380001e-03
   2.1087597e-02  -9.1110916e-02   8.0745645e-01  -1.6031445e-03   3.3723530e-04   8.0614751e-04
   8.2619796e-03  -5.4811542e-02   7.0844517e-01  -1.4929751e-03   1.5895229e-04   1.4310859e-03
   3.6081103e-03  -6.3725212e-02   7.2251531e-01  -1.4289326e-03   1.7275748e-04   1.4822122e-03
   1.1596398e-02  -1.1611285e-01   8.3232006e-01  -1.8887879e-03  -3.9201803e-04   7.7940871e-04
  -8.5969880e-04  -8.1758865e-02   7.3074510e-01  -1.6781167e-03  -7.6833992e-04   1.3135586e-03
   3.7847045e-02  -2.1778408e-02   4.9878576e-01  -6.9686680e-04   1.6566740e-04   1.2449211e-03
   1.8818244e-02  -2.9652371e-02   5.6386142e-01  -1.0640550e-03   1.6170224e-04   1.1875681e-03
   6.0915752e-03  -8.2794677e-02   7.4633934e-01  -1.4105291e-03  -5.0173033e-05  -1.6070765e-04
  -1.2952681e-02  -7.7028396e-02   7.3967286e-01  -6.5544718e-04   6.3424318e-04  -1.3934312e-03
  -1.6131422e-02  -5.8783654e-02   7.2697418e-01   1.3812195e-04  -2.3499914e-04   1.8402770e-04
  -2.8043904e-02  -5.7245955e-02   6.7084252e-01  -8.9636458e-04  -6.8559495e-04   1.2560035e-03
  -2.5136786e-02  -4.7217873e-02   6.7319649e-01  -1.0155766e-03  -8.0575857e-04   1.4200343e-03
   1.6979342e-03  -1.1171001e-01   8.1879387e-01  -1.5197330e-03  -2.4539284e-04   5.9251522e-04
  -1.1534678e-02  -9.4520339e-02   7.3201585e-01  -1.5033585e-03  -5.3154180e-04   1.1785562e-03
   2.6687051e-02  -4.9751180e-02   6.1354513e-01  -6.2281019e-04  -1.0135687e-04   1.1841328e-03
   9.4603885e-03  -1.0591690e-01   7.3121028e-01  -1.4158516e-03   6.1918274e-05   8.4990697e-04
  -3.1807583e-03  -9.3302731e-02   7.0337647e-01  -1.2393194e-03  -3.1826084e-04   1.0012387e-03
  -2.2198708e-02  -5.8177820e-02   6.2336480e-01  -1.0453834e-03  -5.5515604e-04   1.5085250e-03
   1.2917091e-03  -1.2056052e-01   7.6618408e-01  -2.0851598e-03  -1.0793660e-05   9.9338667e-04
   1.0031659e-02  -1.0899050e-01   7.6791770e-01  -1.8990436e-03   3.4459202e-04   6.1696431e-04
  -1.1028263e-02  -4.7912819e-02   6.2051242e-01  -1.5723514e-03   4.2770009e-05   9.4251305e-04
  -6.0295699e-03  -5.2026625e-02   6.4939355e-01  -1.5257913e-03   1.7013625e-04   1.0714405e-03
   6.5378059e-03  -1.0180213e-01   7.2779548e-01  -1.8455218e-03   1.3630737e-04   8.5411071e-04
  -7.0713411e-03  -5.6951487e-02   6.4924358e-01  -1.4696121e-03  -6.0638764e-04   1.4254069e-03
  -1.1888053e-04  -5.3118609e-02   6.6279353e-01  -1.3540205e-03  -5.9826297e-04   1.6157706e-03
   2.9568312e-03  -8.2300482e-02   7.1417957e-01  -1.0652127e-03  -5.3808667e-04   2.8419944e-04
  -9.9382775e-03  -8.0874588e-02   6.6589820e-01  -1.6896118e-03  -9.1519177e-04   7.1148288e-04
  -1.6189240e-02  -2.9805805e-02   5.7068203e-01  -7.8628809e-04  -8.9538770e-04   9.7600301e-04
  -1.5318450e-02   1.0033728e-02   5.3534849e-01   5.0679962e-04   2.8827566e-05   4.0187981e-04
  -7.8300196e-03  -8.6128506e-02   7.2188597e-01  -8.8688809e-04   2.0915804e-04   1.8033612e-04
  -3.8846924e-02  -3.6145647e-02   5.5447704e-01  -3.6455564e-04  -3.9373854e-04   9.7183166e-04
  -3.4004104e-02  -4.0501184e-02   5.8819148e-01  -5.8118142e-04  -4.2214681e-04   1.1836411e-03
  -2.2703787e-02  -7.2366953e-02   6.5725383e-01  -1.0338206e-03  -3.2893590e-04   8.3533599e-04
  -4.1077733e-02  -4.9906994e-02   5.5572766e-01  -9.0314138e-04  -7.9652149e-04   1.2170187e-03
  -1.4999370e-02  -1.0291994e-01   7.2541171e-01  -1.3679158e-03  -2.4875874e-04   7.9489517e-04
  -1.3464217e-02  -8.9571916e-02   7.2091387e-01  -6.4299939e-04  -2.9997929e-04   4.5987560e-04
  -3.0239739e-02  -5.6194121e-02   6.2497704e-01  -6.3357157e-04  -7.7351356e-04   1.3359206e-03
  -1.7648811e-02  -7.1015333e-02   6.9753154e-01  -9.8706837e-04  -3.5259528e-04   8.4953905e-04
  -1.3936862e-02  -8.0824773e-02   7.0268245e-01  -9.2550717e-04  -5.1138074e-04   8.3719279e-04
  -2.3813879e-02  -6.1936925e-02   6.0852716e-01  -1.0730103e-03  -6.1745897e-04   1.1540186e-03
  -2.4789983e-02  -1.0626379e-01   6.7918654e-01  -1.2029404e-03  -4.9541993e-04   7.3144292e-04
  -1.1762119e-02  -1.5349145e-01   8.2459069e-01  -1.6162468e-03  -2.6287691e-04   2.9667361e-05
  -1.6242725e-03  -1.1515511e-01   6.3567005e-01  -1.7039006e-03  -4.7624424e-04   8.7430988e-04
   2.8512673e-02  -2.8267610e-02   4.8905954e-01  -9.8646933e-04  -3.0570160e-05   1.0519409e-03
  -1.4130065e-02  -6.4912158e-02   5.9073698e-01  -1.1451560e-03  -2.7462342e-04   5.7663138e-04
  -3.7876988e-02  -5.6912603e-02   5.6573561e-01  -1.4110423e-03  -7.3626734e-04   8.8373956e-04
  -3.0873149e-02  -9.0779173e-02   5.9415265e-01  -1.9381816e-03  -7.2702942e-04   8.8469173e-04
  -1.0521976e-02  -1.1595764e-01   6.2628942e-01  -2.4321241e-03  -4.4337865e-04   6.0257247e-04
  -2.2328124e-02  -9.5798436e-02   5.4857074e-01  -2.4993040e-03  -8.2889701e-04   1.0468216e-03
  -1.7125018e-02  -1.0165177e-01   5.7910860e-01  -2.7220177e-03  -4.8429939e-04   7.8634565e-04
   8.2519344e-03  -1.5458374e-01   7.2485541e-01  -2.7942808e-03  -5.8727738e-06   2.3748151e-04
  -1.4402643e-02  -9.9260484e-02   5.7467366e-01  -2.5909657e-03  -5.1656687e-04   9.0923720e-04
  -1.7513341e-02  -8.9373950e-02   5.5403714e-01  -2.4929328e-03  -6.2611172e-04   1.1406559e-03
  -6.7388568e-03  -1.5809625e-01   7.2098245e-01  -3.1946918e-03  -4.3485632e-04   5.3845652e-04
  -1.1237702e-02  -1.2503450e-01   6.3701069e-01  -3.1642266e-03  -9.5024288e-04   9.3282360e-04
   4.3561768e-02  -3.3407888e-02   5.0650748e-01  -9.4168408e-04   1.8562409e-04   8.1234701e-04
   1.1182070e-02  -6.7469626e-02   5.4193116e-01  -1.7493954e-03  -4.2595402e-04   7.4943391e-04
   5.1800485e-03  -1.1345655e-01   6.4674513e-01  -2.3924020e-03  -4.7631378e-04   1.3354059e-04
  -3.4088351e-03  -1.1209932e-01   6.3083427e-01  -2.3634030e-03  -6.6674716e-04   4.2603927e-04
  -1.0088894e-02  -1.1577811e-01   5.7649653e-01  -2.9709311e-03  -2.7220963e-04   1.0712130e-03
  -1.7052667e-02  -1.3050769e-01   5.7613682e-01  -3.4934435e-03  -1.6682189e-04   9.3562461e-04
   5.5019467e-03  -1.7001526e-01   6.9187164e-01  -3.6471705e-03   2.3171085e-04   1.7343466e-04
  -2.4694392e-02  -2.0360474e-01   5.8020001e-01  -9.2859740e-03   1.1565902e-04   9.4153498e-04
  -2.1545964e-02  -1.8658526e-01   6.0233444e-01  -7.5756280e-03   3.6102073e-04   7.2849781e-04
  -1.7415418e-02  -2.0398687e-01   6.3889151e-01  -7.0466898e-03   5.5264892e-04   1.8502510e-04
  -2.8927288e-02  -1.8566117e-01   5.9317467e-01  -6.5816486e-03   1.4969341e-04   5.8938275e-04
  -2.0405918e-02  -1.9344233e-01   6.5051598e-01  -6.6750684e-03   3.7168189e-04   6.3120941e-04
   2.1070165e-03  -2.1089394e-01   7.7047883e-01  -6.2191528e-03   9.9131463e-04  -1.2288875e-04
   4.0009148e-02  -1.3284640e-01   5.9541693e-01  -4.4308757e-03   1.0846905e-03   3.2032065e-04
  -3.4936050e-03  -1.0880257e-01   4.9180313e-01  -3.9918196e-03   8.1297446e-04   3.4551908e-04
  -5.3206121e-03  -1.6167193e-01   6.2228154e-01  -5.2786399e-03   6.9053271e-04  -4.0421233e-06
  -1.0199098e-02  -2.1097034e-01   8.0078435e-01  -4.6664662e-03   6.5096476e-04  -1.0925136e-03
  -2.0364136e-02  -1.9987214e-01   7.2647393e-01  -3.9509599e-03  -1.0074823e-04  -8.8238036e-04
  -2.9491583e-02  -1.7875001e-01   6.4976685e-01  -4.9634181e-03   3.6677562e-05   1.6024137e-04
  -2.6097979e-02  -1.8145678e-01   6.6214788e-01  -5.1709987e-03   1.4129652e-04   2.4342654e-04
  -9.4389749e-03  -1.9072881e-01   7.4913321e-01  -5.1119414e-03   2.1053263e-04  -8.4371850e-06
  -2.9559440e-02  -1.6707749e-01   6.6256722e-01  -4.7242566e-03   2.7158947e-05   4.4695056e-04
  -1.0303016e-02  -1.9666247e-01   7.4731419e-01  -5.2947833e-03   4.7281101e-04   1.5576299e-04
  -1.3552021e-02  -1.8837820e-01   7.0049238e-01  -5.0762134e-03   1.7987401e-04   5.3806740e-04
  -5.2719250e-04  -2.0637599e-01   7.5037811e-01  -5.2466425e-03   5.7826541e-04   1.4333621e-04
   3.8945483e-03  -1.9647147e-01   7.9632066e-01  -5.0132009e-03   7.2739656e-04  -4.7076779e-05
  -1.3759178e-02  -1.6683314e-01   6.7854482e-01  -4.3872166e-03   2.8742418e-04   3.1750419e-04
   3.5704136e-02  -1.1830302e-01   6.0203080e-01  -2.7035372e-03   8.0051099e-04   3.7780891e-04
   1.3282890e-02  -2.1133175e-01   7.6438381e-01  -4.5933889e-03   3.5382568e-04   3.5438822e-04
   1.9954469e-03  -1.8862491e-01   7.7012204e-01  -4.5217325e-03   6.0917489e-04   5.3682752e-04
  -1.0163273e-03  -1.8277995e-01   7.0644441e-01  -4.6449554e-03   3.4514776e-04   7.8935977e-04
   1.0673861e-02  -2.3605097e-01   7.9597311e-01  -5.3130948e-03   1.5375438e-04   8.1846004e-05
  -2.1091306e-02  -2.0264273e-01   7.0365117e-01  -5.1022899e-03  -7.2092528e-05   9.6154415e-04
  -2.7603806e-02  -1.7343856e-01   6.5732000e-01  -4.5469516e-03  -2.3672908e-04   1.0270644e-03
  -2.3459453e-02  -2.0995077e-01   7.4925184e-01  -4.5588540e-03  -6.6412771e-05   8.4803568e-04
  -2.3082398e-02  -2.6471120e-01   8.7318401e-01  -3.8450714e-03   1.5835586e-04   1.8240858e-05
  -3.2724825e-02  -2.6009629e-01   8.2046948e-01  -3.2633021e-03   1.6347562e-05  -4.7844346e-05
  -5.2969460e-02  -1.9766208e-01   7.4498161e-01  -3.8751668e-03  -6.9243169e-04   1.2602089e-03
  -5.5307259e-02  -1.9206223e-01   6.7038266e-01  -4.2828001e-03  -7.5429784e-04   1.7140388e-03
  -5.1620525e-02  -2.2710706e-01   7.4767879e-01  -4.6683234e-03  -6.7785877e-04   1.4546741e-03
  -4.5499803e-02  -2.2204952e-01   7.2419905e-01  -4.7221479e-03  -6.5194037e-04   1.4383147e-03
  -3.8582683e-02  -2.5480491e-01   7.8536696e-01  -4.7518248e-03  -5.6870970e-04   1.3221082e-03
  -4.6523543e-02  -2.5185944e-01   7.2798136e-01  -4.8162537e-03  -6.7169096e-04   1.5598662e-03
  -5.0822285e-02  -2.3793212e-01   7.1019798e-01  -4.9922112e-03  -5.1858740e-04   1.5487840e-03
  -4.0285679e-02  -2.5904661e-01   7.7082118e-01  -5.4432035e-03  -3.2399727e-04   1.4392575e-03
  -2.6723878e-02  -2.7734065e-01   8.5045029e-01  -5.5311217e-03   6.2841169e-05   9.6471683e-04
  -4.2559049e-02  -2.2391440e-01   7.3146056e-01  -4.8293377e-03  -2.7091228e-04   1.3264404e-03
  -4.8833717e-02  -2.2780185e-01   7.2591698e-01  -4.6067472e-03  -4.1846325e-04   1.3812183e-03
  -5.3987802e-02  -2.2899822e-01   7.4428700e-01  -4.8379892e-03  -5.2294778e-04   1.4291955e-03
  -3.8955282e-02  -2.5719010e-01   8.6382996e-01  -4.9962376e-03  -5.1584635e-04   9.5172480e-04
  -5.3948303e-02  -2.5015291e-01   8.5908972e-01  -4.0472246e-03  -3.7085939e-04   7.8731118e-04
   2.1746754e-02  -1.9287306e-01   7.1063480e-01  -3.1313828e-03   1.4790112e-04   1.1724562e-03
  -1.7430894e-02  -1.6557733e-01   6.1569080e-01  -2.6241184e-03   4.3341898e-04   8.7043421e-04
  -4.2332621e-02  -1.7332299e-01   6.1689789e-01  -3.2369062e-03   1.4884909e-04   1.0528535e-03
  -4.7865691e-02  -1.7689982e-01   6.1986750e-01  -3.3223047e-03   8.1508489e-05   1.0557081e-03
  -3.2324998e-02  -2.2857381e-01   7.0312562e-01  -4.1256494e-03   7.1213102e-05   9.2290792e-04
  -2.3856612e-02  -2.2666657e-01   6.6818553e-01  -4.0248762e-03  -4.6814672e-04   1.0973548e-03
  -3.3780637e-02  -1.9919813e-01   5.9458276e-01  -3.7346743e-03  -3.7713955e-04   1.2379060e-03
  -3.1477373e-02  -2.0622485e-01   6.0634163e-01  -4.4908899e-03  -7.7699574e-05   1.1529357e-03
  -3.0647326e-02  -2.4309498e-01   7.1478925e-01  -4.9538109e-03   3.4776931e-04   1.0192923e-03
  -3.4588746e-02  -2.0703382e-01   7.4249401e-01  -4.2942116e-03   3.3675021e-04   8.5484562e-04
  -4.5632510e-02  -1.8210054e-01   7.0705220e-01  -3.8324308e-03   1.6701440e-04   1.0553592e-03
  -3.8856120e-02  -2.1314533e-01   7.3135058e-01  -3.9962440e-03   2.8558573e-04   8.8745164e-04
  -3.9420640e-02  -2.1905337e-01   7.0612479e-01  -3.9917270e-03  -1.1073034e-05   9.4311438e-04
  -3.4614928e-02  -2.2077265e-01   7.1017947e-01  -4.2225480e-03  -3.9840061e-05   1.0560789e-03
  -2.1705635e-02  -2.5129688e-01   7.8395087e-01  -4.0828028e-03   3.2181409e-04   5.0328580e-04
  -3.7510246e-02  -2.0241070e-01   6.2390215e-01  -3.1941873e-03  -4.7214643e-04   9.8187592e-04
   1.8891095e-03  -1.1900976e-01   4.4020697e-01  -1.9083493e-03   1.6211939e-04   8.0015811e-04
  -2.1777919e-02  -1.9228342e-01   6.3670076e-01  -3.0672406e-03   1.9755636e-04   8.8836443e-04
  -3.2514611e-02  -1.8925293e-01   6.2874447e-01  -3.2006729e-03   4.4940835e-05   8.3822635e-04
  -3.8209635e-02  -2.1771844e-01   6.6888673e-01  -4.0501790e-03  -1.0115062e-04   8.2083503e-04
  -3.3828662e-02  -2.6280262e-01   7.2687165e-01  -4.4556035e-03   5.8089830e-07   5.3420607e-04
  -4.5999039e-02  -2.0691549e-01   6.0369707e-01  -3.8914754e-03  -2.8167411e-04   1.1970894e-03
  -3.6337404e-02  -2.4462157e-01   7.2744608e-01  -4.2872982e-03  -2.4899992e-04   8.4578656e-04
  -3.0354369e-02  -2.7714346e-01   7.9195205e-01  -4.0509704e-03   2.4187864e-04   4.1819025e-04
  -4.2222551e-02  -2.2793753e-01   6.2661255e-01  -4.3840578e-03  -4.1414255e-04   1.1618281e-03
  -4.8457001e-02  -2.0520223e-01   5.7376493e-01  -4.1959934e-03  -4.7384938e-04   1.2006213e-03
  -5.7447952e-02  -2.2485908e-01   5.8070377e-01  -4.3950795e-03  -5.7840305e-04   1.2102322e-03
  -6.3985874e-02  -1.7100514e-01   4.4927732e-01  -1.9231864e-03  -6.6122291e-04   3.6032133e-04
  -5.7918841e-02  -1.6635135e-01   4.6057041e-01  -2.9949473e-03  -9.0903170e-04   6.2908767e-04
  -6.4882111e-02  -1.4088883e-01   4.6463824e-01  -2.6103512e-03  -9.2945245e-04   8.5368682e-04
  -6.4282540e-02  -2.0231515e-01   5.8808824e-01  -3.1829973e-03  -6.5574582e-04   3.9632349e-04
  -4.5986999e-02  -2.0768686e-01   5.7076795e-01  -2.9149098e-03  -7.2215815e-04   7.0035815e-04
   7.5547575e-03  -1.5515403e-01   4.5181361e-01  -2.4780316e-03   2.3748931e-04   5.0816172e-04
  -4.5451635e-02  -1.6833334e-01   4.7797385e-01  -2.7775422e-03  -5.8685568e-04   5.9938646e-04
  -5.1254033e-02  -1.8034896e-01   4.8426826e-01  -2.8904387e-03  -5.2592961e-04   7.2478975e-04
  -5.2580561e-02  -2.2281721e-01   5.4610063e-01  -3.6358142e-03  -4.8851529e-04   3.5581606e-04
  -6.6419020e-02  -2.0765272e-01   4.9747752e-01  -3.7219985e-03  -7.7793765e-04   6.0506540e-04
  -5.2716242e-02  -2.3254270e-01   5.5977461e-01  -4.2551709e-03  -5.1582454e-04   3.5613699e-04
  -5.7164834e-02  -2.5936783e-01   6.8572067e-01  -3.3843651e-03  -1.0870698e-03  -7.7294831e-04
  -5.5402212e-02  -2.5304524e-01   6.8024360e-01  -3.0235504e-03  -1.7789608e-03  -4.6373840e-04
  -8.2490820e-02  -1.8595399e-01   5.3451748e-01  -2.9120802e-03  -1.1397255e-03   6.4956869e-04
  -7.7671721e-02  -2.0679739e-01   5.9238364e-01  -2.9751781e-03  -9.6502720e-04   7.2425073e-04
  -7.3961261e-02  -2.2443975e-01   5.9294569e-01  -3.1899632e-03  -1.1996487e-03   7.6494803e-04
  -7.7820295e-02  -2.2837439e-01   5.8108751e-01  -3.4364806e-03  -1.3059416e-03   1.0415203e-03
  -5.3313511e-02  -2.8308445e-01   6.7284768e-01  -4.2427054e-03  -8.8843040e-04   2.2598851e-04
  -5.8445681e-02  -2.8142379e-01   6.2807063e-01  -4.1611933e-03  -1.1319645e-03   8.4455376e-04
  -6.5849535e-02  -2.6231679e-01   5.8169537e-01  -4.1074395e-03  -1.1704567e-03   8.8294048e-04
  -5.6923667e-02  -2.6890106e-01   6.1087917e-01  -3.9257316e-03  -1.1213288e-03   4.3741975e-04
  -3.1321281e-02  -2.2598813e-01   4.7061265e-01  -2.9676263e-03  -1.0177835e-03   7.9718947e-04
  -6.6983932e-02  -2.1399030e-01   4.8071321e-01  -3.5228908e-03  -8.9989616e-04   8.6341204e-04
  -4.7969431e-02  -2.5394215e-01   6.2937815e-01  -3.4882841e-03  -5.7629382e-04  -1.4755858e-04
  -5.9575566e-02  -2.4811005e-01   6.0900586e-01  -3.2235122e-03  -1.0650918e-03   3.1263257e-04
  -6.9153393e-02  -2.3756615e-01   5.7352311e-01  -3.2944679e-03  -1.2303951e-03   8.7018635e-04
  -6.8326431e-02  -2.3284284e-01   5.7313603e-01  -3.4277826e-03  -1.1438262e-03   9.2740037e-04
  -5.9400625e-02  -2.3584771e-01   5.8550390e-01  -3.8108853e-03  -9.5384190e-04   5.7161417e-04
  -5.9756911e-02  -2.6636682e-01   6.4717065e-01  -4.3050528e-03  -9.1470014e-04  -1.1125582e-04
  -6.9567840e-02  -2.5248952e-01   6.1539592e-01  -3.9524495e-03  -1.1072739e-03   3.9925187e-04
  -6.9436279e-02  -2.6382011e-01   6.0086322e-01  -4.0223778e-03  -1.1187523e-03   6.9845980e-04
  -5.1344808e-02  -3.2326392e-01   7.1007057e-01  -4.7723862e-03  -8.8887187e-04  -7.9253670e-06
  -6.3010144e-02  -2.9030025e-01   6.5068175e-01  -4.1107242e-03  -1.2501975e-03   4.3091078e-04
  -7.2398885e-02  -2.5469740e-01   5.8109254e-01  -4.1316577e-03  -1.4236915e-03   9.4044380e-04
  -7.4882946e-02  -2.6409613e-01   5.7678085e-01  -4.3666166e-03  -1.2458174e-03   9.8368772e-04
  -5.4666312e-02  -3.1628826e-01   7.0108067e-01  -5.0108426e-03  -1.0536771e-03   2.0851387e-04
  -5.4854237e-02  -2.8989585e-01   6.2385131e-01  -4.7895214e-03  -1.3909445e-03   1.0724093e-03
  -1.7820241e-02  -2.2338706e-01   5.1053917e-01  -3.2258018e-03  -1.2803045e-04   7.0401854e-04
  -6.5382423e-02  -2.4529194e-01   5.1067663e-01  -4.0348003e-03  -9.1148562e-04   8.5421125e-04
  -5.1763124e-02  -2.8659826e-01   6.2246298e-01  -4.6544788e-03  -5.8354270e-04   1.6601606e-04
  -4.3207388e-02  -3.1616683e-01   6.9888367e-01  -3.9961326e-03  -4.7354724e-04  -5.2311318e-04
  -7.4081068e-02  -2.6240923e-01   5.3123493e-01  -3.8888639e-03  -1.1680031e-03   6.6770476e-04
  -6.5179251e-02  -2.7493753e-01   6.1264741e-01  -3.9665962e-03  -9.1506841e-04   3.8892372e-04
  -6.1466021e-02  -2.7797510e-01   6.5811378e-01  -3.3338399e-03  -1.1281867e-03   2.3044776e-04
  -7.1835899e-02  -2.5768404e-01   5.5509678e-01  -3.4735943e-03  -1.3939983e-03   7.4340236e-04
  -6.3119158e-02  -2.8367047e-01   6.0011125e-01  -3.8241509e-03  -1.1764945e-03   4.6279638e-04
  -5.1503047e-02  -3.1358952e-01   6.5509826e-01  -4.0685436e-03  -1.0207945e-03   4.7767904e-05
  -7.3196689e-02  -2.9026879e-01   5.6206548e-01  -4.0821093e-03  -1.3153138e-03   8.7456053e-04
  -7.4186232e-02  -2.9848874e-01   5.9385373e-01  -4.0130029e-03  -1.2320451e-03   5.8649196e-04
  -6.0850311e-02  -3.1358848e-01   6.4434530e-01  -3.8714767e-03  -1.0775149e-03   2.3844728e-04
   4.2477931e-04  -2.4243818e-01   4.3571835e-01  -2.7957522e-03  -8.7928714e-04   6.5939548e-04
  -2.5641842e-02  -2.3539929e-01   4.4375807e-01  -2.0739014e-03  -1.1599274e-03   8.8734023e-04
  -3.3328100e-02  -3.0169261e-01   6.6979865e-01  -2.5213053e-03  -9.3686082e-04  -6.3971680e-04
  -3.1088876e-02  -3.2439338e-01   7.1672820e-01  -2.1531490e-03  -9.3789208e-04  -3.8539939e-04
  -5.5075917e-02  -2.7003295e-01   5.7007912e-01  -2.1058254e-03  -2.2419238e-03   1.1969694e-03
  -7.0385062e-02  -2.4492275e-01   5.0955217e-01  -2.5748726e-03  -1.9814889e-03   1.5382162e-03
  -5.2333376e-02  -2.8222428e-01   5.8925863e-01  -3.1472182e-03  -1.5274690e-03   1.0719528e-03
  -5.9088224e-02  -2.7590575e-01   5.6942800e-01  -2.6876486e-03  -1.8000465e-03   1.0027815e-03
  -6.6078056e-02  -2.8370118e-01   5.6158353e-01  -2.9078197e-03  -1.8624280e-03   1.1633896e-03
  -5.8389938e-02  -3.1121231e-01   6.3523717e-01  -3.0503240e-03  -1.7006847e-03   5.7850498e-04
  -6.8508675e-02  -3.0101446e-01   5.3242900e-01  -3.2085822e-03  -2.0284448e-03   1.2061091e-03
  -7.5437913e-02  -2.9041227e-01   5.0837384e-01  -3.3672765e-03  -2.0055877e-03   1.1445645e-03
  -7.0119360e-02  -3.0596156e-01   5.5038845e-01  -3.4322674e-03  -1.7390078e-03   7.3548497e-04
  -6.3767151e-02  -3.0651978e-01   5.5742673e-01  -3.3394538e-03  -1.7284517e-03   6.6823471e-04
  -7.3002539e-02  -2.8101923e-01   4.9526576e-01  -3.0900759e-03  -2.0520429e-03   7.6260672e-04
  -6.4382773e-02  -2.9346682e-01   5.3292512e-01  -3.2462854e-03  -1.7451653e-03   7.6354191e-04
  -5.9624377e-02  -3.2127122e-01   6.0473840e-01  -3.3757608e-03  -1.2088145e-03  -6.7628355e-05
  -7.2748372e-02  -2.7099836e-01   5.0383816e-01  -2.6559028e-03  -1.9406684e-03   6.1229063e-04
  -7.5295030e-02  -2.4095431e-01   4.8802985e-01  -2.2912190e-03  -1.8168930e-03   6.5981946e-04
  -7.5926775e-02  -2.7464183e-01   5.4044440e-01  -2.7746345e-03  -1.5702611e-03   4.7641998e-04
  -7.4557043e-02  -2.9079786e-01   5.5651879e-01  -2.8197651e-03  -1.6081128e-03   4.2589363e-04
  -7.7525817e-02  -2.9552546e-01   5.4131704e-01  -3.1735717e-03  -1.7924610e-03   5.1338783e-04
  -7.3975586e-02  -2.9251160e-01   5.7147933e-01  -2.8490458e-03  -1.5378453e-03   2.7178318e-04
  -8.4141536e-02  -2.5795422e-01   5.1883351e-01  -2.6733702e-03  -1.9226248e-03   8.6256675e-04
  -8.0981491e-02  -2.6800129e-01   5.3574344e-01  -2.9563777e-03  -1.7987584e-03   7.8458326e-04
  -8.2213079e-02  -3.1122605e-01   6.1388301e-01  -2.3684269e-03  -1.3103308e-03  -1.2463935e-04
  -7.8793317e-02  -3.0633530e-01   5.6193869e-01  -2.7807677e-03  -1.8793589e-03   6.9592089e-04
  -8.3270263e-02  -2.8411899e-01   5.3851869e-01  -2.9943472e-03  -1.8299206e-03   9.4711951e-04
  -8.0320128e-02  -2.9608495e-01   5.5819126e-01  -3.3575284e-03  -1.6049146e-03   6.6483220e-04
  -7.5043134e-02  -3.2588577e-01   6.0196642e-01  -3.4128339e-03  -1.5076372e-03   3.4969397e-04
  -4.0243431e-02  -2.5510490e-01   4.6838373e-01  -2.6204163e-03  -6.7762791e-04   5.2724589e-04
  -6.1616437e-02  -2.5199492e-01   4.6097780e-01  -2.1036637e-03  -8.8944808e-04   5.8358695e-04
  -6.8882141e-02  -3.0045474e-01   5.5812760e-01  -3.0550382e-03  -8.7298401e-04   2.8526071e-04
  -6.7731235e-02  -3.2298870e-01   5.9965042e-01  -3.0240595e-03  -1.0169414e-03   2.6427062e-04
  -8.7129795e-02  -3.0694362e-01   5.3978468e-01  -3.1814528e-03  -1.8551835e-03   9.5912192e-04
  -8.6816018e-02  -2.8313030e-01   5.1051760e-01  -3.2255803e-03  -1.6947243e-03   9.5736980e-04
  -7.8373634e-02  -2.9909158e-01   5.3453476e-01  -3.6595475e-03  -1.5508674e-03   1.0026777e-03
  -6.3907913e-02  -3.2481338e-01   6.3525511e-01  -3.7249809e-03  -1.1352624e-03   1.9277966e-04
  -6.8936489e-02  -2.8418738e-01   5.4939811e-01  -3.5035200e-03  -1.5625854e-03   8.4798978e-04
  -6.6944668e-02  -3.0246699e-01   5.9527477e-01  -3.2034469e-03  -1.4425477e-03   7.9512889e-04
  -6.2005252e-02  -3.3159135e-01   6.5285971e-01  -3.0710730e-03  -1.0150158e-03   4.7424358e-04
  -6.6757489e-02  -3.1799412e-01   5.7518909e-01  -3.4193933e-03  -1.5325101e-03   1.0938503e-03
  -3.8085391e-02  -2.2663568e-01   4.4638332e-01  -1.5231813e-03  -1.3612974e-03   2.3182148e-04
  -7.6284713e-02  -2.9961303e-01   5.4886868e-01  -2.7311134e-03  -1.4174428e-03   3.3473096e-04
  -8.6948102e-02  -2.9428593e-01   4.7827095e-01  -2.6937200e-03  -1.6411524e-03   7.3455571e-04
  -6.0535846e-02  -3.4960225e-01   6.0725368e-01  -3.6111879e-03  -1.1929073e-03   1.1077140e-04
  -6.1766129e-02  -3.4443713e-01   6.2520009e-01  -3.1646164e-03  -1.0531809e-03   2.9776625e-04
  -8.1497674e-02  -3.0302923e-01   4.8870407e-01  -3.0828405e-03  -1.4895327e-03   1.0276555e-03
  -8.1144852e-02  -3.1250907e-01   5.4214727e-01  -3.0459970e-03  -1.4047630e-03   7.3713490e-04
  -7.8520219e-02  -3.7727815e-01   7.8622616e-01  -3.3046128e-03  -1.4734775e-03  -6.4772737e-04
  -8.3006945e-02  -4.0118172e-01   7.8638569e-01  -2.2763917e-03  -9.3650026e-04  -9.9067464e-04
  -7.8379997e-02  -3.4983028e-01   7.3312885e-01  -2.5826520e-03  -1.7527659e-03   7.9937150e-04
  -6.9946764e-02  -3.0621415e-01   5.2441456e-01  -1.8839374e-03  -1.8576704e-03   1.0020925e-03
  -1.2246113e-02  -3.0093550e-01   4.7206738e-01  -7.3924983e-04  -6.8890568e-04   7.4821723e-04
  -5.6045901e-02  -3.0213680e-01   5.1633426e-01  -1.2631720e-03  -1.4337935e-03   9.9315123e-04
  -4.4697454e-02  -3.4558256e-01   5.8610398e-01  -2.2060521e-03  -1.0301237e-03   2.7734700e-04
  -6.1009341e-02  -3.4979467e-01   5.3199695e-01  -2.7212942e-03  -1.3520271e-03   6.0973330e-04
  -7.3508773e-02  -3.3594080e-01   4.7201442e-01  -3.1713373e-03  -1.4951051e-03   1.1056076e-03
  -7.6312075e-02  -3.1265895e-01   4.5528836e-01  -3.1198116e-03  -1.2743407e-03   9.9054385e-04
  -6.7506444e-02  -3.4854406e-01   6.2238042e-01  -3.4127919e-03  -7.0637425e-04   4.0032802e-04
  -7.8127587e-02  -3.3467521e-01   5.8916710e-01  -2.4509049e-03  -9.7959342e-04   4.1599159e-04
  -8.1852666e-02  -3.2381037e-01   5.4633306e-01  -2.5643011e-03  -1.1201885e-03   4.5003932e-04
  -4.8942175e-02  -3.5049279e-01   6.4714372e-01  -3.2127826e-03  -4.8134951e-04  -2.0343921e-04
  -6.8696714e-02  -3.1569862e-01   5.3540438e-01  -2.5879968e-03  -1.3651558e-03   5.3443032e-04
  -8.0771746e-02  -3.0217953e-01   5.0747599e-01  -2.3949398e-03  -1.5064953e-03   7.7680505e-04
  -6.6913362e-02  -3.2091130e-01   5.5561393e-01  -2.6341744e-03  -1.3322768e-03   6.3556441e-04
  -4.1699127e-02  -3.7675603e-01   7.0147165e-01  -2.9322758e-03  -8.7545243e-04   4.1532046e-05
  -4.8434119e-02  -3.3831068e-01   5.5181190e-01  -3.3472314e-03  -1.2758595e-03   7.7834209e-04
  -5.0303129e-03  -2.9551239e-01   4.0878690e-01  -1.6525980e-03  -1.4129523e-04   5.3040982e-04
  -4.2855072e-02  -3.4553052e-01   5.7074477e-01  -2.1761059e-03  -3.0157283e-04  -4.5169663e-06
  -4.5210657e-02  -3.4305231e-01   5.6320603e-01  -2.3476285e-03  -9.8686818e-05   4.4997578e-05
  -6.0923195e-02  -3.3019765e-01   5.0431725e-01  -2.7235167e-03  -5.1134364e-04   5.9406356e-04
  -5.9876464e-02  -3.6391636e-01   5.8354536e-01  -2.9289173e-03  -3.9272220e-04   2.4039735e-04
  -4.7806095e-02  -3.7359540e-01   6.1089300e-01  -2.7968296e-03  -1.8206991e-04  -2.2043364e-04
  -5.7834319e-02  -3.3193237e-01   5.0605620e-01  -2.5285034e-03  -5.9567871e-04   3.7634982e-04
  -6.9786046e-02  -3.2436084e-01   4.8255538e-01  -2.7278225e-03  -5.8675469e-04   5.0302228e-04
  -5.4953525e-02  -3.8988461e-01   6.3620991e-01  -3.1364704e-03  -2.1597393e-04  -3.5249098e-04
  -6.7330028e-02  -3.4075367e-01   5.5348746e-01  -2.6684531e-03  -6.5803901e-04   3.1433358e-04
  -6.9062560e-02  -3.0787813e-01   4.7698242e-01  -2.7442543e-03  -6.8114873e-04   7.3319407e-04
  -5.3995719e-02  -3.9724789e-01   7.2419155e-01  -3.0507896e-03  -8.7643228e-05  -2.9734601e-04
  -5.3945856e-02  -3.8600044e-01   6.8828313e-01  -2.3019548e-03  -4.3907486e-04  -2.0420243e-04
  -6.7118981e-02  -3.4996980e-01   5.5027118e-01  -2.6650913e-03  -9.3883317e-04   4.1648160e-04
  -6.7091152e-02  -3.5037013e-01   5.3930634e-01  -2.8026749e-03  -8.9641542e-04   5.0097180e-04
  -7.6302071e-02  -3.5324747e-01   5.3924435e-01  -3.1211587e-03  -8.2314377e-04   5.8765010e-04
  -7.6746424e-02  -3.7516521e-01   6.1122986e-01  -3.2471339e-03  -5.6729388e-04   9.7822216e-05
  -6.0659860e-02  -3.8030552e-01   6.6506065e-01  -2.6196699e-03  -4.1065157e-04  -4.8677461e-04
  -7.5394704e-02  -3.6979191e-01   5.8825008e-01  -3.2077568e-03  -7.5794791e-04   3.2258942e-04
  -7.8279100e-02  -3.5253993e-01   5.3030713e-01  -3.3087000e-03  -5.8957752e-04   5.4165015e-04
  -5.7693566e-02  -3.7512972e-01   6.0630130e-01  -3.2020663e-03  -7.9396164e-04   3.5148861e-05
  -2.3166985e-02  -3.4223909e-01   5.6288460e-01  -1.8961291e-03   5.9238755e-05  -1.8128801e-04
  -4.9879341e-02  -3.1013530e-01   4.3353619e-01  -7.1476785e-04  -2.5703656e-04   4.7528163e-05
  -6.5761306e-02  -3.0816439e-01   4.6165325e-01  -8.7737111e-04  -4.5243465e-04   1.2045120e-04
  -5.2211876e-02  -3.6221443e-01   5.9949463e-01  -1.4547345e-03   3.5089067e-06  -3.5403425e-04
  -6.1390213e-02  -4.1506472e-01   7.4658529e-01  -1.7179481e-03  -2.3017676e-05  -4.5523802e-04
  -4.0873331e-02  -4.2961362e-01   7.3916989e-01  -2.3268949e-03  -8.1613523e-04   6.7994930e-04
  -6.1002603e-02  -3.4859043e-01   4.9986111e-01  -2.1874568e-03  -8.2888781e-04   8.4055946e-04
  -7.7235709e-02  -4.0710977e-01   4.1124937e-01  -8.2842789e-03  -3.5448607e-04   7.7670567e-04
  -5.4075317e-02  -4.0316103e-01   5.2422437e-01  -5.5128543e-03  -5.1706707e-04   1.4875761e-04
  -6.1706464e-02  -3.8470386e-01   4.5744466e-01  -4.6944516e-03  -8.1073140e-04   5.3191987e-04
  -6.1663988e-02  -3.8823510e-01   4.4446149e-01  -5.1595215e-03  -8.2232133e-04   8.4382698e-04
  -4.3749878e-02  -4.3481031e-01   5.5245601e-01  -5.2653331e-03  -4.3106192e-04  -6.9917948e-05
  -7.2390428e-02  -3.9381317e-01   4.4384769e-01  -4.8769081e-03  -7.8349548e-04   7.9003214e-04
  -3.1039626e-02  -4.3375573e-01   6.0091390e-01  -5.3632561e-03  -5.1908397e-05  -5.3933169e-04
  -3.7092089e-02  -4.4014132e-01   6.0843444e-01  -5.0102862e-03  -4.7135265e-04  -4.4875052e-04
  -5.9464795e-02  -4.2261227e-01   5.2638679e-01  -4.7291288e-03  -1.0878283e-03   4.5587810e-04
  -6.1679335e-02  -4.0046817e-01   5.0771364e-01  -4.6535606e-03  -9.2914223e-04   4.0733040e-04
  -6.4913624e-02  -4.1889092e-01   5.5420217e-01  -4.6306915e-03  -6.1590576e-04   6.9379303e-05
  -7.6146072e-02  -4.1192127e-01   5.4351395e-01  -4.7554182e-03  -6.1360686e-04   1.2403290e-04
  -7.8203138e-02  -4.0981694e-01   5.1575382e-01  -5.2185554e-03  -6.7438719e-04   3.5043610e-04
  -6.1945043e-02  -4.4070262e-01   5.4076834e-01  -4.9255856e-03  -3.0026378e-04  -3.0973314e-04
  -5.0594597e-02  -4.2253925e-01   5.1680772e-01  -3.8909326e-03  -8.4625984e-04  -1.7677702e-04
  -1.9784507e-02  -3.2860651e-01   3.4539630e-01  -2.1892454e-03  -2.0623800e-04  -3.8423740e-04
  -6.4121586e-02  -3.1606483e-01   3.6802830e-01  -2.2028416e-03  -4.1210891e-04   8.5593050e-05
  -6.6810547e-02  -3.6768472e-01   4.6957253e-01  -2.4388990e-03  -3.5303658e-04  -8.4904749e-05
  -5.8872798e-02  -4.0993601e-01   5.7216648e-01  -2.8410385e-03  -3.7191480e-04  -1.9036109e-04
  -6.5648860e-02  -3.8840054e-01   4.9983307e-01  -2.9938724e-03  -8.6568602e-04   5.7808077e-04
  -5.8052725e-02  -3.9130034e-01   5.0925308e-01  -3.2110574e-03  -6.7681504e-04   6.0580357e-04
   1.2315782e-02  -4.3797545e-01   6.7257503e-01  -3.6435248e-03   3.8332238e-04   7.0868920e-05
  -2.5112142e-02  -4.2917875e-01   6.1128489e-01  -3.3842109e-03  -3.0957617e-04   3.2162088e-05
  -4.8433419e-02  -3.9264360e-01   5.0892666e-01  -2.8646526e-03  -6.1571371e-04   5.9512161e-04
  -4.1669664e-02  -4.2259204e-01   5.8010577e-01  -3.3774910e-03  -1.8303895e-04   6.0164415e-04
  -2.1654878e-02  -4.4865243e-01   6.6305269e-01  -3.3072402e-03   4.5119936e-04  -3.3868606e-06
  -4.3371738e-02  -4.0781830e-01   5.8929186e-01  -2.7275389e-03  -2.3535243e-04   4.3159035e-04
  -4.4245554e-02  -4.0357657e-01   5.9249207e-01  -2.8287936e-03  -1.7325503e-04   3.7347336e-04
  -3.8300168e-02  -4.6069733e-01   6.6162011e-01  -3.1601765e-03   1.2900378e-04  -2.1398762e-04
  -3.3451159e-02  -4.4012333e-01   6.0495104e-01  -2.6601037e-03  -7.0638006e-05  -1.1833190e-04
   1.4112681e-02  -3.7198633e-01   4.2333877e-01  -1.4803400e-03   4.3980584e-04  -5.4436775e-05
  -4.1247694e-02  -3.8559652e-01   4.6107289e-01  -2.5433627e-03   2.6281766e-05   1.7965912e-04
  -3.4451514e-02  -4.4909901e-01   6.7156784e-01  -2.4598772e-03   4.3683196e-05  -2.6428990e-04
  -1.8714417e-02  -4.7076333e-01   7.6380013e-01  -1.6775237e-03   1.6386268e-04  -2.9964745e-04
  -5.2854890e-02  -4.1340943e-01   5.2389011e-01  -2.2585764e-03  -6.2418474e-05   3.6830411e-04
  -4.1871589e-02  -4.3176005e-01   5.4215667e-01  -3.0937077e-03   2.3897042e-04   8.8873055e-05
  -4.2902715e-02  -4.2175376e-01   5.3518308e-01  -2.7807533e-03   2.0205605e-05   4.3775883e-04
  -4.8777671e-02  -4.1023638e-01   5.1839258e-01  -2.9303490e-03  -9.8092934e-05   6.1482517e-04
  -5.4864121e-02  -4.1187858e-01   5.1923145e-01  -3.2062998e-03  -1.3039535e-04   5.1290973e-04
  -4.6698921e-02  -4.5062094e-01   5.5850787e-01  -3.8436316e-03   3.1495443e-05   3.3976533e-04
  -2.8556236e-02  -5.0135438e-01   6.6408617e-01  -3.9027003e-03   5.5370932e-04  -6.1462532e-04
  -5.0661058e-02  -4.5826244e-01   5.8253649e-01  -3.7949388e-03  -4.3643279e-05   2.2010431e-04
  -5.6455515e-02  -4.2232294e-01   5.3302970e-01  -3.6888179e-03  -2.1849289e-04   3.5821817e-04
  -5.4849441e-02  -4.1175826e-01   5.0400662e-01  -3.8341902e-03  -1.5673808e-04   5.0803768e-04
  -5.3602851e-02  -4.4958570e-01   6.0658014e-01  -3.7290780e-03  -3.3177134e-06  -7.4284288e-06
  -5.8373832e-02  -4.3308942e-01   5.5294750e-01  -3.9264309e-03  -1.4668974e-04   4.2432446e-04
  -5.3186907e-02  -4.4524521e-01   5.4787223e-01  -4.3034602e-03  -2.1342122e-04   5.3692353e-04
  -4.5506497e-02  -4.8623412e-01   7.1615668e-01  -2.9641268e-03  -1.9047166e-04   1.4056135e-04
  -4.9552675e-02  -4.4699359e-01   6.2109610e-01  -3.0309905e-03  -2.8576625e-04   2.4119449e-04
   1.5783090e-02  -3.8437051e-01   4.5140298e-01  -1.9139175e-03   1.9913920e-04   4.5189111e-04
  -2.7898756e-02  -3.9818158e-01   5.2089013e-01  -1.2181345e-03  -2.3455719e-04   4.0866913e-04
  -4.2001010e-02  -4.1394864e-01   5.4910677e-01  -1.9171838e-03  -7.6274571e-04   5.5093872e-04
  -4.1418301e-02  -4.2005288e-01   5.2046968e-01  -2.4395452e-03  -7.6855447e-04   8.9032646e-04
  -4.6835499e-02  -4.3299209e-01   5.3683067e-01  -2.7881154e-03  -7.5592049e-04   8.8952950e-04
  -3.8883861e-02  -4.7545340e-01   6.2679327e-01  -2.7864708e-03  -6.7999129e-04   8.4592489e-05
  -4.1067197e-02  -4.4283295e-01   5.5345766e-01  -2.9530731e-03  -7.3921378e-04   5.7725541e-04
  -5.1781478e-02  -3.9984608e-01   4.7866704e-01  -2.7561612e-03  -9.0310785e-04   1.1091441e-03
  -5.5174248e-02  -4.1109707e-01   4.9861418e-01  -2.9290338e-03  -7.7081496e-04   1.0877681e-03
  -4.7829045e-02  -4.7901760e-01   6.3640826e-01  -3.3014000e-03  -7.1377349e-04   4.9003240e-04
  -5.4439885e-02  -4.6116559e-01   5.8052284e-01  -2.9441981e-03  -8.7645882e-04   7.0138762e-04
  -5.1983300e-02  -4.6022016e-01   5.5111432e-01  -3.1812170e-03  -8.9972982e-04   7.3462676e-04
  -4.5581240e-02  -4.8708619e-01   6.7483957e-01  -2.8047104e-03  -6.1401769e-04   6.9401879e-05
  -5.5913185e-02  -4.8252101e-01   6.2990981e-01  -3.1546717e-03  -7.5569449e-04   6.6715699e-04
