-8.8287e-06
0.00015224
0.0014556
0.0036816
0.0046894
0.0041642
0.0036239
0.003245
0.0032498
0.0037988
0.0040081
0.0035772
0.0045787
0.0058557
0.0060188
0.0056401
0.0060658
0.0070688
0.0069561
0.0062145
0.0046481
0.0038618
0.0045275
0.0052672
0.0062684
0.0069648
0.0075014
0.0080904
0.0086341
0.0084849
0.0071753
0.0058972
0.0055836
0.0051802
0.0052917
0.0059809
0.0058422
0.0052657
0.0056803
0.0058031
0.0059307
0.006035
0.0051925
0.0045378
0.0038759
0.0042489
0.0053308
0.0055728
0.0048381
0.0045405
0.0050587
0.0054863
0.0056579
0.0048931
0.003812
0.003122
0.0041024
0.0056725
0.0064618
0.0064322
0.0058555
0.0046884
0.0042524
0.0042773
0.0037723
0.0038562
0.005048
0.0049971
0.0044881
0.0046615
0.0044271
0.0042748
0.0045675
0.0049222
0.0042473
0.0039939
0.0044207
0.004235
0.0028714
0.0018022
0.0020516
0.0028454
0.0034785
0.0040943
0.0051876
0.006214
0.0050655
0.0036558
0.003428
0.0033418
0.0039048
0.00616
0.0069067
0.0065532
0.0074221
0.0082879
0.0079868
0.0069146
0.0057282
0.005558
0.0051831
0.0040304
0.0031111
0.0026126
0.0032883
0.004856
0.0050217
0.0047361
0.0047681
0.0044928
0.0036328
0.0035524
0.0046816
0.0057451
0.0066967
0.0067485
0.0053484
0.0038766
0.0032531
0.0026643
0.0027698
0.0045745
0.0054123
0.0059195
0.0058536
0.0048386
0.004973
0.0048422
0.0049034
0.005715
0.0061384
0.0055117
0.0037636
0.0028887
0.0041863
0.0050322
0.0049093
0.0052693
0.0042853
0.0041363
0.0057443
0.0062468
0.0061065
0.0064021
0.0064852
0.0057347
0.0047348
0.0044477
0.0038544
0.0034862
0.0029833
0.0024469
0.0025024
0.0028113
0.003413
0.0036307
0.003181
0.0037407
0.0046053
0.0047578
0.0049036
0.0050895
0.0056389
0.006022
0.0057178
0.0046483
0.0033354
0.0023282
0.0028619
0.0034647
0.0037117
0.00395
0.0041416
0.0047179
0.0050985
0.0058123
0.0063031
0.0056791
0.005368
0.0061126
0.0059526
0.0058964
0.0057801
0.005298
0.005054
0.0045012
0.0043403
0.0050291
0.0066248
0.0074212
0.0070182
0.0065857
0.0056532
0.0045272
0.0048228
0.0053229
0.0056646
0.0058841
0.0056344
0.0054186
0.0049161
0.0056389
0.0061186
0.0051604
0.0041195
0.0039498
0.0036813
0.0040149
0.0049305
0.0050385
0.00538
0.0051254
0.0048067
0.0052544
0.0052735
0.0048378
0.0045958
0.0053943
0.0057448
0.0052363
0.006083
0.0070167
0.0062008
0.0050711
0.0046547
0.0042938
0.0044553
0.0057054
0.0060902
0.0060308
0.006488
0.0064373
0.0061888
0.0057687
0.0062579
0.0059841
0.0051541
0.0056975
0.0060068
0.0058076
0.0060237
0.0059142
0.0045659
0.0031727
0.002411
0.0023474
0.0028925
0.0042627
0.0046851
0.0041299
0.0050688
0.0069214
0.0071331
0.0063129
0.0063695
0.0060449
0.0053958
0.004689
0.0045315
0.004663
0.0043523
0.0040151
0.0032516
0.0033419
0.0039338
0.0044342
0.0044191
0.0041067
0.004136
0.0040906
0.0032825
0.0027748
0.0031759
0.0033875
0.0036477
0.0036375
0.0035086
0.0035096
0.0036107
0.0029961
0.0026411
0.0020238
0.0026712
0.0044029
0.0051187
0.0060286
0.007115
0.0073144
0.0072724
0.0067693
0.00535
0.0045055
0.0045766
0.0048075
0.0048457
0.0044103
0.0045455
0.0056621
0.0060843
0.0054688
0.0053829
0.0054721
0.0042646
0.0032508
0.0043479
0.0054122
0.0053128
0.0058155
0.0067101
0.0067486
0.0057375
0.004148
0.0034601
0.0039247
0.0038452
0.0032684
0.0031023
0.003168
0.0034704
0.0029615
0.0027878
0.0045983
0.0047875
0.0048879
0.0057001
0.0058375
0.0050573
0.0038668
0.0043097
0.0046542
0.0041602
0.0038517
0.0034904
0.0033895
0.0047169
0.0051552
0.0043271
0.0035527
0.0038976
0.0055172
0.005839
0.0052034
0.0040868
0.0040167
0.0042355
0.0037528
0.0030293
0.0023568
0.0029644
0.0046995
0.0058716
0.006154
0.0059638
0.0051345
0.0036991
0.0032444
0.0032814
0.0029662
0.0033057
0.0044359
0.0045866
0.0051582
