6.4206e-08
4.4246e-07
1.255e-05
4.0147e-05
6.9827e-05
8.0795e-05
8.1874e-05
8.3698e-05
7.9831e-05
7.8863e-05
7.3137e-05
5.4626e-05
4.5344e-05
5.5216e-05
7.0446e-05
7.1833e-05
6.9381e-05
7.5618e-05
7.0814e-05
6.0581e-05
5.427e-05
4.4881e-05
4.2813e-05
5.493e-05
7.8413e-05
8.3555e-05
7.478e-05
6.8654e-05
7.2409e-05
8.3291e-05
8.2548e-05
6.9051e-05
5.928e-05
5.092e-05
4.8924e-05
5.2084e-05
6.0622e-05
6.7325e-05
7.0356e-05
7.4124e-05
6.9226e-05
6.2124e-05
5.5177e-05
6.0207e-05
6.5686e-05
5.8117e-05
5.3527e-05
5.7647e-05
6.6282e-05
6.5829e-05
7.1047e-05
6.7809e-05
6.4237e-05
6.7544e-05
7.0166e-05
6.3667e-05
5.6129e-05
5.8523e-05
6.3626e-05
7.3943e-05
8.0736e-05
6.9691e-05
6.7602e-05
7.8157e-05
7.7643e-05
7.4137e-05
7.8478e-05
7.1962e-05
5.6277e-05
5.0651e-05
4.844e-05
5.9615e-05
6.4113e-05
5.9499e-05
5.9277e-05
7.0302e-05
7.945e-05
8.6753e-05
7.9685e-05
5.4424e-05
5.2289e-05
6.2669e-05
5.7781e-05
5.9294e-05
7.2209e-05
8.7361e-05
8.5673e-05
6.175e-05
3.4881e-05
3.1667e-05
4.1823e-05
5.4125e-05
6.4497e-05
6.7856e-05
7.6195e-05
7.8051e-05
7.5037e-05
7.8955e-05
8.2582e-05
7.8858e-05
7.6563e-05
8.1931e-05
8.3734e-05
7.8805e-05
7.2217e-05
6.8975e-05
6.2709e-05
5.4687e-05
5.0011e-05
5.381e-05
5.2593e-05
4.6838e-05
5.1391e-05
5.9259e-05
7.428e-05
7.8571e-05
6.1879e-05
4.9617e-05
5.9739e-05
7.6908e-05
8.0619e-05
8.7183e-05
8.3249e-05
6.7075e-05
5.5766e-05
5.3935e-05
6.3945e-05
7.6195e-05
7.4988e-05
7.5784e-05
7.2395e-05
7.0829e-05
6.026e-05
4.2679e-05
4.5038e-05
5.2069e-05
4.9729e-05
5.3523e-05
5.0686e-05
5.1461e-05
5.9506e-05
6.366e-05
7.2748e-05
8.6565e-05
9.5526e-05
9.1628e-05
7.9079e-05
6.1656e-05
5.2858e-05
5.7286e-05
6.6347e-05
6.6166e-05
5.9482e-05
5.6582e-05
5.8848e-05
6.5127e-05
7.2106e-05
7.4557e-05
8.0979e-05
8.4281e-05
7.5587e-05
6.1502e-05
5.9081e-05
5.4211e-05
4.4618e-05
5.0709e-05
6.1558e-05
5.8816e-05
6.1882e-05
7.2856e-05
7.5867e-05
7.0708e-05
6.4991e-05
6.6091e-05
6.2905e-05
6.376e-05
7.0981e-05
8.3915e-05
8.7947e-05
8.0803e-05
7.6768e-05
7.9567e-05
7.7377e-05
7.1585e-05
7.4702e-05
7.6164e-05
7.1483e-05
6.9735e-05
7.8471e-05
8.553e-05
7.448e-05
6.4774e-05
6.1481e-05
5.1545e-05
4.7158e-05
4.6842e-05
5.1898e-05
5.8095e-05
5.9339e-05
7.3517e-05
7.7151e-05
7.554e-05
8.167e-05
8.4053e-05
7.5575e-05
7.1027e-05
6.883e-05
6.5087e-05
6.1452e-05
5.7604e-05
6.4943e-05
6.2681e-05
4.8498e-05
5.0553e-05
5.5722e-05
5.4472e-05
5.4616e-05
5.7158e-05
5.5022e-05
5.879e-05
6.8551e-05
7.1929e-05
6.6995e-05
6.688e-05
7.1523e-05
7.0443e-05
6.7245e-05
6.5824e-05
7.193e-05
7.5574e-05
7.3615e-05
6.7435e-05
6.1043e-05
6.1199e-05
6.7473e-05
6.4697e-05
5.6994e-05
6.6057e-05
7.557e-05
7.8493e-05
8.3645e-05
8.4122e-05
6.7737e-05
5.6767e-05
5.2235e-05
4.707e-05
5.5896e-05
7.117e-05
6.9454e-05
6.4245e-05
6.6945e-05
7.5262e-05
8.1854e-05
7.4084e-05
7.1645e-05
7.3678e-05
6.7971e-05
6.4709e-05
6.5077e-05
6.3703e-05
6.1299e-05
6.3959e-05
6.2576e-05
6.2781e-05
7.4365e-05
8.4744e-05
8.0313e-05
7.0458e-05
7.0623e-05
7.1043e-05
6.7566e-05
5.395e-05
4.7684e-05
5.242e-05
5.5979e-05
6.0274e-05
6.0138e-05
4.5054e-05
3.7634e-05
3.8893e-05
3.9351e-05
3.5632e-05
2.8926e-05
3.9485e-05
5.6434e-05
6.3743e-05
6.9062e-05
7.9826e-05
9.2605e-05
9.1016e-05
7.1698e-05
6.2769e-05
7.1106e-05
7.3438e-05
6.7907e-05
6.4821e-05
6.4447e-05
6.2512e-05
6.2377e-05
6.5531e-05
7.5951e-05
8.1771e-05
7.972e-05
7.1711e-05
6.3094e-05
6.1244e-05
6.1633e-05
6.4984e-05
7.2318e-05
7.5039e-05
8.0442e-05
8.1807e-05
7.3613e-05
6.6215e-05
6.6997e-05
7.9698e-05
8.2084e-05
7.4499e-05
6.8727e-05
6.0326e-05
4.5664e-05
4.3935e-05
4.8143e-05
5.2539e-05
5.3038e-05
4.862e-05
5.3797e-05
5.7076e-05
5.8283e-05
6.2912e-05
6.6327e-05
7.342e-05
8.0947e-05
7.3967e-05
6.4882e-05
6.2e-05
5.5153e-05
5.6779e-05
6.7676e-05
7.3353e-05
6.6992e-05
6.943e-05
7.1938e-05
6.9158e-05
6.7799e-05
6.2802e-05
5.3485e-05
4.0925e-05
4.7949e-05
6.9083e-05
8.2399e-05
8.1397e-05
7.9913e-05
8.2069e-05
7.0064e-05
5.684e-05
4.6611e-05
3.8002e-05
4.5798e-05
7.225e-05
7.6925e-05
8.5133e-05
