-8.7564e-06
0.00015113
0.0014517
0.0036777
0.0046894
0.0041656
0.0036248
0.0032455
0.0032492
0.0037975
0.0040088
0.0035771
0.0045756
0.0058543
0.0060194
0.0056405
0.0060637
0.0070676
0.0069572
0.0062166
0.0046514
0.0038612
0.0045261
0.0052654
0.0062666
0.0069637
0.0075004
0.0080891
0.0086335
0.0084863
0.0071785
0.0058985
0.0055841
0.0051808
0.0052906
0.0059799
0.0058435
0.0052658
0.0056793
0.0058033
0.00593
0.0060359
0.0051942
0.004539
0.0038767
0.0042468
0.0053293
0.0055734
0.0048398
0.0045399
0.0050578
0.0054855
0.0056584
0.0048952
0.003814
0.003122
0.0040991
0.0056701
0.0064611
0.0064328
0.0058573
0.0046905
0.0042521
0.0042779
0.0037732
0.0038546
0.0050461
0.0049988
0.0044879
0.0046616
0.0044276
0.0042749
0.0045662
0.0049226
0.0042487
0.0039934
0.0044199
0.0042368
0.0028743
0.001803
0.0020501
0.002844
0.0034773
0.0040929
0.0051847
0.0062139
0.005069
0.0036572
0.003428
0.003342
0.0039016
0.0061559
0.0069075
0.0065527
0.0074199
0.0082873
0.0079884
0.0069172
0.0057297
0.0055578
0.0051849
0.0040327
0.0031125
0.0026129
0.0032853
0.004854
0.0050225
0.0047362
0.004768
0.0044941
0.0036342
0.0035511
0.0046791
0.0057432
0.0066951
0.0067501
0.0053517
0.0038787
0.0032538
0.0026656
0.0027674
0.0045713
0.0054117
0.0059183
0.0058553
0.0048397
0.0049723
0.004843
0.0049021
0.0057137
0.0061382
0.0055144
0.0037669
0.0028881
0.004183
0.0050325
0.0049087
0.0052697
0.0042877
0.004134
0.0057416
0.0062471
0.0061063
0.0064015
0.0064856
0.005737
0.0047359
0.0044483
0.0038556
0.0034867
0.0029847
0.0024473
0.0025021
0.0028104
0.0034118
0.0036313
0.0031814
0.0037385
0.0046045
0.0047576
0.0049034
0.0050887
0.0056378
0.0060218
0.0057193
0.0046507
0.0033382
0.0023288
0.00286
0.0034643
0.003711
0.0039499
0.0041406
0.004717
0.0050976
0.0058106
0.0063032
0.0056809
0.005367
0.0061117
0.0059534
0.005896
0.0057811
0.0052986
0.0050548
0.0045022
0.0043399
0.0050266
0.0066218
0.0074212
0.0070192
0.0065866
0.0056559
0.0045281
0.0048214
0.0053224
0.0056637
0.0058844
0.0056346
0.0054195
0.0049163
0.0056368
0.0061194
0.0051629
0.0041206
0.0039498
0.0036819
0.0040129
0.0049297
0.0050382
0.0053795
0.0051266
0.0048063
0.0052537
0.005274
0.0048388
0.0045952
0.0053924
0.0057455
0.0052364
0.0060801
0.0070167
0.0062034
0.0050727
0.0046551
0.0042946
0.0044535
0.0057034
0.0060905
0.0060302
0.0064874
0.0064378
0.0061895
0.0057689
0.0062566
0.0059863
0.0051542
0.0056962
0.0060069
0.0058079
0.006023
0.0059158
0.004569
0.0031749
0.0024117
0.0023472
0.0028904
0.0042602
0.004686
0.0041301
0.0050651
0.0069188
0.0071346
0.0063137
0.0063692
0.0060462
0.005397
0.0046903
0.0045309
0.0046635
0.0043528
0.0040163
0.0032526
0.0033408
0.0039327
0.0044335
0.0044197
0.0041069
0.0041358
0.0040913
0.0032844
0.0027745
0.0031752
0.0033871
0.0036474
0.0036377
0.0035089
0.0035091
0.0036113
0.0029972
0.0026419
0.0020246
0.0026679
0.0044005
0.0051176
0.0060262
0.0071137
0.0073146
0.0072725
0.0067715
0.0053527
0.004506
0.0045761
0.0048071
0.0048461
0.0044111
0.0045439
0.00566
0.0060849
0.0054699
0.0053823
0.0054731
0.0042678
0.0032507
0.0043447
0.0054116
0.0053129
0.0058136
0.006709
0.0067496
0.0057403
0.0041507
0.0034599
0.0039239
0.0038463
0.0032692
0.0031023
0.0031676
0.0034701
0.0029635
0.0027855
0.0045955
0.0047885
0.0048863
0.0056991
0.0058379
0.00506
0.0038677
0.004308
0.0046547
0.0041612
0.0038521
0.0034914
0.0033882
0.0047142
0.0051562
0.0043287
0.0035537
0.0038949
0.0055148
0.0058396
0.0052054
0.0040884
0.0040158
0.004236
0.0037539
0.0030309
0.0023572
0.0029617
0.0046962
0.0058704
0.0061539
0.0059646
0.005137
0.0037014
0.0032442
0.0032818
0.0029666
0.0033038
0.0044346
0.0045861
0.0051585
