   0.0000000e+00   0.0000000e+00   0.0000000e+00   0.0000000e+00   0.0000000e+00   0.0000000e+00
  -2.7734115e-04   9.4232088e-02   5.2278830e-01  -1.8268292e-04  -1.7241051e-03  -1.5551089e-03
   1.5190576e-03   1.2985592e-01   6.0362810e-01   6.6656812e-04  -2.0238177e-03  -1.3660604e-03
   3.8162836e-04   1.2811124e-01   6.2167549e-01   7.4999411e-04  -2.0492429e-03  -1.4705286e-03
   3.6167082e-04   1.2187759e-01   6.7952256e-01   3.3770711e-04  -2.1696657e-03  -1.2454791e-03
   4.8207321e-03   1.3549464e-01   6.6494994e-01   6.4608161e-04  -2.0428877e-03  -1.2431568e-03
  -6.7054418e-03   1.3731828e-01   6.7341008e-01   8.4981337e-04  -2.1901498e-03  -1.3470656e-03
  -1.7642319e-02   1.2820418e-01   7.1346948e-01   5.4484754e-04  -2.2303680e-03  -1.3168846e-03
  -6.9240762e-03   1.1467741e-01   6.7043969e-01   6.2965916e-04  -2.2550777e-03  -1.3586975e-03
  -8.7163600e-03   1.2109493e-01   6.6810057e-01   9.9159435e-04  -2.3194924e-03  -1.4559095e-03
  -7.4068073e-03   1.1630422e-01   6.9140725e-01   6.6837419e-04  -2.3884681e-03  -1.5190826e-03
  -9.2315484e-03   1.0375848e-01   6.7226380e-01   6.3067494e-04  -2.2094631e-03  -1.5585678e-03
  -8.4461573e-03   1.1478183e-01   6.4739030e-01   8.6990450e-04  -2.2145931e-03  -1.5819434e-03
  -1.2136485e-03   1.1294727e-01   6.2570348e-01   1.0883249e-03  -2.0692361e-03  -1.6939127e-03
  -5.0628335e-04   1.1444001e-01   6.3696588e-01   1.0308147e-03  -2.1065485e-03  -1.7334399e-03
  -5.3167056e-04   1.1412908e-01   6.2238262e-01   9.3977276e-04  -2.1065557e-03  -1.6688506e-03
  -5.1262929e-03   1.2744463e-01   5.9669070e-01   1.2038602e-03  -2.2077215e-03  -1.7224813e-03
   1.9925896e-03   1.1767639e-01   6.4241308e-01   7.3060992e-04  -2.1796748e-03  -1.5505619e-03
   1.2146619e-02   1.2015299e-01   6.2245942e-01   8.0969426e-04  -2.1455775e-03  -1.4071211e-03
   1.5214943e-02   1.1782264e-01   5.9391032e-01   8.5817368e-04  -2.1727566e-03  -1.5245243e-03
   1.6708154e-02   1.1534629e-01   6.3683614e-01   7.7800584e-04  -2.0507848e-03  -1.4321038e-03
   1.9694847e-02   1.4056863e-01   6.0436904e-01   1.2150180e-03  -2.0377185e-03  -1.3409893e-03
   2.3405238e-02   1.2394040e-01   6.1566055e-01   1.1057832e-03  -1.8908133e-03  -1.6478216e-03
   1.9300144e-02   1.2229961e-01   6.3036760e-01   7.5673036e-04  -2.0694188e-03  -1.5658344e-03
   1.7183606e-02   1.2584441e-01   5.7418834e-01   9.5992820e-04  -2.1539823e-03  -1.6494553e-03
   1.1760698e-02   1.2289885e-01   5.6142741e-01   1.2395224e-03  -2.1539667e-03  -1.7163842e-03
   6.8911068e-03   1.1202481e-01   5.8254927e-01   1.0426493e-03  -2.3175180e-03  -1.7418313e-03
   3.3102256e-03   9.4284155e-02   6.3191824e-01   7.8428246e-04  -1.9592048e-03  -1.9039984e-03
   7.2678050e-03   1.2494432e-01   6.1615152e-01   1.3084032e-03  -1.9798179e-03  -1.8014837e-03
   1.1298253e-02   9.2291183e-02   6.6229362e-01   8.1280938e-04  -1.8126568e-03  -1.6154985e-03
   8.2689893e-03   8.5909684e-02   6.1997172e-01   9.5869309e-04  -1.9002606e-03  -1.5269707e-03
   7.3890940e-03   1.1060075e-01   5.7034388e-01   1.3351955e-03  -1.9844163e-03  -1.6152013e-03
   7.5998713e-03   9.9858645e-02   5.7874833e-01   1.3455582e-03  -1.9870513e-03  -1.6510185e-03
   9.2145513e-03   9.9636601e-02   5.9139378e-01   1.1076743e-03  -2.0143094e-03  -1.5866349e-03
   9.1557173e-03   1.0998737e-01   5.5008745e-01   1.3916599e-03  -1.9253897e-03  -1.6709453e-03
   9.5867733e-03   8.8897616e-02   5.8331967e-01   1.1755664e-03  -1.5914597e-03  -1.5682647e-03
   2.2490914e-02   8.9520089e-02   6.0535425e-01   1.1627538e-03  -1.7882324e-03  -1.4127916e-03
   2.4357817e-02   1.0858253e-01   5.7094050e-01   1.4708801e-03  -1.9168938e-03  -1.6836802e-03
   2.4595410e-02   7.9487749e-02   5.7536500e-01   1.2552695e-03  -1.7172801e-03  -1.6466608e-03
   2.0235692e-02   8.6576522e-02   6.0465331e-01   1.1480054e-03  -1.9689887e-03  -1.5222462e-03
   1.6798732e-02   9.2581542e-02   5.5928497e-01   1.3994541e-03  -1.9771711e-03  -1.6418943e-03
   1.6094497e-02   6.9420594e-02   5.7159688e-01   1.3957044e-03  -1.7788252e-03  -1.5763741e-03
   1.2563983e-02   8.2126941e-02   5.7120195e-01   1.3843761e-03  -1.8067611e-03  -1.4430775e-03
   1.9254400e-02   1.0047160e-01   5.6584833e-01   1.4766403e-03  -1.9079579e-03  -1.5329743e-03
   2.4220813e-02   7.6908639e-02   5.7536588e-01   1.2314175e-03  -1.8145186e-03  -1.5171172e-03
   1.4505690e-02   8.6268491e-02   5.9944183e-01   1.0838541e-03  -2.1225658e-03  -1.5425536e-03
   3.6496778e-03   7.7541760e-02   5.6999706e-01   1.0148330e-03  -1.9978509e-03  -1.6360110e-03
   2.7298364e-03   1.0705257e-01   5.4285311e-01   1.6213226e-03  -2.1371287e-03  -1.7845845e-03
   1.2454518e-02   8.9588606e-02   5.8921795e-01   1.3219912e-03  -1.9974016e-03  -1.7551403e-03
   4.6494702e-03   1.0253155e-01   5.7559391e-01   1.5281120e-03  -2.2747518e-03  -1.8564835e-03
   5.5307284e-03   1.1416012e-01   5.7792387e-01   2.0670381e-03  -2.3678752e-03  -1.6665833e-03
   6.5923814e-03   8.4928988e-02   6.0641125e-01   1.3372368e-03  -2.3451559e-03  -1.5818312e-03
   3.5287489e-03   7.3827683e-02   5.7569134e-01   1.1772847e-03  -2.2998052e-03  -1.6125870e-03
  -7.0769710e-03   8.2185072e-02   5.5490888e-01   1.5114807e-03  -2.4470128e-03  -1.8211529e-03
  -6.6387286e-03   5.8309554e-02   6.0354744e-01   1.1908508e-03  -2.4392133e-03  -1.8000900e-03
  -9.2186531e-03   5.4015465e-02   5.9865527e-01   1.1765949e-03  -2.5008712e-03  -1.8378946e-03
  -6.4246062e-03   6.6140175e-02   5.6909325e-01   1.3035732e-03  -2.4663963e-03  -1.7193548e-03
  -6.1930916e-03   7.8977413e-02   5.6126403e-01   1.7958518e-03  -2.4386107e-03  -1.8351341e-03
  -2.4597774e-03   6.9568335e-02   5.9763348e-01   1.3253540e-03  -2.4446714e-03  -1.8007903e-03
  -1.7156713e-03   6.2640846e-02   5.8296197e-01   1.3131541e-03  -2.3470073e-03  -1.8495710e-03
  -4.8784333e-03   7.4651177e-02   5.5784724e-01   1.6108769e-03  -2.4167240e-03  -1.9685969e-03
   1.1482260e-03   4.8460859e-02   5.8704989e-01   1.2508552e-03  -2.2761896e-03  -1.6171142e-03
   5.6152513e-04   6.7664928e-02   5.9764900e-01   1.4597315e-03  -2.2522589e-03  -1.5339665e-03
   1.1769881e-03   7.9444466e-02   5.9638805e-01   1.7044584e-03  -2.3228827e-03  -1.7061368e-03
   9.3373400e-03   6.0753800e-02   6.3518433e-01   1.0034611e-03  -2.4699387e-03  -1.3491639e-03
  -1.0428779e-03   5.9842157e-02   6.1949683e-01   1.2641606e-03  -2.5154025e-03  -1.5015659e-03
  -4.4723524e-04   7.1285878e-02   5.9728788e-01   1.5162030e-03  -2.5099496e-03  -1.4855396e-03
   7.2170949e-03   5.2021710e-02   6.3619839e-01   1.3033624e-03  -2.3486795e-03  -1.5770286e-03
   5.0351081e-03   5.4272980e-02   6.2418750e-01   1.2925519e-03  -2.4477833e-03  -1.4539681e-03
   5.4311557e-03   7.1885541e-02   5.9452040e-01   1.6573860e-03  -2.3611976e-03  -1.5674395e-03
   1.1450569e-02   5.7762441e-02   6.3593879e-01   1.3317620e-03  -2.0389893e-03  -1.4118377e-03
   8.2818768e-03   6.6983279e-02   5.8875726e-01   1.6520990e-03  -2.1560054e-03  -1.5114996e-03
   5.0223948e-03   6.3796558e-02   5.8273897e-01   1.8197772e-03  -2.2088651e-03  -1.4436917e-03
  -8.8777402e-04   5.5063594e-02   6.1024723e-01   1.6260306e-03  -2.2893861e-03  -1.5069810e-03
  -3.2756074e-03   7.2580934e-02   5.8590832e-01   1.7772018e-03  -2.3992872e-03  -1.5215440e-03
  -1.5572604e-03   4.2735012e-02   5.9375826e-01   1.5677144e-03  -2.2195556e-03  -1.5087712e-03
   4.6370441e-03   4.0149516e-02   5.8622766e-01   1.2915004e-03  -2.2554215e-03  -1.4072324e-03
   2.4664752e-03   6.9052867e-02   5.6309689e-01   1.7196528e-03  -2.2172779e-03  -1.5773978e-03
  -4.3075211e-03   5.4493433e-02   5.9649329e-01   1.4325970e-03  -2.1843862e-03  -1.5770937e-03
   6.9220287e-04   6.7407620e-02   6.1033153e-01   1.3722907e-03  -2.1953108e-03  -1.6183234e-03
   1.5104693e-03   8.4402644e-02   5.7676159e-01   1.7798092e-03  -2.2594443e-03  -1.6975508e-03
   8.7464494e-04   6.6699452e-02   6.1886230e-01   1.4530426e-03  -2.2559816e-03  -1.4951828e-03
   2.1998886e-03   5.7277798e-02   5.9737897e-01   1.4822915e-03  -2.1696568e-03  -1.4312579e-03
   3.3261935e-03   5.5266744e-02   5.8411027e-01   1.8336013e-03  -2.3263086e-03  -1.5175770e-03
   2.3683218e-03   3.9551175e-02   5.8645577e-01   1.4687080e-03  -2.3211985e-03  -1.3821692e-03
   3.2262387e-03   6.2520329e-02   5.3928677e-01   1.7944846e-03  -2.2392698e-03  -1.5300835e-03
   2.2441789e-03   4.0242849e-02   5.7400215e-01   1.6952508e-03  -2.1605967e-03  -1.5622289e-03
   6.2691764e-04   5.0584213e-02   5.7754757e-01   1.5926373e-03  -2.2664682e-03  -1.5972071e-03
  -7.7241132e-04   6.3092196e-02   5.4169509e-01   1.8611358e-03  -2.3490179e-03  -1.7233011e-03
   8.1846399e-03   3.2525621e-02   5.9892387e-01   1.5339199e-03  -2.0440772e-03  -1.8930834e-03
   7.4687819e-03   2.5883698e-02   5.8981214e-01   1.4041905e-03  -2.1989000e-03  -1.4895160e-03
   7.6698037e-03   4.3724250e-02   5.5177839e-01   1.8893778e-03  -2.2545294e-03  -1.6498256e-03
   2.9282540e-03   2.2842438e-02   5.8059992e-01   1.5629844e-03  -2.3862176e-03  -1.5836657e-03
   7.1512530e-03   3.0356556e-02   5.6740518e-01   1.7554703e-03  -2.2941529e-03  -1.5869727e-03
   1.1243282e-02   4.6777076e-02   5.8612545e-01   2.1625799e-03  -2.1880494e-03  -1.5516120e-03
   1.7642538e-02   2.5493230e-02   6.3844672e-01   1.5129847e-03  -2.0836916e-03  -1.5661155e-03
   1.8060946e-02   2.0164902e-02   6.1435996e-01   1.5086726e-03  -2.1681335e-03  -1.5052021e-03
   1.0429827e-02   4.1857361e-02   5.6281517e-01   1.7250637e-03  -2.3446910e-03  -1.6290289e-03
   3.8428137e-03   5.3568942e-03   5.7268147e-01   1.4010008e-03  -2.3137939e-03  -1.5179948e-03
   2.0301559e-03  -6.1230622e-03   5.6662877e-01   1.4908427e-03  -2.5310597e-03  -1.4626903e-03
   6.2981629e-03   2.4956519e-02   5.7741089e-01   1.7721117e-03  -2.2348471e-03  -1.5091285e-03
   2.0072075e-02   1.9854802e-02   6.1284723e-01   1.9327563e-03  -1.9146918e-03  -1.5143927e-03
   2.1960018e-02   2.8749393e-02   6.0548887e-01   1.7573979e-03  -1.9702927e-03  -1.4163927e-03
   2.2034997e-02   5.0788122e-02   5.6522166e-01   2.0178730e-03  -2.0379013e-03  -1.6455972e-03
   1.8234658e-02   3.4717797e-02   5.8763441e-01   2.1467403e-03  -1.9423089e-03  -1.9371350e-03
   1.6150721e-02   3.1232499e-02   5.9421324e-01   1.8013969e-03  -2.0192216e-03  -1.5247313e-03
   1.1593472e-02   4.2129437e-02   5.6391819e-01   1.8808103e-03  -2.1551126e-03  -1.3404379e-03
   1.3731877e-02   2.8337489e-02   5.4561727e-01   2.0709118e-03  -1.8881596e-03  -1.5111906e-03
   1.5071324e-02   2.8315044e-02   5.7764883e-01   2.0707380e-03  -1.9675459e-03  -1.8004332e-03
   1.7318149e-02   6.0049677e-02   5.6803828e-01   2.4373720e-03  -1.8454140e-03  -1.9005467e-03
   9.1639868e-03   4.2508031e-02   5.9236458e-01   2.2572343e-03  -1.9502473e-03  -1.7443179e-03
   1.1013575e-02   2.9585635e-02   5.9612670e-01   1.9031223e-03  -1.9799885e-03  -1.7054922e-03
   1.0556440e-02   3.8501389e-02   5.8360710e-01   2.0952031e-03  -2.0102022e-03  -1.6961667e-03
   1.0144387e-02   3.4849459e-02   5.8320044e-01   2.1597538e-03  -1.9737674e-03  -1.7505337e-03
   5.4297801e-03   2.0318251e-02   6.1762637e-01   1.6048838e-03  -2.0242619e-03  -1.6713204e-03
   2.2584819e-03   3.8074538e-02   5.8385144e-01   2.1031654e-03  -2.1101142e-03  -1.6151894e-03
   4.6298925e-03   1.0497450e-02   5.9037345e-01   1.9518583e-03  -2.1169837e-03  -1.6710536e-03
   5.2016907e-03   1.2445917e-02   5.8771325e-01   1.9019942e-03  -2.1801394e-03  -1.6824145e-03
   6.0948362e-03   3.0208665e-02   5.5851098e-01   2.3212944e-03  -2.0991969e-03  -1.7612806e-03
   7.4220591e-03   1.3307550e-02   6.0561168e-01   2.0302047e-03  -2.2532702e-03  -1.6318031e-03
   1.4274299e-02   2.0148087e-02   5.8493845e-01   1.9498888e-03  -2.0770625e-03  -1.6540629e-03
   1.2066490e-02   1.6606530e-03   5.5507788e-01   1.9278428e-03  -2.0011448e-03  -2.0022170e-03
   9.8199753e-05  -1.1788509e-02   5.9021265e-01   1.4025689e-03  -2.3227526e-03  -1.8337285e-03
  -3.4354705e-03  -7.3897415e-03   5.6683580e-01   2.1301211e-03  -2.2110162e-03  -1.8580620e-03
  -3.2177700e-03   2.4862208e-02   5.6134672e-01   3.3156584e-03  -2.2701478e-03  -2.2402457e-03
   1.9416807e-03  -9.9310857e-03   5.9610444e-01   2.2552868e-03  -2.3049628e-03  -1.9740868e-03
   1.3962810e-03  -9.7398829e-03   5.8007478e-01   2.4542779e-03  -2.2733425e-03  -1.8841307e-03
  -3.0236988e-03   2.0881223e-02   5.6808786e-01   2.8483731e-03  -2.4894878e-03  -1.8629681e-03
   1.7295864e-03  -7.9967840e-04   6.1264602e-01   2.5329049e-03  -2.3595557e-03  -1.8035748e-03
   1.5988775e-03   1.7058562e-02   6.0022529e-01   2.6092358e-03  -2.3912321e-03  -1.6862401e-03
   2.1099741e-03   2.0625959e-02   6.1577811e-01   2.8390481e-03  -2.3672370e-03  -1.8002560e-03
   1.2127367e-02   2.3318964e-03   6.7329794e-01   2.4828757e-03  -2.2405824e-03  -1.6690554e-03
   9.5072603e-03   1.8250571e-02   6.2832320e-01   2.8418242e-03  -2.2811891e-03  -1.7128147e-03
   2.0293682e-02  -1.6044299e-03   6.2062167e-01   2.6526545e-03  -2.1894373e-03  -1.7248206e-03
   8.0819324e-03   3.4843821e-04   6.2883354e-01   2.5736969e-03  -2.1073235e-03  -1.6037508e-03
   1.1946137e-02   1.8163058e-02   5.8689329e-01   3.0024864e-03  -2.1794929e-03  -1.7481419e-03
   1.6144971e-02   1.6545110e-02   6.1775990e-01   2.7606585e-03  -2.0765059e-03  -1.6715878e-03
   1.8126071e-02   3.4460955e-02   5.7798818e-01   3.0807662e-03  -2.0794167e-03  -1.7850832e-03
   1.4493868e-02   1.2215495e-03   6.0906589e-01   2.8195022e-03  -2.2199376e-03  -1.7805628e-03
   1.2046944e-02  -6.4263951e-04   6.3331459e-01   2.7950453e-03  -2.3084675e-03  -1.6761565e-03
   4.0668415e-03   2.4915235e-02   6.1031409e-01   3.3600672e-03  -2.3932548e-03  -1.8194439e-03
   4.2906105e-03  -3.0765371e-04   6.1574162e-01   2.8626199e-03  -2.3279872e-03  -1.8413029e-03
   1.6831769e-03   1.1432572e-02   5.8689273e-01   3.0395267e-03  -2.3866696e-03  -1.9320345e-03
  -4.6180212e-03   2.4338472e-02   5.8136887e-01   3.2082447e-03  -2.5519785e-03  -1.8031454e-03
   1.1442789e-02  -1.8281120e-02   6.1871231e-01   2.8382935e-03  -2.1960387e-03  -1.5583202e-03
  -7.3530855e-04  -1.8876249e-02   6.5380016e-01   2.6598596e-03  -2.3971066e-03  -1.5130596e-03
  -1.5485533e-02  -2.1359333e-02   6.1786501e-01   2.5445264e-03  -2.3629752e-03  -1.9245350e-03
  -1.6622798e-02   2.6464068e-03   5.5560904e-01   3.0937312e-03  -2.3865208e-03  -2.0490040e-03
   7.3732497e-03  -2.4603933e-02   5.9882536e-01   2.9158691e-03  -2.0393552e-03  -1.8768774e-03
   7.1479475e-04  -1.6116691e-02   6.3378993e-01   3.5358426e-03  -2.3958195e-03  -1.3826005e-03
   1.0508003e-03   3.7016459e-03   6.4000365e-01   3.4212783e-03  -2.2964150e-03  -1.3816565e-03
   4.9267055e-03  -1.4392863e-02   6.5591625e-01   3.2585067e-03  -2.5085470e-03  -1.4767286e-03
  -7.8773441e-04  -2.0325731e-02   6.9142443e-01   3.0394852e-03  -2.5989901e-03  -1.4410520e-03
  -2.3190181e-03  -2.4995479e-02   6.5075275e-01   3.0118971e-03  -2.2987019e-03  -1.5696848e-03
   5.3127924e-03  -3.9523378e-02   6.4235805e-01   3.0349333e-03  -2.3507357e-03  -1.4397640e-03
   1.5771933e-02  -4.4260865e-02   6.4113637e-01   2.6376499e-03  -2.6905241e-03  -1.2744565e-03
   1.3175372e-02  -2.4144752e-02   6.1266206e-01   3.0887242e-03  -2.5843101e-03  -1.1300569e-03
   1.7250479e-03  -2.9690105e-02   6.3045247e-01   3.3997968e-03  -2.7164017e-03  -1.4675359e-03
   1.5557450e-03  -3.0877766e-02   6.3341335e-01   3.1612327e-03  -2.6787372e-03  -1.5230609e-03
   2.6575744e-03  -2.6276934e-03   6.1650751e-01   3.1828637e-03  -2.5175687e-03  -1.5915235e-03
   9.8395093e-03  -1.5181393e-02   6.2612455e-01   3.0797367e-03  -2.4605228e-03  -1.7221479e-03
   1.2380153e-02  -3.5022423e-04   6.5671855e-01   3.0529913e-03  -2.5690960e-03  -1.5342902e-03
   1.0633490e-02  -1.6171217e-02   6.5650022e-01   2.7817450e-03  -2.2628739e-03  -1.4580965e-03
   7.2940941e-03   3.3499937e-03   6.2725268e-01   3.2835912e-03  -2.5052610e-03  -1.4594633e-03
   7.0286087e-03  -1.0861134e-02   6.7049854e-01   3.1683244e-03  -2.5756136e-03  -1.2738892e-03
   5.8726052e-03  -2.6131741e-02   6.8231771e-01   3.0794777e-03  -2.4654409e-03  -1.3078568e-03
   7.0259261e-04  -1.3844892e-03   6.6361451e-01   3.0935623e-03  -2.6321913e-03  -1.4973565e-03
   6.8206210e-03  -2.9447497e-02   6.6943588e-01   2.8228888e-03  -2.4610946e-03  -1.4874291e-03
  -8.5568298e-04  -4.0943516e-02   6.6518955e-01   2.6280456e-03  -2.6710797e-03  -1.4118509e-03
  -3.6998565e-04  -1.5128128e-02   6.2260689e-01   3.1824263e-03  -2.4681634e-03  -1.5563388e-03
   8.0859540e-03  -3.1406283e-02   6.3698320e-01   3.2119308e-03  -2.5554599e-03  -1.4936587e-03
   7.0415749e-03  -3.4838196e-02   6.7254375e-01   2.9969376e-03  -2.7054251e-03  -1.3983027e-03
   1.1763941e-02  -1.8716273e-02   6.5387952e-01   3.2871473e-03  -2.5186033e-03  -1.5024021e-03
   1.5913236e-02  -2.2317566e-02   6.5294510e-01   3.2934358e-03  -2.5227310e-03  -1.5448803e-03
   7.4492510e-03  -3.2465755e-02   6.9535489e-01   2.8502696e-03  -2.7304639e-03  -1.5744902e-03
  -1.3297400e-03  -2.2552042e-02   6.3718939e-01   3.2001791e-03  -2.6006994e-03  -1.7918584e-03
  -8.0337000e-03  -2.6291546e-02   6.2904659e-01   3.3427228e-03  -2.7054403e-03  -1.7605212e-03
  -1.4171760e-02  -3.5673173e-02   6.8153990e-01   2.9021744e-03  -2.9143285e-03  -1.6299980e-03
  -9.2493111e-03  -1.8863862e-02   6.4068268e-01   3.2287117e-03  -2.5901273e-03  -1.7320516e-03
  -4.8446835e-03  -2.4792505e-02   6.4738899e-01   3.2975497e-03  -2.5289767e-03  -1.7948023e-03
  -8.7385132e-03  -3.7673075e-02   6.7314855e-01   2.9536006e-03  -2.5936458e-03  -1.7294222e-03
  -1.2223355e-02  -1.3163136e-02   6.3952110e-01   3.5486006e-03  -2.6078893e-03  -1.8193521e-03
  -3.3968596e-04  -2.9959947e-02   6.7395529e-01   3.4628193e-03  -2.6258134e-03  -1.8349387e-03
  -4.1177616e-03  -2.3745489e-02   6.8764123e-01   3.3360216e-03  -2.6049419e-03  -1.7567480e-03
  -7.6141654e-03  -1.4092238e-02   6.5956381e-01   3.7362085e-03  -2.7552687e-03  -1.8552542e-03
  -8.9553133e-03  -3.4957622e-02   7.2338936e-01   3.4115448e-03  -2.8985593e-03  -1.7228098e-03
  -9.7992187e-03  -4.8339861e-02   6.8106870e-01   3.3339653e-03  -2.6616854e-03  -1.8808009e-03
  -8.8982511e-03  -3.6285300e-02   6.5088626e-01   3.6107334e-03  -2.7182684e-03  -1.9488364e-03
  -1.3820361e-03  -5.3278507e-02   6.5941351e-01   3.4949964e-03  -2.6612423e-03  -1.7124678e-03
   8.3804457e-04  -3.7601127e-02   6.8325784e-01   3.4626150e-03  -2.6892779e-03  -1.7104618e-03
   5.0390588e-03  -1.8188748e-02   6.6819690e-01   3.6765302e-03  -2.5126877e-03  -1.6051246e-03
   2.3673974e-03  -3.2112110e-02   6.8957321e-01   4.2448186e-03  -2.4175321e-03  -1.9162387e-03
  -1.1946279e-02  -3.7235271e-02   7.0401698e-01   3.6651911e-03  -2.9341397e-03  -1.8121086e-03
  -1.0342761e-02  -3.1466144e-02   6.5670304e-01   3.8397467e-03  -2.6743103e-03  -1.8081294e-03
  -1.5387462e-02  -1.8958496e-02   6.2988664e-01   4.0414708e-03  -2.8823609e-03  -1.8968683e-03
  -1.3112199e-03  -4.9809961e-02   6.5194479e-01   3.4328433e-03  -2.6297205e-03  -1.8912391e-03
  -2.7153239e-03  -5.8081150e-02   6.4064659e-01   3.5603546e-03  -2.6551815e-03  -1.8777951e-03
  -5.4743415e-03  -4.8862126e-02   6.4548827e-01   3.5194654e-03  -2.6385536e-03  -1.7418855e-03
   1.0870319e-02  -4.4928747e-02   6.4184643e-01   3.9789616e-03  -2.7158321e-03  -1.9005253e-03
   6.0687604e-03  -7.4992646e-02   6.9008256e-01   3.3781166e-03  -2.8022743e-03  -1.5619239e-03
  -2.2347531e-03  -7.0633437e-02   6.8696988e-01   3.7275657e-03  -2.7777404e-03  -1.4207056e-03
  -6.6637138e-03  -5.1321303e-02   6.7983561e-01   3.9541110e-03  -2.7549288e-03  -1.6322153e-03
  -1.2552473e-02  -6.0152834e-02   7.2105205e-01   3.5322088e-03  -2.8952342e-03  -1.5431917e-03
  -5.0623428e-03  -4.8935378e-02   6.7460075e-01   3.8966084e-03  -2.6142028e-03  -1.6071485e-03
  -8.5077636e-03  -5.3928621e-02   6.6409695e-01   3.9837959e-03  -2.7831827e-03  -1.5940956e-03
  -7.3032735e-03  -6.7313112e-02   6.8665123e-01   3.4515076e-03  -2.8220196e-03  -1.5667948e-03
  -3.5114587e-03  -4.6076782e-02   6.5257792e-01   3.7664259e-03  -2.9578770e-03  -1.7596351e-03
  -7.7233713e-03  -6.9831047e-02   7.0492088e-01   3.5999840e-03  -2.8776597e-03  -2.1104976e-03
  -1.2336318e-02  -7.6106853e-02   6.7840550e-01   3.5343553e-03  -2.9683592e-03  -1.9174429e-03
  -8.4224648e-03  -5.6859731e-02   6.4840260e-01   3.8890996e-03  -2.8795774e-03  -2.0379301e-03
  -2.8038928e-03  -6.4752882e-02   7.1043397e-01   3.6231210e-03  -2.7634187e-03  -1.9863914e-03
   4.8581218e-03  -5.4661230e-02   6.4971741e-01   3.8029447e-03  -2.4255490e-03  -2.0382161e-03
   2.9763479e-03  -5.1483419e-02   6.5893033e-01   4.0718304e-03  -2.5225284e-03  -2.0737029e-03
  -4.6775386e-04  -7.7433704e-02   7.1103669e-01   3.4891174e-03  -2.5100466e-03  -2.1488924e-03
  -9.9314096e-03  -6.1957721e-02   6.6324692e-01   3.7881722e-03  -2.4784131e-03  -2.1887610e-03
  -7.9540679e-03  -9.3186087e-02   6.7004186e-01   3.4639967e-03  -2.6527145e-03  -2.1450864e-03
  -9.8776219e-03  -9.1416018e-02   6.8752802e-01   3.4101734e-03  -2.7350720e-03  -1.9691140e-03
  -1.5716054e-02  -6.1482595e-02   6.3870563e-01   3.6998963e-03  -2.5687037e-03  -2.0682430e-03
  -7.9478177e-03  -8.8935968e-02   6.8842814e-01   3.4388900e-03  -2.8148342e-03  -2.0275079e-03
  -7.7655416e-03  -7.6145437e-02   6.7812554e-01   3.4748548e-03  -2.7199407e-03  -1.9042118e-03
  -1.2796175e-02  -5.2580544e-02   6.3881807e-01   4.1257837e-03  -2.8640824e-03  -2.0619129e-03
  -8.2579173e-03  -7.5099513e-02   7.0541857e-01   3.4512069e-03  -2.9650058e-03  -2.0325662e-03
  -1.2918932e-02  -7.1386762e-02   6.7715205e-01   3.5506083e-03  -2.6434785e-03  -1.9338984e-03
  -1.8676089e-02  -5.2069993e-02   6.7728283e-01   4.3909617e-03  -2.7470044e-03  -2.1706571e-03
  -1.9022064e-02  -6.0810285e-02   7.3565383e-01   3.9398730e-03  -2.8425283e-03  -2.1539997e-03
  -1.7327593e-02  -4.7861872e-02   6.7078894e-01   4.3971930e-03  -2.6131377e-03  -2.1805869e-03
  -1.2012963e-02  -7.4281850e-02   6.6384931e-01   4.0730324e-03  -2.6200041e-03  -2.1285568e-03
  -1.1832324e-02  -8.5145353e-02   6.9218725e-01   3.6512922e-03  -2.5778785e-03  -2.0057778e-03
  -6.5146115e-03  -5.0909091e-02   6.3703133e-01   4.2430095e-03  -2.4391631e-03  -2.0522883e-03
  -5.3363438e-03  -7.2433495e-02   6.8375099e-01   4.1249274e-03  -2.5556278e-03  -2.1559277e-03
  -9.6256040e-03  -7.8737969e-02   6.9044136e-01   3.8305512e-03  -2.5490702e-03  -2.0678043e-03
  -9.0303484e-03  -6.4167727e-02   6.7334656e-01   4.0726549e-03  -2.4392799e-03  -2.2710324e-03
   6.3010633e-03  -9.5411669e-02   7.2305620e-01   3.5846282e-03  -2.2801745e-03  -2.1938101e-03
   3.8054081e-03  -9.9759958e-02   7.0279310e-01   3.5196936e-03  -2.3594271e-03  -2.1455784e-03
   1.5601913e-03  -7.9599512e-02   6.6470953e-01   4.1128635e-03  -2.4952235e-03  -2.1329884e-03
   9.6617473e-03  -8.1522309e-02   6.5945898e-01   4.1019150e-03  -2.4339646e-03  -2.1389182e-03
   3.7925719e-03  -7.2000481e-02   7.1482737e-01   3.8007493e-03  -2.5998176e-03  -2.0800638e-03
  -2.6263695e-03  -5.5424733e-02   6.8731212e-01   4.2554454e-03  -2.3660734e-03  -2.1731894e-03
   1.3396611e-03  -6.8984512e-02   6.8666031e-01   4.2534689e-03  -2.3767346e-03  -2.1381483e-03
   6.9689892e-03  -9.3965984e-02   7.0816420e-01   3.7583613e-03  -2.4126491e-03  -2.0099531e-03
   9.2239821e-03  -7.8014095e-02   6.5385581e-01   4.2195997e-03  -2.4650056e-03  -1.8566531e-03
   1.5331483e-02  -1.0419921e-01   6.9958672e-01   3.8484553e-03  -2.5086040e-03  -1.7687418e-03
   5.8271532e-03  -8.9071290e-02   7.0089032e-01   4.4233306e-03  -2.5375839e-03  -1.8390219e-03
   2.3771369e-04  -8.3781806e-02   6.7681780e-01   4.5948210e-03  -2.5248538e-03  -2.0892612e-03
   5.1943596e-03  -9.9775464e-02   7.6302233e-01   4.0390258e-03  -2.5208563e-03  -1.9612326e-03
   3.4752494e-03  -8.7527284e-02   7.2907315e-01   4.2850190e-03  -2.5275032e-03  -1.8965063e-03
   1.2040107e-02  -6.3169238e-02   6.9238464e-01   4.6963553e-03  -2.4577244e-03  -1.9952143e-03
   1.1743001e-02  -7.8749294e-02   7.6157325e-01   4.1440977e-03  -2.4319518e-03  -1.9149600e-03
  -9.8128435e-04  -7.9763451e-02   6.7809592e-01   4.4649791e-03  -2.1938689e-03  -2.0717017e-03
   7.7960080e-04  -8.6442633e-02   6.6210810e-01   4.5823214e-03  -2.3928061e-03  -2.2170282e-03
  -1.2665313e-03  -9.6160760e-02   6.8719738e-01   4.2883322e-03  -2.3704628e-03  -2.2064602e-03
   1.1802475e-03  -6.8775576e-02   6.3520115e-01   4.8877237e-03  -2.4338516e-03  -2.1032565e-03
   2.2490190e-03  -9.0360545e-02   6.8985185e-01   4.4194177e-03  -2.3530267e-03  -2.1180819e-03
   4.7510717e-03  -1.0779767e-01   7.0177984e-01   4.2739825e-03  -2.3425004e-03  -2.0159242e-03
  -1.7789294e-03  -9.7229008e-02   6.5207479e-01   4.5842236e-03  -2.4075811e-03  -2.3012751e-03
  -5.5185992e-04  -1.1127875e-01   7.0044692e-01   4.2008192e-03  -2.3516202e-03  -2.1209609e-03
   2.9972442e-03  -9.8396100e-02   6.9168903e-01   4.5695528e-03  -2.2273056e-03  -2.1491976e-03
   4.7972527e-03  -7.7823366e-02   6.6890590e-01   4.9452529e-03  -2.4058161e-03  -2.1833672e-03
   1.1334794e-02  -1.0310865e-01   7.2358685e-01   4.2832861e-03  -2.3329635e-03  -2.1877986e-03
   1.4322402e-02  -1.0728365e-01   7.0985898e-01   4.5174434e-03  -2.2968042e-03  -2.3586228e-03
   1.3013216e-02  -9.1369912e-02   6.5914345e-01   4.7840549e-03  -2.3416996e-03  -2.1747294e-03
   8.1340150e-03  -1.1220057e-01   7.2637720e-01   4.3156130e-03  -2.3529499e-03  -2.0773633e-03
   1.4566744e-03  -1.1189060e-01   7.0706311e-01   4.7249194e-03  -2.3878693e-03  -2.2639421e-03
   4.1504797e-03  -1.0317110e-01   6.9562102e-01   5.0474962e-03  -2.3737705e-03  -2.4022296e-03
  -4.5665791e-03  -1.1277608e-01   7.2499325e-01   4.7680008e-03  -2.5615329e-03  -2.2078093e-03
   3.6469878e-04  -8.9820678e-02   6.5927114e-01   4.9408877e-03  -2.3718411e-03  -2.3097747e-03
   1.2250945e-02  -1.0856011e-01   7.1219273e-01   4.8604228e-03  -2.2328924e-03  -2.1895172e-03
   1.6381990e-02  -1.0909357e-01   7.0111957e-01   4.8487653e-03  -2.2131178e-03  -2.0254738e-03
   1.4395850e-02  -9.9359750e-02   6.6574466e-01   5.0201362e-03  -2.3115773e-03  -2.2587815e-03
   1.1569409e-02  -1.1342741e-01   7.0351625e-01   4.4899719e-03  -2.3745587e-03  -2.2510415e-03
   8.9820312e-03  -1.2110833e-01   6.6524558e-01   4.6198359e-03  -2.3652869e-03  -2.3357987e-03
  -5.0426184e-03  -1.0226695e-01   6.2301914e-01   5.0035277e-03  -2.4680735e-03  -2.4719046e-03
  -1.6845529e-02  -1.1120355e-01   6.4600742e-01   5.0435403e-03  -2.5307280e-03  -2.6502536e-03
  -2.6726553e-03  -1.1563327e-01   6.5266917e-01   5.1600277e-03  -2.1866936e-03  -2.6358826e-03
   2.6547617e-03  -8.5272226e-02   6.3703305e-01   5.9717668e-03  -2.4550561e-03  -2.5549629e-03
   1.2115363e-02  -8.5842006e-02   7.1815051e-01   5.5530230e-03  -2.4252281e-03  -2.5585960e-03
   6.6303707e-03  -8.2003999e-02   7.0038936e-01   5.7984377e-03  -2.3106607e-03  -2.4550287e-03
   8.0073404e-03  -8.8349796e-02   6.8829823e-01   5.9459121e-03  -2.3913096e-03  -2.5910948e-03
   7.6407891e-03  -9.9494706e-02   6.8722858e-01   5.7045717e-03  -2.4040252e-03  -2.5473917e-03
   9.4354884e-03  -6.6127873e-02   6.3599396e-01   6.1382432e-03  -2.4550907e-03  -2.5422318e-03
   1.2810631e-02  -9.6056339e-02   6.3572402e-01   5.6967906e-03  -2.3899477e-03  -2.6244992e-03
  -3.1813641e-04  -9.3192239e-02   6.6704917e-01   5.6700705e-03  -2.5122882e-03  -2.5399930e-03
  -5.6869229e-03  -8.4714826e-02   6.4102750e-01   6.1977770e-03  -2.6085287e-03  -2.6211801e-03
  -1.1217290e-02  -1.0266665e-01   6.9747588e-01   5.7628369e-03  -2.6747112e-03  -2.5789552e-03
  -1.6785885e-02  -1.0786730e-01   6.5847741e-01   5.8879819e-03  -2.6350462e-03  -2.5687714e-03
  -1.7167600e-02  -1.2429969e-01   6.7523016e-01   5.8990633e-03  -2.6380964e-03  -2.6068557e-03
  -1.7858594e-02  -1.3515928e-01   6.7677824e-01   5.3787513e-03  -2.5081784e-03  -2.6632383e-03
  -1.8018119e-02  -9.2668102e-02   6.3675545e-01   6.2384244e-03  -2.4780577e-03  -2.7742598e-03
  -1.2683098e-02  -1.0797264e-01   6.7817642e-01   5.9233929e-03  -2.6710095e-03  -2.7161986e-03
  -1.1364329e-02  -1.1291222e-01   7.0216244e-01   5.7879159e-03  -2.4952653e-03  -2.6627467e-03
  -9.9192427e-03  -8.8106754e-02   6.7509030e-01   6.0683165e-03  -2.5211669e-03  -2.7846330e-03
  -1.1620487e-02  -1.0757659e-01   7.2804513e-01   5.6470852e-03  -2.5718452e-03  -2.7973797e-03
  -1.6469244e-02  -9.7575124e-02   6.7759469e-01   5.8932817e-03  -2.3994964e-03  -2.7437984e-03
  -1.3055157e-02  -7.3597839e-02   6.4056103e-01   6.4807126e-03  -2.4146333e-03  -2.7724976e-03
  -8.1623301e-03  -9.1547435e-02   6.8984167e-01   6.0400025e-03  -2.4207369e-03  -2.5423079e-03
  -1.3646451e-02  -1.0970564e-01   6.7592452e-01   5.7741761e-03  -2.5331570e-03  -2.4576307e-03
  -2.0446122e-02  -7.8246577e-02   6.3740316e-01   6.2343695e-03  -2.6161037e-03  -2.8108954e-03
  -2.1445277e-02  -1.1448373e-01   6.8224982e-01   5.6108609e-03  -2.5947256e-03  -2.7292053e-03
  -1.8934628e-02  -1.2683818e-01   6.4525122e-01   5.4073614e-03  -2.5039682e-03  -2.5304718e-03
  -9.0198114e-03  -1.1577777e-01   6.5501588e-01   5.3524076e-03  -2.3505133e-03  -2.3166934e-03
  -7.6443682e-03  -9.6382471e-02   6.2092305e-01   5.9302904e-03  -2.3182287e-03  -2.6104768e-03
  -1.5829072e-02  -1.1033826e-01   6.3896752e-01   5.5406444e-03  -2.4278632e-03  -2.6928385e-03
  -1.5097557e-02  -1.0592554e-01   6.3866232e-01   5.7487250e-03  -2.3347889e-03  -2.5840875e-03
  -1.5127747e-02  -9.5343593e-02   6.4809602e-01   6.3539694e-03  -2.3603665e-03  -2.4642705e-03
  -1.0254873e-02  -1.1784462e-01   7.2293599e-01   5.5071904e-03  -2.5191937e-03  -2.3163825e-03
  -1.1860611e-02  -1.0215554e-01   6.7259834e-01   6.1212688e-03  -2.5618463e-03  -2.4140066e-03
  -1.0182774e-02  -1.2545532e-01   6.7224994e-01   5.7816687e-03  -2.5813443e-03  -2.3363624e-03
  -7.3201558e-03  -1.4081485e-01   6.8028107e-01   5.3031159e-03  -2.7197507e-03  -2.1976987e-03
  -3.9135261e-03  -1.1461716e-01   6.4797581e-01   5.7027863e-03  -2.5980125e-03  -2.1747481e-03
  -1.0487473e-03  -1.2175033e-01   6.5609433e-01   5.6906307e-03  -2.5585606e-03  -2.5114586e-03
  -1.0132264e-03  -1.3750017e-01   6.9247328e-01   5.5520311e-03  -2.9784226e-03  -2.3879103e-03
  -1.0368093e-02  -1.2871758e-01   6.7783824e-01   5.9792091e-03  -2.7872930e-03  -2.3670183e-03
  -8.3124473e-03  -1.4125560e-01   6.9079969e-01   6.2701078e-03  -2.7938601e-03  -2.2330826e-03
  -1.2109502e-02  -1.3793148e-01   7.1939844e-01   6.0169499e-03  -2.9400404e-03  -2.2614244e-03
  -1.0812913e-02  -1.2653691e-01   6.6788438e-01   6.2456141e-03  -2.7353679e-03  -2.3514334e-03
  -4.5359140e-03  -1.3633518e-01   6.6067827e-01   6.2776383e-03  -2.6949112e-03  -2.3627772e-03
  -4.7925716e-03  -1.3542646e-01   7.2140416e-01   5.6802621e-03  -2.8770529e-03  -2.2597569e-03
  -5.2378939e-03  -1.4511457e-01   6.9683525e-01   5.6655515e-03  -2.6527090e-03  -2.2631823e-03
  -7.6146724e-03  -1.4816156e-01   6.7614712e-01   5.9334614e-03  -2.7638521e-03  -2.3542735e-03
  -6.3041806e-03  -1.7640031e-01   7.0574788e-01   5.5495910e-03  -2.8327492e-03  -2.3283213e-03
   3.3612602e-03  -1.7356866e-01   6.8456796e-01   5.7151658e-03  -2.6514823e-03  -2.4745209e-03
  -6.8550840e-03  -1.2871282e-01   6.4273590e-01   6.3334873e-03  -2.6521116e-03  -2.4190810e-03
  -1.8320592e-02  -1.3418841e-01   7.1089030e-01   5.8236355e-03  -2.6735788e-03  -2.4731102e-03
  -2.0909705e-02  -1.3469042e-01   6.9170213e-01   5.9472552e-03  -2.5309548e-03  -2.5410721e-03
  -1.2049218e-02  -1.2459705e-01   6.6293197e-01   6.3686773e-03  -2.6463776e-03  -2.4523664e-03
  -1.6143508e-02  -1.2033143e-01   7.0120737e-01   6.9354462e-03  -2.5843065e-03  -2.6872334e-03
  -2.1140220e-02  -1.4399988e-01   6.6854174e-01   6.5532189e-03  -2.6366815e-03  -2.5501957e-03
  -2.2529489e-02  -1.1918079e-01   6.2945579e-01   7.0461889e-03  -2.5387109e-03  -2.8122619e-03
  -2.2342419e-02  -1.3643865e-01   7.0288047e-01   6.6139107e-03  -2.3838967e-03  -2.8486064e-03
  -2.0594864e-02  -1.1364854e-01   6.2891821e-01   7.1243486e-03  -2.3161555e-03  -2.7654009e-03
  -2.0430894e-02  -1.3760017e-01   6.8727786e-01   6.7479471e-03  -2.3036036e-03  -2.8026714e-03
  -1.6163238e-02  -1.4034476e-01   6.8203906e-01   6.8318262e-03  -2.3319878e-03  -2.7527234e-03
  -1.6455911e-02  -1.2057210e-01   6.3295949e-01   7.1365534e-03  -2.4314003e-03  -2.7031522e-03
  -2.4467775e-03  -1.4093890e-01   6.6491315e-01   6.7734612e-03  -2.3804125e-03  -2.8764552e-03
  -2.0074171e-03  -1.5231620e-01   6.5226525e-01   6.8590803e-03  -2.4306477e-03  -2.8446809e-03
  -4.9186536e-03  -1.3818950e-01   6.4265786e-01   7.0873731e-03  -2.3428064e-03  -2.7055790e-03
  -3.2417324e-03  -1.5231221e-01   6.6130389e-01   6.7452105e-03  -2.2009637e-03  -2.7971921e-03
  -1.1471226e-02  -1.2858025e-01   6.7634871e-01   6.9027764e-03  -2.4954642e-03  -2.7878942e-03
  -1.2739581e-02  -1.5223369e-01   6.2449552e-01   6.2020859e-03  -2.3834883e-03  -2.8777977e-03
  -1.0705065e-02  -1.4081683e-01   6.1761319e-01   6.6185356e-03  -2.5291707e-03  -2.7356884e-03
  -4.6313279e-03  -1.7600406e-01   6.3769305e-01   6.3270736e-03  -2.5272810e-03  -2.6580172e-03
  -1.6909293e-02  -1.7567143e-01   6.8544881e-01   6.1552857e-03  -2.8810791e-03  -2.4040747e-03
  -1.8856021e-02  -1.7125949e-01   6.5246328e-01   6.1285811e-03  -2.6801037e-03  -2.4845878e-03
  -2.4791203e-02  -1.5080442e-01   6.1577584e-01   6.9290132e-03  -2.9313279e-03  -2.7070495e-03
  -1.9906663e-02  -1.8499168e-01   6.6219826e-01   5.6206430e-03  -2.5199512e-03  -2.8016250e-03
  -2.1987364e-02  -1.7250116e-01   6.3103676e-01   6.0808245e-03  -2.8594150e-03  -2.6740598e-03
  -1.8545315e-02  -1.4978822e-01   6.2764105e-01   6.7060259e-03  -2.7330654e-03  -2.4331552e-03
   5.8986040e-03  -1.5575018e-01   6.3684583e-01   7.0449174e-03  -2.2631800e-03  -2.7101013e-03
  -2.0743021e-03  -1.6565425e-01   6.8416246e-01   6.5005485e-03  -2.5821098e-03  -2.6366323e-03
   3.9932565e-03  -1.6626230e-01   6.5130887e-01   6.4762045e-03  -2.3193842e-03  -2.3758967e-03
  -2.2140785e-03  -1.5022653e-01   6.1839511e-01   6.9017305e-03  -2.5605606e-03  -2.5365875e-03
   1.0235506e-03  -1.8097580e-01   6.8368417e-01   6.3431078e-03  -2.6861198e-03  -2.1750298e-03
  -3.8139082e-03  -1.8326300e-01   6.4869036e-01   6.4110907e-03  -2.3906179e-03  -2.4324273e-03
  -9.9593009e-03  -1.5978812e-01   6.0495284e-01   6.8882776e-03  -2.3119942e-03  -2.5693914e-03
  -7.6384577e-03  -1.7398045e-01   6.7035110e-01   6.4764589e-03  -2.2980775e-03  -2.6303115e-03
  -9.9061755e-03  -1.7630089e-01   6.4576650e-01   6.5140217e-03  -2.3328863e-03  -2.6457584e-03
  -1.2858706e-02  -1.5286174e-01   6.0150858e-01   6.8779198e-03  -2.3832638e-03  -2.6040239e-03
  -6.8957479e-03  -1.7541518e-01   6.6555511e-01   6.3628774e-03  -2.3350434e-03  -2.5291715e-03
  -5.5472145e-03  -1.7494880e-01   6.5857914e-01   6.4121064e-03  -2.2763299e-03  -2.5976370e-03
  -1.4014294e-02  -1.5221585e-01   6.1010043e-01   6.9231444e-03  -2.2936055e-03  -3.0055149e-03
  -1.8599431e-02  -1.6683212e-01   6.7279339e-01   6.4627995e-03  -2.3722382e-03  -2.9549055e-03
  -2.0701961e-02  -1.5030113e-01   6.0666099e-01   6.9261409e-03  -2.3797649e-03  -2.9876155e-03
  -1.7505515e-02  -1.7156669e-01   6.3669313e-01   6.8125072e-03  -2.4383537e-03  -2.9070862e-03
  -1.4604286e-02  -1.8002426e-01   6.6359842e-01   6.5011060e-03  -2.3988019e-03  -2.8976137e-03
  -2.0076689e-02  -1.5785515e-01   6.1347983e-01   7.0451910e-03  -2.3402090e-03  -3.1056765e-03
  -2.2950526e-02  -1.8520729e-01   6.2465843e-01   6.7270307e-03  -2.3973381e-03  -3.0010826e-03
  -2.2014368e-02  -1.8525375e-01   6.4454459e-01   6.8253266e-03  -2.4020426e-03  -2.9741460e-03
  -1.5338880e-02  -1.8960631e-01   6.3038142e-01   6.4899703e-03  -2.1623855e-03  -3.1863900e-03
  -1.8005625e-02  -1.9262408e-01   6.3104346e-01   6.5747607e-03  -2.4573036e-03  -3.1864847e-03
  -3.6181403e-03  -2.0409427e-01   6.1874460e-01   6.1653751e-03  -2.3475552e-03  -2.5667142e-03
  -6.3306168e-03  -1.9549821e-01   5.9420285e-01   6.4035837e-03  -2.4833211e-03  -2.5805224e-03
   6.9005136e-03  -1.7290326e-01   5.5958919e-01   8.1526119e-03  -2.6686553e-03  -1.9412882e-03
