6.593e-08
4.3023e-07
1.2485e-05
4.0045e-05
6.9755e-05
8.0787e-05
8.1866e-05
8.3707e-05
7.9843e-05
7.8861e-05
7.3184e-05
5.4689e-05
4.5351e-05
5.5178e-05
7.0427e-05
7.1858e-05
6.9376e-05
7.5605e-05
7.0847e-05
6.0595e-05
5.4293e-05
4.49e-05
4.2806e-05
5.4872e-05
7.8367e-05
8.3575e-05
7.4798e-05
6.8647e-05
7.2379e-05
8.3269e-05
8.258e-05
6.9088e-05
5.9312e-05
5.0942e-05
4.8919e-05
5.2061e-05
6.0586e-05
6.7312e-05
7.0345e-05
7.4126e-05
6.9253e-05
6.2144e-05
5.5187e-05
6.0175e-05
6.5706e-05
5.8146e-05
5.3534e-05
5.7614e-05
6.6269e-05
6.582e-05
7.1034e-05
6.7829e-05
6.4227e-05
6.7529e-05
7.017e-05
6.3708e-05
5.6145e-05
5.8521e-05
6.3608e-05
7.39e-05
8.0738e-05
6.9725e-05
6.7573e-05
7.8139e-05
7.7663e-05
7.4133e-05
7.8466e-05
7.2015e-05
5.6311e-05
5.0664e-05
4.8422e-05
5.9568e-05
6.4113e-05
5.9506e-05
5.926e-05
7.0263e-05
7.9431e-05
8.6742e-05
7.9763e-05
5.449e-05
5.2258e-05
6.267e-05
5.7802e-05
5.9268e-05
7.2162e-05
8.7334e-05
8.5719e-05
6.1844e-05
3.4934e-05
3.1641e-05
4.1791e-05
5.4084e-05
6.4486e-05
6.7841e-05
7.6174e-05
7.8058e-05
7.5027e-05
7.8927e-05
8.2581e-05
7.8882e-05
7.6565e-05
8.1921e-05
8.3744e-05
7.8825e-05
7.2225e-05
6.8978e-05
6.2726e-05
5.4706e-05
5.0014e-05
5.38e-05
5.262e-05
4.6842e-05
5.1372e-05
5.9225e-05
7.4236e-05
7.8605e-05
6.1944e-05
4.9628e-05
5.9683e-05
7.6882e-05
8.0604e-05
8.7162e-05
8.3283e-05
6.7116e-05
5.5778e-05
5.3926e-05
6.3893e-05
7.6182e-05
7.4991e-05
7.5783e-05
7.2404e-05
7.0836e-05
6.032e-05
4.2711e-05
4.5005e-05
5.2067e-05
4.9724e-05
5.351e-05
5.0703e-05
5.1438e-05
5.9488e-05
6.3639e-05
7.2706e-05
8.6519e-05
9.5524e-05
9.1671e-05
7.915e-05
6.1717e-05
5.2873e-05
5.726e-05
6.6324e-05
6.6174e-05
5.9495e-05
5.6579e-05
5.8836e-05
6.5102e-05
7.2094e-05
7.4545e-05
8.0956e-05
8.4284e-05
7.5627e-05
6.1529e-05
5.9088e-05
5.4257e-05
4.4635e-05
5.0673e-05
6.1551e-05
5.8834e-05
6.185e-05
7.283e-05
7.587e-05
7.0741e-05
6.4998e-05
6.6099e-05
6.2921e-05
6.3759e-05
7.0956e-05
8.3888e-05
8.7961e-05
8.0827e-05
7.6762e-05
7.9553e-05
7.739e-05
7.1588e-05
7.4689e-05
7.6178e-05
7.1499e-05
6.9727e-05
7.8436e-05
8.5538e-05
7.4523e-05
6.4775e-05
6.1494e-05
5.1569e-05
4.715e-05
4.6826e-05
5.1861e-05
5.8097e-05
5.9321e-05
7.3474e-05
7.7157e-05
7.5517e-05
8.1637e-05
8.4058e-05
7.5605e-05
7.1032e-05
6.8846e-05
6.5093e-05
6.1473e-05
5.7607e-05
6.4928e-05
6.2727e-05
4.8524e-05
5.0534e-05
5.5725e-05
5.4479e-05
5.4609e-05
5.7163e-05
5.5036e-05
5.8768e-05
6.8531e-05
7.1936e-05
6.7006e-05
6.6861e-05
7.1513e-05
7.0452e-05
6.7256e-05
6.5818e-05
7.1905e-05
7.5573e-05
7.3623e-05
6.7459e-05
6.1056e-05
6.119e-05
6.7452e-05
6.4721e-05
5.6987e-05
6.6019e-05
7.5556e-05
7.8483e-05
8.3622e-05
8.4147e-05
6.7789e-05
5.6781e-05
5.225e-05
4.7065e-05
5.5836e-05
7.1145e-05
6.9483e-05
6.4256e-05
6.6937e-05
7.5233e-05
8.1854e-05
7.4111e-05
7.1633e-05
7.3686e-05
6.7992e-05
6.4721e-05
6.5088e-05
6.3726e-05
6.1303e-05
6.3953e-05
6.259e-05
6.2759e-05
7.432e-05
8.4729e-05
8.0349e-05
7.0471e-05
7.0621e-05
7.1046e-05
6.7601e-05
5.4001e-05
4.769e-05
5.2414e-05
5.598e-05
6.0267e-05
6.0176e-05
4.5109e-05
3.7636e-05
3.8887e-05
3.9343e-05
3.5649e-05
2.8924e-05
3.943e-05
5.6398e-05
6.3726e-05
6.9038e-05
7.9787e-05
9.2582e-05
9.1058e-05
7.1763e-05
6.2764e-05
7.1085e-05
7.3448e-05
6.7921e-05
6.4824e-05
6.4452e-05
6.2514e-05
6.2373e-05
6.5507e-05
7.5919e-05
8.1767e-05
7.9738e-05
7.1746e-05
6.3113e-05
6.1241e-05
6.1628e-05
6.4959e-05
7.2305e-05
7.5043e-05
8.0435e-05
8.183e-05
7.364e-05
6.6231e-05
6.6969e-05
7.9663e-05
8.2097e-05
7.4517e-05
6.8735e-05
6.0365e-05
4.5695e-05
4.3923e-05
4.8139e-05
5.2528e-05
5.3052e-05
4.862e-05
5.3776e-05
5.7073e-05
5.827e-05
6.2899e-05
6.6316e-05
7.339e-05
8.0944e-05
7.4011e-05
6.4894e-05
6.2013e-05
5.5165e-05
5.6754e-05
6.7638e-05
7.3357e-05
6.7005e-05
6.9416e-05
7.1958e-05
6.9172e-05
6.7808e-05
6.2817e-05
5.3523e-05
4.0946e-05
4.7896e-05
6.9031e-05
8.2385e-05
8.1415e-05
7.9901e-05
8.208e-05
7.0115e-05
5.6877e-05
4.6641e-05
3.8009e-05
4.572e-05
7.2193e-05
7.6914e-05
8.5148e-05
