-8.6408e-06
0.00014937
0.0014454
0.0036716
0.0046895
0.0041676
0.0036262
0.0032463
0.0032483
0.0037955
0.00401
0.0035768
0.0045706
0.005852
0.0060203
0.0056412
0.0060606
0.0070659
0.0069589
0.00622
0.0046566
0.0038604
0.004524
0.0052625
0.0062639
0.0069619
0.0074988
0.008087
0.0086325
0.0084885
0.0071837
0.0059006
0.005585
0.0051819
0.0052888
0.0059785
0.0058458
0.005266
0.0056777
0.0058037
0.0059287
0.0060374
0.0051969
0.0045409
0.003878
0.0042434
0.0053269
0.0055745
0.0048424
0.0045389
0.0050562
0.0054841
0.0056593
0.0048984
0.0038174
0.003122
0.0040939
0.0056663
0.0064601
0.0064338
0.0058602
0.0046938
0.0042518
0.0042788
0.0037747
0.0038521
0.0050431
0.0050014
0.0044876
0.0046618
0.0044283
0.0042751
0.0045643
0.0049234
0.0042509
0.0039928
0.0044187
0.0042396
0.002879
0.0018044
0.0020477
0.0028419
0.0034754
0.0040908
0.0051802
0.0062138
0.0050748
0.0036595
0.003428
0.0033423
0.0038967
0.0061494
0.0069089
0.0065519
0.0074162
0.0082863
0.0079908
0.0069212
0.005732
0.0055575
0.0051877
0.0040362
0.0031147
0.0026134
0.0032806
0.0048508
0.0050237
0.0047365
0.004768
0.0044961
0.0036366
0.0035489
0.0046753
0.0057403
0.0066927
0.0067526
0.005357
0.003882
0.0032551
0.0026678
0.0027635
0.0045662
0.0054107
0.0059165
0.0058581
0.0048414
0.0049712
0.0048444
0.0048999
0.0057116
0.0061379
0.0055188
0.0037722
0.0028873
0.0041777
0.0050328
0.0049077
0.0052702
0.0042916
0.0041305
0.0057373
0.0062477
0.0061059
0.0064005
0.0064864
0.0057406
0.0047376
0.0044494
0.0038576
0.0034875
0.0029869
0.0024479
0.0025014
0.002809
0.0034098
0.0036322
0.003182
0.0037351
0.0046033
0.0047572
0.004903
0.0050876
0.005636
0.0060214
0.0057217
0.0046544
0.0033425
0.0023296
0.0028571
0.0034636
0.00371
0.0039497
0.0041392
0.0047155
0.0050962
0.0058081
0.0063034
0.0056837
0.0053655
0.0061103
0.0059546
0.0058954
0.0057826
0.0052994
0.0050561
0.0045037
0.0043394
0.0050228
0.006617
0.0074213
0.0070208
0.0065882
0.0056601
0.0045296
0.0048192
0.0053216
0.0056623
0.0058849
0.0056351
0.0054211
0.0049164
0.0056333
0.0061205
0.0051668
0.0041225
0.0039499
0.0036828
0.0040098
0.0049283
0.0050377
0.0053787
0.0051286
0.0048057
0.0052525
0.0052749
0.0048404
0.0045944
0.0053894
0.0057468
0.0052366
0.0060756
0.0070166
0.0062073
0.0050751
0.0046558
0.0042959
0.0044506
0.0057
0.006091
0.0060293
0.0064865
0.0064385
0.0061907
0.0057692
0.0062547
0.0059898
0.0051543
0.0056941
0.0060071
0.0058082
0.0060217
0.0059184
0.0045738
0.0031785
0.0024127
0.0023467
0.002887
0.0042564
0.0046874
0.0041305
0.0050594
0.0069147
0.007137
0.006315
0.0063688
0.0060483
0.0053989
0.0046923
0.00453
0.0046641
0.0043535
0.0040184
0.0032542
0.0033392
0.003931
0.0044324
0.0044208
0.0041074
0.0041354
0.0040925
0.0032876
0.0027741
0.0031742
0.0033863
0.0036469
0.003638
0.0035094
0.0035084
0.0036122
0.002999
0.0026431
0.002026
0.0026626
0.0043966
0.0051159
0.0060224
0.0071115
0.0073149
0.0072726
0.0067749
0.005357
0.0045068
0.0045753
0.0048065
0.0048468
0.0044124
0.0045414
0.0056568
0.0060858
0.0054717
0.0053813
0.0054745
0.0042729
0.0032505
0.0043397
0.0054107
0.0053131
0.0058106
0.0067072
0.0067511
0.0057449
0.0041552
0.0034595
0.0039226
0.0038479
0.0032705
0.0031022
0.0031671
0.0034696
0.0029666
0.0027818
0.0045911
0.0047901
0.0048837
0.0056976
0.0058384
0.0050643
0.003869
0.0043054
0.0046555
0.0041626
0.0038528
0.003493
0.0033861
0.0047099
0.0051579
0.0043314
0.0035555
0.0038906
0.0055111
0.0058406
0.0052084
0.004091
0.0040143
0.0042367
0.0037558
0.0030336
0.0023579
0.0029573
0.0046909
0.0058684
0.0061539
0.005966
0.005141
0.0037051
0.0032438
0.0032825
0.0029672
0.0033007
0.0044325
0.0045853
0.005159
