   0.0000000e+00   0.0000000e+00  -1.4210855e-14   1.3877788e-17   0.0000000e+00   0.0000000e+00
  -5.1410387e-02   4.6622590e-02   4.7442688e-01   3.5693175e-03  -2.5846123e-03  -9.6609628e-04
  -7.9570168e-02  -1.0803504e-02   6.5897883e-01   3.9182474e-03  -2.7269073e-03  -3.2999025e-04
  -9.3632436e-02   1.0269440e-03   7.0411547e-01   4.4104473e-03  -3.0310679e-03  -3.3219532e-04
  -1.0715672e-01   2.5861011e-02   6.9355780e-01   4.7318852e-03  -2.9714929e-03  -2.1886423e-04
  -1.1332809e-01  -1.1782534e-02   7.2257332e-01   4.2492369e-03  -3.2851983e-03   7.1960193e-04
  -1.1684025e-01  -1.1484806e-02   7.4070375e-01   4.3775349e-03  -3.2989389e-03   3.2039390e-04
  -1.3640326e-01   3.3818383e-02   7.1448404e-01   4.6490254e-03  -3.4904732e-03   9.7803022e-04
  -1.0381677e-01  -4.0279976e-02   7.3633260e-01   3.9481304e-03  -2.8964868e-03   5.1889734e-04
  -1.1230328e-01  -1.0658329e-02   7.2939834e-01   4.3354929e-03  -2.9635636e-03   1.9797176e-04
  -1.0357472e-01  -1.5673465e-02   7.1131204e-01   4.4265187e-03  -3.0660369e-03   1.9902505e-04
  -1.0095451e-01   1.8932892e-03   7.0705691e-01   4.8094969e-03  -3.3632450e-03  -8.3999520e-06
  -1.0499796e-01   2.3950311e-02   6.7785524e-01   4.8812550e-03  -3.4874099e-03   6.3897604e-05
  -9.3025788e-02  -2.9537083e-02   7.3854529e-01   4.6707243e-03  -3.3357144e-03  -9.1168113e-05
  -1.0248465e-01   8.2978148e-03   7.2944416e-01   5.0294771e-03  -3.3839443e-03   4.8237467e-05
  -1.0576777e-01  -2.7289044e-03   7.2330807e-01   4.7539790e-03  -3.3070831e-03   4.0311010e-04
  -9.5754881e-02  -3.4964470e-02   7.4943202e-01   4.7218776e-03  -3.0085776e-03   1.3867062e-04
  -1.0447814e-01  -1.0038319e-02   7.1558275e-01   4.8481851e-03  -3.1190166e-03   1.7512131e-04
  -1.0168587e-01   1.0789606e-02   7.0742904e-01   5.1636039e-03  -3.1417387e-03   5.5004225e-05
  -1.0996708e-01  -1.7782390e-02   7.2736451e-01   4.7491716e-03  -3.3880735e-03   2.4037088e-04
  -1.0724148e-01  -9.4792779e-03   7.1738697e-01   4.9776214e-03  -3.2913425e-03  -8.6887157e-05
  -1.1129146e-01  -1.9686572e-02   7.0614290e-01   4.5454117e-03  -3.1710498e-03   7.9090042e-04
  -1.0272524e-01  -3.4984473e-02   7.2869389e-01   4.2177233e-03  -2.8114011e-03   1.5315923e-04
  -1.1020327e-01  -4.0871562e-02   7.3462448e-01   4.6274774e-03  -3.1419451e-03  -9.1030938e-05
  -1.1868995e-01  -1.9177687e-02   7.1274187e-01   4.4796007e-03  -2.8626585e-03   1.3412047e-04
  -9.7552321e-02  -6.9448693e-02   7.5991173e-01   4.2841894e-03  -2.6809207e-03  -1.8944822e-04
  -1.1424793e-01  -3.4905360e-02   7.3476700e-01   4.6461006e-03  -2.8320229e-03   1.8617390e-04
  -1.0561812e-01  -4.4766201e-02   7.3815047e-01   4.5516757e-03  -2.5114169e-03  -9.6568242e-06
  -1.1243726e-01  -6.4868517e-02   7.4070931e-01   4.0340313e-03  -2.4710422e-03   8.4984054e-04
  -1.0508170e-01  -7.1089028e-02   7.4835976e-01   3.9716401e-03  -2.3380096e-03   2.5014917e-04
  -1.1925905e-01  -4.3486929e-02   7.2835866e-01   4.5400523e-03  -2.7868667e-03   7.1758974e-04
  -9.6802428e-02  -9.6756690e-02   7.3814927e-01   3.5790020e-03  -2.1629664e-03   2.3488996e-04
  -1.2711970e-01  -5.4794735e-02   7.1789290e-01   4.3209835e-03  -3.0621750e-03   3.5286916e-04
  -1.3312167e-01  -8.5772033e-02   7.2242156e-01   3.8495302e-03  -3.2955540e-03  -3.5385565e-04
  -1.1809386e-01  -1.2576718e-01   7.3165201e-01   3.4588809e-03  -2.9522603e-03  -3.6825528e-04
  -1.3036590e-01  -8.2958601e-02   7.0990428e-01   4.2077515e-03  -3.5777724e-03  -6.6600582e-05
  -1.1724672e-01  -1.0915149e-01   7.0994091e-01   3.2149430e-03  -2.8341615e-03  -1.4262024e-04
  -1.2077463e-01  -1.2467766e-01   7.5006009e-01   3.3639649e-03  -3.2726913e-03  -1.2906943e-04
  -1.2182250e-01  -9.6796150e-02   7.1413721e-01   3.8071726e-03  -3.0680368e-03  -6.8454257e-04
  -1.3533685e-01  -1.0108333e-01   7.2725733e-01   3.5643732e-03  -3.0572917e-03   2.8073137e-04
  -1.2404073e-01  -1.4528278e-01   7.3671640e-01   2.6158756e-03  -2.6233819e-03  -1.2025328e-04
  -1.2355005e-01  -1.1517727e-01   7.0838979e-01   3.1989898e-03  -2.6539554e-03  -6.5547811e-04
  -1.2224841e-01  -1.5754330e-01   7.3246787e-01   2.8577777e-03  -2.5285558e-03  -3.9964045e-04
  -1.3646923e-01  -1.4073463e-01   7.4385086e-01   2.8324687e-03  -2.7931662e-03  -1.6354464e-04
  -1.3854014e-01  -1.1264162e-01   7.2347667e-01   3.1735137e-03  -2.5973378e-03  -4.6959853e-04
  -1.3084390e-01  -1.4953012e-01   7.4157771e-01   2.7292148e-03  -2.4630890e-03  -1.5966239e-04
  -1.3557676e-01  -1.5481830e-01   7.5246198e-01   2.6209554e-03  -2.5986264e-03  -1.1794459e-05
  -1.2973942e-01  -1.4158489e-01   7.3353423e-01   2.7938791e-03  -2.2764411e-03  -3.8058965e-04
  -1.4003707e-01  -1.4359265e-01   7.8311747e-01   3.1559279e-03  -2.8012550e-03  -5.1164179e-06
  -1.4149766e-01  -1.4616540e-01   7.7969791e-01   2.9850210e-03  -2.6527729e-03   4.2281613e-05
  -1.3827539e-01  -1.4674476e-01   7.6871560e-01   2.9961586e-03  -2.5078271e-03   3.4883581e-04
  -1.2878245e-01  -1.8357920e-01   7.7469989e-01   2.6068727e-03  -2.2482053e-03   2.4708642e-04
  -1.4406232e-01  -1.3875548e-01   7.4681534e-01   2.8809015e-03  -2.4947435e-03   1.2400055e-04
  -1.3482974e-01  -1.7146187e-01   7.5745327e-01   2.7991621e-03  -2.5194336e-03   1.4930424e-04
  -1.5190135e-01  -1.2449119e-01   7.8303912e-01   3.4274112e-03  -3.0007824e-03   8.4468710e-04
  -1.2134983e-01  -1.4477756e-01   7.7499671e-01   2.8440552e-03  -2.0176390e-03   3.8440259e-04
  -1.1498666e-01  -1.9547663e-01   8.0470599e-01   2.5521347e-03  -2.0465986e-03   1.0861629e-04
  -1.1681687e-01  -1.3057010e-01   8.0442103e-01   4.4049151e-03  -2.5975056e-03  -1.3729907e-04
  -1.0082837e-01  -1.7262156e-01   8.6895896e-01   3.7879870e-03  -2.3176081e-03   1.1802324e-04
  -1.0400119e-01  -1.4166198e-01   8.3679124e-01   3.7885088e-03  -2.1337364e-03   1.6786495e-04
  -1.1560047e-01  -1.5258899e-01   8.4356269e-01   3.4281993e-03  -2.4714007e-03   4.5580972e-04
  -1.1039041e-01  -1.7306803e-01   8.5965754e-01   3.5039594e-03  -1.9811991e-03   4.1752697e-04
  -1.1076240e-01  -1.8208600e-01   8.9913543e-01   3.7010541e-03  -1.9727572e-03   9.5762492e-04
  -1.0527888e-01  -1.6525223e-01   8.5821636e-01   3.7757751e-03  -1.3975400e-03   3.2788757e-04
  -1.0029941e-01  -1.9988888e-01   8.9438155e-01   3.7767621e-03  -1.7725723e-03   8.9843925e-05
  -1.0883707e-01  -1.7824683e-01   8.7004881e-01   3.8180004e-03  -1.7317928e-03   2.9739272e-04
  -1.0999332e-01  -1.8879005e-01   8.8877267e-01   3.7489152e-03  -1.5158807e-03   3.2140968e-04
  -9.9679277e-02  -2.0052555e-01   9.0765249e-01   3.7897417e-03  -1.6054906e-03   4.6097573e-04
  -1.0146870e-01  -2.0069192e-01   8.9525264e-01   3.9098101e-03  -1.6643220e-03   4.6372639e-04
  -1.0438161e-01  -2.1608099e-01   9.2010687e-01   3.1874374e-03  -1.6866752e-03   1.2106400e-03
  -1.0862740e-01  -1.7016454e-01   8.9290183e-01   3.9410949e-03  -1.5678558e-03   1.0498015e-03
  -8.4480111e-02  -2.3744162e-01   8.9966555e-01   3.3125676e-03  -9.8393573e-04   2.4223599e-04
  -1.0007481e-01  -2.0061202e-01   8.9306237e-01   3.7585473e-03  -1.4578292e-03   1.3686930e-04
  -8.9693242e-02  -2.2142558e-01   8.7496892e-01   3.4428022e-03  -8.1760546e-04  -1.0825265e-04
  -9.0712157e-02  -2.3433322e-01   8.8942342e-01   2.9469351e-03  -9.0103807e-04   1.8558944e-04
  -9.6506257e-02  -2.0167770e-01   8.6819148e-01   3.6094381e-03  -8.9503311e-04   3.2864793e-04
  -8.4151260e-02  -2.2338832e-01   8.4924453e-01   3.6572948e-03  -7.3869527e-04  -1.8572791e-05
  -8.3231504e-02  -2.1591667e-01   8.6606443e-01   3.9845538e-03  -1.0041857e-03  -3.5202694e-04
  -1.0131385e-01  -2.0464333e-01   8.6223365e-01   3.8926934e-03  -8.6256906e-04   6.4185019e-05
  -9.5748603e-02  -2.4026847e-01   9.0460134e-01   3.7934421e-03  -1.0803767e-03   1.2868095e-03
  -5.7839743e-02  -2.1910626e-01   8.4241313e-01   4.8810228e-03  -5.2493478e-04   2.5383682e-04
  -6.7427236e-02  -1.8881145e-01   8.4947187e-01   4.8710153e-03  -1.1799390e-03   8.1007535e-04
  -5.7696896e-02  -2.5249184e-01   9.0307080e-01   4.4361966e-03  -9.6560008e-04   6.5954468e-04
  -6.8443544e-02  -2.2250202e-01   9.1002047e-01   4.5999056e-03  -1.1648993e-03   8.5339642e-04
  -9.7705547e-02  -2.2842651e-01   9.1916099e-01   3.9529141e-03  -1.0171037e-03   1.2580899e-03
  -8.6225668e-02  -2.7414150e-01   9.5787065e-01   3.8280921e-03  -9.7713220e-04   1.0221901e-03
  -9.5475248e-02  -2.4424421e-01   9.3113165e-01   3.8907507e-03  -3.5329043e-04   1.0866726e-03
  -7.9074531e-02  -2.6634059e-01   9.3276917e-01   3.6590225e-03   1.7335352e-04   4.2450901e-04
  -8.7896872e-02  -2.5407974e-01   9.6400473e-01   3.6526501e-03   1.4030627e-04   7.5580960e-04
  -9.5320512e-02  -2.3149313e-01   9.4108477e-01   3.6479007e-03   3.5149441e-04   7.8548218e-04
  -9.8056848e-02  -2.1164489e-01   9.3062166e-01   3.9635224e-03   4.4191608e-04   8.6614768e-04
  -9.7577818e-02  -2.7246029e-01   9.4391056e-01   3.2614546e-03   1.1427995e-04   1.1595725e-03
  -1.0842278e-01  -2.1331727e-01   9.1841988e-01   4.0723028e-03  -1.7069297e-04   1.0964315e-03
  -8.1526746e-02  -2.6377657e-01   9.1766819e-01   3.4740207e-03   6.0130280e-04   6.7305476e-04
  -9.2452142e-02  -2.6251235e-01   9.5645891e-01   3.2778626e-03   3.4855925e-04   1.1149402e-03
  -9.0293649e-02  -2.5418143e-01   9.5270145e-01   3.5344794e-03   5.5937168e-04   1.0233396e-03
  -9.3196310e-02  -2.6393061e-01   9.5916602e-01   3.7369738e-03   4.2546992e-04   1.0664262e-03
  -9.6102557e-02  -2.6992734e-01   9.7847810e-01   3.5050936e-03   5.2252773e-04   1.3183262e-03
  -1.0757842e-01  -2.5041744e-01   9.6237720e-01   3.3972825e-03   4.8351312e-04   1.6194998e-03
  -9.2563274e-02  -2.9771519e-01   9.9482357e-01   3.5068513e-03   3.4499425e-04   1.2309698e-03
  -9.0519064e-02  -2.8060642e-01   9.8928159e-01   3.4479520e-03   5.9896303e-04   1.2422296e-03
  -9.2575021e-02  -2.4877254e-01   9.7667315e-01   4.1713937e-03   5.7270473e-04   1.6951906e-03
  -1.0518172e-01  -2.6259561e-01   9.8534988e-01   3.7463892e-03   3.9233125e-04   1.4595205e-03
  -8.4960901e-02  -2.9108280e-01   9.8885291e-01   3.0295279e-03   9.5325034e-04   1.2785566e-03
  -8.8191913e-02  -2.6625815e-01   9.7957795e-01   3.5366337e-03   6.7084411e-04   9.8717895e-04
  -8.9075045e-02  -2.9060834e-01   1.0041074e+00   3.3389363e-03   7.5420549e-04   1.1170126e-03
  -9.5048698e-02  -2.7644407e-01   1.0042260e+00   3.7206891e-03   6.8007724e-04   1.3713511e-03
  -9.2190457e-02  -2.7938918e-01   1.0070626e+00   3.6840392e-03   9.9843857e-04   1.6644354e-03
  -8.8704842e-02  -2.9906945e-01   1.0143835e+00   3.0066940e-03   1.2490490e-03   1.9931814e-03
  -9.3934780e-02  -2.6138895e-01   1.0257810e+00   3.7603113e-03   9.2855895e-04   2.1242556e-03
  -8.9046803e-02  -2.8374213e-01   9.9455065e-01   3.2325331e-03   1.0562953e-03   2.1640943e-03
  -7.7734775e-02  -2.9948645e-01   1.0016839e+00   3.4927068e-03   1.2700430e-03   1.2647462e-03
  -9.1744984e-02  -2.7625323e-01   1.0267130e+00   3.8779146e-03   9.0551840e-04   1.6578933e-03
  -5.9715302e-02  -2.6811725e-01   1.0033504e+00   4.2237749e-03   1.6675887e-03   1.0648389e-03
  -6.9565351e-02  -2.6622940e-01   9.9956608e-01   3.9941331e-03   1.4073233e-03   2.7555461e-03
  -5.4777820e-02  -2.6698316e-01   1.0035051e+00   4.4534336e-03   1.6114415e-03   1.6086539e-03
  -7.2361124e-02  -2.5983342e-01   9.9142599e-01   4.5423503e-03   1.3418305e-03   1.2371327e-03
  -9.6878371e-02  -2.8355370e-01   9.8743301e-01   3.8940789e-03   1.0253416e-03   2.0847983e-03
  -8.9328430e-02  -3.1518310e-01   1.0154663e+00   3.6492363e-03   1.0693996e-03   2.2170803e-03
  -1.0093794e-01  -2.7660791e-01   1.0167704e+00   4.3424655e-03   1.1175946e-03   2.3188809e-03
  -9.1701526e-02  -3.2061327e-01   1.0220079e+00   3.4729332e-03   1.4024829e-03   2.1665924e-03
  -8.9649587e-02  -3.2170775e-01   1.0418506e+00   3.9127997e-03   1.3682491e-03   2.0619750e-03
  -1.0252875e-01  -2.8804437e-01   1.0384566e+00   4.0805815e-03   1.3999049e-03   2.2173131e-03
  -6.2380422e-02  -3.1384365e-01   1.0337802e+00   3.7197936e-03   2.3384406e-03   1.7792782e-03
  -7.2827475e-02  -2.7253859e-01   1.0549910e+00   4.8523334e-03   1.7865405e-03   2.2017515e-03
  -8.3156349e-02  -2.5549055e-01   1.0500127e+00   4.8570782e-03   1.8887749e-03   2.6935150e-03
  -7.8036877e-02  -2.5952723e-01   1.0678104e+00   5.0434008e-03   1.7951473e-03   2.4665531e-03
  -7.6697572e-02  -2.8238115e-01   1.0861623e+00   4.5365553e-03   1.9922947e-03   2.7022528e-03
  -7.4290074e-02  -2.7022077e-01   1.0946520e+00   4.9178148e-03   2.4152621e-03   2.5306341e-03
  -7.6398331e-02  -2.8566979e-01   1.0899260e+00   4.5674013e-03   2.4302749e-03   2.9518097e-03
  -7.9599726e-02  -2.9364352e-01   1.0940129e+00   4.5916348e-03   1.9106792e-03   3.1543204e-03
  -7.7894795e-02  -2.7216196e-01   1.0958101e+00   4.9878237e-03   2.0160099e-03   2.5386363e-03
  -5.4406962e-02  -3.2135539e-01   1.0906981e+00   4.5136504e-03   2.4004651e-03   1.7962938e-03
  -8.7832930e-02  -2.7868315e-01   1.0912909e+00   5.0805104e-03   1.6811790e-03   2.6790719e-03
  -8.4172374e-02  -2.7384279e-01   1.0912970e+00   4.9103957e-03   2.3170906e-03   2.9771267e-03
  -5.5921646e-02  -3.1523485e-01   1.1013569e+00   4.6821628e-03   3.0141573e-03   2.4247312e-03
  -6.8341361e-02  -2.7918600e-01   1.1183091e+00   5.0530633e-03   2.5074632e-03   2.3341355e-03
  -7.9358468e-02  -2.7328718e-01   1.1332798e+00   5.1406219e-03   2.5066320e-03   2.6424979e-03
  -6.9653852e-02  -3.3603236e-01   1.1230144e+00   4.5662570e-03   2.8180134e-03   2.0498265e-03
  -1.0140125e-01  -3.1126753e-01   1.1141164e+00   4.4816364e-03   2.1136518e-03   2.2118449e-03
  -9.9980419e-02  -3.2497916e-01   1.1204139e+00   4.3439923e-03   2.6363863e-03   2.1409556e-03
  -9.2730448e-02  -3.5916846e-01   1.1235381e+00   4.0507593e-03   2.5832532e-03   2.4231244e-03
  -1.1386152e-01  -3.2752511e-01   1.1456869e+00   3.8839297e-03   2.0969232e-03   3.3945410e-03
  -1.0651982e-01  -3.3528475e-01   1.1507734e+00   3.9444770e-03   2.4963288e-03   2.9633764e-03
  -9.8453662e-02  -3.9182138e-01   1.1590068e+00   3.6441649e-03   2.2182709e-03   2.8096240e-03
  -1.0335106e-01  -3.5550467e-01   1.1465251e+00   4.1215793e-03   2.1598545e-03   2.6716706e-03
  -9.6329635e-02  -3.1943407e-01   1.1515027e+00   4.2038370e-03   2.7529624e-03   3.3139651e-03
  -6.9250221e-02  -3.6473119e-01   1.1581035e+00   3.8739886e-03   3.4329861e-03   2.3778922e-03
  -8.7681282e-02  -3.6257427e-01   1.1472704e+00   4.1036136e-03   2.7798760e-03   2.3125162e-03
  -8.9045187e-02  -3.5617928e-01   1.1232188e+00   3.7975160e-03   3.2364403e-03   2.6197552e-03
  -9.0412170e-02  -3.4750776e-01   1.1789634e+00   4.2146887e-03   3.2821321e-03   2.8564918e-03
  -8.4130231e-02  -3.5098386e-01   1.1517696e+00   4.5155240e-03   3.4291848e-03   2.4874643e-03
  -1.0124598e-01  -3.5368553e-01   1.1381366e+00   4.0411497e-03   3.1199085e-03   2.6675960e-03
  -7.4934303e-02  -3.8035983e-01   1.1679745e+00   4.0454698e-03   3.8419821e-03   2.5256623e-03
  -5.7392505e-02  -3.0163445e-01   1.1966455e+00   5.6352847e-03   4.2150666e-03   2.8830594e-03
  -5.0422644e-02  -3.3496059e-01   1.1971252e+00   4.8709761e-03   4.4694857e-03   3.4829956e-03
  -5.6585622e-02  -3.3617767e-01   1.2238467e+00   4.6181575e-03   4.4654014e-03   3.7055859e-03
  -2.6814911e-02  -3.5719347e-01   1.2236625e+00   5.0028940e-03   4.7656227e-03   2.6173455e-03
  -4.6916592e-02  -3.4335615e-01   1.2052576e+00   5.2462351e-03   4.4826566e-03   2.9881342e-03
  -3.4362296e-02  -3.6085026e-01   1.2373421e+00   5.0085532e-03   4.8754566e-03   2.9137283e-03
  -3.2271977e-02  -3.4593687e-01   1.2405656e+00   5.6036506e-03   4.9446140e-03   2.5590895e-03
  -2.6030306e-02  -3.6265257e-01   1.2483080e+00   5.6496422e-03   5.0053188e-03   2.4353651e-03
  -4.7730968e-02  -3.4898262e-01   1.2618374e+00   5.5385966e-03   4.7285163e-03   3.5603673e-03
  -3.6645230e-02  -3.4053174e-01   1.2338594e+00   5.6897217e-03   5.3119091e-03   3.0569804e-03
  -2.2144819e-02  -3.5927154e-01   1.2117754e+00   5.7034908e-03   5.6210732e-03   2.8786409e-03
  -2.7570158e-02  -3.1778289e-01   1.2180860e+00   5.9019163e-03   5.3527873e-03   3.4546026e-03
  -2.7990496e-02  -3.2118875e-01   1.2128713e+00   6.2532564e-03   5.1049216e-03   3.0679380e-03
  -1.9723526e-02  -3.3598082e-01   1.2386882e+00   6.1086287e-03   5.5406234e-03   3.1298161e-03
  -5.3336381e-04  -3.5492519e-01   1.2440582e+00   5.8323019e-03   6.0313458e-03   2.5553332e-03
  -1.9259387e-02  -3.1785872e-01   1.2381834e+00   6.5246077e-03   5.4497024e-03   3.0004051e-03
  -2.1898237e-02  -3.3986650e-01   1.2530852e+00   6.0595105e-03   5.6069369e-03   3.7853662e-03
  -2.2165360e-02  -3.4627720e-01   1.2779742e+00   6.0781358e-03   5.6405317e-03   3.5019399e-03
  -2.6692364e-02  -3.2519374e-01   1.2819946e+00   6.6093425e-03   5.8958989e-03   3.3043958e-03
  -1.6303519e-02  -3.4629691e-01   1.2799155e+00   6.5463856e-03   6.0799794e-03   3.3256124e-03
  -2.8836657e-02  -3.4188311e-01   1.3000494e+00   6.2729265e-03   5.8929624e-03   3.6769583e-03
  -3.1065779e-03  -3.3514596e-01   1.2813073e+00   6.3039839e-03   6.2513958e-03   2.9249842e-03
  -1.7316822e-02  -3.5078570e-01   1.3044965e+00   5.8736769e-03   5.7887029e-03   3.7346958e-03
  -2.2640573e-02  -3.5030001e-01   1.3307115e+00   6.0518366e-03   5.7934217e-03   3.8546616e-03
  -2.1924382e-02  -3.5845215e-01   1.3252495e+00   6.2696535e-03   6.2242141e-03   3.6881931e-03
  -9.4730958e-03  -3.8944329e-01   1.3123564e+00   5.8835803e-03   6.6357677e-03   3.2339878e-03
  -2.8941752e-02  -3.3695554e-01   1.3457113e+00   6.6549943e-03   6.2399103e-03   3.6399627e-03
  -1.5968408e-02  -3.1621474e-01   1.3340731e+00   6.9482501e-03   6.8389660e-03   3.3231918e-03
  -2.5470123e-02  -3.5861427e-01   1.3350910e+00   6.3826685e-03   6.8892903e-03   4.0047197e-03
  -3.7569842e-02  -3.0220877e-01   1.3404071e+00   7.1674716e-03   6.7563216e-03   3.9246959e-03
   9.8981795e-03  -3.7908392e-01   1.3194319e+00   6.4977167e-03   7.2667013e-03   2.5368648e-03
   1.3728504e-03  -3.8539776e-01   1.3108394e+00   6.2746066e-03   6.6799724e-03   2.8048453e-03
  -2.0209188e-02  -3.4943081e-01   1.2870596e+00   6.5771039e-03   6.4123385e-03   3.4589173e-03
  -1.8619191e-02  -3.3605088e-01   1.3270540e+00   6.9656710e-03   6.9013201e-03   3.5716666e-03
  -1.4144935e-02  -3.7640227e-01   1.3638563e+00   6.0773905e-03   7.2158852e-03   4.2682233e-03
  -3.1350083e-03  -3.4327442e-01   1.3794756e+00   7.3680422e-03   7.5391862e-03   4.7036488e-03
   1.5335264e-02  -3.7852493e-01   1.3891716e+00   6.3475554e-03   8.0649109e-03   4.5312525e-03
  -1.8017076e-04  -4.0705783e-01   1.4402567e+00   5.7862400e-03   8.0765059e-03   4.9827506e-03
   2.7799583e-02  -4.1936401e-01   1.3681550e+00   5.4791088e-03   8.3211065e-03   4.3202290e-03
   1.0689595e-02  -4.2057347e-01   1.3428762e+00   6.0619729e-03   7.4261632e-03   4.1772039e-03
   1.9066134e-02  -4.1317934e-01   1.3765162e+00   6.0008520e-03   7.8736113e-03   3.9427214e-03
  -4.7859263e-03  -3.6866397e-01   1.3645284e+00   6.6295785e-03   7.8958186e-03   4.4967516e-03
   1.9375625e-03  -4.1025011e-01   1.3927132e+00   5.9852155e-03   8.5065303e-03   4.8565708e-03
   1.6603495e-02  -4.4667600e-01   1.4178616e+00   5.3615619e-03   8.6895239e-03   4.7485751e-03
   1.1992112e-02  -4.1173990e-01   1.4064035e+00   5.3838756e-03   8.8975790e-03   4.6107208e-03
   4.9780178e-03  -4.6639673e-01   1.3968882e+00   4.0723734e-03   8.5551710e-03   5.2436719e-03
  -1.7893980e-03  -4.5710798e-01   1.3901031e+00   3.8882617e-03   8.1692904e-03   5.3370626e-03
   4.1444402e-02  -4.9722479e-01   1.4095178e+00   3.7208367e-03   9.0948597e-03   3.8917020e-03
   2.1389099e-02  -5.1681750e-01   1.4139242e+00   3.4170349e-03   9.0018454e-03   4.1752468e-03
   1.1481198e-02  -4.9635366e-01   1.4161523e+00   3.2369953e-03   9.0671007e-03   4.7073810e-03
   1.4902985e-03  -4.9692832e-01   1.4112871e+00   3.0832004e-03   9.0101205e-03   4.9177203e-03
  -5.0704118e-04  -5.3151787e-01   1.4230692e+00   2.8576452e-03   8.9901906e-03   5.1331977e-03
  -1.7407452e-02  -5.1218220e-01   1.4541685e+00   3.1136906e-03   8.7831737e-03   5.4536055e-03
   5.3637864e-02  -6.0223128e-01   1.4258458e+00   2.5919023e-03   1.0003299e-02   3.3129955e-03
   2.3939458e-02  -5.4952280e-01   1.4161482e+00   3.2013043e-03   9.2458449e-03   4.3615474e-03
  -1.4613441e-02  -5.0134076e-01   1.4122794e+00   3.4016103e-03   8.8965851e-03   5.2910381e-03
  -1.6390407e-02  -5.0919243e-01   1.4349128e+00   3.3409635e-03   9.0093307e-03   5.8274895e-03
  -1.7581457e-03  -5.6033418e-01   1.4701909e+00   2.4830121e-03   9.3877055e-03   5.6363141e-03
   1.0514947e-02  -5.8996788e-01   1.4175354e+00   1.5616471e-03   9.8919186e-03   5.3395182e-03
   3.3319723e-02  -6.1730307e-01   1.4312362e+00   1.1608448e-03   1.0646209e-02   4.9288824e-03
   3.4716355e-02  -6.2786272e-01   1.4259528e+00   9.3057795e-04   1.0871302e-02   4.8355773e-03
   4.8256727e-02  -6.5607625e-01   1.4123048e+00   6.4112835e-04   1.1026092e-02   4.2409517e-03
   1.2431304e-02  -5.5067036e-01   1.4657918e+00   4.4932619e-03   9.8605127e-03   5.1736569e-03
   1.8226340e-02  -5.5294494e-01   1.4974431e+00   3.4420988e-03   9.7381867e-03   6.0365678e-03
   4.8173908e-03  -5.4666167e-01   1.4955329e+00   2.9015388e-03   9.8844330e-03   6.2245256e-03
   3.6573055e-02  -6.4882101e-01   1.5414326e+00   1.0134314e-03   1.0634498e-02   6.2100082e-03
   1.4400352e-02  -6.4333786e-01   1.5014142e+00   1.1437020e-03   9.9658602e-03   5.8864603e-03
   5.8723694e-03  -6.3974149e-01   1.5027576e+00   1.4551927e-03   9.6966255e-03   5.7744940e-03
  -5.9844224e-03  -6.2858008e-01   1.5373200e+00   1.6457098e-03   9.3297993e-03   6.0187606e-03
   1.8127354e-04  -6.0272954e-01   1.5377258e+00   2.5366596e-03   9.3036655e-03   5.4803651e-03
   4.8517400e-03  -6.2334454e-01   1.5099257e+00   2.4826355e-03   9.2765851e-03   5.1275657e-03
   1.3980211e-02  -6.4202159e-01   1.5276475e+00   2.8631147e-03   9.3202746e-03   4.3966186e-03
  -1.0015128e-02  -6.1190984e-01   1.5146391e+00   3.2342090e-03   8.8893887e-03   4.6443194e-03
   1.3154822e-02  -6.9309026e-01   1.4885005e+00   1.3696451e-03   9.5559488e-03   5.1296914e-03
   2.1267340e-02  -7.2441560e-01   1.5000968e+00   3.3478168e-04   9.6996502e-03   5.0258791e-03
  -3.0318302e-03  -6.7472442e-01   1.4992480e+00   1.1983183e-03   9.4315936e-03   5.1143793e-03
  -6.9519472e-03  -6.8321234e-01   1.5166285e+00   9.7221913e-04   9.1976790e-03   5.3606892e-03
   8.6335644e-04  -6.6094096e-01   1.4824966e+00   1.1308904e-03   9.3860819e-03   4.9199248e-03
   1.5464594e-02  -6.5096054e-01   1.4474555e+00   1.1328085e-03   9.1808105e-03   4.8242227e-03
   8.6693582e-03  -6.9397025e-01   1.4793526e+00   4.1452371e-04   9.1466179e-03   5.1640104e-03
   4.5178898e-03  -6.5638505e-01   1.4588537e+00   7.2179748e-04   8.7385066e-03   5.5062201e-03
   9.0039617e-03  -6.7660248e-01   1.4932140e+00   6.7031815e-04   9.1433859e-03   5.4785254e-03
  -6.3108160e-03  -6.3357455e-01   1.4905872e+00   1.1144974e-03   8.2688708e-03   5.4975269e-03
  -1.7639962e-02  -6.0921635e-01   1.4247116e+00   1.5349655e-03   7.2170937e-03   5.8813522e-03
  -3.6339098e-02  -6.5023376e-01   1.4466965e+00   6.1641263e-04   6.5481653e-03   6.5148825e-03
  -1.4406842e-02  -6.5316064e-01   1.4363534e+00   4.1550104e-04   7.6887326e-03   5.4737340e-03
  -1.6429398e-02  -6.6024064e-01   1.4296282e+00   4.6553026e-04   7.4016012e-03   6.2905961e-03
  -3.3553214e-02  -6.7196520e-01   1.4210564e+00  -3.0966936e-04   6.0899702e-03   6.9592615e-03
  -5.9816448e-02  -6.7809353e-01   1.5391812e+00  -6.4128458e-04   5.7360129e-03   6.5673651e-03
   4.8377926e-04  -7.0147196e-01   1.3733121e+00  -1.7353427e-03   9.8047600e-03   5.6395755e-03
  -1.0951380e-02  -6.5773775e-01   1.2975009e+00  -1.5459390e-04   6.9579045e-03   4.6957883e-03
  -1.4551822e-03  -6.6255213e-01   1.2966264e+00   8.4032589e-04   7.3036180e-03   4.1150291e-03
  -1.6770777e-02  -6.5884433e-01   1.3601597e+00   1.2165829e-03   6.5959779e-03   4.2933753e-03
  -2.4823795e-02  -6.7325354e-01   1.3578795e+00   7.2972234e-04   6.3248322e-03   4.3605858e-03
  -1.3841572e-02  -7.3004943e-01   1.4473167e+00   7.2212645e-04   6.6877607e-03   4.3825189e-03
  -3.5308411e-02  -7.1081528e-01   1.4672024e+00   1.2003414e-03   6.0771494e-03   4.3008899e-03
  -4.2796787e-02  -7.1231747e-01   1.4511463e+00   1.2579533e-03   6.0734656e-03   4.1869872e-03
  -5.0653300e-02  -7.5479968e-01   1.4804317e+00   8.2490515e-04   6.0825961e-03   4.6862434e-03
  -7.4386599e-02  -7.2026420e-01   1.4570342e+00   1.1103146e-03   5.7743463e-03   4.8402733e-03
  -6.3649341e-02  -7.4851211e-01   1.4533967e+00   9.5302528e-04   6.2424785e-03   4.6325815e-03
  -9.1470689e-02  -7.3271579e-01   1.4706859e+00   8.4562346e-04   5.8072959e-03   5.2088597e-03
  -1.1053071e-01  -7.2736369e-01   1.4326920e+00   6.1057019e-04   6.0858612e-03   5.6622668e-03
  -1.0587380e-01  -7.5850509e-01   1.4314279e+00   1.8758979e-04   6.6678454e-03   5.7319354e-03
  -1.2133592e-01  -7.3739544e-01   1.4386285e+00   3.5121953e-04   6.2518523e-03   5.8535227e-03
  -1.3121550e-01  -7.1599497e-01   1.4057002e+00   3.1016174e-04   6.2916683e-03   6.1504813e-03
  -1.2826278e-01  -7.5326709e-01   1.3994877e+00  -4.5922630e-04   6.4532587e-03   6.6353282e-03
  -1.3984491e-01  -7.1690598e-01   1.3887025e+00   1.1528944e-04   5.8596379e-03   6.5111590e-03
  -7.8903154e-02  -8.0788591e-01   1.3543899e+00  -1.7743372e-03   7.4418685e-03   5.5194928e-03
  -1.2244106e-01  -7.2391577e-01   1.3937553e+00  -3.7986683e-04   6.0557083e-03   6.3902009e-03
  -1.2521763e-01  -7.1427462e-01   1.3768891e+00   3.0319804e-04   5.8905626e-03   5.9240421e-03
  -1.3585853e-01  -6.9974625e-01   1.3761999e+00  -5.1746751e-05   5.8225701e-03   6.7038366e-03
  -1.1376838e-01  -7.3286023e-01   1.3819785e+00  -4.0288049e-04   6.1618320e-03   6.0996841e-03
  -1.3068896e-01  -6.9464282e-01   1.3534136e+00  -3.0294847e-05   5.5493172e-03   6.4477256e-03
  -1.3954374e-01  -7.0497308e-01   1.3469435e+00  -2.4466154e-04   5.2870256e-03   6.9801510e-03
  -1.1721714e-01  -7.5892835e-01   1.3772836e+00  -1.0831536e-03   5.6974733e-03   6.3381477e-03
  -1.2299473e-01  -7.3888043e-01   1.3489904e+00  -1.0910845e-03   5.2788811e-03   6.6906964e-03
  -1.1812796e-01  -7.1957031e-01   1.3526145e+00  -6.2532291e-04   4.9046415e-03   6.6041424e-03
  -1.2128545e-01  -7.5631380e-01   1.3622532e+00  -1.7393252e-03   4.4833677e-03   6.8155990e-03
  -1.5524338e-01  -7.3809404e-01   1.3157249e+00  -1.7287406e-03   3.2596193e-03   7.4250384e-03
  -1.4854595e-01  -7.6254193e-01   1.3537632e+00  -1.5807255e-03   3.6189872e-03   7.4010979e-03
  -1.3712126e-01  -7.3807368e-01   1.3600231e+00  -1.7169536e-03   3.7916844e-03   6.5218801e-03
  -1.3566940e-01  -7.2541613e-01   1.3305155e+00  -1.4033914e-03   3.4341999e-03   7.4755113e-03
  -1.3401269e-01  -7.7300294e-01   1.3531359e+00  -2.5753168e-03   3.2584858e-03   7.5899751e-03
  -8.7431287e-02  -7.4428383e-01   1.3039972e+00  -1.7509052e-03   4.0041860e-03   6.4993424e-03
  -1.0713179e-01  -7.8179040e-01   1.3383329e+00  -2.1343463e-03   3.9834701e-03   6.8193539e-03
  -1.2840793e-01  -7.5059025e-01   1.2831066e+00  -2.4314268e-03   2.5796701e-03   6.3004677e-03
  -6.2423951e-02  -7.7627019e-01   1.2532947e+00  -3.5945558e-03   4.3682731e-03   5.4559671e-03
  -8.1990381e-02  -8.0130438e-01   1.2417599e+00  -3.9074948e-03   2.9290973e-03   4.9238632e-03
  -1.1398062e-01  -7.6875792e-01   1.2622642e+00  -3.6288660e-03   3.3330325e-03   4.7643484e-03
  -1.3063351e-01  -8.3270380e-01   1.2859444e+00  -5.4624782e-03   3.4700608e-03   4.9706171e-03
  -9.9810436e-02  -8.0304203e-01   1.2184413e+00  -4.4000614e-03   2.6220412e-03   5.7581613e-03
  -8.5909625e-02  -8.8739401e-01   1.2902674e+00  -5.7996229e-03   3.9629543e-03   5.1618272e-03
  -9.8085388e-02  -8.6861939e-01   1.3303349e+00  -4.5658900e-03   3.2562679e-03   4.9787874e-03
  -9.7363371e-02  -8.9539187e-01   1.3276774e+00  -4.9679350e-03   3.8377751e-03   5.2381093e-03
  -1.0666876e-01  -9.0631908e-01   1.3551330e+00  -5.1169324e-03   3.5851716e-03   5.3288199e-03
  -1.0406255e-01  -8.6601309e-01   1.3266968e+00  -4.5789999e-03   3.4400800e-03   5.1360026e-03
  -1.0009998e-01  -9.0256417e-01   1.3694283e+00  -4.8124667e-03   3.3596980e-03   5.3104580e-03
  -9.6882367e-02  -9.1897737e-01   1.3738028e+00  -4.9741666e-03   2.9964780e-03   5.4718673e-03
  -7.3253610e-02  -8.8672958e-01   1.3134582e+00  -4.3852971e-03   3.2531893e-03   4.4061314e-03
  -6.4726983e-02  -9.6665034e-01   1.3559987e+00  -6.1190698e-03   3.8814592e-03   4.5769354e-03
  -4.7694991e-02  -9.0030575e-01   1.2636536e+00  -5.8307775e-03   3.9270321e-03   3.8534088e-03
  -2.5406401e-02  -9.1560286e-01   1.2725190e+00  -6.0891599e-03   4.2107168e-03   3.8433866e-03
  -3.4301419e-02  -9.4005344e-01   1.2952261e+00  -6.7446648e-03   4.0905475e-03   3.9411536e-03
  -2.6649360e-03  -8.6525503e-01   1.1054902e+00  -6.0492156e-03   3.9194042e-03   3.5342438e-03
  -8.5022993e-02  -8.2909405e-01   1.2161536e+00  -4.6112293e-03   2.7737556e-03   4.3064403e-03
  -1.1770292e-01  -8.3954284e-01   1.2479577e+00  -4.6949438e-03   2.2346385e-03   5.0867827e-03
  -1.1397452e-01  -7.9850321e-01   1.2465714e+00  -4.3830431e-03   2.6052029e-03   4.9286974e-03
  -1.2368023e-01  -8.2053783e-01   1.2834581e+00  -4.3453420e-03   2.3418615e-03   5.7952586e-03
  -1.2326014e-01  -8.3082869e-01   1.2795113e+00  -4.3107659e-03   1.9969295e-03   5.1786032e-03
  -8.9960383e-02  -9.0884579e-01   1.2670679e+00  -5.3936795e-03   2.4042854e-03   5.9233252e-03
  -1.0448927e-01  -9.4345903e-01   1.2959505e+00  -6.0046459e-03   1.9755294e-03   5.3004005e-03
  -8.0844249e-02  -8.3504655e-01   1.1727816e+00  -4.9004417e-03   2.6805570e-03   4.7248939e-03
  -8.4532817e-02  -8.9937975e-01   1.2607526e+00  -5.7874800e-03   2.6451759e-03   4.4427176e-03
  -7.1926574e-02  -8.3529491e-01   1.1981431e+00  -4.9512778e-03   2.3190195e-03   4.3182979e-03
  -6.1309520e-02  -8.4045925e-01   1.1826931e+00  -5.7441520e-03   2.8899796e-03   4.5599908e-03
  -9.8404563e-02  -8.4871476e-01   1.1935000e+00  -5.4438792e-03   1.9628989e-03   4.4682032e-03
  -4.8338837e-02  -8.4009252e-01   1.1819425e+00  -5.3973171e-03   3.0994397e-03   4.1113559e-03
  -5.5732296e-02  -9.0581533e-01   1.2111366e+00  -7.0010707e-03   2.7130499e-03   4.0067883e-03
  -1.7669238e-02  -8.4059419e-01   1.1809158e+00  -5.9209658e-03   3.3330591e-03   3.6572284e-03
  -1.9247124e-02  -9.2820069e-01   1.2310867e+00  -7.5898457e-03   3.6933432e-03   3.5923442e-03
   3.0805713e-02  -8.2336369e-01   1.0084064e+00  -6.3386902e-03   4.1957566e-03   2.6832108e-03
  -1.2994859e-02  -9.4209590e-01   1.1699409e+00  -7.6638369e-03   3.4981040e-03   3.2005807e-03
  -2.1272544e-02  -8.9773509e-01   1.1770798e+00  -6.4301449e-03   3.2294431e-03   3.3351957e-03
  -2.0731395e-02  -9.7207907e-01   1.2490418e+00  -8.1002519e-03   3.3200413e-03   3.6572598e-03
   1.8341192e-02  -8.2442621e-01   9.7337872e-01  -6.4401795e-03   3.7814524e-03   2.6790457e-03
  -1.9731716e-02  -9.4460037e-01   1.1954211e+00  -7.3902979e-03   3.0154689e-03   3.6119944e-03
  -7.5422200e-02  -8.6916186e-01   1.2457335e+00  -5.0648448e-03   3.4545900e-03   3.7383241e-03
  -7.6815399e-02  -9.1014828e-01   1.2838575e+00  -5.5189203e-03   2.4668681e-03   4.0988259e-03
  -6.8104254e-02  -8.2392209e-01   1.1631615e+00  -4.3531803e-03   1.3273645e-03   4.3789649e-03
  -6.0297965e-02  -9.3039315e-01   1.2456996e+00  -6.1432022e-03   2.2268329e-03   4.3844176e-03
  -7.8648327e-02  -8.9756301e-01   1.1046771e+00  -5.7764791e-03   2.8169099e-04   4.3239120e-03
  -6.7031995e-02  -9.4139534e-01   1.2346849e+00  -6.3040791e-03   1.8430117e-03   4.1919390e-03
  -6.5981134e-02  -9.7286971e-01   1.2434237e+00  -8.0912124e-03   1.4802805e-03   4.5055566e-03
  -6.6785180e-03  -8.6528883e-01   1.0331749e+00  -6.4087370e-03   2.1467992e-03   3.6941909e-03
  -2.2232022e-02  -9.6832879e-01   1.1227561e+00  -8.0818633e-03   1.7881494e-03   3.6640364e-03
  -4.8539712e-02  -9.1720802e-01   1.1636179e+00  -6.5662278e-03   1.7830242e-03   3.7472209e-03
  -5.5411260e-02  -9.9637959e-01   1.2177519e+00  -7.6198633e-03   1.9674296e-03   3.9147154e-03
  -5.8089338e-02  -9.1515896e-01   1.1655480e+00  -6.7580169e-03   1.8183177e-03   3.6750620e-03
  -5.8060155e-03  -8.9162306e-01   1.0234682e+00  -6.6029574e-03   2.7404993e-03   3.4575579e-03
  -4.2468550e-02  -9.8072744e-01   1.0567255e+00  -8.2899674e-03   9.4230326e-04   4.1331437e-03
   8.5903255e-03  -8.9357885e-01   1.0253367e+00  -6.1123570e-03   2.2709633e-03   2.8991378e-03
  -4.4340736e-02  -9.5343996e-01   1.0335279e+00  -7.9789324e-03   2.2433211e-04   3.7772743e-03
  -8.5478452e-03  -8.6694067e-01   9.3388361e-01  -6.3004389e-03   1.3270844e-03   4.0458415e-03
  -6.0376106e-02  -9.5548144e-01   1.0491845e+00  -7.6957906e-03  -3.1434706e-04   4.0619071e-03
  -3.1472132e-02  -9.2229874e-01   1.1221173e+00  -6.7181175e-03   1.1119001e-03   2.9513665e-03
  -4.0921125e-02  -9.9394613e-01   1.2044202e+00  -8.6657303e-03   1.7313791e-03   3.6320213e-03
   8.5566146e-03  -8.8209471e-01   9.7662130e-01  -6.8248660e-03   1.0166729e-03   2.7978459e-03
  -1.6980223e-03  -9.5236483e-01   1.0479343e+00  -8.5353087e-03   8.1665020e-04   3.1787484e-03
   2.4358643e-02  -8.1716003e-01   7.8598674e-01  -6.4393412e-03   1.5027570e-04   2.7736934e-03
   1.7056988e-02  -9.6101393e-01   1.0170145e+00  -8.8016748e-03   1.2147479e-03   2.8748980e-03
   4.4083691e-02  -8.3582426e-01   7.5134414e-01  -6.9003767e-03   5.6667299e-04   2.6722532e-03
   9.2002319e-03  -1.0014338e+00   1.0047980e+00  -9.9334989e-03   9.5865544e-04   3.6354950e-03
   2.9276045e-02  -9.1626512e-01   8.9164201e-01  -7.9556347e-03   2.2299845e-04   3.6420613e-03
   1.8489805e-02  -9.9265987e-01   1.0637736e+00  -8.5533021e-03  -2.4185200e-04   3.8397961e-03
   6.6340397e-04  -9.7713867e-01   1.1796496e+00  -8.5653956e-03  -5.6047206e-04   3.8629551e-03
   3.6327042e-02  -1.0048821e+00   1.0540180e+00  -8.6003733e-03   1.3611172e-03   3.7314172e-03
  -1.7977469e-02  -8.9574117e-01   9.5069653e-01  -6.1267653e-03  -5.7376923e-04   3.7888918e-03
   4.7754113e-03  -9.9597747e-01   9.7032172e-01  -8.2696415e-03   4.4250702e-04   3.8807039e-03
  -2.0664894e-03  -1.0511085e+00   1.0458705e+00  -9.0132563e-03   1.3434236e-04   4.3185270e-03
  -2.1523146e-02  -1.0062512e+00   1.0571105e+00  -7.7367180e-03  -3.7869165e-04   4.2099699e-03
  -8.5258772e-03  -1.0949297e+00   1.0982507e+00  -8.7030294e-03   1.0767578e-04   4.3414483e-03
  -3.0680480e-02  -1.0282669e+00   1.0982821e+00  -6.8242212e-03  -6.4989586e-04   4.0114948e-03
  -1.5929624e-02  -1.0956918e+00   1.0646407e+00  -8.3092588e-03   3.8538116e-05   3.9724376e-03
  -3.1410596e-02  -1.0910902e+00   1.1190872e+00  -8.2440598e-03  -2.6853465e-04   4.2770117e-03
  -4.1634155e-02  -1.0244268e+00   1.1332897e+00  -7.3748694e-03   9.5819245e-05   4.2902294e-03
  -2.9959247e-02  -1.0853656e+00   1.2101627e+00  -8.4978557e-03   2.3611319e-04   4.2142183e-03
  -5.3799888e-02  -1.0296616e+00   1.1532989e+00  -7.7855613e-03   1.7539154e-04   4.6994664e-03
  -3.9995585e-02  -1.0867023e+00   1.2198935e+00  -8.9525491e-03  -2.5108346e-04   5.1214898e-03
  -4.2275427e-02  -9.8516587e-01   1.1115920e+00  -7.6361668e-03  -5.8177548e-04   5.0607014e-03
  -4.2639185e-02  -1.0497851e+00   1.1951759e+00  -8.6474604e-03  -4.4996826e-05   4.9102093e-03
  -6.5473429e-02  -9.9456898e-01   1.1558382e+00  -7.8331169e-03  -2.6970376e-04   5.0187905e-03
  -3.0879850e-02  -1.0473246e+00   1.1938113e+00  -9.0543207e-03   1.7902944e-04   4.5440096e-03
  -4.7170571e-02  -9.9827715e-01   1.1630779e+00  -8.2321104e-03  -3.6119737e-04   5.0358087e-03
  -4.3988495e-02  -1.0169522e+00   1.1644641e+00  -8.3665926e-03   1.8204014e-04   5.0686752e-03
  -5.8855511e-02  -9.8493631e-01   1.1020033e+00  -8.0395121e-03  -8.0437444e-04   4.9928680e-03
   1.4639583e-02  -9.6358604e-01   1.0784347e+00  -7.9602015e-03   5.3916061e-04   3.9931961e-03
  -9.3958664e-03  -9.9290861e-01   1.0509088e+00  -8.7906634e-03  -1.2692193e-03   4.1338240e-03
  -6.0865298e-03  -9.0655124e-01   9.8161421e-01  -7.2124890e-03  -4.3018365e-04   4.3745509e-03
