-8.7272e-06
0.00015068
0.0014501
0.0036761
0.0046894
0.0041661
0.0036252
0.0032457
0.003249
0.003797
0.0040091
0.003577
0.0045743
0.0058537
0.0060197
0.0056407
0.0060629
0.0070671
0.0069574
0.0062173
0.0046526
0.003861
0.0045255
0.0052646
0.0062658
0.0069632
0.0075
0.0080886
0.0086332
0.0084868
0.0071797
0.005899
0.0055844
0.0051811
0.0052902
0.0059796
0.0058442
0.0052659
0.0056789
0.0058034
0.0059296
0.0060363
0.0051949
0.0045395
0.003877
0.004246
0.0053287
0.0055737
0.0048405
0.0045398
0.0050575
0.0054852
0.0056586
0.0048959
0.0038149
0.003122
0.0040979
0.0056692
0.0064609
0.0064331
0.005858
0.0046912
0.004252
0.0042781
0.0037736
0.003854
0.0050453
0.0049994
0.0044878
0.0046617
0.0044277
0.004275
0.0045657
0.0049228
0.0042492
0.0039933
0.0044197
0.0042375
0.0028755
0.0018034
0.0020495
0.0028435
0.0034768
0.0040923
0.0051836
0.0062139
0.0050705
0.0036578
0.003428
0.0033421
0.0039004
0.0061542
0.0069078
0.0065524
0.0074189
0.0082871
0.0079891
0.0069183
0.0057304
0.0055578
0.0051856
0.0040336
0.003113
0.002613
0.0032841
0.0048532
0.0050228
0.0047363
0.004768
0.0044945
0.0036348
0.0035504
0.0046781
0.0057424
0.0066945
0.0067508
0.0053531
0.0038795
0.0032542
0.0026662
0.0027664
0.00457
0.0054115
0.0059179
0.0058561
0.0048401
0.004972
0.0048434
0.0049015
0.0057132
0.0061381
0.0055155
0.0037682
0.0028879
0.0041817
0.0050326
0.0049085
0.0052699
0.0042888
0.0041332
0.0057405
0.0062472
0.0061061
0.0064012
0.0064858
0.0057379
0.0047363
0.0044486
0.0038561
0.003487
0.0029853
0.0024475
0.0025018
0.00281
0.0034112
0.0036315
0.0031815
0.0037376
0.0046042
0.0047575
0.0049033
0.0050884
0.0056374
0.0060217
0.0057199
0.0046516
0.0033392
0.002329
0.0028593
0.003464
0.0037107
0.0039498
0.0041403
0.0047166
0.0050973
0.00581
0.0063033
0.0056816
0.0053666
0.0061113
0.0059537
0.0058959
0.0057815
0.0052988
0.0050551
0.0045025
0.0043397
0.0050256
0.0066206
0.0074213
0.0070197
0.0065871
0.0056569
0.0045285
0.0048208
0.0053221
0.0056633
0.0058845
0.0056348
0.0054199
0.0049163
0.005636
0.0061197
0.0051639
0.0041211
0.0039499
0.0036821
0.0040122
0.0049294
0.0050381
0.0053794
0.0051272
0.0048061
0.0052534
0.0052742
0.0048391
0.0045949
0.0053916
0.0057458
0.0052364
0.0060789
0.0070166
0.0062043
0.0050733
0.0046553
0.004295
0.0044528
0.0057025
0.0060906
0.00603
0.0064872
0.006438
0.0061898
0.005769
0.0062561
0.0059872
0.0051543
0.0056957
0.0060071
0.0058081
0.0060228
0.0059165
0.0045701
0.0031758
0.0024119
0.002347
0.0028895
0.0042593
0.0046864
0.0041303
0.0050637
0.0069177
0.0071352
0.006314
0.0063691
0.0060467
0.0053975
0.0046908
0.0045307
0.0046636
0.0043529
0.0040169
0.003253
0.0033404
0.0039323
0.0044332
0.00442
0.0041071
0.0041358
0.0040917
0.0032852
0.0027744
0.0031749
0.0033868
0.0036472
0.0036377
0.0035091
0.003509
0.0036115
0.0029977
0.0026422
0.002025
0.0026666
0.0043995
0.0051172
0.0060253
0.0071132
0.0073148
0.0072725
0.0067724
0.0053538
0.0045062
0.0045759
0.0048069
0.0048462
0.0044114
0.0045432
0.0056592
0.0060851
0.0054704
0.0053821
0.0054735
0.0042691
0.0032506
0.0043434
0.0054114
0.005313
0.0058129
0.0067086
0.00675
0.0057415
0.0041519
0.0034598
0.0039235
0.0038466
0.0032695
0.0031022
0.0031675
0.0034699
0.0029643
0.0027846
0.0045944
0.0047888
0.0048856
0.0056987
0.005838
0.0050611
0.003868
0.0043073
0.004655
0.0041616
0.0038523
0.0034918
0.0033876
0.0047131
0.0051567
0.0043294
0.0035542
0.0038938
0.0055139
0.0058398
0.0052061
0.0040891
0.0040154
0.0042362
0.0037545
0.0030316
0.0023574
0.0029606
0.0046948
0.0058698
0.0061539
0.005965
0.0051381
0.0037024
0.0032441
0.003282
0.0029668
0.003303
0.0044341
0.0045859
0.0051587
