6.4729e-08
4.3936e-07
1.2538e-05
4.0133e-05
6.9825e-05
8.0802e-05
8.1879e-05
8.3708e-05
7.9838e-05
7.887e-05
7.3156e-05
5.4648e-05
4.5347e-05
5.5202e-05
7.0438e-05
7.1836e-05
6.9376e-05
7.5617e-05
7.0829e-05
6.0587e-05
5.4273e-05
4.4884e-05
4.2811e-05
5.4917e-05
7.8405e-05
8.3565e-05
7.4781e-05
6.8641e-05
7.2388e-05
8.3276e-05
8.2553e-05
6.9064e-05
5.9302e-05
5.094e-05
4.8931e-05
5.2083e-05
6.0611e-05
6.7318e-05
7.0351e-05
7.4117e-05
6.9225e-05
6.2119e-05
5.5173e-05
6.0203e-05
6.5696e-05
5.8126e-05
5.3535e-05
5.7652e-05
6.6296e-05
6.5843e-05
7.1057e-05
6.782e-05
6.4239e-05
6.7551e-05
7.0174e-05
6.3679e-05
5.6132e-05
5.852e-05
6.3613e-05
7.392e-05
8.0729e-05
6.9696e-05
6.7595e-05
7.8154e-05
7.7651e-05
7.4137e-05
7.8472e-05
7.197e-05
5.6283e-05
5.0657e-05
4.8437e-05
5.96e-05
6.4102e-05
5.9491e-05
5.9266e-05
7.0279e-05
7.9429e-05
8.6741e-05
7.9706e-05
5.4446e-05
5.2282e-05
6.267e-05
5.7786e-05
5.9285e-05
7.2197e-05
8.7346e-05
8.5669e-05
6.1763e-05
3.4892e-05
3.1661e-05
4.182e-05
5.4121e-05
6.4503e-05
6.7864e-05
7.6199e-05
7.8057e-05
7.5044e-05
7.8963e-05
8.26e-05
7.8881e-05
7.6573e-05
8.193e-05
8.3726e-05
7.8796e-05
7.2211e-05
6.897e-05
6.2709e-05
5.469e-05
5.001e-05
5.3799e-05
5.2585e-05
4.6826e-05
5.1374e-05
5.9237e-05
7.4261e-05
7.8578e-05
6.1898e-05
4.9627e-05
5.9725e-05
7.6895e-05
8.0608e-05
8.7168e-05
8.3243e-05
6.7067e-05
5.5762e-05
5.3937e-05
6.3941e-05
7.6204e-05
7.4999e-05
7.5788e-05
7.2395e-05
7.0826e-05
6.027e-05
4.2683e-05
4.5027e-05
5.2068e-05
4.9732e-05
5.3527e-05
5.0696e-05
5.1449e-05
5.9488e-05
6.364e-05
7.272e-05
8.6546e-05
9.5529e-05
9.164e-05
7.9099e-05
6.1677e-05
5.2864e-05
5.7279e-05
6.6344e-05
6.6178e-05
5.95e-05
5.6592e-05
5.8849e-05
6.5121e-05
7.2103e-05
7.4552e-05
8.0976e-05
8.4295e-05
7.561e-05
6.1515e-05
5.9085e-05
5.4219e-05
4.4615e-05
5.07e-05
6.156e-05
5.8816e-05
6.1872e-05
7.2854e-05
7.5869e-05
7.0714e-05
6.4992e-05
6.6102e-05
6.2923e-05
6.3766e-05
7.0978e-05
8.3914e-05
8.7961e-05
8.0827e-05
7.6781e-05
7.9561e-05
7.7366e-05
7.1576e-05
7.4707e-05
7.6184e-05
7.1502e-05
6.9754e-05
7.849e-05
8.5561e-05
7.4512e-05
6.4782e-05
6.1486e-05
5.1549e-05
4.7146e-05
4.6826e-05
5.1875e-05
5.8079e-05
5.9319e-05
7.3497e-05
7.7146e-05
7.5523e-05
8.1655e-05
8.4058e-05
7.5593e-05
7.104e-05
6.8838e-05
6.509e-05
6.1466e-05
5.7615e-05
6.4936e-05
6.268e-05
4.8489e-05
5.0538e-05
5.5721e-05
5.4476e-05
5.4625e-05
5.7172e-05
5.5037e-05
5.8794e-05
6.8553e-05
7.1934e-05
6.6995e-05
6.6874e-05
7.152e-05
7.0445e-05
6.7247e-05
6.5819e-05
7.1918e-05
7.5573e-05
7.3622e-05
6.7448e-05
6.1049e-05
6.1199e-05
6.7464e-05
6.47e-05
5.6994e-05
6.6054e-05
7.5577e-05
7.8494e-05
8.3636e-05
8.4124e-05
6.7753e-05
5.6781e-05
5.2248e-05
4.7069e-05
5.587e-05
7.1155e-05
6.9466e-05
6.4258e-05
6.6955e-05
7.5267e-05
8.1861e-05
7.4089e-05
7.1641e-05
7.3681e-05
6.7975e-05
6.4712e-05
6.5081e-05
6.3711e-05
6.1305e-05
6.3961e-05
6.2581e-05
6.2779e-05
7.436e-05
8.4743e-05
8.0322e-05
7.0461e-05
7.0633e-05
7.1057e-05
6.7577e-05
5.396e-05
4.7682e-05
5.2417e-05
5.5981e-05
6.0276e-05
6.0159e-05
4.5084e-05
3.7651e-05
3.8899e-05
3.9348e-05
3.5633e-05
2.8921e-05
3.9469e-05
5.6422e-05
6.3733e-05
6.9053e-05
7.9815e-05
9.2603e-05
9.1027e-05
7.1712e-05
6.2765e-05
7.11e-05
7.3446e-05
6.7919e-05
6.4827e-05
6.4445e-05
6.2508e-05
6.2366e-05
6.5514e-05
7.5936e-05
8.1766e-05
7.972e-05
7.1711e-05
6.3083e-05
6.1226e-05
6.1623e-05
6.4981e-05
7.2325e-05
7.5042e-05
8.0439e-05
8.1818e-05
7.3631e-05
6.6229e-05
6.6996e-05
7.9694e-05
8.2086e-05
7.4497e-05
6.8722e-05
6.0331e-05
4.567e-05
4.3939e-05
4.8153e-05
5.2543e-05
5.3049e-05
4.8629e-05
5.3805e-05
5.7091e-05
5.8294e-05
6.292e-05
6.6325e-05
7.339e-05
8.0911e-05
7.3947e-05
6.4868e-05
6.1996e-05
5.5152e-05
5.6763e-05
6.7648e-05
7.3335e-05
6.6981e-05
6.9413e-05
7.1937e-05
6.9168e-05
6.7816e-05
6.282e-05
5.3501e-05
4.0931e-05
4.7939e-05
6.9082e-05
8.2408e-05
8.141e-05
7.9914e-05
8.2071e-05
7.0076e-05
5.6849e-05
4.6618e-05
3.8002e-05
4.5787e-05
7.226e-05
7.6946e-05
8.5152e-05
