   0.0000000e+00   2.9456517e-14  -1.4210855e-14   0.0000000e+00   0.0000000e+00   0.0000000e+00
   2.8523311e-02   1.0986094e-01   2.6885060e-01   3.3654119e-05   6.3753697e-04  -1.9490882e-03
   4.5101903e-02   1.1486853e-01   3.5936741e-01   1.4052751e-04   1.0922835e-03  -1.8484905e-03
   5.8830798e-02   9.4887975e-02   3.6143002e-01  -3.3043762e-04   1.1606626e-03  -2.2028534e-03
   5.8005018e-02   8.4592059e-02   3.5190041e-01   1.1898998e-04   9.3041031e-04  -2.3753778e-03
   5.7737484e-02   1.0166656e-01   3.1746056e-01  -3.2416680e-04   1.0889613e-03  -1.9259215e-03
   6.6701454e-02   1.2376157e-01   2.9034862e-01  -8.0356009e-04   1.3537899e-03  -1.4179994e-03
   8.5869332e-02   1.3060520e-01   2.9000604e-01  -5.8192220e-04   1.5972867e-03  -1.1466683e-03
   9.5990663e-02   9.2291842e-02   2.8020956e-01  -1.2957648e-03   1.6807641e-03  -9.0847884e-04
   9.1828031e-02   2.6099633e-02   2.9143817e-01  -1.7538821e-03   1.5152604e-03  -2.0306948e-03
   8.2901996e-02   2.2162032e-02   2.7505965e-01  -2.0665642e-03   1.5339032e-03  -2.2255559e-03
   7.6246945e-02   4.8844949e-02   2.8165290e-01  -1.3913704e-03   1.4693534e-03  -1.9692308e-03
   6.9859570e-02   9.2601296e-02   2.9914877e-01  -7.8582333e-04   1.2074030e-03  -1.8925684e-03
   7.3445325e-02   1.2424133e-01   3.4343276e-01  -1.5156282e-05   1.3276740e-03  -1.9051685e-03
   7.7361635e-02   8.5973603e-02   3.7633859e-01  -1.5343280e-04   1.2692890e-03  -2.2279442e-03
   8.9470073e-02   5.3201884e-02   3.8753543e-01  -8.6809365e-04   1.4125053e-03  -2.3896400e-03
   9.4988391e-02   4.7697924e-02   3.6472663e-01  -9.0977166e-04   1.4467078e-03  -2.6131816e-03
   9.5065794e-02   6.4774530e-02   3.6284484e-01  -8.4236834e-04   1.4664397e-03  -2.6602913e-03
   9.8273001e-02   5.7612546e-02   3.1934427e-01  -1.1688239e-03   1.5322894e-03  -2.5120536e-03
   1.0913628e-01   7.3898839e-02   3.0632190e-01  -1.3258910e-03   1.8468389e-03  -2.2412313e-03
   1.0432930e-01   5.3125397e-02   3.1746793e-01  -1.0051973e-03   1.4949601e-03  -2.2762485e-03
   1.0039813e-01   6.5845933e-03   3.3575660e-01  -1.7751433e-03   1.5991309e-03  -2.7245793e-03
   9.3013093e-02   1.5435991e-02   3.0815855e-01  -1.8872235e-03   1.5233593e-03  -2.6083211e-03
   9.4277187e-02   4.3415302e-02   2.8320411e-01  -1.5969946e-03   1.4140822e-03  -2.1418479e-03
   1.0940951e-01   6.1254960e-02   2.9207099e-01  -1.4230679e-03   1.7561877e-03  -2.0827386e-03
   1.0397666e-01   3.8693460e-02   2.9482510e-01  -1.4997019e-03   1.4701106e-03  -2.0349098e-03
   9.9911488e-02   3.8821892e-02   2.6727145e-01  -1.5780744e-03   1.6538178e-03  -2.0188140e-03
   9.9422461e-02   2.5434182e-02   2.7068903e-01  -1.7230988e-03   1.5504211e-03  -1.6441774e-03
   8.7852681e-02   4.0255162e-02   2.7902386e-01  -1.7765304e-03   1.5237707e-03  -1.4523931e-03
   9.3296892e-02   2.5225779e-02   2.8481083e-01  -1.9989760e-03   1.7680498e-03  -1.2622655e-03
   9.9416618e-02   1.7090957e-02   2.6922750e-01  -1.9162829e-03   1.9015191e-03  -1.9579379e-03
   9.9156275e-02   1.0758218e-02   2.4792326e-01  -2.0370676e-03   1.9372650e-03  -1.8833350e-03
   9.6072295e-02   2.6005348e-02   2.5870453e-01  -1.8939577e-03   1.9299203e-03  -1.3589035e-03
   8.7692457e-02   2.6382859e-02   2.9156227e-01  -1.2666183e-03   1.7373140e-03  -1.2171877e-03
   1.0016887e-01   2.9116659e-02   3.3094761e-01  -1.3230049e-03   1.9358118e-03  -1.4506921e-03
   1.0350187e-01  -1.6303908e-03   3.5249080e-01  -1.4714493e-03   1.9139154e-03  -1.6859314e-03
   1.0703373e-01  -2.8306970e-02   3.5909581e-01  -1.8919506e-03   2.0216826e-03  -1.7299651e-03
   1.0529772e-01  -2.6812286e-02   3.5596426e-01  -2.1001633e-03   2.2301706e-03  -1.8331047e-03
   1.1084460e-01  -1.7042113e-02   3.5975366e-01  -1.8656051e-03   2.2650826e-03  -1.8524429e-03
   1.1340230e-01  -4.1197345e-02   3.6249885e-01  -2.0799732e-03   2.2788094e-03  -1.8335355e-03
   1.0742349e-01  -5.2615732e-02   3.4921642e-01  -2.1768660e-03   2.1813974e-03  -2.0287296e-03
   9.9772036e-02  -3.5060353e-02   3.3692177e-01  -2.4024920e-03   2.1813991e-03  -1.9500038e-03
   1.1877168e-01   1.5004713e-02   3.1490561e-01  -2.1928188e-03   2.8447048e-03  -2.0086228e-03
   1.1415866e-01  -1.4934718e-02   3.5065494e-01  -1.6730988e-03   2.2209842e-03  -1.8576773e-03
   1.2180390e-01  -6.4478955e-03   3.4280960e-01  -1.6748549e-03   2.5652027e-03  -1.8726250e-03
   1.1809635e-01  -1.6852717e-02   3.4200225e-01  -1.5029945e-03   2.3624258e-03  -1.9493733e-03
   1.1303925e-01  -4.2834208e-02   3.2885805e-01  -2.2531832e-03   2.6109241e-03  -1.9505948e-03
   1.0853915e-01  -3.5520242e-02   2.9662278e-01  -2.1026259e-03   2.5330363e-03  -1.9261886e-03
   9.9175180e-02  -2.4271345e-02   2.4379638e-01  -2.1068939e-03   2.2836782e-03  -1.6020708e-03
   1.0012141e-01  -3.4536897e-02   2.5039203e-01  -2.2020938e-03   2.2656279e-03  -9.4806158e-04
   9.8802455e-02  -2.6114819e-02   2.3372155e-01  -2.0799451e-03   2.2081357e-03  -1.2206175e-03
   1.0081025e-01  -2.0078853e-02   2.3822083e-01  -2.0759152e-03   2.2997648e-03  -1.0409742e-03
   9.2142879e-02  -1.5335924e-02   2.2805179e-01  -2.3216623e-03   2.2021873e-03  -1.0621880e-03
   9.0736981e-02   2.2419603e-02   2.3519144e-01  -1.9361756e-03   2.3402251e-03  -8.3046325e-04
   9.0206579e-02   5.8675455e-02   2.2630088e-01  -1.4153349e-03   2.2150600e-03  -5.7824761e-04
   9.3720807e-02   2.9064222e-02   2.2204466e-01  -1.7012403e-03   2.1740099e-03  -5.8539640e-04
   6.8626819e-02   2.3078285e-02   1.8089016e-01  -1.9674251e-03   2.2585980e-03  -1.1844775e-03
   5.3323746e-02   2.9958293e-02   1.0112061e-01  -2.0993821e-03   2.3520047e-03  -7.1541682e-04
   7.5088230e-02   2.6210267e-02   1.4114941e-01  -1.8143567e-03   2.8277908e-03  -1.2432803e-03
   7.9694796e-02  -1.0011622e-02   1.9466678e-01  -1.7523006e-03   2.4277488e-03  -1.1813695e-03
   8.5163450e-02   1.0235688e-02   2.3646238e-01  -1.0881259e-03   2.5389667e-03  -1.4839324e-03
   8.3098517e-02   6.3398162e-03   2.6297072e-01  -1.0657217e-03   2.4423756e-03  -1.5499787e-03
   9.7193423e-02  -2.9900823e-03   2.5938239e-01  -1.2800972e-03   2.5572217e-03  -1.6947402e-03
   1.0602218e-01  -5.3146170e-03   2.5465861e-01  -1.2825742e-03   2.6524486e-03  -1.4166016e-03
   1.1762213e-01  -5.6279111e-04   2.6057890e-01  -1.3493511e-03   2.6554122e-03  -1.3842959e-03
   1.2567660e-01  -2.3422093e-02   2.6962220e-01  -1.9901874e-03   3.0727444e-03  -1.4396910e-03
   1.2327469e-01  -1.8889500e-02   2.2189857e-01  -2.2104281e-03   2.9171557e-03  -1.4580285e-03
   1.1521365e-01  -1.3482376e-02   1.7158716e-01  -2.7101282e-03   3.0256588e-03  -1.5734575e-03
   9.5056356e-02  -6.2381046e-02   1.4583382e-01  -3.4609204e-03   2.7908624e-03  -1.5668436e-03
   9.6937558e-02  -5.1982016e-02   1.2232507e-01  -3.1175810e-03   2.7677794e-03  -1.2176450e-03
   1.0625404e-01  -2.6702371e-03   1.0963803e-01  -1.9930420e-03   2.6948318e-03  -8.8222097e-04
   1.0793737e-01   1.0573491e-02   1.2978750e-01  -1.8192011e-03   2.8079351e-03  -4.6659591e-04
   1.2183539e-01   3.3322802e-02   1.4906630e-01  -1.9734225e-03   3.0500892e-03  -1.0620604e-03
   1.1137551e-01   2.8637016e-02   1.5552265e-01  -2.1276484e-03   2.8170476e-03  -1.2308335e-03
   1.0901326e-01  -1.5479738e-02   1.6742423e-01  -2.7405129e-03   2.7319969e-03  -1.5272939e-03
   8.1992232e-02  -5.9621773e-03   1.0831380e-01  -2.9035915e-03   2.3667602e-03  -1.6770280e-03
   6.9594534e-02   8.6322800e-04   9.7121817e-02  -2.9731909e-03   2.1138803e-03  -1.7125456e-03
   8.2450648e-02   3.0007372e-02   8.0960390e-02  -2.6876982e-03   2.5366719e-03  -1.7365371e-03
   4.5326260e-02   2.0234006e-02  -1.5891833e-02  -3.3591740e-03   2.1628760e-03  -1.5775425e-03
   4.6586985e-02  -2.3737478e-02  -1.1840848e-02  -3.9440395e-03   2.2822936e-03  -1.6765097e-03
   4.6765822e-02  -2.0796216e-02  -2.8077383e-02  -4.0514528e-03   2.2749270e-03  -1.6059723e-03
   5.5630361e-02   2.7724618e-02  -8.2074446e-02  -3.6036298e-03   2.4696939e-03  -9.9279303e-04
   6.6774943e-02   9.9984803e-02  -7.2440673e-02  -2.4558579e-03   2.5902295e-03   7.6903780e-05
   8.7544870e-02   6.7565553e-02  -1.1405841e-02  -3.1197355e-03   3.1927343e-03  -6.4125982e-04
   7.2449700e-02   2.1174663e-02   1.1955868e-02  -3.2495249e-03   2.7026093e-03  -9.3437074e-04
   6.2818054e-02  -1.1021834e-02   2.7145181e-02  -3.0146298e-03   2.4009420e-03  -1.3289424e-03
   7.3644569e-02  -2.9728650e-02   4.6109049e-02  -3.1791342e-03   2.6825027e-03  -1.3041652e-03
   7.2410514e-02  -9.1097259e-03   5.7379097e-02  -2.7224629e-03   2.3240443e-03  -1.2536019e-03
   7.5003464e-02   1.1297862e-03   8.5278571e-02  -2.4903939e-03   2.6380638e-03  -1.3241204e-03
   7.1605658e-02  -3.4386553e-03   8.6759077e-02  -2.4859666e-03   2.4755687e-03  -1.4716377e-03
   6.6940432e-02  -1.9477848e-02   8.5136400e-02  -2.6770870e-03   2.3440102e-03  -1.8522114e-03
   8.1322016e-02  -2.4903695e-02   8.3885618e-02  -2.9661564e-03   2.7218434e-03  -1.8081110e-03
   7.9645748e-02  -3.4211394e-02   4.8297315e-02  -3.1870022e-03   2.4768065e-03  -1.7297750e-03
   6.9289076e-02  -8.1631752e-03   2.5951951e-03  -3.2991741e-03   2.5049491e-03  -1.7295175e-03
   6.6589840e-02  -1.0061075e-01   1.8356331e-02  -3.7443837e-03   2.3548893e-03  -1.6652238e-03
   6.3599429e-02  -6.3425696e-02  -5.7313130e-03  -3.3263330e-03   2.2429158e-03  -1.5133920e-03
   5.3388041e-02  -1.5506021e-02  -2.1626237e-02  -2.7542349e-03   2.0743816e-03  -1.5694139e-03
   5.0671216e-02   1.4161786e-02   1.6675307e-02  -1.9965490e-03   2.1485665e-03  -1.2998146e-03
   5.2043439e-02   2.1925924e-02   7.7340214e-02  -1.5707873e-03   1.8543855e-03  -1.5947969e-03
   6.7421364e-02  -2.0468597e-02   1.2377266e-01  -2.0934404e-03   2.1983088e-03  -1.9213847e-03
   9.0943118e-02  -7.1223537e-02   1.2459722e-01  -2.0147721e-03   2.3777300e-03  -2.2036895e-03
   8.7883138e-02  -7.5517570e-02   1.4289514e-01  -2.1488310e-03   2.2005826e-03  -2.1674136e-03
   8.6813575e-02  -6.1581519e-02   1.0734312e-01  -2.0778172e-03   2.0521355e-03  -2.1129103e-03
   8.4389122e-02  -3.5282871e-02   9.5715778e-02  -1.9580047e-03   2.1589351e-03  -2.0345525e-03
   7.6055862e-02  -2.4840141e-02   8.2831431e-02  -1.3912650e-03   1.6947544e-03  -1.8995961e-03
   7.4844211e-02  -1.9846193e-02   6.0213972e-02  -1.8312428e-03   2.0274656e-03  -2.1295594e-03
   7.4605736e-02  -8.1677115e-02   4.3904844e-02  -2.7023733e-03   1.9904502e-03  -2.0352849e-03
   6.9492175e-02  -7.5068237e-02   2.8893201e-02  -2.4419210e-03   1.9267785e-03  -1.9253985e-03
   5.6434256e-02  -1.5563222e-02  -1.1818452e-02  -1.1404424e-03   1.4083931e-03  -1.8897108e-03
   5.8263180e-02   1.2023778e-02  -1.0620390e-02  -1.3831753e-03   1.7584996e-03  -1.6648458e-03
   6.8414887e-02   3.4103593e-02   3.5159765e-02  -7.8132885e-04   1.8520459e-03  -1.4015678e-03
   6.8453338e-02   1.2168099e-02   5.4721951e-02  -9.6082416e-04   1.8610731e-03  -1.6449599e-03
   7.8598998e-02  -1.8745648e-02   5.1426303e-02  -2.1326374e-03   2.0388843e-03  -1.7233333e-03
   8.3308575e-02  -2.1073323e-02   4.3520363e-02  -2.2672252e-03   2.3285039e-03  -1.8480336e-03
   8.5122789e-02  -9.5484970e-03  -1.8582287e-03  -1.9841355e-03   2.2213888e-03  -1.1456060e-03
   5.2877816e-02  -4.2109479e-03  -9.6053035e-02  -1.8915053e-03   2.0535260e-03  -8.3073657e-04
   5.0185836e-02  -7.5782652e-02  -6.9046865e-02  -2.6343606e-03   2.1650650e-03  -1.7359983e-03
   6.4019849e-02  -5.1603634e-02  -5.7421468e-02  -1.8924639e-03   2.1214156e-03  -1.9942347e-03
   5.5740129e-02  -2.5898581e-02  -7.3381557e-02  -1.3346549e-03   1.8110375e-03  -1.9029768e-03
   5.7482305e-02  -1.2769324e-02  -2.9519623e-02  -7.9771398e-04   1.9523345e-03  -1.2574911e-03
   5.3868337e-02   1.6291877e-02  -3.6466291e-04  -5.7947542e-04   1.7413079e-03  -1.2864803e-03
   6.4838319e-02   1.5630846e-02   2.0789071e-02  -8.9475648e-04   2.0321059e-03  -1.4523672e-03
   8.1163614e-02   1.6914529e-02   1.2561511e-02  -1.0662925e-03   2.2092190e-03  -1.2988941e-03
   5.2742408e-02  -3.9924167e-02  -1.0283049e-02  -1.5400955e-03   1.8381022e-03  -1.7848000e-03
   6.6055547e-02  -8.5229615e-02  -3.9915248e-02  -2.8117616e-03   2.5583106e-03  -1.6461934e-03
   7.5094908e-02  -8.5483218e-02  -3.8969009e-02  -3.0240160e-03   2.4372572e-03  -1.4697481e-03
   7.5554371e-02  -3.6403025e-02  -4.9019840e-02  -2.3946790e-03   2.6470190e-03  -1.4927152e-03
   5.0715792e-02  -2.5947482e-03  -7.3791635e-02  -1.8533332e-03   2.0815513e-03  -1.0952834e-03
   6.1557116e-02  -3.5046331e-02  -4.6093636e-02  -2.1898474e-03   2.2969029e-03  -1.4781349e-03
   6.7044744e-02  -7.4390709e-02  -3.7571057e-02  -2.0190444e-03   2.2191807e-03  -1.4281617e-03
   6.6771549e-02  -6.2882173e-02  -4.7201036e-02  -2.0537851e-03   2.2488127e-03  -1.4894739e-03
   6.6013905e-02  -9.8669189e-03  -4.4752091e-02  -1.5333212e-03   2.3755048e-03  -1.3517472e-03
   6.2348130e-02   2.3132330e-02  -5.1720821e-02  -1.2452322e-03   2.0932506e-03  -1.3614250e-03
   7.3789374e-02  -1.7098084e-03  -3.4849886e-02  -1.4372328e-03   2.2428604e-03  -1.2957136e-03
   9.1411188e-02  -6.5137910e-02  -3.8439348e-02  -2.5916233e-03   2.7693386e-03  -1.6847381e-03
   8.8768891e-02  -1.1368228e-01  -6.7541632e-02  -3.0721777e-03   2.7542956e-03  -1.7745084e-03
   8.4518621e-02  -8.6838268e-02  -9.1398738e-02  -2.2982462e-03   2.3931987e-03  -1.3400423e-03
   8.1361777e-02  -2.3708236e-02  -7.7422039e-02  -1.8256900e-03   2.5674050e-03  -1.2501035e-03
   8.1923866e-02   1.6312513e-02  -3.4872792e-02  -1.2412217e-03   2.5584074e-03  -1.0279384e-03
   8.6151868e-02  -2.0762224e-02   2.7494399e-02  -1.0141314e-03   2.4484091e-03  -1.5442427e-03
   8.4691964e-02  -7.5810577e-02   1.3571937e-02  -1.8196435e-03   2.4158162e-03  -2.0142011e-03
   8.3611514e-02  -8.5661609e-02  -7.5705926e-03  -2.3379219e-03   2.4808404e-03  -2.0106643e-03
   6.8164341e-02  -2.9822110e-02  -1.3848619e-01  -2.1677571e-03   2.3449337e-03  -1.8860794e-03
   6.9492625e-02  -3.6946472e-02  -1.2384955e-01  -2.2033653e-03   2.0932586e-03  -7.4481585e-04
   7.8939836e-02  -7.6190908e-02  -8.7492597e-02  -2.5475453e-03   2.4529811e-03  -1.6804311e-03
   7.9822675e-02  -8.8571105e-02  -8.8589752e-02  -2.4085636e-03   2.5051399e-03  -1.6254483e-03
   8.0195298e-02  -1.0462027e-01  -7.3919954e-02  -2.1528310e-03   2.4284496e-03  -1.5177458e-03
   8.1856810e-02  -8.4758079e-02  -6.4991982e-02  -2.1557446e-03   2.6572144e-03  -1.5309433e-03
   9.2961394e-02  -6.1140865e-02  -6.8090845e-02  -1.9867390e-03   2.7044581e-03  -1.7395329e-03
   1.0102527e-01  -3.8932214e-02  -2.3614995e-01  -2.5014450e-03   2.8096955e-03  -1.4754197e-03
   8.6084883e-02  -5.3530164e-02  -2.4434245e-01  -2.5589967e-03   2.6872167e-03  -1.8762539e-03
   9.7821124e-02  -8.4156851e-02  -2.1100510e-01  -2.8500806e-03   2.6675470e-03  -1.1954553e-03
   9.5333729e-02  -6.0625783e-02  -1.9960387e-01  -2.6206383e-03   2.4771704e-03  -1.1005842e-03
   1.1006391e-01  -8.3604883e-02  -1.7354990e-01  -2.9156484e-03   2.9625627e-03  -1.6135317e-03
   1.0543627e-01  -8.1294815e-02  -1.9379332e-01  -3.0759448e-03   2.8904402e-03  -1.5279587e-03
   1.0161757e-01  -6.0889188e-02  -1.9631410e-01  -2.6270829e-03   2.9602074e-03  -1.5099416e-03
   1.0402056e-01  -2.3984735e-02  -1.7526561e-01  -1.8822365e-03   2.7650738e-03  -1.3090602e-03
   1.0793857e-01  -1.2629242e-02  -1.3365166e-01  -1.9176164e-03   3.1202784e-03  -1.5743290e-03
   8.2149921e-02  -6.2891360e-03  -2.2441302e-01  -1.7231964e-03   2.6818925e-03  -1.5839527e-03
   1.1506317e-01  -6.2992060e-02  -2.8855502e-01  -3.0009684e-03   3.2718108e-03  -1.3674180e-03
   1.2815101e-01  -4.1091729e-02  -2.9234544e-01  -2.7438832e-03   3.6031465e-03  -1.3649834e-03
   1.3960597e-01  -3.4387708e-02  -3.1023556e-01  -3.1069677e-03   3.3967508e-03  -9.2070371e-04
   1.4080437e-01  -7.3111815e-02  -2.5814810e-01  -2.8859911e-03   3.4846775e-03  -1.2753517e-03
   1.2284975e-01  -9.2391697e-02  -2.2899280e-01  -2.9483078e-03   3.3184219e-03  -1.3964932e-03
   1.1031526e-01  -2.5587505e-02  -2.0070346e-01  -1.6026366e-03   3.2040195e-03  -1.5286368e-03
   1.0210748e-01   2.2331734e-02  -1.5691216e-01  -2.9594514e-04   3.1072441e-03  -1.4670188e-03
   1.0229325e-01  -1.2120211e-02  -8.0122198e-02   1.6335750e-04   2.6815135e-03  -1.5536798e-03
   9.9402717e-02  -3.7395861e-02  -4.9453162e-02   2.7269803e-04   2.5461328e-03  -2.2452108e-03
   1.0859122e-01  -2.6639862e-02  -7.0406173e-02   5.3350761e-04   2.6821928e-03  -2.0856411e-03
   1.0399870e-01  -9.1198543e-03  -5.4930502e-02   1.9637119e-03   2.3332272e-03  -2.3357887e-03
   1.0076597e-01   1.9187935e-02  -3.9863558e-02   2.2297878e-03   2.4617271e-03  -2.2435296e-03
   9.5846246e-02   3.7678378e-02  -7.2808550e-03   2.9598811e-03   2.0981465e-03  -2.0059350e-03
   9.9449760e-02   9.9055027e-04   4.5520690e-03   2.7640151e-03   2.2121436e-03  -2.3727278e-03
   1.0248844e-01  -1.9462593e-02  -1.0766953e-02   2.0441614e-03   2.2773240e-03  -2.2133819e-03
   1.0654186e-01  -1.3066639e-02  -5.9531742e-02   1.5685729e-03   2.4215796e-03  -2.1232668e-03
   1.0229867e-01   2.0696194e-02  -6.7797296e-02   1.8811473e-03   2.3403903e-03  -1.9592912e-03
   9.7786843e-02   2.4820985e-02  -7.2600270e-02   2.0073951e-03   2.2444063e-03  -1.7064571e-03
   8.4600709e-02  -3.7338946e-03  -9.7275037e-02   1.1779112e-03   2.1185212e-03  -2.0145224e-03
   8.4652662e-02  -3.2163953e-02  -1.3850245e-01   1.5757017e-04   2.5172726e-03  -1.9798997e-03
   8.9307130e-02  -5.3091672e-02  -1.8563851e-01  -6.3586285e-04   2.6372776e-03  -1.8175131e-03
   8.1354643e-02  -7.5939737e-02  -1.5480029e-01  -2.2130978e-04   2.3760991e-03  -1.9505864e-03
   7.3908477e-02  -5.6699321e-02  -1.5311131e-01   2.0239797e-04   2.1220626e-03  -1.9066692e-03
   6.6897355e-02  -3.1469148e-02  -1.5496514e-01   4.9576770e-04   2.0799867e-03  -1.6332255e-03
   7.3651439e-02   4.6217594e-03  -1.2675073e-01   7.5989891e-04   2.3047955e-03  -1.4830290e-03
   8.0032718e-02   1.7171566e-02  -6.9258547e-02   1.6283065e-03   2.1118283e-03  -1.4851364e-03
   8.4568514e-02   1.1579725e-02  -4.3150683e-02   1.3599198e-03   2.3852890e-03  -2.0507838e-03
   9.0494608e-02  -4.7955172e-02  -5.2367687e-02   4.4717018e-04   2.5254415e-03  -2.3563876e-03
   8.1445763e-02  -7.6808994e-02  -6.5463176e-02  -4.8996066e-04   2.2249667e-03  -2.4748795e-03
   8.4835296e-02  -8.7264014e-02  -6.2201030e-02  -2.3128632e-04   2.3828058e-03  -2.3912341e-03
   7.5312885e-02  -5.3094984e-02  -1.0603059e-01   5.8323533e-04   2.1318675e-03  -1.7969263e-03
   7.6852620e-02  -2.2084406e-02  -1.1274939e-01   4.3372409e-04   2.4022907e-03  -2.1557687e-03
   8.9840697e-02   1.8592842e-02  -9.4536971e-02   9.6540814e-04   2.4980061e-03  -1.4373978e-03
   7.2428480e-02  -7.8078470e-03  -8.0839467e-02   5.0082518e-04   1.9448361e-03  -8.5671042e-04
   4.7210366e-02  -5.6494796e-02  -1.1194354e-01  -3.7020764e-04   1.4906727e-03  -1.1322493e-03
   5.5423517e-02  -8.6969655e-02  -1.2357155e-01  -8.5824138e-04   1.9679163e-03  -2.1748800e-03
   5.8000615e-02  -6.1897438e-02  -1.4829670e-01  -3.0436170e-04   2.0585766e-03  -1.8754706e-03
   6.2118973e-02  -3.6748603e-02  -1.5060919e-01  -2.8306964e-06   2.1590840e-03  -1.7105508e-03
   6.3750360e-02  -1.1568067e-02  -1.5863671e-01  -6.8585233e-05   2.1269704e-03  -1.3903621e-03
   5.5917001e-02  -4.1383309e-02  -1.1944308e-01  -5.3681737e-04   1.8655535e-03  -1.8792645e-03
   6.4692003e-02  -1.0361493e-01  -9.3677390e-02  -1.1721234e-03   2.1154632e-03  -2.2851747e-03
   5.8726128e-02  -1.1591286e-01  -1.4637208e-01  -1.5819103e-03   1.9703991e-03  -2.3698742e-03
   2.4499463e-02  -8.6261919e-02  -2.1224882e-01  -1.5550422e-03   1.5370454e-03  -2.1794291e-03
   2.4689655e-02  -9.8365672e-02  -2.0299002e-01  -2.1176604e-03   1.6079632e-03  -2.1214360e-03
   1.5934781e-02  -8.1253852e-02  -2.0837897e-01  -1.2962793e-03   1.1864866e-03  -2.1741209e-03
   2.8256614e-02  -9.4562496e-02  -1.8792918e-01  -1.4405180e-03   1.4720132e-03  -2.0001417e-03
   2.4101563e-02  -7.8483387e-02  -2.0262351e-01  -1.5288915e-03   1.3597389e-03  -1.9327234e-03
   1.8637052e-02  -5.9899691e-02  -2.3371095e-01  -1.8512834e-03   1.4375589e-03  -1.7833068e-03
   3.9128426e-02  -5.9034275e-02  -2.2940365e-01  -1.8987528e-03   1.9143840e-03  -1.7491851e-03
   3.5598273e-02  -1.2341392e-01  -1.8555540e-01  -2.3239733e-03   1.8431938e-03  -1.8191439e-03
   2.9135514e-02  -9.3591269e-02  -2.0509889e-01  -1.4420914e-03   1.4089420e-03  -1.7231923e-03
   2.7205616e-02  -3.9430749e-02  -2.0755777e-01  -4.9406072e-04   1.2434293e-03  -1.4055426e-03
   3.2607830e-02  -1.1010275e-02  -1.3704039e-01   6.6828932e-04   1.2191603e-03  -1.3215128e-03
   3.9069478e-02  -5.3938203e-02  -5.7983602e-02   7.7814296e-04   1.2862037e-03  -1.6196654e-03
   4.6197910e-02  -1.0935942e-01  -4.1366751e-02   3.0919107e-04   1.2409411e-03  -2.2678627e-03
   6.1950334e-02  -1.5720968e-01  -5.5393904e-02  -8.4082768e-05   1.4158704e-03  -2.2462623e-03
   6.2973048e-02  -1.5152433e-01  -3.6903240e-02   4.3162693e-04   1.3132054e-03  -2.4003178e-03
   7.0668096e-02  -1.4290484e-01  -4.1119402e-02   5.2720922e-04   1.5965063e-03  -2.5214520e-03
   6.2301874e-02  -1.4864753e-01  -5.6395441e-02   4.2692451e-04   1.3065552e-03  -2.3066647e-03
   5.0901904e-02  -1.2805888e-01  -8.5890681e-02   7.3299466e-04   1.1927574e-03  -2.0266416e-03
   4.7490906e-02  -1.4277378e-01  -1.0499644e-01   6.9536175e-04   1.1250837e-03  -2.3800851e-03
   4.8097689e-02  -1.5957459e-01  -1.2427178e-01  -5.7203422e-04   1.6465071e-03  -2.3138776e-03
   5.2335817e-02  -1.1978461e-01  -1.6387559e-01  -6.0250092e-04   1.4951128e-03  -1.9889286e-03
   1.4589077e-02  -7.8687091e-02  -2.6498178e-01  -1.2021659e-04   6.0660704e-04  -1.6504205e-03
   1.9818999e-02  -1.3443322e-01  -2.3525480e-01  -1.0841133e-03   1.0647553e-03  -2.0285497e-03
   2.1547829e-02  -1.3927079e-01  -2.2493700e-01  -9.9265167e-04   1.1469106e-03  -1.8850117e-03
   1.7689062e-02  -1.0170014e-01  -2.6587643e-01  -3.1356886e-04   1.0397646e-03  -1.7634544e-03
   1.3419730e-02  -5.2357640e-02  -2.6501396e-01   1.5470277e-04   1.0471785e-03  -1.6278011e-03
   1.6739194e-02  -1.7987975e-02  -2.2470938e-01   3.0825570e-04   1.3460689e-03  -1.4781260e-03
   1.1961982e-02  -4.4649099e-02  -4.0198076e-01  -1.1397579e-03   1.6432608e-03  -1.3449861e-03
   2.4779739e-02  -1.3114861e-01  -2.1655952e-01  -7.1550513e-04   1.4513310e-03  -2.0262012e-03
   2.2847639e-02  -1.6398022e-01  -2.1483746e-01  -1.1101641e-03   1.3234324e-03  -2.1875423e-03
   2.4241194e-02  -1.5541504e-01  -2.2795858e-01  -7.3807586e-04   1.1960240e-03  -1.9823913e-03
   2.6086753e-02  -1.3346508e-01  -2.2520740e-01  -4.4136781e-04   1.3323673e-03  -1.7706172e-03
   1.4631096e-02  -1.2291426e-01  -1.9623324e-01  -2.8127119e-04   1.2551106e-03  -1.9536780e-03
   1.1300185e-03  -1.2899739e-01  -1.9673838e-01  -5.7911701e-04   1.3264330e-03  -1.8677788e-03
   5.0938827e-03  -1.1712969e-01  -2.0751503e-01  -4.3807448e-04   1.4488139e-03  -2.0153879e-03
   1.1054263e-02  -1.5525567e-01  -2.2214142e-01  -1.5273060e-03   1.7652981e-03  -2.2699596e-03
   1.9560238e-02  -1.9288843e-01  -2.1663710e-01  -1.3520788e-03   1.6047686e-03  -2.3067792e-03
   1.7134208e-02  -1.9160204e-01  -2.2181911e-01  -9.8689805e-04   1.3790429e-03  -1.9758093e-03
   1.6662994e-02  -1.4808591e-01  -2.3286162e-01  -6.1128587e-04   1.3572348e-03  -1.9106005e-03
   1.5756608e-02  -9.4298897e-02  -2.0560581e-01   2.7372003e-04   1.3170629e-03  -1.6234221e-03
   2.2211021e-02  -9.6221572e-02  -1.6412936e-01   5.2475007e-04   1.1337253e-03  -1.7060679e-03
   3.1393507e-02  -1.0961266e-01  -1.4263586e-01  -1.2453118e-04   1.6296628e-03  -2.1111230e-03
   1.2596706e-02  -1.2428814e-01  -1.9125976e-01  -4.0579614e-04   1.1031892e-03  -2.0484875e-03
   2.0428614e-02  -1.2735136e-01  -2.7085171e-01  -1.0401680e-03   1.3432477e-03  -2.0708250e-03
   1.0994913e-02  -1.2410783e-01  -2.9149291e-01  -8.2497235e-04   1.2930780e-03  -1.8939492e-03
   1.6900421e-03  -1.4146741e-01  -3.3752973e-01  -2.0705109e-03   1.5050389e-03  -1.8355656e-03
   1.4748860e-03  -1.5593576e-01  -3.3829769e-01  -2.0126631e-03   1.5640786e-03  -1.8394184e-03
   3.6931821e-03  -1.3431277e-01  -3.1539915e-01  -1.2476908e-03   1.4765521e-03  -1.6821152e-03
   3.9034527e-03  -9.2927367e-02  -2.8338616e-01  -7.0263020e-04   1.6675836e-03  -1.3751804e-03
  -2.0368138e-03  -6.6808417e-02  -2.4922036e-01  -5.1499395e-04   1.3819376e-03  -1.7780545e-03
   1.2721064e-02  -6.5515864e-02  -2.4921988e-01  -4.6919057e-04   1.2983313e-03  -1.5997358e-03
   2.8989171e-02  -1.1198759e-01  -2.8158932e-01  -9.6110008e-04   1.3164170e-03  -1.3927887e-03
   2.1782662e-02  -1.2374526e-01  -3.3781153e-01  -1.4588124e-03   1.3302513e-03  -1.0213245e-03
   1.7218206e-05  -1.4994850e-01  -3.3329207e-01  -1.8355946e-03   1.1800670e-03  -1.1426144e-03
  -1.7831722e-03  -1.7610981e-01  -3.0876696e-01  -2.0446732e-03   1.3994411e-03  -1.7487090e-03
   4.7760584e-03  -1.6842679e-01  -2.9078056e-01  -1.5996894e-03   1.5502990e-03  -1.8411194e-03
   1.3200199e-02  -1.9168700e-01  -2.6577434e-01  -1.3899684e-03   1.4755300e-03  -1.7958885e-03
   1.5804058e-02  -1.3206197e-01  -2.5337634e-01  -6.3435688e-04   1.5428610e-03  -1.9492744e-03
   2.0443160e-02  -1.2035759e-01  -2.1086878e-01  -3.3721897e-04   1.1863228e-03  -1.7264279e-03
   1.5767192e-02  -1.2085318e-01  -1.6940825e-01  -7.1042953e-05   1.2476123e-03  -2.2510473e-03
   1.7018182e-02  -1.4144862e-01  -1.6210574e-01   4.5607852e-04   1.0340231e-03  -2.2115580e-03
   2.9456347e-02  -2.1255384e-01  -1.5414954e-01  -6.6513014e-04   1.0168332e-03  -2.5721835e-03
   3.8011680e-02  -2.0966476e-01  -1.6578525e-01  -7.9955153e-04   1.5119857e-03  -2.6881489e-03
   3.6254144e-02  -2.0608008e-01  -2.0405867e-01  -9.1302087e-04   1.5790488e-03  -2.7085328e-03
   4.0208763e-02  -2.0012135e-01  -1.9188923e-01  -7.8965484e-04   1.6143904e-03  -2.4701823e-03
   3.2537102e-02  -1.8098877e-01  -2.0424917e-01  -7.1945063e-04   1.4325921e-03  -2.4167801e-03
   5.3560861e-02  -1.6414864e-01  -2.8726182e-01  -1.1417311e-03   1.9944529e-03  -2.6223895e-03
   4.7510530e-02  -1.6207544e-01  -3.0945018e-01  -1.5796032e-03   2.2095287e-03  -2.6005223e-03
   5.1547131e-02  -1.7092553e-01  -3.6108235e-01  -1.9366902e-03   2.1587274e-03  -2.4006863e-03
   6.6430384e-02  -2.2957082e-01  -3.4913857e-01  -2.6793600e-03   2.3796937e-03  -2.2135930e-03
   6.0201382e-02  -2.0980328e-01  -3.4767635e-01  -2.5664777e-03   2.2009409e-03  -2.2493561e-03
   4.3990399e-02  -1.6245029e-01  -3.4594409e-01  -9.4082268e-04   1.6183202e-03  -1.8810719e-03
   3.8761637e-02  -1.3788558e-01  -3.2963906e-01  -6.1712190e-04   1.8674229e-03  -1.7750798e-03
   4.3122670e-02  -1.2848398e-01  -2.6415113e-01  -4.1212760e-04   1.8918093e-03  -1.7442450e-03
   4.8708436e-02  -1.5003501e-01  -1.9751788e-01  -2.4930432e-04   2.0194462e-03  -2.2084100e-03
   5.2588173e-02  -1.8964765e-01  -2.2138080e-01  -9.0998429e-04   1.7669984e-03  -2.4821416e-03
   5.6868852e-02  -2.1993312e-01  -2.3957236e-01  -1.5089652e-03   1.9350200e-03  -2.0067662e-03
   4.1301138e-02  -2.3231095e-01  -2.7616637e-01  -2.1151549e-03   1.9808776e-03  -2.2797051e-03
   2.6104303e-02  -1.9588763e-01  -3.7873269e-01  -1.5602988e-03   1.7456463e-03  -1.9459561e-03
   4.4029597e-02  -1.7646527e-01  -4.5009983e-01  -1.5868300e-03   2.0417427e-03  -1.4966232e-03
   4.4120676e-02  -1.9404229e-01  -4.2400314e-01  -2.1422342e-03   2.1147139e-03  -1.5997165e-03
   4.8109942e-02  -2.0610871e-01  -3.6436461e-01  -1.9896135e-03   2.1962311e-03  -1.8692395e-03
   3.6653291e-02  -1.9853744e-01  -3.6413842e-01  -1.5538534e-03   2.0074719e-03  -1.7991157e-03
   3.8197370e-02  -1.7647514e-01  -3.5802961e-01  -1.0373189e-03   1.9123737e-03  -1.6669272e-03
   3.8314812e-02  -1.6278149e-01  -3.2575800e-01  -1.2987183e-03   2.1844286e-03  -1.4103598e-03
   4.4392704e-02  -1.6688286e-01  -2.9730961e-01  -9.5495728e-04   1.8642366e-03  -1.4332020e-03
   4.7962109e-02  -2.0664344e-01  -2.4848074e-01  -8.1025805e-04   1.9392328e-03  -2.2084497e-03
   3.9590720e-02  -2.2702363e-01  -2.7222370e-01  -1.2795682e-03   1.9970530e-03  -2.4634311e-03
   4.5801426e-02  -2.3164223e-01  -2.7865753e-01  -1.8071078e-03   2.2202295e-03  -2.2986683e-03
   4.4937117e-02  -1.8806115e-01  -2.9953106e-01  -8.8437237e-04   2.0845987e-03  -1.6823209e-03
   1.7538312e-02  -1.8773190e-01  -3.3764487e-01  -8.5988828e-04   1.3298398e-03  -1.8234166e-03
   1.9350273e-02  -1.9826467e-01  -3.3570947e-01  -1.3580070e-03   1.7423113e-03  -2.2061309e-03
   3.5525170e-02  -2.0406668e-01  -3.3631674e-01  -1.5082750e-03   2.0780758e-03  -2.2852408e-03
   2.7058248e-02  -2.0789460e-01  -3.7856589e-01  -1.5940042e-03   1.7726252e-03  -1.8467827e-03
   4.3716264e-02  -2.6671187e-01  -3.5653029e-01  -2.2921532e-03   2.0345759e-03  -1.7455132e-03
   4.3979488e-02  -2.6482153e-01  -3.4084615e-01  -2.4252330e-03   2.0887921e-03  -1.7596797e-03
   2.9938082e-02  -2.2623727e-01  -3.4923172e-01  -1.3647205e-03   1.7913229e-03  -1.8444950e-03
   2.8281709e-02  -2.0249626e-01  -3.2348386e-01  -9.1309825e-04   1.7385690e-03  -1.7501521e-03
   3.0675260e-02  -1.7045681e-01  -2.9310515e-01  -3.5396957e-04   1.7902662e-03  -1.8921938e-03
   3.6672465e-02  -1.6972997e-01  -2.5720550e-01   3.9719391e-04   1.7823311e-03  -2.1251963e-03
   3.9816292e-02  -2.0329073e-01  -2.5206572e-01  -1.0455593e-04   1.8429168e-03  -2.1702471e-03
   6.1483643e-02  -2.0863187e-01  -2.2691898e-01   5.0567527e-04   1.8538604e-03  -2.3796857e-03
   6.2366132e-02  -1.7464611e-01  -2.1850541e-01   1.2140875e-03   1.8386408e-03  -2.2797699e-03
   6.2230782e-02  -1.8497245e-01  -2.1586285e-01   1.3847227e-03   1.6082953e-03  -2.2151085e-03
   7.0598708e-02  -2.1778838e-01  -1.9740503e-01   3.4711094e-04   2.0333062e-03  -2.2562560e-03
   5.8072707e-02  -2.2865067e-01  -2.2155827e-01   9.0300906e-05   1.5803438e-03  -2.2085241e-03
   5.4582808e-02  -2.2935314e-01  -2.4298141e-01   1.7577841e-04   1.7630144e-03  -1.9682785e-03
   5.1136235e-02  -2.2564720e-01  -2.7491878e-01   1.4940096e-04   1.7043746e-03  -2.0465065e-03
   3.9521512e-02  -1.7942970e-01  -3.0626940e-01   1.1948472e-03   1.4275077e-03  -2.1054143e-03
   4.5571738e-02  -1.7787410e-01  -2.6134075e-01   4.9993941e-04   1.7146820e-03  -1.9047213e-03
   5.7761190e-02  -1.5648890e-01  -2.3582492e-01   2.3744019e-04   2.0696083e-03  -1.5993294e-03
   4.7790649e-02  -1.8407366e-01  -2.6228546e-01  -1.2268339e-04   1.5122759e-03  -1.3549900e-03
   5.0198839e-02  -2.0683847e-01  -2.8605422e-01  -6.1960482e-04   1.5128957e-03  -1.2610419e-03
   5.6387105e-02  -2.4710926e-01  -2.9004107e-01  -1.0229939e-03   1.9158260e-03  -1.9532950e-03
   4.7315339e-02  -2.2960763e-01  -3.2752259e-01  -9.7080803e-04   1.8514893e-03  -1.8407652e-03
   3.6042437e-02  -1.8841730e-01  -3.4702478e-01  -4.1023714e-04   1.7262198e-03  -1.5139118e-03
   3.6023178e-02  -1.4510704e-01  -3.7148044e-01   2.0068725e-05   1.4834407e-03  -1.1818050e-03
   3.7708597e-02  -1.6317762e-01  -4.0500070e-01  -9.9978736e-04   1.4899943e-03  -1.1893461e-03
   5.3645852e-02  -2.1435065e-01  -3.9258277e-01  -1.6398905e-03   1.4844912e-03  -1.0796406e-03
   5.2979670e-02  -2.6178762e-01  -3.3661479e-01  -1.8310863e-03   1.7940301e-03  -2.3016753e-03
   4.5867106e-02  -2.5309358e-01  -3.5736586e-01  -1.2960042e-03   1.7902736e-03  -2.0968674e-03
   4.7241573e-02  -2.0612947e-01  -3.3583464e-01  -5.9094401e-05   1.5456932e-03  -1.7768531e-03
   5.1162879e-02  -1.5706624e-01  -2.7385094e-01   6.4460989e-04   1.7473346e-03  -1.5359807e-03
   5.3770427e-02  -1.8009412e-01  -1.9670836e-01   6.4505339e-04   1.7238369e-03  -1.6403255e-03
   5.3646452e-02  -2.2509063e-01  -1.9820322e-01   5.3317429e-05   1.5615819e-03  -2.2159439e-03
   4.3106411e-02  -2.5928178e-01  -2.5033953e-01  -7.2978810e-04   1.6179077e-03  -2.4042298e-03
   4.7280585e-02  -2.4900006e-01  -2.9738774e-01  -7.9522214e-04   1.8540437e-03  -2.6667172e-03
   4.4945567e-02  -2.6536968e-01  -3.5330167e-01  -1.2202972e-03   1.8399355e-03  -2.3476997e-03
   5.1695138e-02  -3.2165708e-01  -3.3343367e-01  -1.9373817e-03   1.9172321e-03  -2.5231541e-03
   4.8290072e-02  -2.9215889e-01  -3.4549146e-01  -1.2857612e-03   1.9223704e-03  -2.4186358e-03
   4.6262624e-02  -2.5043610e-01  -3.3809224e-01  -8.3806982e-04   1.8758665e-03  -2.2223839e-03
   3.3862260e-02  -1.9520476e-01  -3.5996358e-01  -6.0745202e-04   1.7975375e-03  -1.7213130e-03
   2.5165854e-02  -1.6154988e-01  -4.8072908e-01   1.7587342e-04   1.3618104e-03  -1.6804099e-03
   2.7989045e-02  -2.3439289e-01  -4.3872045e-01  -1.0935991e-03   1.2360116e-03  -2.1159773e-03
   3.8946799e-02  -2.4332408e-01  -3.8878017e-01  -9.6710942e-04   1.7073753e-03  -2.2120986e-03
   3.5773045e-02  -2.2030264e-01  -4.0033348e-01  -5.5892311e-04   1.6249602e-03  -2.0224818e-03
   2.5383408e-02  -1.6479293e-01  -3.9049593e-01   2.4541810e-04   1.5158072e-03  -1.5845525e-03
   3.9350828e-02  -1.6083839e-01  -3.3812064e-01   1.0453947e-04   1.6227699e-03  -1.2260039e-03
   6.6792046e-02  -1.9819796e-01  -3.5440692e-01  -3.5717261e-04   1.7967331e-03  -1.4255649e-03
   1.1043471e-01  -2.3266689e-01  -5.2720107e-01  -1.5179183e-03   2.0957829e-03  -1.5402553e-03
   1.2326750e-01  -3.2149802e-01  -5.7127491e-01  -3.6267669e-03   1.8336540e-03  -2.4876143e-03
   7.4835973e-02  -3.0689298e-01  -4.5389135e-01  -1.9005624e-03   1.3059540e-03  -2.3545872e-03
   5.6105475e-02  -2.8383152e-01  -4.4711276e-01  -1.0592544e-03   1.1658094e-03  -1.9687753e-03
   4.5262686e-02  -2.1729767e-01  -4.5275264e-01  -6.2256460e-04   1.5578562e-03  -1.7781682e-03
   5.7585625e-02  -1.7172417e-01  -4.3264407e-01  -3.3358720e-04   1.9738742e-03  -1.2617894e-03
   5.6453667e-02  -1.9606843e-01  -5.0864463e-01  -1.2277980e-03   1.5549566e-03  -1.7195121e-03
   6.4051992e-02  -2.4850250e-01  -5.3745367e-01  -2.1605193e-03   1.5450197e-03  -2.1020075e-03
   6.1213386e-02  -2.6960340e-01  -5.2487635e-01  -1.8926792e-03   1.5969181e-03  -2.2893934e-03
   5.7798096e-02  -2.5433359e-01  -5.7580801e-01  -2.0694677e-03   1.6967450e-03  -2.0879125e-03
   3.5298447e-02  -1.5123490e-01  -6.1400512e-01  -8.0871058e-04   1.2330244e-03  -1.2309536e-03
   6.1694234e-02  -2.1473824e-01  -5.2650896e-01  -1.2450898e-03   1.7542792e-03  -1.7514090e-03
   7.2421784e-02  -2.2777533e-01  -5.0955389e-01  -1.3612649e-03   1.7623084e-03  -2.2233172e-03
   7.7082147e-02  -2.1679340e-01  -4.8129568e-01  -1.0603538e-03   1.9013744e-03  -2.1924519e-03
   8.3790757e-02  -2.6360374e-01  -4.5487874e-01  -1.3387500e-03   1.6629833e-03  -2.2362910e-03
   8.0280379e-02  -2.2229920e-01  -3.9184629e-01   4.9180796e-04   1.5982193e-03  -2.5068793e-03
   7.8691111e-02  -2.3146776e-01  -3.8491323e-01   2.5486658e-04   1.4255092e-03  -2.1402440e-03
   8.1485632e-02  -2.4177998e-01  -3.6957567e-01  -1.1067971e-04   1.8328407e-03  -2.5735872e-03
   7.2745315e-02  -2.6433964e-01  -3.7749225e-01  -3.5823880e-04   1.5347848e-03  -2.4786540e-03
   6.0589870e-02  -2.7527005e-01  -3.9549326e-01  -4.4400578e-04   1.3936541e-03  -2.0887564e-03
   7.0609605e-02  -3.2281600e-01  -3.6008513e-01  -1.4358150e-03   1.6822846e-03  -2.2771346e-03
   7.7879508e-02  -3.5921113e-01  -3.8159258e-01  -1.7852694e-03   1.6906327e-03  -2.5380063e-03
   6.7821042e-02  -3.0983952e-01  -4.8659264e-01  -1.4781320e-03   1.6072934e-03  -2.4708021e-03
   4.3371258e-02  -2.2891630e-01  -5.8953650e-01  -7.8676541e-04   1.2908248e-03  -1.8979760e-03
   5.9512929e-02  -1.6662829e-01  -7.2838221e-01  -3.7356801e-04   1.0332253e-03  -1.5458237e-03
   4.7267619e-02  -1.9306209e-01  -6.5243618e-01  -1.2373303e-03   1.0722185e-03  -1.6582658e-03
   4.2264970e-02  -2.4709810e-01  -5.5665092e-01  -1.6729643e-03   8.7131183e-04  -2.1082183e-03
   4.7504516e-02  -2.6503207e-01  -5.2778757e-01  -9.2806982e-04   1.0150512e-03  -2.2730492e-03
   3.9479457e-02  -2.3716327e-01  -5.1284698e-01  -1.1195812e-04   9.0480420e-04  -2.3467418e-03
   5.0659471e-02  -2.0415946e-01  -4.8229736e-01  -1.5452936e-05   1.2415623e-03  -1.6188920e-03
   5.8047848e-02  -1.5606564e-01  -5.2584143e-01   3.7276041e-04   8.0574250e-04  -1.1380618e-03
   6.1474508e-02  -1.6638100e-01  -5.1651628e-01   9.8820985e-04   5.4693621e-04  -1.3430540e-03
