-8.6388e-06
0.00014934
0.0014453
0.0036715
0.0046895
0.0041677
0.0036262
0.0032463
0.0032483
0.0037955
0.0040101
0.0035768
0.0045705
0.005852
0.0060203
0.0056412
0.0060605
0.0070659
0.0069589
0.00622
0.0046567
0.0038604
0.0045239
0.0052624
0.0062638
0.0069618
0.0074987
0.008087
0.0086325
0.0084885
0.0071837
0.0059006
0.0055851
0.0051819
0.0052888
0.0059785
0.0058458
0.005266
0.0056777
0.0058037
0.0059287
0.0060374
0.005197
0.0045409
0.0038781
0.0042434
0.0053269
0.0055745
0.0048425
0.0045389
0.0050562
0.0054841
0.0056593
0.0048985
0.0038174
0.003122
0.0040939
0.0056662
0.0064601
0.0064338
0.0058602
0.0046939
0.0042518
0.0042788
0.0037747
0.003852
0.005043
0.0050014
0.0044876
0.0046618
0.0044283
0.0042751
0.0045643
0.0049234
0.0042509
0.0039928
0.0044188
0.0042396
0.0028791
0.0018044
0.0020477
0.0028419
0.0034753
0.0040907
0.0051801
0.0062138
0.0050749
0.0036595
0.003428
0.0033423
0.0038967
0.0061493
0.006909
0.0065519
0.0074161
0.0082862
0.0079909
0.0069213
0.005732
0.0055575
0.0051878
0.0040363
0.0031147
0.0026134
0.0032805
0.0048507
0.0050237
0.0047365
0.004768
0.0044961
0.0036366
0.0035488
0.0046752
0.0057402
0.0066927
0.0067526
0.0053571
0.003882
0.0032551
0.0026678
0.0027635
0.0045661
0.0054107
0.0059165
0.0058582
0.0048414
0.0049712
0.0048444
0.0048999
0.0057115
0.0061379
0.0055189
0.0037723
0.0028873
0.0041776
0.0050328
0.0049077
0.0052703
0.0042917
0.0041305
0.0057372
0.0062476
0.0061059
0.0064005
0.0064865
0.0057407
0.0047377
0.0044494
0.0038576
0.0034876
0.002987
0.0024479
0.0025014
0.0028089
0.0034098
0.0036322
0.0031819
0.003735
0.0046033
0.0047572
0.004903
0.0050875
0.005636
0.0060214
0.0057217
0.0046545
0.0033425
0.0023296
0.0028571
0.0034635
0.0037099
0.0039497
0.0041392
0.0047155
0.0050962
0.005808
0.0063034
0.0056837
0.0053655
0.0061103
0.0059546
0.0058954
0.0057827
0.0052995
0.0050561
0.0045037
0.0043394
0.0050227
0.006617
0.0074213
0.0070209
0.0065882
0.0056601
0.0045296
0.0048191
0.0053216
0.0056623
0.0058849
0.0056351
0.0054211
0.0049164
0.0056333
0.0061205
0.0051668
0.0041225
0.0039499
0.0036828
0.0040097
0.0049283
0.0050377
0.0053787
0.0051286
0.0048057
0.0052525
0.0052749
0.0048404
0.0045943
0.0053893
0.0057468
0.0052366
0.0060755
0.0070166
0.0062073
0.0050752
0.0046558
0.0042959
0.0044506
0.0056999
0.006091
0.0060293
0.0064865
0.0064385
0.0061907
0.0057692
0.0062546
0.0059899
0.0051543
0.005694
0.0060071
0.0058083
0.0060218
0.0059185
0.0045738
0.0031786
0.0024127
0.0023467
0.002887
0.0042563
0.0046874
0.0041305
0.0050593
0.0069146
0.0071371
0.006315
0.0063688
0.0060483
0.005399
0.0046923
0.00453
0.0046641
0.0043535
0.0040184
0.0032543
0.0033391
0.0039309
0.0044324
0.0044208
0.0041074
0.0041354
0.0040925
0.0032876
0.002774
0.0031741
0.0033863
0.0036468
0.0036379
0.0035094
0.0035084
0.0036122
0.0029991
0.0026432
0.002026
0.0026625
0.0043965
0.0051158
0.0060223
0.0071115
0.0073149
0.0072726
0.006775
0.0053571
0.0045069
0.0045753
0.0048065
0.0048468
0.0044125
0.0045414
0.0056568
0.0060859
0.0054718
0.0053813
0.0054745
0.004273
0.0032505
0.0043396
0.0054107
0.0053131
0.0058106
0.0067072
0.0067512
0.0057449
0.0041553
0.0034595
0.0039226
0.0038479
0.0032705
0.0031022
0.0031671
0.0034695
0.0029666
0.0027817
0.004591
0.0047901
0.0048837
0.0056976
0.0058384
0.0050644
0.0038691
0.0043053
0.0046556
0.0041627
0.0038528
0.003493
0.003386
0.0047098
0.0051579
0.0043315
0.0035555
0.0038905
0.005511
0.0058406
0.0052085
0.0040911
0.0040143
0.0042368
0.0037558
0.0030337
0.0023579
0.0029572
0.0046908
0.0058683
0.0061539
0.005966
0.0051411
0.0037052
0.0032438
0.0032826
0.0029672
0.0033006
0.0044324
0.0045852
0.0051591
