   0.0000000e+00   0.0000000e+00   0.0000000e+00   0.0000000e+00   0.0000000e+00   0.0000000e+00
   2.4478137e-02   1.5221859e-01   5.6381579e-01  -1.0612570e-03  -5.9156931e-04  -1.4277343e-03
   3.9500338e-02   1.7998090e-01   7.0614201e-01  -1.4628609e-03  -6.2406016e-04  -6.8981063e-04
   4.4071045e-02   1.9260470e-01   7.2455052e-01  -1.4655098e-03  -7.7157373e-04  -7.9179329e-04
   4.6929116e-02   1.8415564e-01   7.6944598e-01  -1.5117768e-03  -8.0074134e-04  -7.3591866e-04
   4.5146998e-02   1.8235326e-01   7.5740124e-01  -1.2265236e-03  -7.0911708e-04  -6.8697018e-04
   4.3649882e-02   1.8506042e-01   7.5194298e-01  -1.1175476e-03  -7.8998404e-04  -6.8651931e-04
   4.6806609e-02   1.7486394e-01   7.7635141e-01  -1.2807811e-03  -7.4287214e-04  -5.9088962e-04
   4.6105453e-02   1.8467853e-01   7.4649757e-01  -1.1003447e-03  -6.2645413e-04  -7.4927969e-04
   6.0442613e-02   1.6855045e-01   7.8093949e-01  -1.2465024e-03  -4.0081610e-04  -7.8406044e-04
   5.9363841e-02   1.7317547e-01   7.6523882e-01  -1.2062058e-03  -5.8516222e-04  -7.3674728e-04
   5.4952388e-02   1.6536732e-01   7.7830894e-01  -8.8480107e-04  -7.2056077e-04  -8.0574063e-04
   6.1491702e-02   1.6341759e-01   7.9029623e-01  -1.0458680e-03  -5.8286543e-04  -8.7138293e-04
   6.5624042e-02   1.6821599e-01   8.0169294e-01  -6.1814929e-04  -6.4561772e-04  -8.4828706e-04
   6.1910059e-02   1.6766267e-01   8.0142409e-01  -3.2006270e-04  -5.5090041e-04  -7.8204679e-04
   6.4541676e-02   1.5076660e-01   7.9841937e-01  -4.8057207e-04  -6.0900549e-04  -8.5231185e-04
   5.9891687e-02   1.5012079e-01   8.0743389e-01  -7.0230296e-04  -7.3131997e-04  -8.5836041e-04
   6.2503885e-02   1.5489717e-01   7.9170791e-01  -2.8335703e-04  -7.2494146e-04  -8.5965710e-04
   6.3449401e-02   1.5631914e-01   7.9239240e-01  -1.1819734e-04  -6.6581079e-04  -8.9024259e-04
   7.0015691e-02   1.4023778e-01   8.1213285e-01  -7.7173811e-04  -4.7757708e-04  -7.4310067e-04
   6.3845353e-02   1.5046942e-01   7.8488233e-01  -7.2937084e-04  -5.3523112e-04  -4.2985056e-04
   5.9510265e-02   1.5511537e-01   7.6742086e-01  -9.2452755e-04  -6.9418411e-04  -8.7918834e-04
   6.1080433e-02   1.4014101e-01   7.8279657e-01  -9.4129363e-04  -7.8821116e-04  -9.4380855e-04
   5.8138985e-02   1.5250552e-01   7.6636843e-01  -6.6481400e-04  -6.8002881e-04  -9.7948479e-04
   5.8261308e-02   1.5279646e-01   7.5744063e-01  -6.7976186e-04  -5.6641904e-04  -9.8157250e-04
   6.8283616e-02   1.4383874e-01   7.9513608e-01  -7.8884653e-04  -4.8803783e-04  -8.4735764e-04
   6.6376520e-02   1.4390560e-01   7.7644630e-01  -4.5253386e-04  -6.1030712e-04  -8.3886167e-04
   7.1145071e-02   1.3831296e-01   7.6884164e-01  -7.2434065e-04  -4.9625473e-04  -8.2769320e-04
   7.0767277e-02   1.3233566e-01   7.9909610e-01  -1.0672077e-03  -5.0873480e-04  -7.8506342e-04
   6.7400859e-02   1.3284573e-01   7.7974250e-01  -1.0674041e-03  -5.0696312e-04  -7.7359777e-04
   6.7449650e-02   1.2932614e-01   7.7505519e-01  -8.9401323e-04  -5.3576197e-04  -9.1064443e-04
   6.3643409e-02   1.3905279e-01   7.8147862e-01  -7.6886841e-04  -6.1171482e-04  -9.0296227e-04
   6.3300852e-02   1.4127436e-01   7.6936655e-01  -3.1403427e-04  -4.2565255e-04  -8.4211573e-04
   7.0459101e-02   1.2122254e-01   7.9196071e-01  -4.6271317e-04  -4.3041394e-04  -9.4682605e-04
   6.8839835e-02   1.1627587e-01   8.0046809e-01  -8.6950713e-04  -4.4903787e-04  -9.0738734e-04
   6.6749510e-02   1.2663669e-01   7.7709487e-01  -7.0942376e-04  -5.4210215e-04  -9.0782430e-04
   6.3414101e-02   1.0941860e-01   7.8102951e-01  -5.1951526e-04  -6.3976655e-04  -9.3987368e-04
   6.0086165e-02   1.2059229e-01   7.7882690e-01  -4.3852585e-04  -6.6811733e-04  -7.6090362e-04
   6.2731461e-02   1.2131585e-01   7.7904915e-01  -3.4981191e-04  -6.1649581e-04  -8.2583293e-04
   6.5091398e-02   1.0541951e-01   8.0307379e-01  -9.1104049e-04  -4.1607264e-04  -9.5731526e-04
   6.4619434e-02   1.1066915e-01   8.0056692e-01  -9.7642275e-04  -5.1961260e-04  -1.0095795e-03
   6.1735442e-02   9.3692530e-02   8.1190957e-01  -8.9577518e-04  -6.7996936e-04  -1.1347810e-03
   5.8651751e-02   1.0755983e-01   8.0381773e-01  -1.0088508e-03  -6.8835834e-04  -1.1141130e-03
   5.7449100e-02   1.1986697e-01   7.8188606e-01  -6.2411994e-04  -6.2789789e-04  -9.6535904e-04
   5.9265509e-02   1.0634567e-01   7.8655077e-01  -8.3129410e-04  -5.5846974e-04  -1.0616127e-03
   6.2088629e-02   1.0604237e-01   7.8493688e-01  -8.6193017e-04  -5.7352476e-04  -9.7358591e-04
   6.8701239e-02   1.1585662e-01   7.6934703e-01  -6.1628470e-04  -5.2878243e-04  -8.8707526e-04
   7.2795092e-02   9.6421711e-02   8.2098499e-01  -9.2511098e-04  -4.3816763e-04  -8.5891017e-04
   7.3408966e-02   8.9506064e-02   8.0298279e-01  -1.0995949e-03  -2.4025146e-04  -6.9687880e-04
   7.3711237e-02   8.2976632e-02   7.9979714e-01  -9.7395780e-04  -3.0243308e-04  -8.2833734e-04
   6.9082463e-02   9.3020977e-02   7.9255597e-01  -9.8877942e-04  -4.7341874e-04  -8.8554993e-04
   5.6359496e-02   1.1644340e-01   7.5693890e-01  -6.3612413e-04  -3.4979829e-04  -8.7247566e-04
   5.3902861e-02   1.0721109e-01   7.7624270e-01  -5.6932042e-04  -4.9533329e-04  -8.4212952e-04
   6.0970297e-02   9.9602099e-02   7.8324511e-01  -7.5962837e-04  -5.4555749e-04  -9.9144218e-04
   5.9645012e-02   1.0212654e-01   7.7648238e-01  -4.3688831e-04  -5.5177719e-04  -8.8829299e-04
   5.9695296e-02   9.5277944e-02   7.6344486e-01  -4.1766265e-04  -4.0681171e-04  -9.3508654e-04
   6.1747382e-02   9.8949090e-02   7.8335885e-01  -4.4829143e-04  -4.9477078e-04  -9.6266283e-04
   5.6906999e-02   1.0627094e-01   7.7805953e-01  -1.9043708e-04  -5.3300934e-04  -8.7791457e-04
   5.7414077e-02   9.2718677e-02   7.7961210e-01   1.9216062e-05  -6.0916926e-04  -8.9566082e-04
   5.8902107e-02   7.5939307e-02   8.1929534e-01  -1.3562604e-04  -6.2522830e-04  -9.6613492e-04
   6.1099616e-02   7.5729916e-02   8.0190114e-01   5.4502542e-05  -4.7123837e-04  -9.7037721e-04
   6.4532946e-02   7.8968982e-02   7.9708691e-01  -1.8715716e-04  -5.7107583e-04  -1.1069550e-03
   6.8348260e-02   7.3402601e-02   8.0370310e-01  -5.7710600e-04  -5.5344867e-04  -1.0798632e-03
   6.6136702e-02   8.3604549e-02   7.9220040e-01  -8.2430464e-05  -5.8335500e-04  -1.0117177e-03
   6.9075359e-02   7.0378336e-02   8.1076844e-01  -4.1293487e-04  -4.3449066e-04  -1.1384810e-03
   6.1606730e-02   8.1829084e-02   7.8924620e-01  -4.6260374e-05  -6.6377820e-04  -1.1389919e-03
   6.0276138e-02   9.0080003e-02   7.7757096e-01   2.2977434e-04  -6.7613392e-04  -1.1804617e-03
   5.8296128e-02   7.4119804e-02   8.1434223e-01   5.9900657e-05  -5.1011858e-04  -1.1555298e-03
   6.0572571e-02   7.9588906e-02   7.9431653e-01   4.3278510e-05  -5.9899121e-04  -9.4288679e-04
   6.8604892e-02   5.9128281e-02   8.1517594e-01  -5.5290348e-04  -4.7820872e-04  -1.2579832e-03
   6.7095042e-02   7.4808210e-02   7.9226922e-01  -3.2890181e-04  -3.9338447e-04  -1.1579472e-03
   6.5373568e-02   8.1650637e-02   7.8547191e-01  -9.6079343e-06  -4.0664917e-04  -1.1397555e-03
   6.6017195e-02   6.7507203e-02   8.0940524e-01  -2.6956516e-04  -4.1353589e-04  -1.2300552e-03
   6.4504369e-02   7.7124041e-02   7.8772201e-01   9.1444572e-05  -3.5766093e-04  -1.1098543e-03
   6.0308803e-02   6.5748047e-02   7.9239153e-01  -1.0462785e-04  -5.9323346e-04  -1.2880113e-03
   5.7044552e-02   6.4205835e-02   7.8565039e-01  -3.6198442e-04  -4.9722327e-04  -1.2480046e-03
   5.6473112e-02   5.7197278e-02   7.8416145e-01  -8.4843059e-05  -3.0753703e-04  -1.2326401e-03
   6.2824028e-02   5.7027152e-02   7.9913085e-01  -1.0874860e-04  -3.9908133e-04  -1.2377632e-03
   6.1780034e-02   7.1213047e-02   7.7401006e-01   4.5832932e-05  -3.9366915e-04  -1.3409862e-03
   6.0628700e-02   6.5641581e-02   7.8931788e-01   1.9679327e-04  -3.9684760e-04  -1.3447407e-03
   6.8875165e-02   5.4093049e-02   8.2135300e-01   1.9518184e-04  -3.0309535e-04  -1.1384697e-03
   6.3951230e-02   4.9401867e-02   7.9393399e-01   6.1093213e-04  -5.2780764e-04  -1.3993814e-03
   7.3208028e-02   3.9261799e-02   8.1614941e-01   8.0406955e-05  -3.2332167e-04  -1.4658095e-03
   6.9366418e-02   4.2806685e-02   8.0305379e-01   4.1567335e-05  -1.1298772e-04  -1.0513908e-03
   7.5524455e-02   3.6354198e-02   8.1330206e-01   1.1515602e-04  -3.5367167e-04  -1.1473434e-03
   7.6092038e-02   3.7701725e-02   8.0734553e-01   8.8909605e-05  -3.1867778e-04  -1.1908917e-03
   7.4849031e-02   3.4618736e-02   7.8538437e-01   2.5451741e-04  -1.1721889e-04  -1.1516035e-03
   6.4070551e-02   4.4790676e-02   7.7505855e-01   3.8885166e-05  -2.7253466e-04  -1.1721243e-03
   6.4840310e-02   9.1509500e-02   7.0886701e-01   3.4744934e-04  -5.2334724e-05  -1.0205680e-03
   6.3024551e-02   1.0208244e-01   6.4808272e-01  -4.6010943e-04   9.2404057e-04  -2.3311395e-04
   4.7153410e-02   5.7622012e-02   7.5261734e-01   1.0956733e-04   3.4091928e-05  -5.3291518e-04
   5.7169518e-02   5.0935891e-02   7.4749722e-01   4.0803695e-04  -1.0374629e-04  -5.5488662e-04
   6.2112011e-02   3.1819394e-02   7.8379395e-01   1.6092609e-05  -1.9700458e-04  -8.5200920e-04
   6.2043072e-02   3.3478365e-02   7.7259215e-01   7.6507209e-05  -2.3260228e-04  -8.2117421e-04
   6.4196145e-02   2.8370866e-02   7.7196165e-01   2.7796613e-05  -2.4090129e-04  -9.5106837e-04
   6.2646840e-02   3.6886324e-02   7.7840407e-01  -1.0613084e-04  -2.0077262e-04  -8.4200909e-04
   6.2953781e-02   4.5036060e-02   7.5131142e-01   2.8089911e-04  -3.4092576e-04  -8.2390989e-04
   7.0064954e-02   2.5040272e-02   8.7787511e-01   2.9821297e-04  -4.0295825e-04  -7.7179336e-04
   5.1923458e-02   3.9813340e-02   8.0954937e-01   5.4542822e-04  -6.2305023e-04  -6.1157427e-04
   4.8541481e-02   2.9515484e-02   8.0406583e-01   2.7085711e-04  -6.0011655e-04  -8.3234881e-04
   4.6652433e-02   1.5658260e-02   8.2296672e-01   1.0659985e-04  -3.5210141e-04  -8.9958622e-04
   4.8765290e-02   2.1686122e-02   8.0657913e-01   5.4647035e-04  -5.0122263e-04  -9.2519477e-04
   5.6788684e-02   1.1428584e-02   8.3530768e-01  -2.8448296e-05  -3.6496234e-04  -9.2181275e-04
   5.8373964e-02   2.3480872e-02   7.7448542e-01  -3.2717023e-04  -3.8687085e-04  -8.2813060e-04
   5.8322759e-02   1.3209977e-02   7.9590267e-01  -4.5472219e-05  -3.9047750e-04  -8.4600312e-04
   9.0798414e-03   1.0492534e-01   3.9160460e-01  -1.1209249e-03   2.8249280e-04   3.2325861e-04
  -6.6207393e-04   4.1086952e-02   3.5801019e-01  -2.4377601e-03   5.0506832e-04   2.9165420e-04
   4.0563795e-02  -1.4891296e-02   5.4475556e-01  -4.6119941e-03   4.2336611e-04   9.5827925e-04
   4.0938633e-02   7.1396143e-03   6.7576502e-01  -1.7137532e-03  -2.2165016e-06   5.6471012e-04
   3.9520326e-02   7.8193494e-03   6.5031333e-01  -2.1660145e-03   1.2068245e-05   6.9009263e-04
   4.5275923e-02  -4.9497191e-03   6.6238877e-01  -2.0747070e-03   3.7771877e-07   6.7101404e-04
   4.8836895e-02  -1.9937924e-02   6.7590956e-01  -2.1613961e-03   6.8219843e-05   3.7077476e-04
   3.8259175e-02  -1.7016418e-02   6.9174027e-01  -1.8517659e-03  -1.8868279e-04   1.6763818e-05
   3.9747985e-02  -1.0637975e-02   6.8388320e-01  -7.6538093e-04  -1.9102379e-04  -4.4963051e-05
   4.2308610e-02  -1.5615925e-02   7.0367357e-01  -1.0023710e-03  -3.2964611e-04  -3.4675494e-04
   3.6331687e-02  -1.1641809e-02   6.8645105e-01  -7.9793901e-04  -4.5782396e-04  -1.9957558e-04
   4.1832751e-02  -1.0945730e-02   6.8833763e-01  -8.0599212e-04  -5.7837185e-04  -4.3224926e-05
   4.2005425e-02  -1.3396416e-02   7.1064515e-01  -8.7786643e-04  -4.6913213e-04  -1.0617348e-04
   4.0256066e-02  -1.1601124e-02   6.9998516e-01  -8.0753853e-04  -3.9817083e-04  -1.4165316e-04
   4.1294445e-02  -8.9938383e-03   7.0308306e-01  -5.4951543e-04  -5.7225262e-04  -1.9483476e-04
   3.6438606e-02   1.3854537e-03   7.0431212e-01  -4.6488844e-04  -5.2756988e-04  -1.1489935e-04
   4.1020069e-02   2.7817366e-03   6.9353656e-01  -4.7607797e-04  -4.9499282e-04  -1.9046880e-04
   4.4423867e-02  -1.0634566e-02   7.2600097e-01  -8.3877438e-04  -5.2844850e-04  -2.9119589e-04
   4.1732823e-02  -7.3245235e-03   6.8909404e-01  -6.2749891e-04  -5.4226500e-04  -2.3185128e-04
   4.3774354e-02  -2.1149557e-02   6.9784112e-01  -1.0165462e-03  -5.2341033e-04  -3.4475380e-04
   4.2174099e-02  -1.6662753e-02   7.0069948e-01  -9.3207784e-04  -4.9989186e-04  -2.4890895e-04
   4.3023590e-02  -1.5900647e-02   7.2909443e-01  -5.7677332e-04  -7.2608887e-04  -3.8946117e-04
   3.9931953e-02  -2.4045150e-02   7.8288653e-01  -7.0398020e-04  -5.1311044e-04  -3.9605998e-04
   3.7842417e-02  -1.5011839e-02   8.3514376e-01   6.8674294e-04  -1.2288687e-03  -9.1336434e-04
   3.0646063e-02  -3.1640350e-02   8.6551811e-01   1.0476187e-04  -1.2574186e-03  -5.8980466e-04
   2.9644502e-02  -1.7701393e-02   9.0749062e-01   1.3770450e-03  -1.2736974e-03  -8.3723959e-04
   1.0413947e-01  -5.1178501e-02   1.0998158e+00   2.8344116e-03  -9.0071820e-04   5.6189917e-04
   6.7559556e-02  -2.9650819e-02   1.0273367e+00   2.3821910e-03  -1.1483954e-03   2.3944400e-04
   5.4987475e-02  -2.3703347e-02   9.3604937e-01   2.1011883e-03  -1.5168087e-03   2.9580974e-05
   5.1206399e-02  -3.6664722e-02   9.8041571e-01   1.6408115e-03  -1.5867747e-03  -2.5820681e-04
   5.0094423e-02  -2.5066819e-02   9.6293622e-01   2.5451615e-03  -2.0193867e-03  -5.6006537e-04
   3.2942554e-02  -3.9413162e-02   9.2023553e-01   9.5527512e-04  -1.9540200e-03  -5.1776590e-04
   2.9996984e-02  -2.8428104e-02   8.6339282e-01   7.4163246e-04  -1.5288889e-03  -4.4984890e-04
   3.6074981e-02  -4.0616826e-02   9.0733859e-01   6.8933902e-04  -1.4960493e-03  -4.7661491e-04
   4.4723700e-02  -4.1815826e-02   9.0656832e-01   9.6274643e-04  -1.5520451e-03  -3.9869780e-04
   5.2339296e-02  -3.6295927e-02   8.9081607e-01   1.1538146e-03  -1.4687898e-03  -1.9629289e-04
   5.3851168e-02  -5.0148615e-02   9.1132521e-01   8.3243906e-04  -1.3735170e-03  -2.6853670e-04
   5.8316760e-02  -3.9703047e-02   8.8842709e-01   1.1204545e-03  -1.3090909e-03  -2.2242989e-04
   6.9134845e-02  -5.2885280e-02   9.5401406e-01   1.6575299e-03  -8.3301144e-04   1.0311933e-04
   5.0645883e-02  -4.3744988e-02   7.9223475e-01  -4.0258809e-04  -3.9052795e-04   6.6325384e-04
   5.1862137e-02  -4.9549941e-02   8.4415005e-01   1.2170662e-03  -9.5576012e-04   3.6646250e-04
   5.1372906e-02  -5.1746889e-02   8.6181479e-01   7.5623614e-04  -7.7344671e-04   3.8995293e-04
   5.2823158e-02  -5.4171409e-02   8.5234980e-01   1.3297943e-03  -7.2372241e-04   2.0112673e-04
   5.0087484e-02  -6.7142837e-02   8.8152230e-01   9.4502559e-04  -8.4226558e-04   1.6711647e-05
   4.8944134e-02  -6.0077511e-02   8.5772492e-01   8.8508921e-04  -9.4556111e-04   3.0858621e-05
   4.2185175e-02  -5.5187912e-02   8.4074967e-01   1.3685277e-03  -1.0259178e-03   1.3697241e-04
   4.9442283e-02  -7.2606810e-02   8.8743594e-01   9.6539493e-04  -1.0271270e-03   1.0753780e-04
   5.8164602e-02  -5.7690898e-02   8.6133427e-01   1.4993308e-03  -1.0482127e-03   6.9905951e-05
   5.8058329e-02  -8.0969037e-02   8.8065490e-01   5.1714940e-04  -7.3910364e-04   2.0733355e-04
   5.9091685e-02  -6.3632947e-02   8.3651646e-01   1.1389793e-03  -8.4655100e-04   1.2703936e-04
   5.6173730e-02  -7.0296163e-02   8.7434259e-01   9.7634148e-04  -9.8435693e-04   6.3350001e-05
   5.5669822e-02  -4.9693587e-02   8.3781027e-01   1.4674125e-03  -9.3865101e-04   1.1352835e-04
   5.7127791e-02  -6.5475803e-02   8.6733478e-01   1.2593591e-03  -1.1368586e-03  -2.1671932e-04
   5.8979111e-02  -7.3756086e-02   8.7090895e-01   1.4568217e-03  -1.1362019e-03  -2.3830338e-04
   6.1929392e-02  -7.4283228e-02   8.6230037e-01   1.6215228e-03  -1.2020541e-03  -2.5037013e-04
   5.5228998e-02  -8.1313402e-02   8.8921316e-01   1.5173783e-03  -1.2588543e-03  -2.2066106e-04
   5.6762647e-02  -8.1335288e-02   8.8079320e-01   1.7092339e-03  -1.3809777e-03  -2.7151633e-04
   5.7963406e-02  -7.7901205e-02   8.8474528e-01   1.3275518e-03  -1.0533303e-03  -2.4505134e-04
   5.5169270e-02  -6.5122445e-02   8.6896682e-01   2.0583333e-03  -1.0493082e-03  -1.2771071e-04
   5.6313192e-02  -7.0881231e-02   8.5047040e-01   2.1123498e-03  -1.0661257e-03  -2.0913254e-04
   5.2417135e-02  -7.9486276e-02   8.9488761e-01   1.7944225e-03  -1.1121416e-03  -8.9010624e-05
   6.0299578e-02  -7.4261640e-02   8.3963089e-01   1.1197889e-03  -8.5532207e-04   2.2626234e-04
   5.3052515e-02  -9.2513755e-02   8.8968798e-01   1.0467228e-03  -9.9314444e-04  -3.8718801e-05
   5.2103951e-02  -9.7890204e-02   8.7156982e-01   1.2397637e-03  -8.6993047e-04  -1.6472189e-04
   5.5050800e-02  -1.0131859e-01   8.7538352e-01   1.2895704e-03  -1.1680534e-03  -3.6388712e-04
   5.2494441e-02  -9.5662712e-02   8.8045419e-01   1.1269361e-03  -1.0654065e-03  -2.9560221e-04
   5.4980986e-02  -8.6884552e-02   8.6164749e-01   1.7035720e-03  -1.2235755e-03  -3.4784984e-04
   6.3644837e-02  -9.9899624e-02   9.0433944e-01   1.2202523e-03  -1.0422023e-03  -3.3697337e-04
   6.6438822e-02  -9.8388958e-02   8.8100058e-01   1.3348188e-03  -1.0870635e-03  -1.6890383e-04
   6.2992137e-02  -1.0935548e-01   8.7550749e-01   1.2255799e-03  -1.2748975e-03  -2.7736920e-04
   5.7693311e-02  -1.0076497e-01   8.7641369e-01   1.2574954e-03  -1.1935566e-03  -2.4824154e-04
   5.3196208e-02  -9.7027423e-02   8.4448460e-01   1.5400563e-03  -1.0644005e-03  -2.9969399e-04
   4.9984579e-02  -9.6776073e-02   8.5771330e-01   1.2608831e-03  -1.1780473e-03  -3.2250963e-04
   4.6969108e-02  -8.3628675e-02   8.3301747e-01   1.6001431e-03  -1.1673397e-03  -2.1115549e-04
   4.8446117e-02  -1.0109332e-01   8.4234578e-01   1.5375669e-03  -1.1590617e-03  -2.7096581e-04
   5.9314061e-02  -1.0394605e-01   8.5854153e-01   1.2523002e-03  -9.5437778e-04  -2.4465898e-04
   5.4216012e-02  -1.0374247e-01   8.3185113e-01   1.5871160e-03  -9.4015736e-04  -4.0950372e-04
   5.3610137e-02  -1.1382304e-01   8.4139444e-01   1.4243102e-03  -7.0106587e-04  -6.2975400e-04
   5.3170993e-02  -9.8546479e-02   8.3839656e-01   1.8312104e-03  -9.5446786e-04  -6.6289803e-04
   5.4132566e-02  -1.1016141e-01   8.6846790e-01   1.7163454e-03  -8.1877121e-04  -5.3881685e-04
   5.5335522e-02  -1.1458981e-01   8.7405042e-01   1.7490910e-03  -7.1868537e-04  -3.1568543e-04
   5.8016531e-02  -1.2162999e-01   8.8002549e-01   1.8016619e-03  -8.5279011e-04  -4.5447414e-04
   5.0525826e-02  -1.2758691e-01   8.8145080e-01   1.3673363e-03  -9.6748770e-04  -5.0988042e-04
   4.9901605e-02  -1.1067659e-01   8.5804066e-01   1.8707798e-03  -9.7108145e-04  -4.6441028e-04
   5.9246758e-02  -1.2611968e-01   9.0229030e-01   1.6733034e-03  -9.1124573e-04  -4.9365358e-04
   5.1031021e-02  -1.1636602e-01   8.6638028e-01   1.7868819e-03  -9.5125672e-04  -3.6922978e-04
   5.3358757e-02  -1.2718412e-01   8.8436788e-01   1.7028637e-03  -9.9821159e-04  -5.7487304e-04
   4.8337900e-02  -1.2680045e-01   8.8699195e-01   1.7751646e-03  -1.0853892e-03  -6.5908892e-04
   4.4128012e-02  -1.3402894e-01   8.7250747e-01   2.1937338e-03  -1.1472986e-03  -6.8610627e-04
   5.2234101e-02  -1.5184237e-01   9.1396173e-01   1.6683994e-03  -9.1037315e-04  -6.4977370e-04
   5.6514607e-02  -1.4743206e-01   8.8326113e-01   1.7549602e-03  -1.0797993e-03  -5.5974620e-04
   5.6191430e-02  -1.4071327e-01   8.7172549e-01   2.0853170e-03  -1.2765487e-03  -6.5826283e-04
   5.8045215e-02  -1.3541241e-01   8.8743760e-01   1.9354114e-03  -1.1548977e-03  -6.0113289e-04
   5.6030836e-02  -1.3408302e-01   8.5443503e-01   2.3623873e-03  -8.9810007e-04  -5.3391177e-04
   6.1148966e-02  -1.4269012e-01   8.9772903e-01   2.1122723e-03  -9.3768612e-04  -5.9597384e-04
   6.3122004e-02  -1.3601723e-01   8.7549366e-01   2.2798585e-03  -9.9664344e-04  -5.6233530e-04
   6.4800148e-02  -1.6063280e-01   9.1241441e-01   2.0881629e-03  -9.3803177e-04  -8.3465068e-04
   6.0405382e-02  -1.4914382e-01   8.9356113e-01   2.1046908e-03  -9.1639682e-04  -7.7637228e-04
   5.9064796e-02  -1.3621375e-01   8.7841926e-01   2.3542711e-03  -1.0285955e-03  -6.8872101e-04
   6.0758221e-02  -1.4142306e-01   9.1721700e-01   1.8841152e-03  -7.1216179e-04  -5.8110179e-04
   6.5039423e-02  -1.2814408e-01   8.9412735e-01   2.3788641e-03  -7.4579996e-04  -4.9392149e-04
   7.1758414e-02  -1.4670553e-01   9.1835691e-01   2.2545980e-03  -7.9898245e-04  -6.1303009e-04
   8.0388599e-02  -1.5004525e-01   9.0291380e-01   2.3140617e-03  -5.5211776e-04  -6.4028897e-04
   8.4157471e-02  -1.5498370e-01   9.1399541e-01   2.1752081e-03  -5.6894623e-04  -5.7345277e-04
   8.5137201e-02  -1.6070584e-01   9.4156792e-01   2.1095946e-03  -5.6544376e-04  -5.3933827e-04
   8.2272578e-02  -1.5147555e-01   9.0420105e-01   2.7248751e-03  -8.2798430e-04  -6.4121658e-04
   7.7843737e-02  -1.5899021e-01   9.3044712e-01   2.2142235e-03  -7.9491134e-04  -7.2782804e-04
   7.6997754e-02  -1.5488513e-01   9.2275893e-01   2.5787737e-03  -7.9844867e-04  -7.7617384e-04
   7.2308064e-02  -1.6356932e-01   9.1767404e-01   2.7510623e-03  -9.5211738e-04  -9.6116939e-04
   7.2831171e-02  -1.5824007e-01   9.2077810e-01   2.5291061e-03  -7.8766197e-04  -8.7528777e-04
   7.3498383e-02  -1.6849729e-01   9.0170308e-01   2.6628467e-03  -8.0429015e-04  -8.6180432e-04
   8.1519939e-02  -1.7988706e-01   5.8184877e-01  -3.4107284e-03   7.7007349e-04   7.8597994e-04
   5.3848772e-02  -2.3712805e-01   4.3077295e-01  -5.4609463e-03   1.1171192e-03   6.9288605e-04
   9.9177899e-02  -3.0533939e-01   3.2906723e-01  -1.4556894e-02   2.2568599e-03   1.4509809e-03
   5.4870888e-02  -2.6584667e-01   8.6305682e-01  -4.6585096e-03   3.7292476e-04   1.8079398e-04
   4.7239961e-02  -2.2190541e-01   8.8964200e-01  -2.0529976e-03  -4.7784450e-04  -2.7771659e-04
   4.6990226e-02  -1.9592788e-01   8.4018562e-01  -1.1538082e-03  -6.7748859e-04  -4.1731299e-04
   4.8399466e-02  -1.9396129e-01   8.6301095e-01  -1.4829238e-03  -6.7820889e-04  -5.1533226e-04
   4.6971136e-02  -1.8334322e-01   8.3365936e-01  -9.7411657e-04  -8.7471849e-04  -5.9744090e-04
   4.8396294e-02  -1.9803663e-01   8.5451745e-01  -1.1337918e-03  -7.5619163e-04  -5.1913260e-04
   4.8343674e-02  -1.9149252e-01   8.3444982e-01  -6.3216405e-04  -7.5880993e-04  -3.8216448e-04
   4.8104627e-02  -2.0270575e-01   8.6645978e-01  -7.1037101e-04  -7.2736994e-04  -4.7489219e-04
   4.5389139e-02  -1.9151304e-01   8.3933766e-01  -6.0619942e-04  -6.5818264e-04  -5.5128958e-04
   3.2234943e-02  -1.8740048e-01   7.9969118e-01  -1.1339292e-03  -6.3824331e-04  -1.3517296e-04
   2.5979725e-02  -1.8291562e-01   7.8820642e-01  -1.5536936e-03  -6.2395076e-04  -1.5420522e-04
   2.9333008e-02  -1.9792278e-01   7.9438325e-01  -6.5234844e-04  -9.1382422e-04  -4.4465668e-04
   3.1729455e-02  -2.0011225e-01   7.9805326e-01  -1.1659695e-03  -9.1252984e-04  -4.8347996e-04
   3.0648498e-02  -2.0694970e-01   7.9653538e-01  -8.5299096e-04  -9.5312214e-04  -5.3632831e-04
   5.0274020e-02  -2.2257024e-01   1.2142700e+00  -9.7759470e-05  -6.7701572e-04  -4.0777074e-04
   5.2613664e-02  -2.0558989e-01   1.2374314e+00   1.8810290e-03  -8.0777701e-04  -5.1680994e-04
   5.7701956e-02  -2.3031528e-01   1.1603750e+00   1.0271986e-03  -1.0099871e-03  -7.6278716e-04
   5.6927675e-02  -2.2165615e-01   1.0643042e+00   5.6713524e-04  -8.9016943e-04  -9.6001871e-04
   5.8477710e-02  -2.1603287e-01   1.0379097e+00   6.7773199e-04  -1.0138061e-03  -1.0173069e-03
   6.1216806e-02  -2.1627448e-01   1.0488574e+00   3.4961582e-04  -8.9859142e-04  -1.0196399e-03
   6.4205883e-02  -2.1293066e-01   1.0073300e+00   6.1211103e-04  -8.4713185e-04  -9.0672576e-04
   6.5681331e-02  -2.1929639e-01   1.0198743e+00   3.9266087e-04  -7.0595064e-04  -7.7387806e-04
   6.6417844e-02  -2.0568231e-01   1.0003707e+00   1.0520388e-03  -6.4502969e-04  -7.8066449e-04
   6.5648213e-02  -2.1922883e-01   1.0501537e+00   7.0069079e-04  -7.8253670e-04  -7.2458313e-04
   6.6688495e-02  -2.1272923e-01   1.0327449e+00   6.7949433e-04  -6.7332324e-04  -7.5955630e-04
   6.7585796e-02  -2.2643134e-01   1.0530133e+00   6.1284971e-04  -7.7487600e-04  -7.7640247e-04
   5.8800824e-02  -2.0071927e-01   1.0084348e+00   7.1145373e-04  -7.9634291e-04  -5.9180770e-04
   4.9143117e-02  -1.9377156e-01   1.0087881e+00   9.7767083e-04  -9.1175632e-04  -6.9808979e-04
   4.8829733e-02  -1.9279568e-01   1.0187624e+00   7.7389220e-04  -8.8199901e-04  -7.2328711e-04
   4.4174644e-02  -1.9502206e-01   9.8743132e-01   1.2083945e-03  -9.7761975e-04  -8.4859512e-04
   4.8322023e-02  -2.1963453e-01   1.0232870e+00   5.3310309e-04  -1.0231014e-03  -9.2816840e-04
   5.4428623e-02  -2.2999267e-01   1.0082352e+00   9.0625991e-04  -1.0049480e-03  -9.1524076e-04
   6.0539327e-02  -2.3990744e-01   1.0121558e+00   1.0303348e-03  -9.8057245e-04  -9.2583669e-04
   5.6595500e-02  -2.3667111e-01   1.0162280e+00   6.7205030e-04  -9.0103113e-04  -1.0032003e-03
   6.1734638e-02  -2.3572038e-01   9.8146794e-01   1.3083801e-03  -9.8269571e-04  -9.7807070e-04
  -2.7929115e-02  -4.3849904e-01   1.0849061e+00  -1.0029335e-02  -1.0307448e-03  -1.0689429e-03
   1.4737670e-02  -5.6133923e-01   2.4834082e-01  -2.9354659e-02  -9.9220173e-04  -1.2947173e-03
   6.0014855e-02  -5.1799714e-01  -2.1957149e-01  -3.0312383e-02   2.1111667e-03   6.9947216e-04
   2.8016392e-02  -4.9828962e-01   4.7097220e-01  -2.0019903e-02   1.6698919e-03   1.2749618e-03
   2.2837200e-02  -4.3522209e-01   4.9457408e-01  -1.6041241e-02   1.5999171e-03   1.2263017e-03
   2.9392738e-02  -4.3773579e-01   4.9881422e-01  -1.5532958e-02   1.6767788e-03   1.3094970e-03
   3.7864004e-02  -4.2057570e-01   4.6884293e-01  -1.5397891e-02   1.8369030e-03   1.3798151e-03
   5.4831331e-02  -4.1514081e-01   4.8128218e-01  -1.5147039e-02   2.5175500e-03   1.6996365e-03
   5.2064678e-02  -3.9149358e-01   4.9226900e-01  -1.4107044e-02   2.0002051e-03   1.5666649e-03
   4.6655114e-02  -3.9767927e-01   5.1578037e-01  -1.3923022e-02   1.8288819e-03   1.2398457e-03
   3.6131201e-02  -3.9148991e-01   5.5356453e-01  -1.3550820e-02   1.6117382e-03   9.5511286e-04
   4.5966715e-02  -3.9760516e-01   5.6305233e-01  -1.3550681e-02   1.6421477e-03   8.6427536e-04
   4.7391865e-02  -3.8870030e-01   5.2304208e-01  -1.3672255e-02   1.3717938e-03   7.0123188e-04
   6.1487425e-02  -3.7532199e-01   5.2529244e-01  -1.2570557e-02   1.5934084e-03   7.1439255e-04
   6.4018280e-02  -3.9258173e-01   5.5557070e-01  -1.3129397e-02   1.7404124e-03   7.0936938e-04
   5.8353122e-02  -3.8508195e-01   5.3363914e-01  -1.2935286e-02   1.4932955e-03   7.6363344e-04
   6.4783311e-02  -4.0565667e-01   5.6845387e-01  -1.3203178e-02   1.6853459e-03   7.9262136e-04
   6.4399027e-02  -4.0037377e-01   5.5629305e-01  -1.2575969e-02   1.5050488e-03   7.3510881e-04
   6.8185277e-02  -4.1552068e-01   5.8529266e-01  -1.3045225e-02   1.5764243e-03   7.3883131e-04
   7.4793227e-02  -4.0679043e-01   5.7389526e-01  -1.2871718e-02   1.6134342e-03   6.7203973e-04
   6.5552986e-02  -4.1013976e-01   5.5887281e-01  -1.2625336e-02   1.4432475e-03   6.5528633e-04
   6.9224973e-02  -4.1023088e-01   5.5614856e-01  -1.2565904e-02   1.4836581e-03   6.0105988e-04
   6.7556850e-02  -4.0742371e-01   5.4704873e-01  -1.2403326e-02   1.4994834e-03   5.9780078e-04
   7.1028625e-02  -4.2108465e-01   5.9409034e-01  -1.2821711e-02   1.5664358e-03   6.7034684e-04
   6.6199162e-02  -3.7134241e-01   7.1931625e-01  -1.0436789e-02   1.0350283e-03   1.6183967e-04
   5.8165309e-02  -3.7852549e-01   6.9386693e-01  -1.0641953e-02   9.3435197e-04   7.1058998e-05
   5.4336107e-02  -3.8250809e-01   6.6089853e-01  -1.0901595e-02   1.1407017e-03   1.4847257e-04
   5.0556178e-02  -3.9127931e-01   6.4556017e-01  -1.0736223e-02   9.8030279e-04   1.9450259e-04
   6.1446152e-02  -4.3038190e-01   5.9495404e-01  -1.4690144e-02   1.5775983e-03   5.6449078e-04
   5.6338617e-02  -4.1393034e-01   5.5907401e-01  -1.3295895e-02   1.4191365e-03   5.0884990e-04
   5.7219264e-02  -4.0884009e-01   5.9208283e-01  -1.2794172e-02   1.2759223e-03   3.5591629e-04
   5.4672652e-02  -3.8736431e-01   5.8281868e-01  -1.2241601e-02   1.3420254e-03   4.5716862e-04
   5.9271190e-02  -4.0500160e-01   5.9513055e-01  -1.2988781e-02   1.4950943e-03   3.3605601e-04
   8.6306219e-02  -4.1785114e-01   1.6902620e-01  -1.8440920e-02   2.4614178e-03   2.5567173e-04
   6.1398468e-02  -4.6414347e-01   2.8748488e-01  -1.6044593e-02   1.5845227e-03   5.3787931e-04
   4.4752520e-02  -4.2783283e-01   4.4718477e-01  -1.3975997e-02   1.5247158e-03   7.1855923e-04
   5.2027726e-02  -4.0851740e-01   4.5458471e-01  -1.2559738e-02   1.5141915e-03   7.1391962e-04
   4.9847857e-02  -4.1517043e-01   4.8743855e-01  -1.2908209e-02   1.6435252e-03   6.9990266e-04
   4.7049499e-02  -4.2778314e-01   4.8405013e-01  -1.2889107e-02   1.6363103e-03   7.3159442e-04
   4.8883318e-02  -4.4433559e-01   5.0783047e-01  -1.3486207e-02   1.6957887e-03   5.9542979e-04
   3.1128258e-03  -4.5037984e-01   5.2589714e-01  -1.2929066e-02   8.4137565e-04   5.9005291e-04
   3.9731915e-02  -4.2371301e-01   4.9853963e-01  -1.2892236e-02   1.5269459e-03   9.2230566e-04
   3.9505457e-02  -4.1354683e-01   4.7571331e-01  -1.2152318e-02   1.5406402e-03   8.5159374e-04
   8.8295226e-02  -4.1699274e-01   2.6457885e-01  -1.4580129e-02   2.4893584e-03   6.6940650e-04
  -2.0396938e-02  -3.5337548e-01  -1.3515163e-01  -1.7928283e-02   1.0370242e-03   9.8724536e-04
  -1.8182774e-02  -3.4995100e-01  -1.5641152e-01  -1.7044393e-02   5.3333277e-04   8.3591242e-04
  -9.7900255e-03  -3.4632982e-01  -1.0750423e-01  -1.5928150e-02   7.8600473e-04   6.7025550e-04
   2.4143764e-04  -3.3134579e-01  -1.1725929e-01  -1.5560898e-02   4.7315099e-04   3.1874537e-04
   4.7833392e-03  -3.8084184e-01   1.6374350e-01  -1.3431857e-02   4.9743064e-04   1.3807842e-03
   1.2131045e-02  -3.6331001e-01   3.3383364e-01  -1.0563574e-02   1.8994095e-04   8.1670350e-04
   1.2533977e-02  -3.6374478e-01   3.7540440e-01  -9.3092515e-03   5.1012690e-04   7.5223596e-04
   1.5820041e-02  -3.4350878e-01   3.4488912e-01  -9.5284863e-03   4.9840387e-04   9.1765261e-04
   2.0301146e-02  -3.5316261e-01   3.7729390e-01  -9.2066423e-03   5.9712206e-04   9.9649857e-04
   2.6238828e-02  -3.7344598e-01   4.1469385e-01  -9.3554648e-03   6.4388002e-04   8.7983603e-04
   2.3641886e-02  -3.8736574e-01   4.0780320e-01  -8.4437694e-03   3.6025284e-04   7.4286363e-04
   2.1801121e-02  -3.7719207e-01   4.2929331e-01  -8.3246483e-03   3.7264343e-04   5.8483349e-04
   2.2854795e-02  -3.6441439e-01   4.2638733e-01  -6.3244740e-03   1.8390905e-04   7.0233950e-04
   2.5456714e-02  -3.6726855e-01   4.3349787e-01  -6.9229213e-03   4.3953762e-04   5.0359884e-04
   2.3005202e-02  -3.6353243e-01   4.2115865e-01  -6.5231104e-03   1.4859517e-04   5.4557394e-04
   1.6176425e-02  -4.1038414e-01   8.5977115e-01  -6.7459258e-03  -4.0611815e-05   7.8888581e-04
   5.4285814e-02  -3.3061014e-01   1.3747155e+00   2.5578269e-03   1.4877430e-03   5.3871467e-03
  -6.2915449e-02  -3.6352202e-01   1.0498158e+00   2.1412740e-03  -1.9320269e-03   7.3873544e-04
   1.3365536e-02  -3.2778733e-01   1.0130714e+00  -2.1783823e-05   6.3067426e-04   2.8989658e-04
   2.9194218e-02  -3.3227162e-01   9.8237067e-01   1.8462224e-04   5.3498669e-04   3.6932103e-04
   3.6388569e-02  -3.3139251e-01   9.6499300e-01  -8.4846262e-04   5.4785940e-04   2.0022676e-04
   3.5218697e-02  -3.5744962e-01   9.7635597e-01  -1.5524436e-03   4.9738850e-04   3.3013121e-04
   2.7766079e-02  -3.4356966e-01   8.9509234e-01  -1.7489175e-03   5.1896350e-04   3.8448332e-04
   3.5324973e-02  -3.4992416e-01   8.9290960e-01  -2.3765580e-03   4.3971910e-04   3.2234112e-04
   3.2871881e-02  -3.4489066e-01   8.8228987e-01  -2.8044820e-03   5.0842531e-04   1.4551783e-04
   3.2883222e-02  -3.4681024e-01   8.6499081e-01  -1.9212944e-03   3.4721281e-04   9.9373374e-05
   3.5258433e-02  -3.5247770e-01   8.6645213e-01  -2.6729589e-03   5.8630019e-04   2.8677437e-04
   3.7937619e-02  -3.3965849e-01   8.2465845e-01  -2.8122095e-03   6.7132149e-04   4.0310826e-04
   3.2631372e-02  -3.5359993e-01   8.4860831e-01  -3.0607258e-03   7.5251602e-04   4.9762385e-04
   3.4213138e-02  -3.3747062e-01   8.3175032e-01  -3.0487866e-03   7.2917907e-04   6.8041651e-04
   3.6581813e-02  -3.5178451e-01   8.3913780e-01  -3.0265304e-03   6.7904430e-04   6.0897510e-04
   2.9698347e-02  -3.3767598e-01   8.1344936e-01  -2.9968810e-03   5.0920425e-04   5.0908517e-04
   2.6442060e-02  -3.6070329e-01   8.2624660e-01  -2.9572715e-03   5.3375677e-04   4.1565924e-04
   2.9238163e-02  -3.7162599e-01   8.7115809e-01  -2.6809354e-03   4.2590743e-04   6.0793646e-04
   4.0593542e-02  -3.7037071e-01   8.5511733e-01  -2.7264230e-03   3.4623909e-04   1.7294066e-04
   3.9279245e-02  -3.8482653e-01   8.5378833e-01  -2.7675150e-03   2.4490201e-04   2.6716793e-04
   3.5617390e-02  -3.7163441e-01   8.5331890e-01  -2.1088087e-03   3.9973683e-04   2.4097905e-04
   3.5022348e-02  -3.9337298e-01   8.8455213e-01  -2.4498949e-03   5.4637654e-04   3.8592239e-04
   3.1946106e-02  -3.7662469e-01   8.6969475e-01  -2.9834467e-03   5.3975891e-04   4.9128836e-04
   2.8199771e-02  -3.6897468e-01   9.5606231e-01  -2.9144493e-03   6.0139394e-04   5.3960718e-05
   3.6002005e-02  -3.6280064e-01   9.9098040e-01  -2.3476997e-03   6.6847786e-04   2.0114027e-04
   2.9663146e-02  -3.5604484e-01   8.9685955e-01  -2.9272200e-03   7.1483158e-04   3.8892682e-04
   3.1960138e-02  -3.8309693e-01   9.0598739e-01  -3.5782509e-03   7.1610836e-04   4.2747169e-04
   3.5734930e-02  -3.8955153e-01   8.8494088e-01  -3.4809298e-03   9.4872684e-04   4.9018466e-04
   4.6056935e-02  -4.0599077e-01   9.2729684e-01  -3.6606224e-03   7.9951283e-04   5.8698904e-04
   1.6629434e-02  -4.0766678e-01   7.4794611e-01  -5.0405598e-03   1.2983154e-03   6.6511602e-04
  -6.7038194e-02  -4.7833451e-01   9.6220880e-01  -5.9345177e-03   1.1179370e-03   2.1739868e-03
   8.0144139e-03  -4.4110395e-01   8.7276322e-01  -3.4372771e-03   2.9793430e-04   8.0394062e-04
   1.8843976e-02  -4.0198971e-01   8.2976624e-01  -3.1720719e-03   2.8270947e-04   1.9385701e-04
   3.0820778e-02  -4.0417787e-01   9.2078911e-01  -2.6409538e-03   4.4209080e-04   1.6394596e-04
   3.0993584e-02  -4.0290560e-01   9.3092235e-01  -2.3440090e-03   5.7675803e-04   4.0190982e-04
   4.0020982e-02  -4.1906654e-01   9.6800154e-01  -3.4173135e-03   9.7746982e-04   5.5602908e-04
   4.0077367e-02  -4.5376622e-01   9.5180238e-01  -3.9976762e-03   8.4106176e-04   4.9436012e-04
   2.8317303e-02  -4.4897875e-01   9.1894152e-01  -4.0335727e-03   7.1169925e-04   4.0746428e-04
   2.7968508e-02  -4.3051182e-01   8.8095205e-01  -3.5953095e-03   5.5019246e-04   5.4745747e-04
   3.1959500e-02  -4.2542711e-01   8.8937875e-01  -3.8967031e-03   5.2371176e-04   5.3559228e-04
   3.3089578e-02  -4.1292055e-01   8.5271211e-01  -3.3392463e-03   6.6734675e-04   6.3271434e-04
   3.0478387e-02  -4.1717116e-01   8.4373992e-01  -3.3084116e-03   4.3554804e-04   4.6540664e-04
   3.4984590e-02  -3.9618081e-01   8.3625410e-01  -3.3699625e-03   4.2132038e-04   5.3877924e-04
   4.3953975e-02  -4.0141087e-01   8.5438943e-01  -3.0252033e-03   5.8906639e-04   6.1256360e-04
   4.3193676e-02  -4.0754833e-01   8.5847536e-01  -3.1735399e-03   6.8211563e-04   9.3329218e-04
   4.2088363e-02  -4.0689718e-01   8.4172601e-01  -3.0676719e-03   5.6928316e-04   7.6581514e-04
   4.0972281e-02  -4.1392033e-01   8.5752367e-01  -3.1505279e-03   4.9860685e-04   7.2669703e-04
   4.3582580e-02  -4.1181674e-01   8.4687666e-01  -3.1275578e-03   5.8768729e-04   8.5447926e-04
   4.5797796e-02  -4.2347481e-01   8.6114677e-01  -3.5526647e-03   6.9698651e-04   9.0654080e-04
   4.5244775e-02  -4.1757914e-01   8.4294142e-01  -3.0970190e-03   5.7243986e-04   8.6705308e-04
   4.3509277e-02  -4.3041472e-01   8.5668396e-01  -3.3872673e-03   4.6284049e-04   6.5049029e-04
   4.3662975e-02  -4.1944529e-01   8.3551317e-01  -2.8973035e-03   4.9511635e-04   7.4857766e-04
   1.9525151e-01  -4.5726069e-01   1.0212177e+00  -2.3741820e-03   4.3446524e-03   3.1591438e-03
   8.3265601e-02  -4.2745124e-01   8.9553741e-01  -4.4499199e-03   2.7418747e-03   1.2617699e-03
   7.8534252e-02  -4.2596344e-01   9.0269060e-01  -3.6429833e-03   2.1413816e-03   1.2360548e-03
   8.0352660e-02  -4.2152799e-01   8.7794912e-01  -3.8296517e-03   2.1461244e-03   1.3358868e-03
   8.3331413e-02  -4.4336084e-01   9.0635913e-01  -3.8333096e-03   2.0837523e-03   1.1943919e-03
   8.2908506e-02  -4.3791067e-01   8.9497096e-01  -3.7291506e-03   2.0915963e-03   1.2888559e-03
