6.5964e-08
4.3001e-07
1.2484e-05
4.0045e-05
6.9756e-05
8.0786e-05
8.1866e-05
8.371e-05
7.9847e-05
7.8865e-05
7.3187e-05
5.4691e-05
4.5353e-05
5.5178e-05
7.043e-05
7.1859e-05
6.9375e-05
7.5607e-05
7.0853e-05
6.0596e-05
5.429e-05
4.4896e-05
4.2806e-05
5.4875e-05
7.8368e-05
8.3576e-05
7.4795e-05
6.8643e-05
7.2375e-05
8.3267e-05
8.2581e-05
6.9092e-05
5.9322e-05
5.0951e-05
4.8925e-05
5.2063e-05
6.0583e-05
6.7308e-05
7.0343e-05
7.4124e-05
6.9251e-05
6.2142e-05
5.5186e-05
6.0179e-05
6.571e-05
5.8147e-05
5.3533e-05
5.7616e-05
6.6274e-05
6.5825e-05
7.1037e-05
6.7829e-05
6.4226e-05
6.7531e-05
7.0171e-05
6.3709e-05
5.6146e-05
5.8521e-05
6.3606e-05
7.3897e-05
8.0735e-05
6.9724e-05
6.7572e-05
7.8138e-05
7.7665e-05
7.4136e-05
7.8472e-05
7.2023e-05
5.6317e-05
5.0667e-05
4.8423e-05
5.9563e-05
6.4104e-05
5.9499e-05
5.9257e-05
7.0258e-05
7.9423e-05
8.6734e-05
7.9759e-05
5.4489e-05
5.2259e-05
6.2674e-05
5.7805e-05
5.927e-05
7.2165e-05
8.7334e-05
8.5717e-05
6.1843e-05
3.4934e-05
3.1638e-05
4.1788e-05
5.4081e-05
6.4484e-05
6.7842e-05
7.6178e-05
7.8062e-05
7.5029e-05
7.8929e-05
8.2584e-05
7.8887e-05
7.6568e-05
8.1919e-05
8.3737e-05
7.8817e-05
7.2221e-05
6.8977e-05
6.2727e-05
5.4707e-05
5.0015e-05
5.3797e-05
5.2614e-05
4.6835e-05
5.1366e-05
5.9219e-05
7.4233e-05
7.8605e-05
6.1945e-05
4.9629e-05
5.9679e-05
7.6876e-05
8.0598e-05
8.7154e-05
8.3274e-05
6.7107e-05
5.5773e-05
5.3926e-05
6.3894e-05
7.6183e-05
7.4992e-05
7.5782e-05
7.2401e-05
7.0833e-05
6.032e-05
4.2712e-05
4.5007e-05
5.2071e-05
4.9726e-05
5.351e-05
5.0702e-05
5.1433e-05
5.948e-05
6.3634e-05
7.2702e-05
8.6519e-05
9.5529e-05
9.1678e-05
7.916e-05
6.1725e-05
5.2877e-05
5.726e-05
6.6323e-05
6.6177e-05
5.9499e-05
5.6582e-05
5.8837e-05
6.5101e-05
7.2094e-05
7.4548e-05
8.096e-05
8.4289e-05
7.5631e-05
6.1531e-05
5.9087e-05
5.4255e-05
4.4632e-05
5.067e-05
6.1551e-05
5.8833e-05
6.1849e-05
7.2829e-05
7.5868e-05
7.074e-05
6.4999e-05
6.6106e-05
6.2931e-05
6.3763e-05
7.0959e-05
8.3891e-05
8.7965e-05
8.0832e-05
7.6765e-05
7.9548e-05
7.7382e-05
7.1583e-05
7.4689e-05
7.618e-05
7.1502e-05
6.9734e-05
7.8448e-05
8.5552e-05
7.4533e-05
6.4779e-05
6.1495e-05
5.157e-05
4.7146e-05
4.6821e-05
5.1858e-05
5.8094e-05
5.9316e-05
7.3471e-05
7.7155e-05
7.5511e-05
8.163e-05
8.4055e-05
7.5606e-05
7.1035e-05
6.8846e-05
6.5092e-05
6.1477e-05
5.7613e-05
6.4929e-05
6.2723e-05
4.8518e-05
5.0529e-05
5.5723e-05
5.4477e-05
5.461e-05
5.7167e-05
5.5042e-05
5.8772e-05
6.8532e-05
7.1935e-05
6.7004e-05
6.6859e-05
7.1513e-05
7.0453e-05
6.7257e-05
6.5818e-05
7.1905e-05
7.5572e-05
7.3621e-05
6.746e-05
6.1059e-05
6.1194e-05
6.7451e-05
6.4718e-05
5.6986e-05
6.602e-05
7.5557e-05
7.8482e-05
8.3617e-05
8.4143e-05
6.7789e-05
5.6785e-05
5.2255e-05
4.7068e-05
5.5833e-05
7.1141e-05
6.9485e-05
6.4264e-05
6.6948e-05
7.5241e-05
8.1856e-05
7.4109e-05
7.163e-05
7.3684e-05
6.799e-05
6.4722e-05
6.509e-05
6.3728e-05
6.1305e-05
6.3953e-05
6.2588e-05
6.2759e-05
7.4321e-05
8.4729e-05
8.0348e-05
7.0468e-05
7.0622e-05
7.1049e-05
6.7602e-05
5.4004e-05
4.7693e-05
5.2417e-05
5.5981e-05
6.0266e-05
6.0177e-05
4.5112e-05
3.764e-05
3.8888e-05
3.9342e-05
3.565e-05
2.8923e-05
3.9429e-05
5.6396e-05
6.3722e-05
6.904e-05
7.9792e-05
9.2585e-05
9.1058e-05
7.1764e-05
6.2766e-05
7.1087e-05
7.345e-05
6.7924e-05
6.4827e-05
6.4452e-05
6.2512e-05
6.2371e-05
6.5505e-05
7.5918e-05
8.1766e-05
7.9736e-05
7.1742e-05
6.3107e-05
6.1235e-05
6.1626e-05
6.4959e-05
7.2306e-05
7.5043e-05
8.0436e-05
8.1834e-05
7.3645e-05
6.6236e-05
6.6972e-05
7.9665e-05
8.2097e-05
7.4515e-05
6.8735e-05
6.0367e-05
4.5697e-05
4.3926e-05
4.8146e-05
5.2534e-05
5.3056e-05
4.8624e-05
5.378e-05
5.7077e-05
5.8273e-05
6.2903e-05
6.6316e-05
7.3382e-05
8.0934e-05
7.4007e-05
6.4893e-05
6.2012e-05
5.5163e-05
5.6749e-05
6.7629e-05
7.3348e-05
6.6998e-05
6.941e-05
7.1956e-05
6.9174e-05
6.7811e-05
6.2819e-05
5.3526e-05
4.0949e-05
4.7899e-05
6.9036e-05
8.239e-05
8.1418e-05
7.9902e-05
8.208e-05
7.0115e-05
5.6875e-05
4.6638e-05
3.8005e-05
4.5719e-05
7.2199e-05
7.6922e-05
8.5155e-05
