6.4179e-08
4.4327e-07
1.2559e-05
4.0165e-05
6.9847e-05
8.0803e-05
8.1882e-05
8.3707e-05
7.9834e-05
7.887e-05
7.3142e-05
5.463e-05
4.5348e-05
5.5218e-05
7.0448e-05
7.1831e-05
6.9379e-05
7.5621e-05
7.0817e-05
6.0581e-05
5.4264e-05
4.4877e-05
4.2815e-05
5.4938e-05
7.8422e-05
8.3559e-05
7.4772e-05
6.864e-05
7.2397e-05
8.3285e-05
8.2542e-05
6.9052e-05
5.9293e-05
5.0934e-05
4.8931e-05
5.2089e-05
6.062e-05
6.7321e-05
7.0355e-05
7.4117e-05
6.9217e-05
6.2112e-05
5.517e-05
6.0214e-05
6.5692e-05
5.8118e-05
5.3534e-05
5.7662e-05
6.6298e-05
6.5845e-05
7.1062e-05
6.7813e-05
6.4241e-05
6.7555e-05
7.0173e-05
6.3668e-05
5.613e-05
5.8524e-05
6.362e-05
7.3933e-05
8.0726e-05
6.9684e-05
6.7604e-05
7.816e-05
7.7646e-05
7.4138e-05
7.8475e-05
7.1954e-05
5.6272e-05
5.0652e-05
4.8442e-05
5.9613e-05
6.4099e-05
5.9487e-05
5.9272e-05
7.0292e-05
7.9435e-05
8.6747e-05
7.9684e-05
5.4427e-05
5.2294e-05
6.2672e-05
5.778e-05
5.9294e-05
7.2213e-05
8.7357e-05
8.5655e-05
6.1733e-05
3.4875e-05
3.1669e-05
4.183e-05
5.4135e-05
6.4508e-05
6.787e-05
7.6207e-05
7.8054e-05
7.5044e-05
7.897e-05
8.26e-05
7.8876e-05
7.6576e-05
8.1935e-05
8.3724e-05
7.8789e-05
7.2207e-05
6.8966e-05
6.2701e-05
5.4683e-05
5.0009e-05
5.3804e-05
5.2577e-05
4.6825e-05
5.1381e-05
5.9248e-05
7.4276e-05
7.8569e-05
6.1879e-05
4.9624e-05
5.9745e-05
7.6905e-05
8.0612e-05
8.7173e-05
8.323e-05
6.7051e-05
5.5756e-05
5.394e-05
6.3957e-05
7.6208e-05
7.4998e-05
7.5787e-05
7.2392e-05
7.0824e-05
6.0251e-05
4.2674e-05
4.5037e-05
5.2068e-05
4.9732e-05
5.353e-05
5.069e-05
5.1457e-05
5.9493e-05
6.3645e-05
7.2732e-05
8.656e-05
9.5531e-05
9.1631e-05
7.9082e-05
6.1662e-05
5.2862e-05
5.7288e-05
6.635e-05
6.6173e-05
5.9494e-05
5.6593e-05
5.8853e-05
6.513e-05
7.2106e-05
7.4555e-05
8.0983e-05
8.4293e-05
7.5596e-05
6.1506e-05
5.9086e-05
5.4208e-05
4.4611e-05
5.0713e-05
6.1564e-05
5.8811e-05
6.1882e-05
7.2862e-05
7.5869e-05
7.0705e-05
6.4992e-05
6.6101e-05
6.292e-05
6.377e-05
7.0989e-05
8.3925e-05
8.7958e-05
8.0819e-05
7.6782e-05
7.9564e-05
7.736e-05
7.1574e-05
7.4713e-05
7.6181e-05
7.1497e-05
6.9757e-05
7.8502e-05
8.5559e-05
7.4497e-05
6.4779e-05
6.1479e-05
5.154e-05
4.7146e-05
4.6827e-05
5.1885e-05
5.8079e-05
5.9327e-05
7.3511e-05
7.7142e-05
7.5527e-05
8.1662e-05
8.4055e-05
7.5584e-05
7.104e-05
6.8833e-05
6.5087e-05
6.146e-05
5.7616e-05
6.4944e-05
6.2667e-05
4.8481e-05
5.0546e-05
5.5722e-05
5.4474e-05
5.4628e-05
5.7172e-05
5.5035e-05
5.8803e-05
6.8561e-05
7.1932e-05
6.699e-05
6.6878e-05
7.1522e-05
7.0442e-05
6.7244e-05
6.5821e-05
7.1926e-05
7.5573e-05
7.3619e-05
6.744e-05
6.1046e-05
6.1203e-05
6.747e-05
6.469e-05
5.6995e-05
6.6067e-05
7.5582e-05
7.8496e-05
8.3643e-05
8.4115e-05
6.7735e-05
5.6776e-05
5.2242e-05
4.7069e-05
5.5887e-05
7.1162e-05
6.9458e-05
6.4257e-05
6.6961e-05
7.5278e-05
8.186e-05
7.408e-05
7.1645e-05
7.3679e-05
6.7969e-05
6.4711e-05
6.5082e-05
6.3708e-05
6.1305e-05
6.3963e-05
6.2577e-05
6.2786e-05
7.4374e-05
8.4748e-05
8.0311e-05
7.0457e-05
7.0635e-05
7.1056e-05
6.7567e-05
5.3946e-05
4.7683e-05
5.2423e-05
5.5983e-05
6.0281e-05
6.015e-05
4.5068e-05
3.7651e-05
3.89e-05
3.9348e-05
3.5625e-05
2.8921e-05
3.9487e-05
5.6434e-05
6.3737e-05
6.906e-05
7.9829e-05
9.2612e-05
9.1014e-05
7.1692e-05
6.2768e-05
7.1109e-05
7.3443e-05
6.7914e-05
6.4827e-05
6.4443e-05
6.2507e-05
6.2366e-05
6.5522e-05
7.5946e-05
8.1767e-05
7.9715e-05
7.1701e-05
6.3078e-05
6.1227e-05
6.1624e-05
6.4988e-05
7.233e-05
7.5045e-05
8.0445e-05
8.1813e-05
7.3622e-05
6.6224e-05
6.7005e-05
7.9705e-05
8.2081e-05
7.4489e-05
6.8718e-05
6.0317e-05
4.566e-05
4.3943e-05
4.8157e-05
5.2548e-05
5.3044e-05
4.863e-05
5.3812e-05
5.7091e-05
5.8298e-05
6.2924e-05
6.6329e-05
7.34e-05
8.0912e-05
7.3934e-05
6.4864e-05
6.199e-05
5.5148e-05
5.6771e-05
6.7659e-05
7.3333e-05
6.6977e-05
6.942e-05
7.1935e-05
6.9167e-05
6.7813e-05
6.2814e-05
5.3488e-05
4.0925e-05
4.7957e-05
6.9101e-05
8.2414e-05
8.1405e-05
7.9918e-05
8.2067e-05
7.006e-05
5.6838e-05
4.6608e-05
3.7998e-05
4.581e-05
7.2277e-05
7.6949e-05
8.5148e-05
