-8.7643e-06
0.00015124
0.0014521
0.0036781
0.0046894
0.0041654
0.0036247
0.0032455
0.0032493
0.0037977
0.0040088
0.0035771
0.0045759
0.0058544
0.0060194
0.0056405
0.0060639
0.0070676
0.0069569
0.0062163
0.0046509
0.0038613
0.0045262
0.0052655
0.0062667
0.0069637
0.0075005
0.0080892
0.0086335
0.0084861
0.0071781
0.0058983
0.0055841
0.0051808
0.0052908
0.0059801
0.0058435
0.0052658
0.0056794
0.0058033
0.00593
0.0060358
0.005194
0.0045389
0.0038766
0.004247
0.0053295
0.0055734
0.0048396
0.0045401
0.005058
0.0054856
0.0056583
0.0048949
0.0038138
0.003122
0.0040995
0.0056705
0.0064613
0.0064328
0.0058571
0.0046902
0.0042521
0.0042778
0.0037731
0.0038548
0.0050463
0.0049986
0.0044879
0.0046616
0.0044275
0.0042749
0.0045664
0.0049226
0.0042485
0.0039935
0.0044201
0.0042366
0.002874
0.0018029
0.0020503
0.0028442
0.0034774
0.004093
0.005185
0.006214
0.0050687
0.0036571
0.003428
0.003342
0.003902
0.0061563
0.0069074
0.0065526
0.0074201
0.0082874
0.0079883
0.006917
0.0057296
0.0055579
0.0051847
0.0040324
0.0031123
0.0026128
0.0032856
0.0048542
0.0050224
0.0047362
0.004768
0.0044939
0.003634
0.0035511
0.0046793
0.0057434
0.0066953
0.00675
0.0053514
0.0038785
0.0032538
0.0026655
0.0027676
0.0045716
0.0054118
0.0059185
0.0058552
0.0048396
0.0049724
0.0048429
0.0049022
0.0057139
0.0061382
0.0055141
0.0037665
0.0028882
0.0041834
0.0050325
0.0049088
0.0052697
0.0042876
0.0041343
0.0057418
0.006247
0.0061062
0.0064015
0.0064856
0.0057367
0.0047357
0.0044482
0.0038555
0.0034867
0.0029846
0.0024473
0.0025021
0.0028105
0.0034118
0.0036312
0.0031813
0.0037387
0.0046046
0.0047576
0.0049034
0.0050888
0.005638
0.0060218
0.0057192
0.0046504
0.0033378
0.0023287
0.0028602
0.0034643
0.0037111
0.0039499
0.0041407
0.0047171
0.0050978
0.0058109
0.0063033
0.0056807
0.0053671
0.0061118
0.0059533
0.0058961
0.005781
0.0052986
0.0050547
0.004502
0.0043399
0.0050269
0.0066221
0.0074213
0.0070191
0.0065866
0.0056556
0.004528
0.0048215
0.0053224
0.0056637
0.0058843
0.0056346
0.0054195
0.0049163
0.0056371
0.0061193
0.0051626
0.0041205
0.0039498
0.0036818
0.0040132
0.0049298
0.0050383
0.0053797
0.0051265
0.0048063
0.0052537
0.005274
0.0048386
0.0045952
0.0053926
0.0057454
0.0052364
0.0060804
0.0070166
0.006203
0.0050725
0.0046551
0.0042945
0.0044537
0.0057036
0.0060905
0.0060303
0.0064875
0.0064377
0.0061894
0.0057689
0.0062568
0.0059861
0.0051542
0.0056964
0.006007
0.005808
0.0060232
0.0059156
0.0045686
0.0031747
0.0024116
0.0023471
0.0028906
0.0042605
0.004686
0.0041302
0.0050655
0.0069191
0.0071345
0.0063136
0.0063692
0.006046
0.0053968
0.0046902
0.004531
0.0046634
0.0043527
0.0040162
0.0032525
0.003341
0.0039328
0.0044336
0.0044197
0.004107
0.0041359
0.0040913
0.0032842
0.0027745
0.0031752
0.003387
0.0036474
0.0036376
0.0035089
0.0035092
0.0036112
0.0029971
0.0026418
0.0020245
0.0026683
0.0044007
0.0051177
0.0060265
0.0071139
0.0073147
0.0072725
0.0067713
0.0053525
0.004506
0.0045761
0.0048071
0.004846
0.0044109
0.004544
0.0056603
0.0060848
0.0054698
0.0053824
0.005473
0.0042675
0.0032507
0.004345
0.0054117
0.0053129
0.0058138
0.0067091
0.0067495
0.00574
0.0041505
0.0034599
0.0039239
0.0038461
0.0032691
0.0031022
0.0031676
0.0034701
0.0029633
0.0027858
0.0045958
0.0047883
0.0048864
0.0056992
0.0058378
0.0050598
0.0038676
0.0043082
0.0046547
0.0041611
0.0038521
0.0034913
0.0033883
0.0047145
0.0051562
0.0043286
0.0035536
0.0038952
0.0055151
0.0058395
0.0052051
0.0040882
0.0040159
0.004236
0.0037539
0.0030308
0.0023572
0.002962
0.0046965
0.0058704
0.0061539
0.0059646
0.0051368
0.0037012
0.0032442
0.0032818
0.0029666
0.003304
0.0044347
0.0045861
0.0051585
