   0.0000000e+00   0.0000000e+00   0.0000000e+00   0.0000000e+00   0.0000000e+00   0.0000000e+00
  -7.0926718e-03  -2.2157049e-02   5.4838811e-01  -2.7299990e-03  -4.8821288e-04  -2.2721843e-03
  -8.7310246e-03   1.7873412e-02   6.6767493e-01  -2.0622466e-03  -6.3950144e-04  -2.0667035e-03
   1.5484047e-03  -2.1143463e-02   8.1648623e-01  -2.5622496e-03  -4.8617879e-04  -1.8735535e-03
  -8.8332642e-03  -3.2797714e-02   8.3629387e-01  -2.5162893e-03  -4.7872528e-04  -1.7127244e-03
  -2.1348290e-02  -6.5207727e-02   8.6160903e-01  -2.9893910e-03  -1.1514797e-03  -1.4297170e-03
  -7.5925286e-03  -1.0013424e-01   8.7957104e-01  -3.1604896e-03  -5.5786294e-04  -1.5078305e-03
  -1.1730787e-02  -6.5743375e-02   8.8223900e-01  -2.6405126e-03  -8.3789879e-04  -1.5320288e-03
  -1.1129978e-03  -8.6547415e-02   8.9961062e-01  -2.9389728e-03  -6.7102986e-04  -1.4836297e-03
  -3.1787519e-04  -1.0771245e-01   8.9505468e-01  -3.0740576e-03  -6.4537299e-04  -1.5422108e-03
  -4.7470457e-04  -1.1450108e-01   8.6575446e-01  -3.3288524e-03  -6.3994818e-04  -1.5626231e-03
   2.2219868e-03  -9.5498413e-02   8.4633812e-01  -2.8169509e-03  -5.3661703e-04  -1.7030693e-03
  -1.2647583e-03  -8.0308331e-02   8.3372933e-01  -2.6809961e-03  -6.5603281e-04  -1.6955636e-03
   1.4692026e-03  -9.3035858e-02   8.6809725e-01  -2.9131514e-03  -6.4643887e-04  -1.7119490e-03
  -2.2064040e-03  -7.1515057e-02   8.5139351e-01  -2.1920012e-03  -7.2502390e-04  -1.7902821e-03
   3.3909507e-03  -9.3466104e-02   8.6377896e-01  -2.5635984e-03  -8.4990540e-04  -1.7590715e-03
   8.9710813e-03  -8.7884252e-02   8.8542699e-01  -2.3373605e-03  -9.5655161e-04  -1.8336960e-03
   1.0033235e-02  -8.0612124e-02   8.5253595e-01  -2.2268299e-03  -1.0329661e-03  -1.8386991e-03
   1.1805756e-02  -1.0885532e-01   8.7796218e-01  -2.7587854e-03  -1.0921891e-03  -1.7850223e-03
   1.2072388e-02  -9.8263136e-02   8.5367296e-01  -2.2985583e-03  -1.1010305e-03  -1.8541304e-03
   1.8162479e-02  -1.2473202e-01   8.3922719e-01  -2.8116577e-03  -1.0430814e-03  -1.8982271e-03
   1.8450633e-02  -1.2610706e-01   8.2864755e-01  -2.9133743e-03  -1.1496314e-03  -2.0836160e-03
   1.1892270e-02  -9.1898193e-02   7.4879455e-01  -1.6767560e-03  -1.3236789e-03  -2.3738296e-03
   2.3659740e-04  -1.1566041e-01   7.6930083e-01  -2.4054277e-03  -2.0992991e-03  -2.7829137e-03
   7.1482350e-03  -1.1377068e-01   7.1776317e-01  -2.0774263e-03  -2.3934494e-03  -3.0746638e-03
   1.2635968e-02  -1.3613323e-01   7.7680308e-01  -2.0955851e-03  -2.0401881e-03  -3.2624501e-03
   7.8857823e-03  -9.8240932e-02   7.5488273e-01  -1.0962365e-03  -1.9782087e-03  -3.1462731e-03
   1.5944540e-02  -1.0098328e-01   7.9034306e-01  -8.9382893e-04  -1.7020406e-03  -2.9387646e-03
   2.0040429e-02  -1.1637444e-01   8.5904919e-01  -7.8178407e-04  -1.4589319e-03  -2.9048764e-03
   1.8294340e-02  -1.1297746e-01   7.8651723e-01  -2.6129531e-04  -1.4195428e-03  -2.7769245e-03
   3.3183381e-02  -1.6788377e-01   8.1105249e-01  -1.1435055e-03  -1.1139803e-03  -2.5313533e-03
   3.2743869e-02  -1.4267107e-01   7.3749481e-01  -4.9728286e-04  -1.2406629e-03  -2.5512245e-03
   3.6774804e-02  -1.6809610e-01   8.0547993e-01  -1.1328266e-03  -1.2941973e-03  -2.7472099e-03
   4.0071057e-02  -1.3536125e-01   6.8838622e-01   3.3300620e-05  -7.4420253e-04  -3.3844279e-03
   5.3870487e-02  -1.8114846e-01   7.5673930e-01  -1.6331626e-03  -3.0682347e-04  -3.0753185e-03
   5.3132356e-02  -1.6356062e-01   7.1747301e-01  -6.5985983e-04  -9.5868007e-04  -3.3493878e-03
   4.9200254e-02  -1.5739554e-01   7.4736537e-01  -9.0519492e-04  -9.4187971e-04  -2.9746450e-03
   5.2457644e-02  -1.3677486e-01   7.6469162e-01  -2.9096761e-04  -7.4922008e-04  -2.9141785e-03
   5.4463809e-02  -1.3219882e-01   7.6697295e-01   2.7474617e-04  -7.5813965e-04  -3.0220994e-03
   7.6397529e-02  -1.8309560e-01   8.1956507e-01  -9.8583481e-04  -4.7689505e-04  -2.8314391e-03
   7.6301980e-02  -1.9279732e-01   7.5098003e-01  -1.0201710e-03  -6.5385703e-04  -3.1104872e-03
   6.1966230e-02  -2.1339090e-01   7.8960542e-01  -1.4431584e-03  -8.2372008e-04  -2.8588892e-03
   6.1958031e-02  -1.7900568e-01   7.7859428e-01  -1.0680532e-03  -8.5259131e-04  -3.0330769e-03
   8.4055046e-02  -1.7496612e-01   8.0409109e-01  -4.6760346e-04  -1.8500335e-04  -3.3884857e-03
   7.9517414e-02  -1.7652134e-01   7.7497869e-01  -5.9088991e-04  -2.6897041e-04  -3.1941341e-03
   7.1284226e-02  -1.6952252e-01   7.6309965e-01   1.8645581e-04  -5.1807400e-04  -3.4358831e-03
   6.3056429e-02  -1.8222933e-01   8.2034548e-01   5.3166297e-06  -4.7172430e-04  -3.3714342e-03
   6.3170281e-02  -1.5618517e-01   7.7759084e-01   8.4479982e-04  -3.6198541e-04  -3.1225372e-03
   7.1129840e-02  -1.7427783e-01   8.1674217e-01   4.9021197e-04  -2.6270242e-04  -3.0658389e-03
   7.2048542e-02  -1.9314961e-01   7.5553005e-01   1.1315235e-03  -3.4955384e-04  -2.9709273e-03
   7.6175010e-02  -1.9367230e-01   8.1806513e-01   7.7229612e-04  -2.2545573e-04  -3.0186188e-03
   7.2903559e-02  -1.8158774e-01   7.5258473e-01   1.0065075e-03  -3.5510171e-04  -3.0076591e-03
   7.7066008e-02  -1.8894235e-01   7.2099600e-01   5.6693148e-04  -8.8669163e-05  -3.1333298e-03
   7.3677078e-02  -2.0625212e-01   7.2779055e-01   3.5123691e-04  -2.2793833e-04  -3.3015230e-03
   7.4609509e-02  -2.1670162e-01   8.5033446e-01  -6.5696274e-04  -6.1378032e-05  -3.0182301e-03
   7.5133209e-02  -1.9290265e-01   8.5262977e-01   3.4491787e-05  -4.1685820e-04  -2.9258778e-03
   6.6624316e-02  -1.6636810e-01   8.3297865e-01   4.6401791e-04  -3.8633712e-04  -2.9843662e-03
   6.3562966e-02  -1.6031609e-01   8.0781752e-01   6.8546202e-04  -3.3070119e-04  -3.0391801e-03
   6.9605009e-02  -1.2232376e-01   8.0975960e-01   1.5274603e-03  -1.9480701e-04  -2.9560366e-03
   8.9638420e-02  -1.6400974e-01   8.3292895e-01   1.6465850e-03  -3.4647652e-05  -2.3241906e-03
   7.5593185e-02  -1.4914920e-01   7.8367442e-01   2.6972514e-03  -1.4373279e-04  -2.5887720e-03
   8.9672179e-02  -1.6970384e-01   8.0035724e-01   2.2220386e-03   3.5525836e-04  -2.6139315e-03
   9.1263852e-02  -1.6262833e-01   7.5587735e-01   2.7220219e-03   4.6656221e-04  -2.7036055e-03
   1.0055456e-01  -1.9712048e-01   7.8353857e-01   2.1096194e-03   7.7282907e-04  -2.4936143e-03
   1.0152324e-01  -1.7668675e-01   6.9607059e-01   2.3454993e-03   2.3394150e-04  -2.8483428e-03
   9.6598962e-02  -2.3466451e-01   7.7405707e-01   1.7314857e-03   1.8425329e-04  -2.9344123e-03
   8.9336890e-02  -2.2576501e-01   7.4322983e-01   2.4539530e-03  -4.8764300e-05  -2.9134193e-03
   1.0660385e-01  -2.5184099e-01   7.9553539e-01   1.9877098e-03  -3.1020918e-04  -2.9312651e-03
   1.0493396e-01  -2.3664093e-01   7.7645801e-01   2.0416315e-03  -4.4658574e-04  -3.0571188e-03
   9.9125550e-02  -2.8551101e-01   8.0389169e-01   1.5574242e-03  -6.3500548e-04  -2.9895628e-03
   9.7894315e-02  -2.4880541e-01   7.3389111e-01   2.1046380e-03  -3.9665639e-04  -3.0637189e-03
   1.0248102e-01  -2.1440237e-01   7.6649670e-01   2.5508895e-03  -4.2426379e-04  -3.1104424e-03
   7.9736516e-02  -2.1666754e-01   8.2124551e-01   2.2508521e-03  -4.0158649e-04  -3.1317401e-03
   6.6669799e-02  -2.0577133e-01   8.5954940e-01   8.5414171e-04   8.1103696e-04  -3.0467305e-03
   6.6270854e-02  -2.6394835e-01   9.6725439e-01  -8.5229966e-05   2.6345936e-04  -2.8714763e-03
   6.6537287e-02  -1.8752343e-01   8.8228550e-01   1.2954610e-03   6.6187803e-04  -2.7558091e-03
   7.1050203e-02  -1.4100296e-01   7.9234035e-01   2.3311812e-03   1.6597523e-03  -2.3453977e-03
   7.5290262e-02  -1.6963680e-01   9.5835371e-01   1.5958942e-03   1.3389160e-03  -2.1949783e-03
   7.5875700e-02  -1.6829467e-01   9.3103966e-01   2.1013816e-03   9.5674353e-04  -2.4002328e-03
   7.3254259e-02  -1.7736860e-01   9.5575100e-01   1.9965881e-03   6.2984456e-04  -2.5506859e-03
   7.8250175e-02  -1.6120072e-01   9.1801953e-01   2.5219679e-03   7.1497611e-04  -2.6353850e-03
   8.0445898e-02  -2.0754511e-01   9.3399259e-01   2.2406655e-03   5.8940476e-04  -2.6320359e-03
   7.9154296e-02  -2.1977498e-01   9.1546045e-01   2.3548833e-03   6.0780252e-04  -2.7692725e-03
   7.8607663e-02  -2.5596032e-01   9.1105113e-01   1.5628905e-03   4.1364949e-04  -2.5943139e-03
   7.2345121e-02  -2.1898036e-01   8.9449283e-01   2.1903274e-03   5.1005260e-04  -2.6813127e-03
   6.7952037e-02  -2.1619237e-01   8.8061048e-01   2.3285707e-03   6.4224753e-04  -2.6884820e-03
   7.1385239e-02  -2.0163791e-01   8.8208310e-01   3.0764853e-03   6.1704320e-04  -2.7395915e-03
   7.7532993e-02  -2.3035146e-01   8.8238331e-01   2.5919167e-03   7.9173989e-04  -2.6296071e-03
   8.6361852e-02  -2.6235473e-01   8.9928415e-01   1.9818441e-03   7.6256875e-04  -2.4659931e-03
   9.4016963e-02  -3.2411784e-01   9.1138662e-01   1.0269532e-03   9.0244759e-04  -2.2891078e-03
   8.2503541e-02  -2.3062382e-01   8.0815289e-01   2.6000683e-03   1.0752561e-03  -2.4164099e-03
   8.1237499e-02  -2.1356021e-01   8.4596170e-01   3.1854557e-03   1.1730931e-03  -2.4062064e-03
   8.9611822e-02  -1.9673258e-01   7.3326542e-01   3.6243809e-03   2.3046757e-04  -2.9343387e-03
   9.1606824e-02  -2.5266223e-01   7.9882770e-01   2.2160333e-03   5.5306978e-04  -2.7240576e-03
   9.3698516e-02  -2.3862324e-01   7.9134643e-01   2.0903679e-03   3.5644327e-04  -2.4748483e-03
   8.8647296e-02  -2.3386405e-01   8.0533661e-01   1.1129701e-03   2.4081759e-04  -1.8650707e-03
   9.1748046e-02  -2.4839509e-01   7.9592222e-01   1.6866608e-03   2.4114639e-04  -2.2348958e-03
   7.6722874e-02  -2.2975593e-01   7.3456241e-01   2.3257025e-03   9.6730677e-04  -2.2455660e-03
   8.0741995e-02  -2.4749098e-01   7.8024348e-01   1.4933646e-03   7.3654706e-04  -2.3802650e-03
   8.2594437e-02  -2.2874203e-01   7.5702360e-01   2.2952482e-03   4.7457357e-04  -2.3574435e-03
   9.7431681e-02  -3.0245764e-01   8.8034602e-01   7.2073964e-04   4.4196137e-04  -2.1980629e-03
   8.8621113e-02  -2.8134558e-01   7.7310278e-01   1.4216284e-03   7.8717767e-04  -2.3197636e-03
   8.0311244e-02  -2.1351120e-01   7.5602264e-01   2.4130629e-03   2.8365556e-04  -2.3008166e-03
   1.0140542e-01  -2.2264159e-01   8.1308774e-01   1.9467724e-03   5.5916029e-05  -2.0061236e-03
   1.1280673e-01  -2.1867785e-01   7.5465874e-01   2.2291892e-03  -2.1886113e-04  -2.1321415e-03
   1.0062388e-01  -2.2837323e-01   7.6265799e-01   1.7435897e-03   2.6584120e-04  -2.1096287e-03
   9.7167968e-02  -2.4904015e-01   6.9455885e-01   1.4687848e-03   2.3580963e-04  -2.3671908e-03
   8.1884121e-02  -2.7987842e-01   8.7417056e-01   1.2104810e-03   2.8564449e-04  -2.2900388e-03
   7.7454002e-02  -1.8317828e-01   7.5484421e-01   2.9818307e-03   6.3732345e-04  -2.0717993e-03
   8.5065591e-02  -1.9686411e-01   6.1474440e-01   2.3372118e-03   1.1218218e-03  -1.4093284e-03
   9.2900198e-02  -2.1557164e-01   6.5488667e-01   2.3891546e-03   5.7971276e-04  -1.7795974e-03
   9.7344661e-02  -2.1859207e-01   6.8032200e-01   2.2083873e-03  -1.8091293e-04  -1.9180959e-03
   9.5838013e-02  -1.9665582e-01   6.2830383e-01   2.8530748e-03  -2.9083051e-04  -2.0499908e-03
   1.0253674e-01  -2.5956736e-01   6.7150116e-01   1.8715563e-03  -1.6943558e-04  -2.0351916e-03
   9.3117602e-02  -2.3102815e-01   6.3316541e-01   2.8132081e-03  -3.9582444e-04  -2.0507232e-03
   9.2909956e-02  -2.4880359e-01   7.0905431e-01   2.0352374e-03  -7.9994434e-05  -2.1010813e-03
   7.6344753e-02  -2.4088621e-01   6.9011158e-01   2.6619596e-03   2.2079652e-04  -2.2661906e-03
   4.8591676e-02  -1.7845996e-01   5.2690490e-01   2.5700348e-03   1.3774622e-03  -1.3350459e-03
   8.4858429e-02  -2.9170621e-01   7.6847972e-01   1.0899392e-03   2.0359445e-03  -1.6696053e-03
   8.4493856e-02  -2.4131668e-01   7.6929440e-01   2.1296645e-03   1.4612713e-03  -2.0832586e-03
   8.1898800e-02  -2.4613698e-01   7.6345174e-01   2.0678369e-03   8.8333264e-04  -2.0160001e-03
   7.8191297e-02  -1.7296495e-01   7.2012423e-01   3.7008213e-03   1.1963241e-03  -1.9203489e-03
   9.4360708e-02  -1.0833161e-01   5.0005954e-01   4.0700256e-03   1.6325395e-03  -1.6933165e-03
   1.0485834e-01  -1.7736528e-01   3.7330593e-01   8.1584003e-04   2.9864201e-03  -7.5991064e-04
   9.2847913e-02  -1.9877517e-01   6.0572451e-01   3.2162685e-03   2.0996384e-03  -1.4967697e-03
   1.2411659e-01  -1.1940467e-01   4.1142653e-01   2.9339170e-03   3.0680359e-03  -7.7977839e-04
   1.3047986e-01  -6.4090096e-02   2.7139945e-01   3.6887541e-03   2.1658592e-03  -3.7680931e-04
   1.3804550e-01  -5.7899533e-02   9.4076479e-02   1.8086052e-03   2.3134041e-03   4.4517938e-04
   1.0799065e-01  -8.7501403e-02   2.3637959e-01   2.5761121e-03   1.3583664e-03  -2.2865254e-04
   1.1172057e-01  -9.3885510e-02   2.8798601e-01   2.5308085e-03   1.2284206e-03  -2.7177238e-04
   1.1689946e-01  -7.0990399e-02   2.6136537e-01   3.2437708e-03   1.0587642e-03  -2.3870856e-04
   1.3003842e-01  -1.1163127e-01   3.2711410e-01   3.3727696e-03   9.1883520e-04  -2.4202310e-04
   1.3894539e-01  -1.5646265e-01   3.3752178e-01   2.6118025e-03   8.9125903e-04  -3.6291838e-04
   1.3892110e-01  -1.7801170e-01   3.0325011e-01   2.9802570e-03   4.9948837e-04  -4.8075268e-04
   1.3905717e-01  -1.8676490e-01   3.3357687e-01   2.4682827e-03   2.0604870e-05  -7.8189738e-04
   1.3758254e-01  -2.1257048e-01   3.4170994e-01   1.9317287e-03   2.8828845e-04  -7.5581903e-04
   1.1888217e-01  -2.4893292e-01   4.3245024e-01   1.7590059e-03   1.4595146e-04  -9.4736698e-04
   9.6680981e-02  -1.8645983e-01   3.7640178e-01   3.2154596e-03   1.0337132e-03  -6.7399263e-04
   1.0984912e-01  -2.4020472e-01   5.2431408e-01   1.7969578e-03   9.7495281e-04  -8.1097026e-04
   9.3624082e-02  -1.1443619e-01   1.3988102e-01   3.0779262e-03   1.6826095e-03  -5.0113927e-04
   9.6948595e-02  -1.3111850e-01   1.5794864e-01   2.8320315e-03   2.6013647e-03  -2.5116993e-04
   9.9818851e-02  -1.3973131e-01   2.0343571e-01   2.2143939e-03   2.4249608e-03  -1.7454433e-04
   9.2519683e-02  -1.7326892e-01   3.5748350e-01   2.2984836e-03   1.8173302e-03  -4.9187351e-04
   9.7403515e-02  -1.4406286e-01   3.8933685e-01   2.6638772e-03   1.9211797e-03  -5.7565583e-04
   1.1553092e-01  -1.6704437e-01   3.7050008e-01   2.9451146e-03   1.2740492e-03  -8.6730156e-04
   1.0125728e-01  -2.1799417e-01   4.7860713e-01   2.4080647e-03   6.4526976e-04  -1.0420335e-03
   1.0218304e-01  -2.1680342e-01   4.3729828e-01   2.8955578e-03   4.7234570e-04  -1.0819704e-03
   1.1922094e-01  -1.8746154e-01   4.0944835e-01   3.1039967e-03   3.4391912e-04  -1.0843541e-03
   1.0716570e-01  -1.3964126e-01   2.6828887e-01   2.2885871e-03   2.4979376e-03   7.0946965e-05
   1.7801444e-01  -2.0673011e-01   2.4984552e-01   2.9633375e-03   6.1407954e-03  -4.6871078e-04
   3.5762663e-01  -2.4261599e-01   5.4923755e-01   2.2224402e-03   1.1043068e-02  -5.5001657e-04
   2.9414944e-01  -2.5289617e-01   5.3204612e-01   2.7976006e-03   8.5662824e-03  -6.2886971e-04
   2.6484127e-01  -2.1739229e-01   6.5387454e-01   2.5859503e-03   7.8170007e-03  -4.4976091e-04
   2.7303216e-01  -1.4359781e-01   5.0911064e-01   3.1628912e-03   9.3856176e-03  -4.8899994e-04
   2.6231197e-01  -2.5600065e-01   7.0648682e-01   1.9827960e-03   9.2831211e-03  -3.0473385e-04
   2.6750734e-01  -2.5947352e-01   6.8033462e-01   2.4140742e-03   8.9924817e-03  -3.0023105e-04
   2.4425216e-01  -2.6028473e-01   7.0591631e-01   2.4272669e-03   8.1670580e-03  -4.8102382e-04
   2.4186081e-01  -2.5156007e-01   7.0460105e-01   2.3894778e-03   8.1522283e-03  -1.5110815e-04
   2.1525226e-01  -2.4951744e-01   7.2167803e-01   2.4103534e-03   6.5504953e-03  -3.9783544e-04
   2.2300853e-01  -2.8670734e-01   7.4042259e-01   1.8809911e-03   6.9985397e-03  -4.4212926e-04
   2.0365040e-01  -2.4875719e-01   7.0116400e-01   2.7004170e-03   7.3711319e-03  -4.3926852e-04
   1.8532240e-01  -2.4656981e-01   6.9946101e-01   8.9444748e-04   6.9174105e-03  -6.7795070e-04
   1.7988875e-01  -1.0702410e-01   1.4221539e-01  -9.8767520e-04   7.7078360e-03   3.9814493e-04
   1.6672495e-01  -2.3831392e-01   3.9592074e-01  -7.8825669e-04   6.6584036e-03   5.4357529e-05
   1.5398869e-01  -2.0778821e-01   4.7311473e-01   7.1188646e-04   6.0945477e-03  -3.1306576e-04
   1.5295152e-01  -2.1175661e-01   5.0298061e-01   1.0399981e-03   5.6213134e-03  -3.5305659e-04
   1.5931869e-01  -2.3578873e-01   5.5144594e-01   6.8573507e-04   5.7597201e-03  -3.6324407e-04
   1.5690795e-01  -2.1969049e-01   5.2078405e-01   1.1561464e-03   5.6847512e-03  -3.9607030e-04
   1.5975323e-01  -2.5092011e-01   5.6113408e-01   7.4792381e-04   5.7391607e-03  -3.9977145e-04
   1.5660632e-01  -2.5622996e-01   5.3373377e-01   1.0121151e-03   5.7402783e-03  -3.3609927e-04
   1.0067532e-01  -3.0771113e-01   6.4185857e-01   7.4614255e-04   5.1720335e-03  -1.1011448e-03
   1.1209724e-01  -3.0271347e-01   7.4079108e-01   6.6932113e-04   4.6661631e-03  -1.0090814e-03
   1.2037733e-01  -2.9459353e-01   6.9915516e-01   5.9882075e-04   4.8275410e-03  -1.0335379e-03
   1.2770869e-01  -3.0019150e-01   7.3800590e-01   8.6069705e-04   4.9189763e-03  -1.0244273e-03
   1.2258895e-01  -2.8831510e-01   7.2603034e-01   1.1606277e-03   4.9409427e-03  -1.0452726e-03
   1.4344328e-01  -3.2980374e-01   7.6498752e-01   3.9990736e-04   5.2607890e-03  -7.2135982e-04
   1.3381459e-01  -3.0125223e-01   7.2078673e-01   1.1456783e-03   5.0276717e-03  -1.0043045e-03
   1.3041501e-01  -2.8747987e-01   7.1922238e-01   1.2529572e-03   4.8718109e-03  -1.0012034e-03
   1.3292191e-01  -2.9552266e-01   7.5858830e-01   7.5299827e-04   4.9162248e-03  -1.0974425e-03
   1.3726369e-01  -3.0643554e-01   7.4360475e-01   1.0007448e-03   4.9481342e-03  -1.1813711e-03
   1.3453086e-01  -3.3983892e-01   7.4778159e-01   3.6608175e-04   4.6926420e-03  -1.1764602e-03
   1.3456814e-01  -3.0463317e-01   6.5391001e-01   2.0781561e-04   4.4657280e-03  -1.2938801e-03
   1.5393641e-01  -2.8940809e-01   5.8897501e-01   8.2960031e-06   4.9678790e-03  -1.1393098e-03
   1.4609645e-01  -2.4854775e-01   4.0582859e-01  -7.6056162e-04   5.3349590e-03  -5.1809097e-04
   1.3457755e-01  -3.1107304e-01   5.7867064e-01  -1.6371996e-04   4.7651683e-03  -1.1401222e-03
   1.8137452e-01  -2.9208441e-01   5.6145673e-01   1.1832207e-03   4.2401001e-03  -1.7149443e-04
   2.1151716e-01  -2.1030516e-01   3.5537992e-01   2.0379932e-03   3.3289086e-03   5.4760143e-04
   2.3145680e-01  -1.5825601e-01   1.2306789e-01   2.0182508e-03   3.1121648e-03   1.5238943e-03
   1.9357783e-01  -1.8801986e-01   3.3958269e-01   2.4952981e-03   2.7991720e-03   4.6717833e-04
   1.8114160e-01  -2.0842705e-01   4.4993911e-01   2.2844557e-03   3.0581740e-03  -2.7339857e-05
   1.6571756e-01  -1.8875248e-01   4.4574781e-01   2.8217228e-03   3.0904302e-03  -1.9371181e-04
   1.5513302e-01  -2.0961862e-01   4.8636182e-01   2.3701453e-03   3.1722662e-03  -1.7950334e-04
   1.5674880e-01  -2.3695562e-01   4.6882659e-01   2.4962248e-03   3.4451820e-03  -1.9747725e-04
   1.5276718e-01  -2.5506330e-01   4.2312586e-01   2.5539319e-03   3.2951922e-03  -3.9071440e-04
   1.6236265e-01  -2.9650641e-01   4.7956291e-01   1.6818449e-03   3.5512530e-03  -3.3987431e-04
   1.5886370e-01  -2.7772619e-01   4.0439636e-01   1.0731256e-03   3.8694275e-03  -9.6380418e-05
   1.5312958e-01  -2.6956575e-01   4.3159179e-01   1.1984960e-03   3.6791239e-03  -3.6087255e-04
   1.4410932e-01  -2.6949216e-01   4.0752207e-01   1.5144480e-03   3.6985005e-03  -3.9303011e-04
   1.5878309e-01  -3.1658146e-01   4.4801517e-01   6.6889359e-04   3.5557655e-03  -2.9544792e-04
   1.5559565e-01  -3.2600093e-01   4.7355771e-01   7.0006318e-04   3.5415088e-03  -3.4021894e-04
   1.3314622e-01  -3.0569467e-01   3.8086194e-01   1.3372978e-03   3.2183208e-03  -4.6214648e-04
   1.4549903e-01  -3.1952101e-01   3.8933061e-01   5.3611067e-04   3.7787770e-03   3.2816311e-05
   1.3404295e-01  -2.2779908e-01   7.4991573e-02   1.2600449e-03   3.1750468e-03   1.0814033e-04
   1.3681171e-01  -2.5966035e-01   2.0601907e-01   8.6630654e-04   4.0779127e-03  -2.9342927e-04
   1.4385981e-01  -2.9977827e-01   3.4365786e-01   5.1245632e-04   3.7536473e-03  -6.4434335e-04
   1.3760512e-01  -2.3592744e-01   3.4341200e-01   2.4385063e-03   3.3035381e-03  -8.5098870e-04
   1.2722549e-01  -1.8584127e-01   2.0088261e-01   1.7579646e-03   3.3287461e-03  -1.5612399e-05
   1.6300560e-01  -2.3840272e-01   2.9680499e-01   1.3575774e-03   3.4733608e-03  -1.3524446e-04
   1.7911547e-01  -2.6686355e-01   3.9481882e-01   1.0448315e-03   3.7229590e-03  -7.9008876e-05
   1.3340152e-01  -1.6566161e-01   1.2809566e-01   2.1439480e-03   3.2785131e-03  -3.0576166e-04
   1.6763964e-01  -1.4669886e-01  -6.3660848e-02  -1.1177592e-03   5.9572245e-03   1.6462625e-04
   1.2366469e-01  -1.8821406e-01   2.4129102e-01   2.4276241e-04   3.5605200e-03   6.2890543e-05
   1.3981177e-01  -2.4332140e-01   3.6553568e-01  -5.3953489e-05   3.7408339e-03  -1.2597452e-04
   1.1322180e-01  -1.6238114e-01   1.9526969e-01   2.0741297e-03   3.4467031e-03  -4.0297422e-04
   1.1484846e-01  -2.2331741e-01   2.8899000e-01  -3.7838845e-04   3.4494482e-03   1.8190758e-05
   1.2824456e-01  -2.7085048e-01   3.0475612e-01   4.2083403e-05   3.5881077e-03  -3.3842176e-04
   1.1819831e-01  -2.8895869e-01   3.5680524e-01   3.9475243e-04   3.3913471e-03  -4.4109150e-04
   1.3011452e-01  -2.3871584e-01   2.0834782e-01   1.7124872e-04   4.1199155e-03  -2.1612133e-04
   1.3860789e-01  -2.8626709e-01   3.0518390e-01   1.5342755e-04   5.2188202e-03   1.8397235e-04
   1.5182938e-01  -2.3869773e-01   1.4652053e-01  -1.8974528e-03   5.6901268e-03   8.3053880e-04
   1.4758237e-01  -3.0482340e-01   3.0069170e-01  -1.6430512e-03   5.2513178e-03   2.7300414e-04
   1.2901883e-01  -3.2239513e-01   4.6078686e-01  -1.9139895e-03   4.5224683e-03   5.4527480e-05
   1.9070191e-01  -2.0351867e-01   2.0862954e-01  -3.7818016e-04   5.2879998e-03   2.0889515e-04
   2.2162214e-01  -2.3934260e-01   2.0315657e-01  -2.4386982e-03   7.0225824e-03   1.1505497e-03
   1.8907922e-01  -2.3754261e-01   2.7373386e-01  -1.4373774e-03   6.6459120e-03   7.3670774e-04
   1.2977174e-01  -2.7615054e-01   3.4455261e-01  -1.6725974e-03   5.3369424e-03   4.8661241e-04
   1.3249548e-01  -2.6534933e-01   3.3050287e-01  -1.6710886e-03   4.8850306e-03   1.4931313e-04
   1.3496439e-01  -3.0229223e-01   4.0879331e-01  -1.7316123e-03   4.7135708e-03   5.4507559e-05
   1.2778173e-01  -2.5014992e-01   3.9260809e-01  -5.1421949e-04   4.4003476e-03  -1.5367781e-04
   1.3517693e-01  -2.9720121e-01   4.7247728e-01  -1.0945942e-03   4.2029061e-03  -2.4016420e-04
   1.3118316e-01  -3.2324649e-01   4.4618269e-01  -9.6014142e-04   4.2732784e-03  -3.0447134e-04
   1.3153564e-01  -3.6092023e-01   5.1213910e-01  -1.1111731e-03   4.1625986e-03  -3.2301895e-04
   1.2328180e-01  -3.2510369e-01   4.5155744e-01  -1.1650309e-03   4.4753540e-03  -4.2376880e-04
   1.3670156e-01  -2.9382334e-01   3.6997524e-01  -7.8581001e-04   4.9579419e-03  -4.6606606e-05
   1.2243086e-01  -2.4688741e-01   2.6180378e-01  -8.8223303e-04   4.9911484e-03   4.6316980e-04
   1.4130816e-01  -2.7366741e-01   4.1512355e-01  -1.0619312e-03   5.1850373e-03   4.1865169e-04
   1.5980674e-01  -2.5596020e-01   3.2515092e-01  -1.0822038e-03   5.8297276e-03   8.3303647e-04
   1.4640147e-01  -2.7578805e-01   3.6952950e-01  -1.0904672e-03   5.5424567e-03   2.8876898e-04
   1.4125583e-01  -2.4107693e-01   3.5394604e-01  -2.6195552e-04   5.1427471e-03   1.1738074e-04
   1.3743956e-01  -2.4047852e-01   3.9800209e-01  -3.9012279e-04   4.9041960e-03   5.6057237e-06
   1.4275069e-01  -2.3552829e-01   4.1435266e-01   1.9942148e-04   4.8792215e-03   6.3754889e-05
   1.4508234e-01  -2.9010620e-01   4.3875491e-01  -4.5394743e-04   4.9064913e-03  -5.3859409e-05
   1.3865329e-01  -3.0688403e-01   4.3356701e-01  -6.2478513e-04   4.7753292e-03   2.8663946e-05
   1.4055651e-01  -3.0327218e-01   4.0070157e-01  -4.3084506e-04   4.6900355e-03   1.3168762e-05
   1.3802062e-01  -3.1306997e-01   4.4050526e-01  -7.0236219e-04   4.9025414e-03   7.4066388e-05
   1.4550544e-01  -3.1110296e-01   4.1898352e-01  -6.5315015e-04   4.8315218e-03   8.4573836e-05
   1.4750107e-01  -3.1905861e-01   4.0897537e-01  -2.8301427e-04   4.6938068e-03   3.9994378e-05
   1.4553172e-01  -3.3214409e-01   4.1179738e-01  -1.0101583e-03   4.5349427e-03   3.8019595e-07
   1.3587212e-01  -2.6935339e-01   1.1136654e-01  -2.0389338e-04   4.3648288e-03  -1.3617775e-04
   1.3824321e-01  -3.3892888e-01   1.7518896e-01  -1.8338533e-03   4.6312017e-03  -6.9741094e-05
   1.3055984e-01  -3.3889078e-01   2.1844912e-01  -1.5267540e-03   4.1837511e-03  -3.2029140e-04
   1.3385438e-01  -3.3588406e-01   3.2269644e-01  -1.4394689e-03   4.2917917e-03   3.3668756e-05
   1.3523290e-01  -2.4251925e-01   1.0667378e-01  -1.9466923e-04   4.6092910e-03  -1.0327921e-04
   1.3484635e-01  -2.7428966e-01   1.9893277e-01  -1.6134304e-04   4.6306980e-03  -2.4519859e-04
   1.7281868e-01  -1.7544664e-01  -3.2388140e-01  -1.0431806e-03   6.2641751e-03   5.7292781e-04
   1.4553899e-01  -2.8111263e-01   5.4211411e-02  -1.7322474e-03   4.9387395e-03   3.1129832e-04
   1.6370329e-01  -1.1340934e-01  -3.7042805e-01  -1.0441232e-03   5.6153528e-03   2.6205471e-04
   1.5787778e-01  -2.5420729e-01   1.8089647e-01  -2.1727684e-03   5.2712835e-03   4.9200780e-04
   1.6086808e-01  -8.7145886e-02  -4.6341774e-01  -1.3512504e-03   5.8287835e-03   9.4548222e-04
   1.7653379e-01  -2.1507935e-01   8.6042670e-02  -2.3480326e-03   6.1433989e-03   9.7377976e-04
   1.8138249e-01  -1.1538064e-01  -2.5419934e-01  -5.0865129e-04   7.4307027e-03   8.0461196e-04
   1.7823772e-01  -2.2052690e-01  -1.2299686e-01  -2.5888044e-03   6.7894033e-03   1.1187335e-03
   1.6314854e-01  -2.0584295e-01  -2.7679974e-02  -1.0318129e-03   5.7468933e-03   5.5391945e-04
   1.5863035e-01  -2.4995494e-01   3.9302015e-02  -1.5545303e-03   5.5907840e-03   4.2351493e-04
   1.5867824e-01  -2.3462568e-01   4.8637963e-02  -8.4330119e-04   5.3739913e-03   3.0421767e-04
   1.6922616e-01  -3.0649677e-01   9.9681725e-02  -1.4005336e-03   5.3862128e-03   4.1638339e-04
   1.7263414e-01  -3.3830024e-01   1.6446139e-01  -1.7927800e-03   5.4921637e-03   5.9329073e-04
   1.6816648e-01  -2.7207942e-01  -5.8016638e-02  -9.4183593e-04   5.8538733e-03   6.9774329e-04
   1.7443591e-01  -3.1767452e-01  -7.4005663e-04  -2.1792404e-03   6.5894420e-03   9.3091740e-04
   1.5931568e-01  -2.7284299e-01  -8.0876054e-02  -2.4201209e-03   6.3159090e-03   1.2125239e-03
   1.8392178e-01  -2.2995298e-01  -3.7769131e-01  -2.0702747e-03   6.6333900e-03   1.4982953e-03
   1.5677626e-01  -3.1732792e-01  -9.0215760e-02  -3.5005345e-03   6.1925560e-03   1.2366058e-03
   1.1301882e-01  -2.5136346e-01   4.5707655e-02  -1.0729660e-03   4.9519342e-03   7.9708724e-04
   1.4003257e-01  -2.0992402e-01  -7.4724609e-03  -6.9360322e-04   5.7913969e-03   1.1645999e-03
   1.3443461e-01  -2.2088696e-01   7.7618639e-02  -1.2028823e-03   5.2989674e-03   1.0857231e-03
   1.3074883e-01  -2.1114568e-01  -1.2941664e-01  -1.5858542e-03   6.8507971e-03   1.4330019e-03
   1.3770117e-01  -2.5908209e-01  -1.0606812e-02  -1.8633526e-03   5.9533232e-03   1.0329630e-03
   1.3668215e-01  -2.6211506e-01   9.4262918e-02  -1.7094676e-03   5.6435295e-03   1.0194220e-03
   1.4920759e-01  -1.9582586e-01  -1.4819297e-01  -5.2665504e-04   6.3958991e-03   7.0698543e-04
   1.6489447e-01  -2.5394712e-01  -1.6982045e-01  -3.5531591e-03   6.8701371e-03   1.6036932e-03
   1.7664836e-01  -1.7491446e-01  -4.9267067e-01  -1.8762207e-03   6.8087862e-03   1.8622367e-03
   1.6583817e-01  -2.8647069e-01  -3.6674452e-02  -3.4048427e-03   6.4505399e-03   1.6543006e-03
   1.4975079e-01  -2.0313214e-01  -1.7524300e-01  -1.6914532e-03   6.7944284e-03   1.5540555e-03
   1.4562654e-01  -2.1900457e-01  -7.7739586e-02  -2.4134128e-03   6.1836161e-03   1.9184272e-03
   1.4927763e-01  -1.3516402e-01  -4.0385577e-01  -2.1881668e-03   7.2411846e-03   1.9689599e-03
   1.5424538e-01  -2.0474444e-01  -1.1307597e-01  -2.6097957e-03   7.0529710e-03   2.5693613e-03
   1.5920437e-01  -2.1419020e-01  -1.7313148e-01  -2.2653080e-03   7.1725468e-03   2.2129425e-03
   1.5303720e-01  -2.3911320e-01  -6.4273789e-02  -1.9795244e-03   6.7325881e-03   1.8086462e-03
   1.3829803e-01  -2.2494189e-01  -5.1961313e-02  -2.1457736e-03   7.0706382e-03   1.8735617e-03
   1.9583033e-01  -1.1509063e-01  -7.8938730e-01  -3.4277423e-03   8.6977116e-03   2.7323685e-03
   1.9443140e-01  -2.6630533e-01  -2.3014699e-01  -3.7971227e-03   5.7511955e-03   2.1606053e-03
   1.9925943e-01  -2.0742315e-01  -4.0937219e-01  -4.7295244e-04   7.9432885e-03   2.4824398e-03
   1.8246693e-01  -2.6588566e-01  -2.2396988e-01  -1.5277555e-03   6.8876967e-03   2.4596933e-03
   1.7144775e-01  -2.2444803e-01  -1.5944798e-01  -8.6758617e-04   6.3554728e-03   2.1590955e-03
   1.5935189e-01  -2.1323014e-01  -1.7208557e-01  -9.8780307e-04   5.9621880e-03   1.8660267e-03
   1.7908827e-01  -2.3068337e-01  -4.2850790e-01  -3.2945468e-03   7.0897177e-03   2.3831878e-03
   1.6898422e-01  -1.9229890e-01  -4.4977885e-01  -1.6935028e-03   7.4991558e-03   2.5260719e-03
   1.8614933e-01  -2.5231885e-01  -3.7001375e-01  -4.4194758e-03   6.8074869e-03   2.8541007e-03
   1.7879411e-01  -1.7505185e-01  -4.4780823e-01  -1.9301172e-03   6.7583639e-03   2.8626453e-03
   1.8333855e-01  -2.1459711e-01  -5.0596553e-01  -4.4261129e-03   7.0569203e-03   3.1351527e-03
   1.9781214e-01  -1.9995477e-01  -2.9460905e-01  -2.8895270e-03   7.4217352e-03   2.3834746e-03
   1.8812444e-01  -2.0505481e-01  -3.4777845e-01  -3.5300734e-03   7.7702386e-03   2.6289457e-03
   1.5685085e-01  -1.7941098e-01  -3.2276493e-01  -1.8420695e-03   7.1177287e-03   2.4547928e-03
   1.8965410e-01  -1.8007046e-01  -5.7314720e-01  -4.2550901e-03   7.5335482e-03   2.8308360e-03
   1.8795039e-01  -1.3557673e-01  -5.0102864e-01  -1.8814452e-03   8.2819666e-03   2.4818277e-03
   1.9486858e-01  -2.4700686e-01  -4.3178087e-01  -5.6571148e-03   7.8566631e-03   3.0226018e-03
   1.7029842e-01  -2.2465636e-01  -1.9848653e-01  -3.0563122e-03   7.2936508e-03   2.9536513e-03
   1.7755464e-01  -2.6694585e-01  -1.9033432e-01  -3.5577666e-03   7.1896933e-03   2.7513653e-03
   1.6848636e-01  -2.3568462e-01  -2.0857793e-01  -2.8148779e-03   6.6619301e-03   2.7262411e-03
   1.6935710e-01  -2.4683617e-01  -1.3635981e-01  -2.8001127e-03   6.5843692e-03   2.7170598e-03
   1.6710507e-01  -2.3119030e-01  -1.5447247e-01  -2.3421205e-03   6.7394026e-03   2.9473884e-03
   1.7063974e-01  -2.6441877e-01  -1.1713922e-01  -2.5759227e-03   6.7797258e-03   2.9546964e-03
   1.8151053e-01  -3.0986654e-01  -1.1562129e-01  -3.3539851e-03   7.1288708e-03   3.0792129e-03
   1.8528309e-01  -3.1170017e-01  -1.2826689e-01  -3.1542411e-03   7.2412478e-03   3.0962043e-03
   1.8892866e-01  -3.3855380e-01  -9.0376222e-02  -3.3611793e-03   7.1343364e-03   2.9952541e-03
   1.9122707e-01  -3.3631459e-01  -1.1658625e-01  -3.2689337e-03   7.0389009e-03   3.0165080e-03
   1.8678005e-01  -3.3617396e-01  -1.2512480e-01  -3.2700445e-03   7.2834815e-03   2.9952891e-03
   2.0305977e-01  -2.7702165e-01  -3.3611581e-01  -3.1350419e-03   7.9340305e-03   2.9658629e-03
   2.0197987e-01  -2.8409886e-01  -3.2372865e-01  -2.9983611e-03   7.3957975e-03   2.7277742e-03
   2.1719071e-01  -2.3867234e-01  -5.1170027e-01  -3.9320277e-03   8.2060958e-03   3.0265291e-03
   1.8987381e-01  -2.9881044e-01  -2.4178854e-01  -3.5351310e-03   6.9893897e-03   2.8498886e-03
   1.9164364e-01  -3.0161503e-01  -2.2123202e-01  -3.3703941e-03   7.0290456e-03   2.8948635e-03
   1.7656964e-01  -2.4543834e-01  -2.3769652e-01  -2.1191406e-03   6.8491280e-03   2.6609337e-03
   1.8303839e-01  -2.4790509e-01  -6.3981904e-02  -2.5977703e-03   6.4328387e-03   2.8763895e-03
   1.8581537e-01  -1.6045848e-01  -5.2287450e-01  -1.1737017e-03   7.5089952e-03   2.5408817e-03
   1.8105106e-01  -2.6397961e-01  -3.2021427e-01  -3.3031301e-03   7.4009602e-03   3.2633932e-03
   1.8096179e-01  -1.6711159e-01  -7.2722820e-01  -3.2534997e-03   8.3033301e-03   3.5585969e-03
   1.8099440e-01  -2.7748306e-01  -4.0192588e-01  -4.3103839e-03   7.5067556e-03   3.3421262e-03
   1.8335848e-01  -1.7260480e-01  -5.9229452e-01  -2.0129700e-03   7.4687951e-03   3.2036754e-03
   1.7527624e-01  -2.3053563e-01  -2.6059580e-01  -3.5782920e-03   7.0496698e-03   3.3689474e-03
   1.7082530e-01  -1.9908508e-01  -3.2334219e-01  -1.8247946e-03   6.9137303e-03   3.1051522e-03
   1.7672142e-01  -2.6135079e-01  -1.6068198e-01  -2.8905823e-03   6.9825676e-03   3.1150769e-03
   1.7316771e-01  -1.8298537e-01  -4.9205461e-01  -1.8252922e-03   7.5060489e-03   3.1146198e-03
   1.8246637e-01  -2.8475542e-01  -2.5941945e-01  -4.2887288e-03   7.0223236e-03   3.3217357e-03
   1.9542622e-01  -2.0915969e-01  -6.5660327e-01  -3.4723731e-03   7.9817017e-03   3.2939397e-03
   1.8922873e-01  -2.8977367e-01  -3.2139319e-01  -4.7437577e-03   7.5825952e-03   3.5793444e-03
   1.9306989e-01  -2.2090269e-01  -4.8354347e-01  -3.1888433e-03   7.7009935e-03   3.1886056e-03
   1.8999320e-01  -2.4949048e-01  -3.0751248e-01  -3.1839279e-03   7.1430165e-03   2.9236919e-03
   2.0075638e-01  -2.2090322e-01  -3.8082824e-01  -3.4739841e-03   7.4164411e-03   3.0665915e-03
   1.8413793e-01  -1.8571765e-01  -4.2659237e-01  -1.9156079e-03   7.8590854e-03   3.5769047e-03
   2.1064066e-01  -1.8556431e-01  -7.4469286e-01  -5.0311476e-03   8.0242297e-03   3.7153138e-03
   1.8937155e-01  -2.1603694e-01  -5.4437278e-01  -3.4981256e-03   7.4398367e-03   3.3103643e-03
   2.0943609e-01  -1.8679164e-01  -1.0244344e+00  -6.5077108e-03   8.5806395e-03   3.7642079e-03
   1.9354333e-01  -2.7339859e-01  -5.0056698e-01  -5.0366034e-03   7.7769150e-03   3.2441305e-03
   1.9379425e-01  -2.4062748e-01  -5.2918364e-01  -4.3922802e-03   7.5464867e-03   3.1074584e-03
   1.9543322e-01  -2.0475213e-01  -7.6337490e-01  -3.2457213e-03   7.5559110e-03   3.8141642e-03
   2.1041369e-01  -2.4823847e-01  -7.3905646e-01  -5.9069011e-03   7.7678402e-03   3.9864766e-03
   1.9575636e-01  -3.1157046e-01  -4.3385824e-01  -5.0524038e-03   7.7451854e-03   3.8278917e-03
   1.9605141e-01  -3.3136212e-01  -3.5995917e-01  -5.7029330e-03   7.6078827e-03   4.0154268e-03
   1.9552971e-01  -2.8546786e-01  -4.5331001e-01  -4.6892838e-03   8.2162798e-03   4.1213331e-03
   2.0430387e-01  -2.6958694e-01  -6.2307729e-01  -6.4244164e-03   8.0625093e-03   4.2115479e-03
   1.8982255e-01  -2.6686906e-01  -5.0604015e-01  -4.4902160e-03   8.1778195e-03   3.9324456e-03
   2.1574212e-01  -3.3515555e-01  -5.4439683e-01  -8.0171395e-03   8.0605704e-03   4.5633408e-03
   2.0660725e-01  -2.5285173e-01  -4.2307308e-01  -3.9411942e-03   8.3033519e-03   4.0730449e-03
   2.0388322e-01  -3.4257933e-01  -4.7389952e-01  -7.2889065e-03   8.3082540e-03   4.4518078e-03
   1.9132049e-01  -2.7658177e-01  -4.4125805e-01  -4.9729716e-03   8.1568129e-03   4.2659359e-03
   2.0229578e-01  -3.2383942e-01  -4.4989488e-01  -6.0643898e-03   8.1311282e-03   4.2872871e-03
   2.0051291e-01  -3.0523462e-01  -4.0213642e-01  -5.0936219e-03   7.8532732e-03   4.1044825e-03
   1.9810624e-01  -3.3110989e-01  -2.9123066e-01  -5.2161214e-03   7.4446464e-03   4.0273636e-03
   1.9684813e-01  -3.1348518e-01  -3.8314808e-01  -4.5780960e-03   7.7656655e-03   4.0228876e-03
   1.9659109e-01  -3.7105578e-01  -3.0106085e-01  -5.6117559e-03   8.0405248e-03   4.2181485e-03
   2.3217481e-01  -2.7739084e-01  -1.1834422e+00  -7.7535974e-03   9.9395186e-03   4.5918915e-03
   2.1606414e-01  -4.0193081e-01  -5.2417888e-01  -8.4552310e-03   8.6926469e-03   4.6422529e-03
   2.0358675e-01  -3.3150392e-01  -6.0470115e-01  -6.0000317e-03   8.5969393e-03   4.2913916e-03
   2.0267250e-01  -4.0007102e-01  -4.3099853e-01  -7.4087513e-03   8.4612527e-03   4.5153917e-03
   2.0305654e-01  -3.4410566e-01  -4.6737385e-01  -5.8370812e-03   8.2398041e-03   4.4536706e-03
   2.1744219e-01  -2.3902006e-01  -7.8177751e-01  -4.6967875e-03   8.7951040e-03   4.2246826e-03
   2.2270738e-01  -2.4870092e-01  -1.0001320e+00  -7.9324734e-03   8.7492887e-03   4.7246092e-03
   2.0574729e-01  -3.2237699e-01  -4.5288573e-01  -5.6427503e-03   7.9114785e-03   4.2360095e-03
   2.1397722e-01  -2.9158311e-01  -8.2881885e-01  -6.5011432e-03   8.9292777e-03   4.4258124e-03
   2.4779860e-01  -3.6378828e-01  -5.4152908e-01  -7.1192529e-03   8.7943475e-03   4.1642246e-03
   2.4402657e-01  -3.3510030e-01  -5.8998409e-01  -6.4626155e-03   8.7980858e-03   4.0626446e-03
