-8.8882e-06
0.00015315
0.0014589
0.0036847
0.0046894
0.0041631
0.0036232
0.0032446
0.0032502
0.0037998
0.0040075
0.0035774
0.0045812
0.0058568
0.0060184
0.0056398
0.0060674
0.0070696
0.0069551
0.0062128
0.0046453
0.0038622
0.0045285
0.0052687
0.0062698
0.0069658
0.0075023
0.0080915
0.0086345
0.0084837
0.0071725
0.0058961
0.0055831
0.0051796
0.0052926
0.0059817
0.005841
0.0052656
0.0056811
0.0058029
0.0059314
0.0060343
0.0051911
0.0045368
0.0038752
0.0042506
0.0053321
0.0055723
0.0048368
0.0045411
0.0050595
0.005487
0.0056574
0.0048914
0.0038103
0.0031221
0.0041051
0.0056745
0.0064624
0.0064317
0.005854
0.0046866
0.0042525
0.0042768
0.0037715
0.0038576
0.0050495
0.0049958
0.0044882
0.0046614
0.0044268
0.0042747
0.0045685
0.0049218
0.0042461
0.0039942
0.0044213
0.0042336
0.002869
0.0018015
0.0020528
0.0028465
0.0034795
0.0040954
0.00519
0.006214
0.0050625
0.0036547
0.003428
0.0033416
0.0039073
0.0061633
0.0069059
0.0065535
0.0074241
0.0082885
0.0079857
0.0069126
0.0057271
0.0055582
0.0051816
0.0040286
0.00311
0.0026124
0.0032908
0.0048576
0.0050211
0.0047359
0.0047681
0.0044917
0.0036315
0.0035535
0.0046836
0.0057466
0.0066979
0.0067472
0.0053457
0.0038749
0.0032525
0.0026632
0.0027718
0.0045771
0.0054129
0.0059205
0.0058521
0.0048377
0.0049736
0.0048415
0.0049045
0.0057161
0.0061385
0.0055094
0.0037608
0.0028891
0.0041891
0.0050321
0.0049098
0.0052691
0.0042834
0.0041381
0.0057465
0.0062465
0.0061067
0.0064026
0.0064847
0.0057328
0.0047339
0.0044471
0.0038534
0.0034858
0.0029821
0.0024466
0.0025028
0.0028121
0.0034139
0.0036302
0.0031807
0.0037425
0.0046059
0.004758
0.0049037
0.0050901
0.0056399
0.0060223
0.0057166
0.0046463
0.0033332
0.0023278
0.0028634
0.0034651
0.0037123
0.0039501
0.0041423
0.0047187
0.0050993
0.0058136
0.006303
0.0056777
0.0053688
0.0061133
0.0059519
0.0058967
0.0057793
0.0052976
0.0050533
0.0045004
0.0043406
0.0050311
0.0066272
0.0074212
0.0070174
0.0065849
0.005651
0.0045264
0.004824
0.0053233
0.0056654
0.0058838
0.0056341
0.0054178
0.0049161
0.0056407
0.0061181
0.0051584
0.0041185
0.0039497
0.0036808
0.0040165
0.0049312
0.0050387
0.0053805
0.0051244
0.004807
0.005255
0.005273
0.0048369
0.0045962
0.0053958
0.0057441
0.0052361
0.0060853
0.0070167
0.0061988
0.0050699
0.0046544
0.0042931
0.0044569
0.0057072
0.0060899
0.0060312
0.0064885
0.0064369
0.0061882
0.0057686
0.0062589
0.0059823
0.0051541
0.0056986
0.0060067
0.0058075
0.0060244
0.0059128
0.0045635
0.0031708
0.0024105
0.0023477
0.0028942
0.0042647
0.0046844
0.0041298
0.0050717
0.0069234
0.0071319
0.0063123
0.0063696
0.0060437
0.0053948
0.004688
0.0045319
0.0046627
0.0043519
0.004014
0.0032508
0.0033428
0.0039347
0.0044347
0.0044185
0.0041064
0.0041362
0.00409
0.0032808
0.0027751
0.0031764
0.0033879
0.0036479
0.0036373
0.0035084
0.00351
0.0036102
0.0029952
0.0026405
0.0020231
0.002674
0.0044049
0.0051196
0.0060307
0.0071161
0.0073144
0.0072723
0.0067676
0.0053478
0.0045051
0.0045769
0.0048077
0.0048453
0.0044095
0.0045467
0.0056638
0.0060838
0.0054679
0.0053834
0.0054714
0.004262
0.0032509
0.0043504
0.0054126
0.0053128
0.005817
0.0067111
0.0067478
0.0057351
0.0041457
0.0034603
0.0039253
0.0038444
0.0032677
0.0031023
0.0031683
0.0034707
0.0029599
0.0027898
0.0046006
0.0047866
0.0048892
0.0057008
0.0058372
0.0050551
0.0038661
0.0043111
0.0046538
0.0041595
0.0038514
0.0034896
0.0033906
0.0047192
0.0051544
0.0043257
0.0035518
0.0038998
0.0055191
0.0058385
0.0052018
0.0040854
0.0040175
0.0042352
0.0037518
0.0030279
0.0023565
0.0029667
0.0047022
0.0058726
0.006154
0.0059631
0.0051324
0.0036972
0.0032446
0.003281
0.0029659
0.0033073
0.004437
0.004587
0.0051579
