   0.0000000e+00   0.0000000e+00   0.0000000e+00   0.0000000e+00   0.0000000e+00   0.0000000e+00
  -1.0819001e-02   1.9088039e-02   4.6613403e-01  -1.1773280e-03  -6.4311893e-04  -2.2239098e-03
   7.1002366e-03  -1.5424762e-02   5.9631244e-01  -1.7468782e-03  -6.2585858e-04  -2.1086797e-03
   4.0530894e-03  -1.7378098e-03   6.7944724e-01  -1.9387021e-03  -2.7525561e-04  -2.1168040e-03
   1.5867080e-02  -2.3116489e-02   6.7365520e-01  -2.0208986e-03  -5.6558855e-04  -1.9844585e-03
   8.9604009e-03  -2.3096231e-02   6.9246721e-01  -2.5689863e-03  -4.4640143e-04  -1.9020359e-03
   1.7515748e-02  -1.6784178e-02   6.5215179e-01  -1.8912224e-03  -5.3546978e-04  -2.0167828e-03
   2.7555921e-02  -1.3645263e-02   6.9700352e-01  -2.1175690e-03  -4.4566691e-04  -1.9086527e-03
   1.6764490e-02  -5.8933649e-04   6.6982927e-01  -1.8652572e-03  -5.4569189e-04  -2.1136902e-03
   1.9277016e-02  -2.9298127e-02   6.5992849e-01  -2.4096421e-03  -6.6300547e-04  -2.0705565e-03
   1.1822986e-02  -9.5230765e-03   6.6463768e-01  -1.9695002e-03  -5.2523455e-04  -2.1177843e-03
   2.2760627e-02  -2.5426495e-02   6.8372734e-01  -2.0748428e-03  -4.5024424e-04  -2.0422711e-03
   5.4765768e-03  -1.9814065e-02   6.6917184e-01  -2.1051215e-03  -4.8652263e-04  -2.1406870e-03
   5.9424972e-03  -4.3569699e-02   6.7093396e-01  -2.3442009e-03  -5.7896629e-04  -2.2644882e-03
   7.1389678e-05  -1.2451965e-02   6.7556606e-01  -1.5783091e-03  -4.4307760e-04  -2.3391670e-03
   2.5984397e-03  -1.2392485e-02   6.4753242e-01  -1.2044456e-03  -5.3282173e-04  -2.4952782e-03
   8.6655363e-03  -2.0238232e-02   6.6397401e-01  -1.7481578e-03  -4.6850177e-04  -2.3668441e-03
   2.1539634e-03  -2.8483596e-02   6.5258075e-01  -1.7814582e-03  -5.6912061e-04  -2.3256524e-03
   6.3612064e-03  -3.8163799e-02   6.7498152e-01  -1.6829140e-03  -5.3556656e-04  -2.1660114e-03
   2.9351737e-03  -4.4907331e-02   6.7465766e-01  -2.1077370e-03  -4.5202168e-04  -2.2021867e-03
   5.7738539e-03  -5.5586910e-02   6.5508733e-01  -1.9593422e-03  -5.9060342e-04  -2.2721272e-03
   2.6088778e-03  -4.8813151e-02   6.6017526e-01  -2.1348758e-03  -5.8315031e-04  -2.3072759e-03
  -3.6655550e-03  -2.7389832e-02   6.2951167e-01  -1.3169603e-03  -5.0722714e-04  -2.4116559e-03
   2.8140546e-03  -3.4756657e-02   6.7390723e-01  -1.5526316e-03  -4.6778647e-04  -2.2128639e-03
   2.9694082e-03  -4.4184506e-02   6.5451267e-01  -1.6248400e-03  -4.8870431e-04  -2.3482131e-03
   2.9416470e-03  -4.3016561e-02   6.6031760e-01  -1.1618877e-03  -6.0423873e-04  -2.1879437e-03
   4.7626139e-03  -3.1579307e-02   6.4206181e-01  -1.1558379e-03  -5.6027206e-04  -2.2346329e-03
   6.3485199e-03  -6.1415737e-02   6.5688568e-01  -2.0783053e-03  -4.2799562e-04  -2.1325638e-03
  -8.1040841e-04  -4.4142390e-02   6.2440768e-01  -1.5869168e-03  -6.0064430e-04  -2.2225618e-03
   6.2721930e-03  -5.6362274e-02   6.4879974e-01  -1.5171210e-03  -6.0070245e-04  -2.2083749e-03
   7.4292008e-04  -4.1963089e-02   6.3631609e-01  -1.4815548e-03  -5.7829965e-04  -2.2154315e-03
   3.7917889e-03  -5.7454954e-02   6.0976506e-01  -1.3282049e-03  -7.0331852e-04  -2.2556945e-03
  -9.2169656e-04  -5.9462231e-02   6.2700198e-01  -1.7278520e-03  -5.7731006e-04  -2.2162371e-03
  -9.8624041e-04  -6.9156878e-02   6.0719813e-01  -1.4784495e-03  -7.1009275e-04  -2.2766843e-03
  -1.9388890e-03  -7.3430735e-02   6.3485086e-01  -1.4277956e-03  -7.1201019e-04  -2.1460963e-03
  -4.2182324e-03  -5.9374821e-02   6.1368295e-01  -1.1233880e-03  -7.0242510e-04  -2.2656507e-03
   3.1187059e-03  -7.5380298e-02   6.4144446e-01  -1.3852436e-03  -6.6706893e-04  -2.1298297e-03
  -5.8487226e-03  -7.0121002e-02   6.1864813e-01  -1.6791861e-03  -6.3722722e-04  -2.2609836e-03
   2.7570262e-03  -7.1288895e-02   6.1819025e-01  -1.3255445e-03  -8.1113690e-04  -2.1896579e-03
  -7.0397193e-03  -5.0290759e-02   6.2539848e-01  -1.1295265e-03  -7.8976808e-04  -2.1743745e-03
   1.6251618e-03  -7.7714084e-02   6.2011924e-01  -1.4436753e-03  -6.9559375e-04  -2.1731279e-03
  -4.9257715e-04  -7.2400692e-02   6.1785943e-01  -1.4691170e-03  -6.8099357e-04  -2.2203559e-03
   4.4292210e-03  -7.7741675e-02   5.9363539e-01  -9.8271265e-04  -8.1588223e-04  -2.2134657e-03
   7.9657094e-04  -1.0030965e-01   6.2188996e-01  -2.0184282e-03  -8.1798153e-04  -2.3224351e-03
  -1.1604879e-02  -9.6710385e-02   5.9661278e-01  -1.7228562e-03  -9.3149068e-04  -2.3573584e-03
   1.5849457e-03  -1.1493709e-01   6.1359811e-01  -2.0409000e-03  -9.9941004e-04  -2.2467514e-03
  -2.1695296e-03  -1.1547636e-01   6.1588811e-01  -2.1951209e-03  -8.6680957e-04  -2.2848426e-03
  -5.1187467e-03  -1.2430619e-01   6.0704011e-01  -2.2562853e-03  -1.0279682e-03  -2.4247065e-03
  -2.5908578e-03  -1.1957227e-01   6.2362842e-01  -2.3707504e-03  -8.7657027e-04  -2.2029908e-03
  -3.6219212e-03  -9.9908431e-02   5.7275665e-01  -1.6131013e-03  -1.0081269e-03  -2.4018381e-03
  -4.8383652e-04  -1.2101044e-01   6.0643139e-01  -1.9602548e-03  -1.0086074e-03  -2.1922058e-03
  -5.6632191e-03  -1.0572175e-01   6.0545839e-01  -1.4802309e-03  -9.5065129e-04  -2.2789211e-03
   9.5441664e-03  -1.2915662e-01   5.9320237e-01  -1.8486946e-03  -9.0675937e-04  -2.2837735e-03
   1.1244470e-02  -1.1020979e-01   5.8734716e-01  -1.6592169e-03  -5.3086014e-04  -2.0626317e-03
   3.2822975e-02  -1.1652538e-01   5.7974379e-01  -1.2824466e-03  -4.3234273e-04  -1.9216862e-03
   7.2207630e-02  -1.3245286e-01   6.0497630e-01  -1.5874766e-03  -1.1444795e-04  -1.2309447e-03
   5.7489748e-02  -1.1734906e-01   5.6145275e-01  -1.1409329e-03  -1.9202662e-04  -1.3664858e-03
   6.8090992e-02  -1.4561410e-01   5.8673810e-01  -1.5677802e-03  -7.5929958e-05  -1.1091424e-03
   5.8564640e-02  -1.2891678e-01   5.8404012e-01  -1.4135738e-03   8.2123184e-05  -1.1960503e-03
   7.1224444e-02  -1.3610951e-01   5.7380833e-01  -1.1529282e-03  -8.1223468e-05  -1.2063019e-03
   6.7660566e-02  -1.2367778e-01   5.8921077e-01  -1.1355045e-03   1.1019713e-04  -1.0802346e-03
   5.4406942e-02  -1.4062241e-01   5.6511116e-01  -1.8748412e-03  -8.7145217e-05  -1.3151228e-03
   5.8878597e-02  -1.4553491e-01   5.8446019e-01  -1.9388833e-03  -5.9142693e-05  -1.0932763e-03
   5.3959970e-02  -1.1450850e-01   5.6158593e-01  -1.0502354e-03   3.8717478e-06  -1.1807801e-03
   6.5577538e-02  -1.5434850e-01   5.6068124e-01  -1.7297694e-03  -6.1666858e-05  -1.2880960e-03
   5.8298166e-02  -1.4919781e-01   5.6210093e-01  -1.9316836e-03  -1.1606158e-04  -1.2719386e-03
   6.5652171e-02  -1.5548360e-01   5.4997951e-01  -1.8312135e-03  -2.2141400e-04  -1.3909353e-03
   7.0557223e-02  -1.4010313e-01   5.6837458e-01  -1.2283946e-03  -1.1332426e-04  -1.1679222e-03
   5.3563760e-02  -1.3841650e-01   5.4734846e-01  -1.1063726e-03  -6.2959624e-04  -1.2844292e-03
   3.6854819e-02  -1.5092697e-01   5.8166529e-01  -1.4267991e-03  -5.4139269e-04  -1.6312187e-03
   3.6361312e-02  -1.4006738e-01   5.6703792e-01  -8.8621585e-04  -6.7344661e-04  -1.4240687e-03
   3.9314619e-02  -1.4078078e-01   5.2947510e-01  -8.3647035e-04  -6.4803987e-04  -1.6283595e-03
   4.8412358e-02  -1.3403878e-01   5.6859567e-01  -8.7710649e-04  -5.2197279e-04  -1.4870924e-03
   4.3994496e-02  -1.2285214e-01   5.6600946e-01  -4.1228781e-04  -4.8152788e-04  -1.5771834e-03
   5.1009942e-02  -1.6471419e-01   5.6064412e-01  -1.6076277e-03  -4.6579492e-04  -1.6447820e-03
   5.2161727e-02  -1.6180199e-01   5.6531867e-01  -1.7982969e-03  -3.3176953e-04  -1.4685782e-03
   5.9180853e-02  -1.8037192e-01   5.6807742e-01  -1.8007147e-03  -3.1853678e-04  -1.4826275e-03
   6.7903889e-02  -1.8491279e-01   5.9901387e-01  -2.2690555e-03  -3.8069907e-04  -1.4957918e-03
   5.4939867e-02  -1.5661881e-01   5.6486030e-01  -1.0626909e-03  -2.9677202e-04  -1.4119005e-03
   5.7859204e-02  -1.8703301e-01   5.6509386e-01  -1.8258094e-03  -2.4885097e-04  -1.4323056e-03
   5.9813452e-02  -1.9687373e-01   5.8175622e-01  -2.2280275e-03  -1.7901001e-04  -1.2621675e-03
   5.2076937e-02  -1.6090498e-01   5.5189439e-01  -7.4212410e-04  -3.4992772e-04  -1.2054546e-03
   5.5549119e-02  -1.8431614e-01   5.7703896e-01  -1.0690935e-03  -1.8933625e-04  -1.1483818e-03
   5.7446517e-02  -1.7545831e-01   5.5846418e-01  -8.7533449e-04  -1.6116751e-04  -1.4212069e-03
   7.2384037e-02  -1.8617886e-01   5.7704197e-01  -7.3529823e-04  -2.5279829e-05  -1.3502056e-03
   7.2008472e-02  -1.6062054e-01   5.6309466e-01  -2.4354369e-04  -5.0712134e-05  -1.4392392e-03
   8.1001425e-02  -2.0016562e-01   5.8821911e-01  -1.5943564e-03   7.2354506e-05  -1.2146483e-03
   7.0425347e-02  -1.5313377e-01   5.5535934e-01  -1.8660170e-04  -4.6095122e-05  -1.3216207e-03
   7.1329691e-02  -1.9496389e-01   5.8022527e-01  -1.6195229e-03  -1.0902272e-05  -1.3234953e-03
   6.9558256e-02  -1.5093423e-01   5.5166117e-01  -2.3212258e-04  -6.0697732e-05  -1.2900882e-03
   7.2898609e-02  -1.6500366e-01   5.6320213e-01  -4.0375184e-04  -5.5191061e-05  -1.2605501e-03
   6.2759503e-02  -1.5699406e-01   5.4921180e-01  -7.0229387e-04  -2.9655716e-04  -1.3159879e-03
   7.6199659e-02  -1.8576282e-01   5.7681203e-01  -1.1101337e-03  -2.6461031e-04  -1.2345544e-03
   7.3296465e-02  -1.6550752e-01   5.6600017e-01  -1.7254108e-04  -2.4525681e-04  -1.2213036e-03
   8.0811752e-02  -1.9503653e-01   5.6993422e-01  -8.4017980e-04  -2.6928567e-04  -1.2424780e-03
   7.3191122e-02  -1.6123938e-01   5.6214468e-01  -3.0225881e-04  -2.8065698e-04  -1.2753656e-03
   8.3728088e-02  -1.8515665e-01   5.6683592e-01  -5.8605623e-04  -1.4602231e-04  -1.1174328e-03
   7.8976926e-02  -1.8937137e-01   5.7374635e-01  -5.4003645e-04  -2.2689082e-04  -1.0789765e-03
   7.1725220e-02  -2.1256778e-01   5.5485437e-01  -1.1200004e-03  -3.6649763e-04  -1.4943793e-03
   6.0664187e-02  -1.9004165e-01   5.4347251e-01  -8.6335100e-04  -2.0047720e-04  -1.3023333e-03
   7.5466428e-02  -2.0123599e-01   5.4241105e-01  -7.6784480e-04  -2.7099849e-04  -1.2368287e-03
   7.3049583e-02  -1.9533712e-01   5.5436531e-01  -3.9569493e-04  -3.1665816e-04  -1.2163894e-03
   8.7552562e-02  -2.3428416e-01   5.6000311e-01  -1.2218633e-03  -3.9232908e-04  -1.0683088e-03
   8.3221130e-02  -2.0065655e-01   5.3867629e-01  -6.9012217e-04  -3.3087660e-04  -1.0887479e-03
   1.0091633e-01  -2.2281577e-01   5.5785818e-01  -1.0913591e-03  -3.7574643e-04  -1.0847272e-03
   1.0371563e-01  -1.8130729e-01   5.3104093e-01  -5.8173441e-05  -4.0822660e-04  -9.6848337e-04
   1.2742283e-01  -2.1825566e-01   5.6295339e-01  -8.6325912e-04  -3.7236265e-04  -8.3571560e-04
   1.1073859e-01  -2.1449845e-01   5.6404189e-01  -9.4606682e-04  -3.7491094e-04  -9.9783635e-04
   1.0908305e-01  -2.3595309e-01   5.6923497e-01  -1.3719063e-03  -5.0294196e-04  -8.9597546e-04
   9.9359109e-02  -2.0851294e-01   5.4727252e-01  -6.2483157e-04  -6.0774076e-04  -9.7601853e-04
   9.9997585e-02  -2.1713301e-01   5.2858306e-01  -3.9245101e-04  -5.5444676e-04  -9.8047901e-04
   9.0637135e-02  -1.9736143e-01   5.4165643e-01  -6.3226621e-05  -4.9306688e-04  -8.2300451e-04
   1.0334241e-01  -2.2567243e-01   5.4352247e-01  -2.4287818e-04  -5.1231207e-04  -8.1389744e-04
   1.0481705e-01  -2.3585321e-01   5.6152852e-01  -1.0439790e-03  -2.9222304e-04  -7.7635091e-04
   1.1427383e-01  -2.4211483e-01   5.4322053e-01  -5.8348123e-04  -3.6331535e-04  -9.1059191e-04
   1.1080356e-01  -2.1723718e-01   5.4399620e-01  -2.2814436e-04  -3.8490164e-04  -7.5526189e-04
   1.3119713e-01  -2.2909109e-01   5.3531683e-01  -3.7767100e-04  -5.1094452e-04  -7.2552071e-04
   1.3675593e-01  -2.0531376e-01   5.3840924e-01  -6.7255645e-06  -2.9289422e-04  -5.0138208e-04
   1.4293600e-01  -2.3197029e-01   5.3913722e-01  -2.6764671e-04  -3.8491227e-04  -6.9389113e-04
   1.4570811e-01  -2.3350949e-01   5.5885709e-01  -4.0106037e-04  -4.7465081e-04  -5.0578789e-04
   1.3642529e-01  -2.3431209e-01   5.3164642e-01  -6.7373743e-04  -4.6372962e-04  -5.9600039e-04
   1.3599837e-01  -2.6019356e-01   5.6718601e-01  -1.0544047e-03  -3.8758090e-04  -5.2026795e-04
   1.2849481e-01  -2.3071710e-01   5.0897636e-01  -5.5116215e-05  -5.1579780e-04  -6.5496258e-04
   1.3651182e-01  -2.4080639e-01   5.2086290e-01  -1.3520476e-04  -4.8703625e-04  -5.2153046e-04
   1.2526466e-01  -2.1472270e-01   5.2033474e-01   7.0212851e-04  -1.9928258e-04  -4.1756050e-04
   1.4216254e-01  -2.4145693e-01   5.3929326e-01   3.6612823e-04  -2.2136008e-04  -3.3576298e-04
   1.3297192e-01  -2.3358105e-01   5.4171141e-01   4.8503917e-04  -1.0804926e-04  -3.3417912e-04
   1.3414470e-01  -2.3372613e-01   5.2159393e-01   7.0284360e-04  -3.6135476e-04  -5.0101837e-04
   1.3952880e-01  -2.3815715e-01   5.5045598e-01   2.6834707e-04  -2.3946223e-04  -3.5971101e-04
   1.3551487e-01  -2.6108353e-01   5.2373666e-01   7.0994212e-05  -1.5080460e-04  -5.8763260e-04
   1.4987644e-01  -2.8297097e-01   5.4602068e-01  -2.2249415e-04   6.3802784e-06  -4.0346139e-04
   1.4704714e-01  -2.3577573e-01   5.1806383e-01   9.8118585e-04   6.4778731e-06  -5.0628787e-04
   1.5820265e-01  -2.7521473e-01   5.6858674e-01  -2.5210189e-04   3.2345806e-04  -3.1874630e-04
   1.5713551e-01  -2.6959217e-01   5.5284074e-01   1.1576474e-04   1.9167060e-04  -6.5371611e-04
   1.5189896e-01  -2.7068497e-01   5.6705863e-01  -2.7955096e-04   1.7102795e-04  -5.6267535e-04
   1.6406533e-01  -2.7546284e-01   5.6157924e-01  -2.7809363e-05   6.6134506e-05  -5.8424325e-04
   1.6068275e-01  -2.5039581e-01   5.4110908e-01   3.1339885e-04   2.2538866e-04  -3.3289222e-04
   1.6725598e-01  -2.6189887e-01   5.4678042e-01   2.7777693e-04   1.6830734e-04  -4.8732456e-04
   1.6979778e-01  -2.4884266e-01   5.4637185e-01   1.7749512e-04   4.0377812e-04  -2.6677583e-04
   1.7515014e-01  -2.6034710e-01   5.3903650e-01   2.2750581e-04   1.5638064e-04  -4.7013916e-04
   1.7292177e-01  -2.4552670e-01   5.5063713e-01   3.2584170e-04   2.9740091e-04  -3.8898162e-04
   2.0040249e-01  -2.7618426e-01   5.8058218e-01   4.9738073e-05   7.5202760e-04  -7.2144187e-04
   1.7541587e-01  -2.5334881e-01   5.6381040e-01   4.9469647e-04   5.4152991e-04  -6.2035002e-04
   2.0850686e-01  -2.6555082e-01   5.6807887e-01   3.0568979e-04   5.6546996e-04  -4.7027303e-04
   1.8452168e-01  -2.7171812e-01   5.6734843e-01  -3.3724671e-04   3.7530144e-04  -3.4506874e-04
   2.1110789e-01  -2.6232133e-01   5.6220151e-01   5.4520552e-04   3.2871013e-04  -3.8381465e-04
   2.1539726e-01  -2.8433701e-01   5.9373274e-01  -2.8758062e-04   2.8331549e-04   1.4268138e-04
   1.9778752e-01  -2.7981332e-01   5.5621932e-01   1.2973740e-04   2.1538928e-04  -1.6014771e-04
   2.1572477e-01  -3.0259100e-01   5.7906874e-01  -3.1586546e-04   2.2459995e-04  -5.8597269e-05
   2.1634442e-01  -2.8221140e-01   5.3942801e-01  -3.9183166e-05   4.7524084e-04   3.7344285e-05
   2.2221183e-01  -3.1218514e-01   5.5517203e-01  -5.1380171e-04   2.4461443e-04   6.7514301e-05
   2.1889608e-01  -2.9579536e-01   5.7947102e-01  -4.4976460e-04   3.5554699e-04   1.3946703e-04
   2.1703390e-01  -3.1439204e-01   5.8056419e-01  -8.4452187e-04   2.0202402e-04  -1.0453869e-04
   2.2814004e-01  -3.2106906e-01   5.9640804e-01  -1.0224754e-03   3.0887080e-04   2.3830215e-04
   2.0962935e-01  -3.0577736e-01   5.6515575e-01  -4.4735215e-04   3.6416154e-04   5.9556419e-05
   2.1868105e-01  -3.4437466e-01   6.0916445e-01  -1.6074198e-03   2.9624546e-04  -1.5524544e-05
   2.1564152e-01  -3.1402396e-01   5.8954172e-01  -4.6277206e-04   3.7640025e-04   4.7334732e-05
   2.1937813e-01  -3.3583966e-01   5.7420546e-01  -8.3279933e-04   2.4076954e-04   9.3944461e-05
   2.2496783e-01  -3.3137251e-01   5.8385924e-01  -1.0002701e-03   2.6462856e-04   2.0438336e-04
   2.1434601e-01  -3.0380918e-01   5.5157625e-01   2.7821887e-04   2.5411670e-05   3.2978653e-05
   2.1005800e-01  -3.0654143e-01   5.7778625e-01   2.2354863e-04   3.2994087e-04   2.6592311e-04
   2.2204203e-01  -3.2746475e-01   5.8161786e-01  -2.2761978e-04   3.1374368e-04   1.7296779e-04
   2.2244886e-01  -2.9469546e-01   5.8311915e-01   4.8792205e-04   5.7297030e-04   2.3344257e-04
   2.3871191e-01  -3.3325537e-01   5.9474774e-01  -3.2980647e-04   4.1877781e-04   2.8743459e-04
   2.2194964e-01  -3.0395254e-01   5.7752947e-01   5.3693351e-04   4.9209201e-04   2.2464958e-04
   2.4363551e-01  -3.5559243e-01   5.8491481e-01  -1.0966840e-03   2.8090934e-04   3.0966028e-04
   2.3301738e-01  -3.1178941e-01   5.6140438e-01   2.3526580e-04   3.6591668e-04   2.8660228e-04
   2.2499924e-01  -3.2265329e-01   5.3403333e-01   1.8248382e-04   6.6023720e-06   4.0788980e-04
   2.2782763e-01  -3.1267811e-01   5.5210529e-01   2.1852388e-04   9.5479263e-06   4.7111702e-04
   2.2700382e-01  -3.3714785e-01   5.6521441e-01  -1.1506112e-05  -6.8032327e-05   3.6378620e-04
   2.2329652e-01  -3.6404224e-01   6.0844617e-01  -7.9160308e-04  -3.4544151e-05   4.9427763e-04
   2.0461239e-01  -3.5156899e-01   5.5641157e-01  -2.4157710e-04  -3.0937582e-04   1.0945031e-04
   1.8719878e-01  -3.7842574e-01   5.7162349e-01  -7.8240842e-04  -7.7114495e-05   2.8868912e-05
   1.6252112e-01  -3.5336898e-01   5.4112796e-01  -3.6617164e-04  -4.3112569e-04  -3.7978879e-04
   1.5859863e-01  -3.7135464e-01   5.6987732e-01  -7.1771644e-04  -6.2655708e-04  -2.9257946e-04
   1.2990920e-01  -3.4463624e-01   5.4375384e-01  -1.3856217e-04  -7.7361890e-04  -5.5610860e-04
   1.4203541e-01  -3.5880127e-01   5.7072501e-01  -4.5830529e-04  -1.0015556e-03  -5.5008894e-04
   1.3300874e-01  -3.5383446e-01   5.5675366e-01  -1.2361073e-04  -1.1299501e-03  -6.6080717e-04
   1.3315347e-01  -3.8466889e-01   5.5467362e-01  -5.0045885e-04  -1.2296655e-03  -6.9976612e-04
   1.3001749e-01  -3.5103885e-01   5.4960890e-01   2.9987533e-04  -1.1947446e-03  -7.7326968e-04
   1.3428703e-01  -3.3371366e-01   5.3014664e-01   1.0891957e-03  -1.4439482e-03  -7.3352637e-04
   1.3034676e-01  -3.4692210e-01   5.6072043e-01  -1.4841361e-04  -1.1768189e-03  -4.8641241e-04
   1.4169714e-01  -3.4704880e-01   5.5699095e-01   1.4242509e-04  -1.1786447e-03  -7.0416425e-04
   1.4101035e-01  -3.4965915e-01   5.7900639e-01   2.4224961e-04  -1.1880589e-03  -4.7190796e-04
   1.4283938e-01  -3.3783408e-01   5.2086487e-01   1.0016280e-03  -1.2304388e-03  -5.4994950e-04
   1.5368129e-01  -3.4776326e-01   5.3531434e-01   6.8132202e-04  -9.7321057e-04  -2.9002576e-04
   1.5716777e-01  -3.0657121e-01   5.0733548e-01   1.3754374e-03  -8.4192067e-04  -6.2714430e-04
   1.5761548e-01  -3.1555059e-01   5.4803293e-01   1.2483061e-03  -7.6737797e-04  -4.3554760e-04
   1.4752991e-01  -3.3146283e-01   5.1912569e-01   1.0674036e-03  -1.0198564e-03  -5.1961552e-04
   1.5214249e-01  -3.5125123e-01   5.3473116e-01   7.7351333e-04  -1.1270251e-03  -4.6097635e-04
   1.5309621e-01  -3.3056544e-01   5.2532412e-01   1.0295795e-03  -1.0429556e-03  -4.4458342e-04
   1.5604886e-01  -3.4973978e-01   5.2077903e-01   8.9645704e-04  -9.7263129e-04  -3.3373305e-04
   1.4667875e-01  -3.7137969e-01   5.4783748e-01   3.2329256e-05  -1.0350043e-03  -4.5627602e-04
   1.3202121e-01  -3.6542755e-01   5.1064510e-01   2.9283541e-04  -1.2284885e-03  -5.8336839e-04
   1.4583749e-01  -3.9281592e-01   5.5290398e-01  -1.9591044e-04  -1.3255161e-03  -7.1854737e-04
   1.4682401e-01  -3.9734873e-01   5.6861242e-01  -1.4865861e-04  -1.2665210e-03  -7.3507971e-04
   1.4150123e-01  -3.8934371e-01   5.2566442e-01   1.1514254e-05  -1.4200510e-03  -7.1522301e-04
   1.5296194e-01  -4.0393624e-01   5.5739508e-01  -5.2640814e-04  -1.1858888e-03  -5.0024226e-04
   1.3919026e-01  -3.8757821e-01   5.3357614e-01  -3.3788434e-05  -1.1153665e-03  -6.0809574e-04
   1.4623021e-01  -3.7982233e-01   5.2105405e-01   3.8999589e-04  -1.2022107e-03  -5.5240761e-04
   1.3695559e-01  -3.6174039e-01   5.0725006e-01   1.0556758e-03  -1.1874114e-03  -4.6892326e-04
   1.4682646e-01  -3.7399946e-01   5.3855597e-01   1.0704939e-03  -1.1122913e-03  -3.9087871e-04
   1.4681718e-01  -3.6418920e-01   5.0378519e-01   1.2372311e-03  -1.1827905e-03  -6.2195889e-04
   1.4349189e-01  -3.6401768e-01   5.0901612e-01   1.0090512e-03  -1.1183901e-03  -5.6141688e-04
   1.4561384e-01  -3.8109653e-01   5.0232758e-01   7.5907080e-04  -1.0941181e-03  -4.7491529e-04
   1.3805657e-01  -3.7046540e-01   4.9701933e-01   9.0113744e-04  -1.1775777e-03  -5.1446626e-04
   1.4461518e-01  -3.8605392e-01   5.1335672e-01   8.3657495e-04  -1.2867322e-03  -5.0939355e-04
   1.4280050e-01  -3.7911059e-01   5.1379451e-01   9.5026370e-04  -1.3020658e-03  -3.6702143e-04
   1.3735616e-01  -3.8191395e-01   4.9464125e-01   9.7541545e-04  -1.5200109e-03  -6.7977808e-04
   1.3768243e-01  -3.8746519e-01   5.2857241e-01   6.2867772e-04  -1.3202112e-03  -6.6534880e-04
   1.2800222e-01  -3.7688560e-01   5.1905416e-01   6.9282718e-04  -1.4551257e-03  -9.0281338e-04
   1.4817176e-01  -3.9716757e-01   5.3120123e-01   1.2845542e-04  -1.3723548e-03  -7.3873771e-04
   1.4808208e-01  -3.9253638e-01   5.1729485e-01   3.9836917e-04  -1.4497011e-03  -5.9788423e-04
   1.4537603e-01  -4.2467871e-01   5.2764932e-01  -1.0410588e-04  -1.5263845e-03  -6.9491731e-04
   1.4208370e-01  -3.9998765e-01   5.1243240e-01   3.3788273e-04  -1.4471849e-03  -4.3654728e-04
   1.3691070e-01  -4.0952211e-01   5.0471321e-01   3.3468493e-04  -1.6302724e-03  -7.5734247e-04
   1.3560685e-01  -4.1526252e-01   5.5812618e-01   3.1802176e-04  -1.4477079e-03  -7.2228687e-04
   1.2450188e-01  -4.1048993e-01   5.3600609e-01   4.0752742e-04  -1.4740457e-03  -1.1055113e-03
   1.2798123e-01  -4.2188836e-01   5.5312250e-01  -2.1992099e-04  -1.3431816e-03  -7.4601859e-04
   1.2179152e-01  -4.0132965e-01   5.1583780e-01   4.5310688e-05  -1.4783501e-03  -8.6810338e-04
   1.2280589e-01  -3.9414354e-01   5.2999912e-01   3.9033131e-04  -1.4678188e-03  -7.2625987e-04
   1.2470738e-01  -3.6206627e-01   5.1110512e-01   1.7965721e-03  -1.7245134e-03  -9.7085192e-04
   1.3471161e-01  -4.2408432e-01   5.5036686e-01   2.1253394e-04  -1.5765523e-03  -8.7033618e-04
   1.3110864e-01  -4.1409011e-01   5.3885633e-01   3.0445803e-04  -1.5936355e-03  -1.0315288e-03
   1.3434613e-01  -4.4228586e-01   5.5860039e-01  -1.6336375e-04  -1.6831924e-03  -8.0835754e-04
   1.2452280e-01  -4.3704643e-01   5.4980586e-01  -9.2545498e-05  -1.7136510e-03  -1.0658970e-03
   1.2910164e-01  -4.5739653e-01   5.4069557e-01  -2.7697828e-04  -1.7051224e-03  -9.3628194e-04
   1.3328707e-01  -4.6105511e-01   5.4987880e-01  -3.5001577e-04  -1.7087808e-03  -7.2872782e-04
   1.3352992e-01  -4.5355768e-01   5.2800845e-01  -1.5977983e-04  -1.7328190e-03  -8.5748448e-04
   1.3506302e-01  -4.5805320e-01   5.6203706e-01  -3.8389269e-04  -1.6586944e-03  -8.5982729e-04
   1.3310389e-01  -4.4472722e-01   5.3457513e-01   9.0355190e-05  -1.7609481e-03  -1.0510385e-03
   1.3428811e-01  -4.5623643e-01   5.3847709e-01  -1.8432992e-04  -1.6742697e-03  -9.1657681e-04
   1.2321409e-01  -4.1236064e-01   5.1829609e-01   9.1010670e-04  -1.4876847e-03  -1.0720191e-03
   1.3548343e-01  -4.1648566e-01   5.2687371e-01   1.1681231e-03  -1.5483984e-03  -7.4584121e-04
   1.3056451e-01  -4.1809813e-01   5.2312968e-01   1.0134251e-03  -1.5071697e-03  -9.0501205e-04
   1.3204596e-01  -4.4218416e-01   5.0097790e-01   4.0940556e-04  -1.6726171e-03  -9.7634887e-04
   1.2308542e-01  -4.3379831e-01   5.1201358e-01   6.9947795e-04  -1.5650196e-03  -8.8322861e-04
   1.2343542e-01  -4.3737077e-01   5.0693846e-01   7.1685823e-04  -1.5771733e-03  -9.2866992e-04
   1.2709878e-01  -4.4880597e-01   5.4221774e-01   8.7756894e-04  -1.3266162e-03  -7.2102366e-04
   1.2375523e-01  -4.3807487e-01   5.0185635e-01   1.0925534e-03  -1.6072067e-03  -9.8469732e-04
   1.2881698e-01  -4.7163737e-01   5.4212905e-01  -4.3211443e-07  -1.5194164e-03  -8.4439839e-04
   1.2942738e-01  -4.1835098e-01   5.4067364e-01   1.5173354e-03  -1.4666952e-03  -1.0469254e-03
   1.2389643e-01  -4.6561455e-01   5.3750848e-01   1.5454057e-04  -1.5806088e-03  -1.0792797e-03
   1.3058318e-01  -4.4854837e-01   5.3787514e-01   4.7781776e-04  -1.4578552e-03  -1.0157954e-03
   1.3201450e-01  -4.5076555e-01   5.3525645e-01   6.1418410e-04  -1.6952507e-03  -1.1639837e-03
   1.3968546e-01  -4.7787780e-01   5.7820814e-01  -6.3883660e-05  -1.9267142e-03  -8.7248233e-04
   1.2822344e-01  -4.7785492e-01   5.4212579e-01   2.4941385e-04  -2.0838770e-03  -1.1392369e-03
   1.2970070e-01  -4.8949736e-01   5.5024215e-01   1.5888429e-04  -2.1117882e-03  -9.2110501e-04
   1.2672408e-01  -4.8223803e-01   5.2765428e-01   7.3966152e-05  -1.7378765e-03  -8.2898074e-04
   1.3245078e-01  -4.5072839e-01   5.2335063e-01   1.2859337e-03  -1.9809592e-03  -8.0773919e-04
   1.1341252e-01  -4.4074698e-01   5.1284222e-01   1.1407031e-03  -1.7111329e-03  -8.9272939e-04
   1.2567468e-01  -4.5773595e-01   5.2755452e-01   9.2354838e-04  -1.7024133e-03  -1.1236646e-03
   1.3292376e-01  -4.6882042e-01   5.3854644e-01   7.3590145e-04  -1.4028481e-03  -8.1549707e-04
   1.2764487e-01  -4.6422828e-01   5.0515924e-01   1.0218117e-03  -1.7594284e-03  -1.0002022e-03
   1.2647400e-01  -4.8268725e-01   5.1728584e-01   5.8747575e-04  -1.7375813e-03  -7.2711285e-04
   1.2810588e-01  -4.7605045e-01   5.1729420e-01   7.3530367e-04  -1.6311824e-03  -9.0045530e-04
   1.3607571e-01  -4.6998469e-01   5.0997407e-01   1.3106970e-03  -1.6939308e-03  -8.3696550e-04
   1.2628526e-01  -4.5768035e-01   4.9756114e-01   1.2447940e-03  -1.6518692e-03  -8.0971442e-04
   1.3833690e-01  -4.5747748e-01   5.0444850e-01   1.7246497e-03  -1.6900735e-03  -7.8825932e-04
   1.3128100e-01  -4.4448123e-01   5.0634860e-01   1.7327883e-03  -1.5387423e-03  -1.0013311e-03
   1.3717686e-01  -4.8587166e-01   5.2913184e-01   6.4492560e-04  -1.6604044e-03  -9.8731584e-04
   1.3275924e-01  -4.7179495e-01   5.2042257e-01   1.1392884e-03  -1.5147077e-03  -8.8440869e-04
   1.3891415e-01  -4.5926852e-01   5.2483209e-01   1.8687621e-03  -1.6513703e-03  -8.6004977e-04
   1.4060250e-01  -4.5229108e-01   5.3925288e-01   1.8291171e-03  -1.4961585e-03  -7.2789358e-04
   1.2711330e-01  -4.7253728e-01   5.7565753e-01   1.2414257e-03  -1.7845556e-03  -1.1730603e-03
   1.1644808e-01  -4.7128188e-01   5.7819830e-01   1.1735261e-03  -1.8846132e-03  -1.3041796e-03
   1.2672104e-01  -4.8444009e-01   5.7175435e-01   9.9280472e-04  -1.9154896e-03  -1.0165297e-03
   1.4190672e-01  -4.5491787e-01   5.7631934e-01   1.1927747e-03  -1.8232134e-03  -8.6375700e-04
   1.4124656e-01  -4.7340847e-01   5.4284071e-01   1.2983312e-03  -2.2481682e-03  -8.1978924e-04
   1.3937571e-01  -4.8419055e-01   5.6292416e-01   1.1791798e-03  -2.1094279e-03  -5.0015635e-04
   1.5003955e-01  -4.6747696e-01   5.2375982e-01   1.1635036e-03  -2.4134280e-03  -5.3297187e-04
   1.5059514e-01  -4.8382822e-01   5.6657426e-01   9.2711044e-04  -2.8530877e-03  -3.3913488e-04
   1.4160305e-01  -4.6639361e-01   5.4556947e-01   9.7177156e-04  -2.5612106e-03  -5.9034729e-04
   1.4049769e-01  -4.7954650e-01   5.4612157e-01   1.1510078e-03  -2.7394772e-03  -4.7656061e-04
   1.3563235e-01  -4.7439075e-01   5.1471192e-01   1.2877339e-03  -2.4892188e-03  -4.2182448e-04
   1.6864895e-01  -5.0677986e-01   5.7245073e-01   9.6086283e-04  -2.4707864e-03  -5.8699787e-04
   1.7066455e-01  -4.7383942e-01   5.7537428e-01   2.0366181e-03  -2.4805676e-03  -4.8786672e-04
   1.7116554e-01  -5.1043121e-01   5.7767934e-01   9.2919294e-04  -2.6252671e-03  -5.9765708e-04
   1.6617057e-01  -4.8419285e-01   5.4805224e-01   1.1875507e-03  -2.3524735e-03  -4.2218625e-04
   1.7419179e-01  -5.1176320e-01   5.7057403e-01   6.9919758e-04  -2.6203796e-03  -3.6889712e-04
   1.5585249e-01  -5.0862592e-01   5.4675787e-01   2.4047498e-04  -2.5454352e-03  -4.9889034e-04
   1.5836791e-01  -5.2167805e-01   5.4187791e-01   2.3251181e-04  -2.6955246e-03  -6.4423533e-04
   1.4473286e-01  -5.2890157e-01   5.6922069e-01  -1.8460743e-04  -2.6704089e-03  -6.4534078e-04
   1.2924047e-01  -5.2148377e-01   5.5586460e-01   8.1019927e-05  -2.9716147e-03  -9.5577190e-04
   1.3733544e-01  -5.3099751e-01   5.7470874e-01  -4.0597614e-04  -2.9488529e-03  -7.2698177e-04
   1.0829018e-01  -5.1256712e-01   5.3989443e-01   1.8025240e-04  -2.6417732e-03  -1.0645712e-03
   1.1501740e-01  -5.1481652e-01   5.4987805e-01   9.2468153e-04  -2.8744412e-03  -1.1121998e-03
   1.2096638e-01  -4.9780784e-01   5.3745579e-01   1.3852591e-03  -2.6861872e-03  -9.8245976e-04
   1.4705708e-01  -5.4766230e-01   5.8820344e-01   2.7237727e-05  -2.7549755e-03  -8.3958082e-04
   1.4871431e-01  -5.3581559e-01   5.7175424e-01   3.1411614e-04  -2.6311392e-03  -7.2667765e-04
   1.4898802e-01  -5.3434848e-01   5.5166427e-01   7.6160217e-04  -2.8571958e-03  -9.6045157e-04
   1.4033819e-01  -5.4437763e-01   5.6818025e-01  -3.1921103e-04  -2.7249575e-03  -8.3350366e-04
   1.2939442e-01  -5.2485116e-01   5.3287035e-01   9.3553795e-04  -2.8953222e-03  -1.0406122e-03
   1.4259239e-01  -5.5026028e-01   5.8349611e-01   1.5691705e-04  -2.6175824e-03  -7.8950025e-04
   1.4100728e-01  -5.1220713e-01   5.5716221e-01   1.2302284e-03  -2.5655732e-03  -9.2216888e-04
   1.4961911e-01  -5.5530439e-01   5.7837704e-01  -2.9554480e-04  -2.7538160e-03  -7.5778745e-04
   1.2797552e-01  -5.4314744e-01   5.5618461e-01  -6.8562773e-05  -2.7121330e-03  -8.1824895e-04
   1.1784716e-01  -5.6197379e-01   5.4657193e-01  -4.5276047e-04  -2.8231184e-03  -1.0334130e-03
   1.1785777e-01  -5.5499449e-01   5.4987683e-01  -4.7522622e-04  -2.5639178e-03  -9.0778638e-04
   1.0946440e-01  -5.6336359e-01   5.5233376e-01  -2.5414476e-04  -2.6341661e-03  -1.1876324e-03
   1.1462043e-01  -5.8987645e-01   5.7551666e-01  -8.3232860e-04  -2.8116894e-03  -9.0166367e-04
   1.1159770e-01  -5.4923812e-01   5.5020555e-01  -8.5376565e-05  -2.5655258e-03  -1.1206561e-03
   1.1491619e-01  -5.4818506e-01   5.8715326e-01  -5.8457330e-05  -2.6271190e-03  -1.0520827e-03
   1.3058618e-01  -5.1924387e-01   5.4303969e-01   2.6606976e-04  -2.8222500e-03  -4.7761620e-04
   1.2713441e-01  -5.4818120e-01   5.8020794e-01  -2.0221999e-04  -2.8402082e-03  -4.9540341e-04
   1.0886908e-01  -5.2139978e-01   5.4276099e-01   3.5999754e-04  -2.7983474e-03  -1.0385638e-03
   1.1108632e-01  -5.4395293e-01   5.8357168e-01   2.4205474e-05  -2.8453092e-03  -1.1942107e-03
   1.1626306e-01  -5.6362951e-01   5.9352095e-01   5.9987815e-05  -2.5188130e-03  -1.1141787e-03
   1.0984137e-01  -5.8085720e-01   5.8858242e-01  -2.5845623e-04  -2.6522746e-03  -1.4515426e-03
   1.3067912e-01  -5.9179668e-01   6.0375242e-01  -8.3470324e-04  -2.6551634e-03  -1.1228826e-03
   1.3204726e-01  -5.5757438e-01   5.2161615e-01  -4.0426039e-04  -2.8567019e-03  -6.6221917e-04
   1.3590779e-01  -5.7442179e-01   5.6235272e-01  -4.7558234e-04  -2.4993165e-03  -5.7313242e-04
   1.2876254e-01  -5.5014787e-01   5.4102251e-01   1.1376172e-04  -2.4039018e-03  -8.3724047e-04
   1.3658332e-01  -5.7395239e-01   5.9569780e-01  -2.4533518e-04  -2.4383368e-03  -9.1458425e-04
   1.5583523e-01  -5.5743432e-01   5.9348610e-01   5.2563753e-05  -3.0916046e-03  -8.8639281e-04
   1.5996050e-01  -5.4611956e-01   5.6199040e-01   1.9333450e-04  -3.4149689e-03  -3.6301616e-04
   1.4270085e-01  -5.6812562e-01   5.5292716e-01  -2.8130135e-04  -3.0846986e-03  -6.8373564e-04
   1.3987226e-01  -5.2678062e-01   5.3688584e-01   3.4579542e-04  -2.9899870e-03  -6.2465235e-04
   1.4448080e-01  -5.4945101e-01   5.5677063e-01   5.7733093e-04  -3.0361482e-03  -7.9491267e-04
   1.3659088e-01  -5.4434952e-01   5.4054639e-01   8.1719662e-04  -2.9132966e-03  -7.1788928e-04
   1.4616687e-01  -5.7331072e-01   5.5684301e-01   7.2134549e-04  -2.8911768e-03  -6.0282081e-04
   1.3247457e-01  -5.8714795e-01   5.3004193e-01   1.8741630e-04  -2.8041278e-03  -7.6436054e-04
   1.3572508e-01  -6.0744414e-01   5.3608578e-01   2.5209450e-04  -2.8255146e-03  -7.2467249e-04
   1.3757548e-01  -5.9729377e-01   5.3286598e-01   2.0612494e-04  -2.6689671e-03  -7.6164181e-04
   1.4801504e-01  -6.0038866e-01   5.2413340e-01   5.8694793e-04  -2.6088800e-03  -8.5694119e-04
   1.3929531e-01  -6.1305488e-01   5.4803811e-01   5.4232201e-05  -2.5413764e-03  -5.4497285e-04
   1.2754053e-01  -5.9037649e-01   5.3003120e-01   5.5103338e-04  -2.7909775e-03  -8.4315177e-04
   1.2979256e-01  -5.9920593e-01   5.3678983e-01   3.1550883e-04  -2.7955195e-03  -8.7428089e-04
   1.3070192e-01  -6.0041994e-01   5.5598216e-01   3.3854369e-04  -2.5851000e-03  -8.6888641e-04
   1.2885046e-01  -5.8780356e-01   5.4524946e-01   1.5759847e-03  -2.6363930e-03  -9.1172245e-04
   1.2283519e-01  -6.3710025e-01   5.6732978e-01   1.5260374e-04  -2.4163076e-03  -7.0644865e-04
   1.1943318e-01  -6.2582562e-01   5.3689343e-01   5.3318110e-05  -2.4989397e-03  -9.8439697e-04
   1.3139133e-01  -6.3000694e-01   5.3143516e-01  -3.3204500e-05  -2.7755612e-03  -9.3832018e-04
   1.3427653e-01  -5.9383717e-01   5.0879620e-01   5.2147797e-04  -2.6538126e-03  -7.7819811e-04
   1.4548725e-01  -5.8051279e-01   5.4825677e-01   1.4110869e-03  -2.5558773e-03  -9.5849934e-04
   1.2369251e-01  -5.8916529e-01   5.4437886e-01   9.0973218e-04  -2.6868467e-03  -1.0380371e-03
   1.3347184e-01  -5.9026075e-01   5.5716301e-01   1.1204916e-03  -2.5864286e-03  -1.1429703e-03
   1.1186397e-01  -5.4944158e-01   5.5760580e-01   1.4029560e-03  -2.4366344e-03  -1.5473536e-03
   1.1768447e-01  -5.9118634e-01   5.9472479e-01   4.7680535e-04  -2.4688789e-03  -1.3769500e-03
   1.2616408e-01  -5.7327495e-01   5.8173184e-01   9.4762800e-04  -2.4449923e-03  -1.0479943e-03
   1.3934858e-01  -6.0834812e-01   5.9373318e-01   4.8031905e-04  -2.5541807e-03  -9.4466158e-04
   1.4196211e-01  -6.0592706e-01   6.0160477e-01  -3.1261802e-04  -2.4889574e-03  -8.2089475e-04
   1.4868677e-01  -5.8439986e-01   5.4800208e-01   6.6239607e-04  -2.6123505e-03  -8.5093813e-04
   1.4987663e-01  -5.9288446e-01   5.6942809e-01   5.6146552e-04  -2.3159447e-03  -6.4361321e-04
   1.4415817e-01  -5.8948134e-01   5.3185123e-01   6.2670649e-04  -2.5949501e-03  -6.3973716e-04
   1.4831486e-01  -5.9166333e-01   5.2941116e-01   8.3205699e-04  -2.7779587e-03  -7.6860881e-04
   1.4755547e-01  -5.7003861e-01   5.2816071e-01   1.0652705e-03  -2.9531332e-03  -4.0765754e-04
   1.4344867e-01  -5.9049936e-01   5.5422210e-01   1.0499503e-03  -2.9654011e-03  -5.7106155e-04
   1.3206415e-01  -6.0134163e-01   5.6520675e-01   3.4765490e-04  -2.9483398e-03  -6.2553827e-04
   1.1265369e-01  -6.1489919e-01   5.0786091e-01  -1.7919434e-04  -2.8638116e-03  -9.4138754e-04
   1.3409555e-01  -6.3376946e-01   5.6064127e-01  -9.1002618e-04  -2.7926233e-03  -7.3871023e-04
   1.1993715e-01  -6.1922673e-01   5.2263973e-01  -3.6859406e-04  -3.0004721e-03  -9.6820310e-04
   1.1916782e-01  -6.3942262e-01   5.4583368e-01  -6.4237006e-04  -2.9579666e-03  -8.6600476e-04
   1.0776519e-01  -6.3248056e-01   5.3322874e-01  -4.9581911e-04  -3.0571996e-03  -1.0384384e-03
   1.0827905e-01  -6.3920889e-01   5.5124018e-01  -6.4434448e-04  -3.0249420e-03  -1.0799449e-03
   1.0832077e-01  -6.2065829e-01   5.2134350e-01  -2.8154434e-04  -3.0189182e-03  -1.2568686e-03
   1.0270867e-01  -6.3647817e-01   5.5265355e-01  -7.4952138e-04  -3.0766125e-03  -1.3013004e-03
   8.9955284e-02  -6.1106509e-01   5.2869806e-01  -2.4872197e-04  -2.9896382e-03  -1.4184041e-03
   9.3331751e-02  -6.2780334e-01   5.2228203e-01  -5.2822508e-04  -3.0933336e-03  -1.4833089e-03
   8.5631436e-02  -5.8281948e-01   5.0785066e-01   6.1037222e-04  -3.0632913e-03  -1.4722379e-03
   1.0368625e-01  -5.9826152e-01   5.0886240e-01   9.3672758e-04  -3.1909989e-03  -1.3169980e-03
   8.9102076e-02  -6.0387323e-01   5.1825888e-01   9.1064964e-04  -3.3157271e-03  -1.3463295e-03
   8.3416340e-02  -6.2977111e-01   5.1168660e-01   8.2101216e-04  -3.3015209e-03  -1.4294262e-03
   8.2456423e-02  -6.2735563e-01   5.1976011e-01   2.7903260e-04  -3.4798543e-03  -1.2294932e-03
   9.1797591e-02  -6.5724064e-01   5.1863059e-01  -8.8725108e-05  -3.4802452e-03  -1.3625271e-03
   9.1036153e-02  -6.5587853e-01   5.0836667e-01  -1.4056924e-05  -3.4158405e-03  -1.3485743e-03
   1.0226064e-01  -6.5123484e-01   5.0315921e-01   7.9472432e-04  -3.3588611e-03  -1.4362476e-03
   9.7520558e-02  -6.3207053e-01   5.4356361e-01   7.1397878e-04  -3.1854985e-03  -1.3198542e-03
   9.4597442e-02  -6.5123092e-01   5.4947913e-01   3.7360509e-04  -3.2808673e-03  -1.5316676e-03
   9.4887262e-02  -6.4379165e-01   5.4171599e-01   2.0286890e-04  -3.1763624e-03  -1.3733114e-03
   8.7093318e-02  -6.3843442e-01   4.7384558e-01   3.4929062e-04  -3.2581627e-03  -1.5052636e-03
   8.5162162e-02  -6.5146275e-01   5.0701084e-01  -3.2656512e-05  -3.2958626e-03  -1.4345123e-03
