6.2228e-08
4.5659e-07
1.2626e-05
4.0265e-05
6.9913e-05
8.0806e-05
8.1886e-05
8.3692e-05
7.9816e-05
7.8865e-05
7.3088e-05
5.4562e-05
4.5346e-05
5.5271e-05
7.0476e-05
7.1811e-05
6.9389e-05
7.5633e-05
7.0774e-05
6.0562e-05
5.424e-05
4.4858e-05
4.2824e-05
5.5005e-05
7.8474e-05
8.3536e-05
7.4748e-05
6.8645e-05
7.2437e-05
8.3319e-05
8.2511e-05
6.9012e-05
5.9251e-05
5.09e-05
4.8925e-05
5.2103e-05
6.0653e-05
6.7336e-05
7.0371e-05
7.4125e-05
6.9196e-05
6.2099e-05
5.5165e-05
6.0246e-05
6.5669e-05
5.8088e-05
5.3522e-05
5.7687e-05
6.6296e-05
6.5838e-05
7.1065e-05
6.7784e-05
6.4244e-05
6.7561e-05
7.0166e-05
6.3628e-05
5.6121e-05
5.8536e-05
6.3652e-05
7.3991e-05
8.0728e-05
6.9647e-05
6.7636e-05
7.8182e-05
7.7624e-05
7.4143e-05
7.849e-05
7.1901e-05
5.6237e-05
5.0634e-05
4.8457e-05
5.9662e-05
6.41e-05
5.9481e-05
5.9294e-05
7.0346e-05
7.9474e-05
8.6771e-05
7.9605e-05
5.4355e-05
5.2328e-05
6.2673e-05
5.7757e-05
5.9322e-05
7.2264e-05
8.7395e-05
8.5619e-05
6.1641e-05
3.482e-05
3.1696e-05
4.186e-05
5.4174e-05
6.4514e-05
6.7877e-05
7.6223e-05
7.8042e-05
7.5043e-05
7.8983e-05
8.2585e-05
7.884e-05
7.6571e-05
8.195e-05
8.3723e-05
7.8776e-05
7.2199e-05
6.8965e-05
6.2684e-05
5.4664e-05
5.0008e-05
5.3822e-05
5.2561e-05
4.6833e-05
5.1412e-05
5.9294e-05
7.4328e-05
7.8535e-05
6.181e-05
4.961e-05
5.981e-05
7.6939e-05
8.0629e-05
8.7198e-05
8.3201e-05
6.7015e-05
5.5742e-05
5.3943e-05
6.4004e-05
7.6212e-05
7.4986e-05
7.5781e-05
7.2377e-05
7.0816e-05
6.0189e-05
4.2642e-05
4.5078e-05
5.2073e-05
4.9737e-05
5.3539e-05
5.0668e-05
5.1485e-05
5.9518e-05
6.3673e-05
7.2786e-05
8.6613e-05
9.5535e-05
9.1596e-05
7.9016e-05
6.16e-05
5.285e-05
5.7318e-05
6.6368e-05
6.6152e-05
5.9467e-05
5.6586e-05
5.8862e-05
6.5156e-05
7.2118e-05
7.457e-05
8.1005e-05
8.4279e-05
7.5541e-05
6.1472e-05
5.9082e-05
5.4168e-05
4.4602e-05
5.0754e-05
6.157e-05
5.8794e-05
6.1915e-05
7.2881e-05
7.5863e-05
7.0675e-05
6.4985e-05
6.6084e-05
6.2892e-05
6.377e-05
7.1018e-05
8.3953e-05
8.7933e-05
8.0776e-05
7.6771e-05
7.9573e-05
7.7351e-05
7.1578e-05
7.4723e-05
7.6155e-05
7.1468e-05
6.9748e-05
7.8521e-05
8.5527e-05
7.4431e-05
6.4764e-05
6.1458e-05
5.1512e-05
4.7155e-05
4.6844e-05
5.193e-05
5.8092e-05
5.9363e-05
7.3566e-05
7.7141e-05
7.5555e-05
8.1696e-05
8.4044e-05
7.5543e-05
7.1027e-05
6.8818e-05
6.5083e-05
6.1434e-05
5.7611e-05
6.4968e-05
6.2628e-05
4.8463e-05
5.0574e-05
5.5719e-05
5.4464e-05
5.4626e-05
5.716e-05
5.5017e-05
5.8825e-05
6.8581e-05
7.1924e-05
6.6978e-05
6.6898e-05
7.153e-05
7.0431e-05
6.7232e-05
6.5829e-05
7.1953e-05
7.5572e-05
7.3602e-05
6.7404e-05
6.1027e-05
6.121e-05
6.7491e-05
6.4662e-05
5.7001e-05
6.6105e-05
7.559e-05
7.8501e-05
8.3668e-05
8.4089e-05
6.7678e-05
5.6753e-05
5.2218e-05
4.7072e-05
5.5958e-05
7.1194e-05
6.9425e-05
6.424e-05
6.6965e-05
7.5301e-05
8.1854e-05
7.405e-05
7.1658e-05
7.3669e-05
6.7951e-05
6.4707e-05
6.5078e-05
6.3689e-05
6.1298e-05
6.3963e-05
6.256e-05
6.2808e-05
7.442e-05
8.4764e-05
8.0273e-05
7.0444e-05
7.063e-05
7.1043e-05
6.7532e-05
5.3899e-05
4.7687e-05
5.2438e-05
5.5989e-05
6.0293e-05
6.0106e-05
4.5e-05
3.7637e-05
3.89e-05
3.9354e-05
3.5606e-05
2.8927e-05
3.9549e-05
5.6472e-05
6.3756e-05
6.9087e-05
7.9873e-05
9.2634e-05
9.0967e-05
7.1626e-05
6.2777e-05
7.1133e-05
7.3427e-05
6.789e-05
6.4822e-05
6.4442e-05
6.2508e-05
6.2377e-05
6.5554e-05
7.5984e-05
8.1772e-05
7.9701e-05
7.1674e-05
6.3071e-05
6.1241e-05
6.163e-05
6.5006e-05
7.2336e-05
7.5045e-05
8.0461e-05
8.1789e-05
7.3586e-05
6.6199e-05
6.7031e-05
7.9738e-05
8.2067e-05
7.4473e-05
6.8711e-05
6.0275e-05
4.5624e-05
4.395e-05
4.8155e-05
5.2559e-05
5.3027e-05
4.8626e-05
5.3827e-05
5.7082e-05
5.83e-05
6.2928e-05
6.6341e-05
7.3449e-05
8.0942e-05
7.3912e-05
6.4864e-05
6.1981e-05
5.5139e-05
5.6808e-05
6.7714e-05
7.3339e-05
6.6971e-05
6.9447e-05
7.1923e-05
6.9151e-05
6.7789e-05
6.2783e-05
5.3439e-05
4.0903e-05
4.8014e-05
6.9152e-05
8.242e-05
8.1376e-05
7.9924e-05
8.2051e-05
7.0006e-05
5.6801e-05
4.6576e-05
3.7991e-05
4.5887e-05
7.2319e-05
7.6944e-05
8.5123e-05
