6.2545e-08
4.5429e-07
1.2613e-05
4.0244e-05
6.9895e-05
8.0801e-05
8.1882e-05
8.3694e-05
7.9819e-05
7.8863e-05
7.3094e-05
5.4572e-05
4.5346e-05
5.5265e-05
7.0475e-05
7.1818e-05
6.939e-05
7.563e-05
7.0778e-05
6.0563e-05
5.4243e-05
4.4861e-05
4.2823e-05
5.4996e-05
7.8466e-05
8.3538e-05
7.4752e-05
6.8648e-05
7.2436e-05
8.3317e-05
8.2516e-05
6.9015e-05
5.9253e-05
5.0902e-05
4.8926e-05
5.2102e-05
6.065e-05
6.7335e-05
7.0368e-05
7.4125e-05
6.9202e-05
6.2103e-05
5.5166e-05
6.024e-05
6.5675e-05
5.8095e-05
5.3522e-05
5.7678e-05
6.6291e-05
6.5834e-05
7.1059e-05
6.7786e-05
6.4242e-05
6.7556e-05
7.0164e-05
6.3634e-05
5.6124e-05
5.8536e-05
6.3647e-05
7.398e-05
8.0727e-05
6.9653e-05
6.763e-05
7.8177e-05
7.7627e-05
7.4141e-05
7.8487e-05
7.1913e-05
5.6246e-05
5.0637e-05
4.8453e-05
5.9653e-05
6.4103e-05
5.9487e-05
5.9293e-05
7.034e-05
7.947e-05
8.6769e-05
7.9619e-05
5.4367e-05
5.2324e-05
6.2675e-05
5.7763e-05
5.932e-05
7.2257e-05
8.7391e-05
8.5629e-05
6.1659e-05
3.4829e-05
3.1691e-05
4.1854e-05
5.4167e-05
6.4511e-05
6.7873e-05
7.6218e-05
7.8041e-05
7.5038e-05
7.8974e-05
8.2582e-05
7.8842e-05
7.6571e-05
8.1948e-05
8.3727e-05
7.8784e-05
7.2202e-05
6.8965e-05
6.2684e-05
5.4665e-05
5.0009e-05
5.3824e-05
5.2571e-05
4.6836e-05
5.1411e-05
5.9292e-05
7.4325e-05
7.8544e-05
6.1822e-05
4.961e-05
5.9798e-05
7.6936e-05
8.063e-05
8.7198e-05
8.321e-05
6.7027e-05
5.5748e-05
5.3943e-05
6.3994e-05
7.6207e-05
7.4985e-05
7.5783e-05
7.2383e-05
7.0821e-05
6.0203e-05
4.2649e-05
4.507e-05
5.2069e-05
4.9731e-05
5.3532e-05
5.0669e-05
5.1484e-05
5.9521e-05
6.3676e-05
7.2784e-05
8.6606e-05
9.5532e-05
9.1602e-05
7.9028e-05
6.161e-05
5.2853e-05
5.7314e-05
6.6364e-05
6.6151e-05
5.9464e-05
5.6583e-05
5.8859e-05
6.5152e-05
7.2116e-05
7.4569e-05
8.1e-05
8.4275e-05
7.5543e-05
6.1474e-05
5.9083e-05
5.4178e-05
4.4607e-05
5.0748e-05
6.157e-05
5.8801e-05
6.1914e-05
7.2878e-05
7.5864e-05
7.0682e-05
6.4989e-05
6.6088e-05
6.2896e-05
6.3771e-05
7.1014e-05
8.3949e-05
8.7936e-05
8.0779e-05
7.677e-05
7.9573e-05
7.7357e-05
7.1579e-05
7.4718e-05
7.6155e-05
7.1469e-05
6.9743e-05
7.8509e-05
8.5522e-05
7.4435e-05
6.4763e-05
6.146e-05
5.1517e-05
4.7156e-05
4.6843e-05
5.1925e-05
5.8096e-05
5.9363e-05
7.3558e-05
7.7139e-05
7.5551e-05
8.1689e-05
8.4043e-05
7.5546e-05
7.1025e-05
6.8817e-05
6.5081e-05
6.1434e-05
5.7609e-05
6.4966e-05
6.264e-05
4.8473e-05
5.0576e-05
5.5724e-05
5.4467e-05
5.4624e-05
5.7158e-05
5.5017e-05
5.8817e-05
6.8575e-05
7.1924e-05
6.698e-05
6.6895e-05
7.1529e-05
7.0434e-05
6.7235e-05
6.583e-05
7.1952e-05
7.5573e-05
7.3605e-05
6.741e-05
6.1032e-05
6.121e-05
6.7489e-05
6.4665e-05
5.6997e-05
6.6096e-05
7.5586e-05
7.85e-05
8.3665e-05
8.4093e-05
6.7685e-05
5.6752e-05
5.2218e-05
4.7068e-05
5.5947e-05
7.1193e-05
6.9431e-05
6.4241e-05
6.6962e-05
7.5293e-05
8.1852e-05
7.4055e-05
7.1657e-05
7.367e-05
6.7953e-05
6.4707e-05
6.5079e-05
6.3693e-05
6.1299e-05
6.3965e-05
6.2564e-05
6.2802e-05
7.4407e-05
8.4758e-05
8.0278e-05
7.0445e-05
7.0627e-05
7.1042e-05
6.7538e-05
5.3908e-05
4.7688e-05
5.2436e-05
5.5987e-05
6.029e-05
6.0111e-05
4.5008e-05
3.7634e-05
3.8895e-05
3.9351e-05
3.5608e-05
2.8926e-05
3.954e-05
5.6469e-05
6.3757e-05
6.9084e-05
7.9867e-05
9.263e-05
9.0976e-05
7.1639e-05
6.2778e-05
7.113e-05
7.3428e-05
6.789e-05
6.482e-05
6.4442e-05
6.2508e-05
6.2379e-05
6.5553e-05
7.5982e-05
8.1775e-05
7.9705e-05
7.1681e-05
6.3077e-05
6.1245e-05
6.1634e-05
6.5004e-05
7.2334e-05
7.5046e-05
8.0461e-05
8.1792e-05
7.3587e-05
6.6198e-05
6.7025e-05
7.9731e-05
8.2068e-05
7.4476e-05
6.8713e-05
6.0284e-05
4.5632e-05
4.3949e-05
4.8153e-05
5.2553e-05
5.3024e-05
4.8621e-05
5.3819e-05
5.7077e-05
5.8294e-05
6.2924e-05
6.6339e-05
7.3449e-05
8.095e-05
7.3928e-05
6.4871e-05
6.1983e-05
5.5139e-05
5.6803e-05
6.771e-05
7.3345e-05
6.6978e-05
6.9449e-05
7.1929e-05
6.9154e-05
6.779e-05
6.2783e-05
5.3445e-05
4.0907e-05
4.8005e-05
6.9141e-05
8.2418e-05
8.1381e-05
7.9924e-05
8.2055e-05
7.0017e-05
5.6808e-05
4.658e-05
3.7989e-05
4.5868e-05
7.2303e-05
7.6937e-05
8.5121e-05
