   0.0000000e+00   0.0000000e+00   0.0000000e+00   2.7755576e-17   0.0000000e+00   0.0000000e+00
  -5.7927896e-02   3.6978821e-02   3.2294287e-01   9.4642397e-04  -1.5950805e-03  -9.5342680e-04
  -6.9821766e-02   6.1018396e-02   4.1978338e-01   9.3364932e-04  -1.9157081e-03  -6.9868105e-04
  -7.0817396e-02   8.0008763e-02   4.7502135e-01   1.6124025e-03  -2.1140036e-03  -5.6560246e-04
  -7.2087853e-02   7.9792562e-02   4.7452496e-01   1.6806772e-03  -2.1601409e-03  -3.6826179e-04
  -7.2139216e-02   8.9600508e-02   4.6905690e-01   2.0878927e-03  -2.1945884e-03  -2.8811188e-04
  -7.1159391e-02   4.5171439e-02   4.7682699e-01   1.3583186e-03  -2.0312739e-03  -4.6839457e-04
  -7.3066270e-02   7.6775638e-02   4.5090890e-01   1.6935450e-03  -2.3079704e-03  -4.6802721e-04
  -6.6787327e-02   4.6720807e-02   5.0776084e-01   1.4601040e-03  -1.9437667e-03  -4.0263546e-04
  -6.5666519e-02   6.8806738e-02   4.5393983e-01   1.5194687e-03  -2.0804816e-03  -3.5154134e-04
  -7.0922771e-02   5.5626055e-02   4.7935751e-01   2.0063750e-03  -2.0648888e-03  -1.3594072e-04
  -7.8660974e-02   3.8919094e-02   4.4492769e-01   1.5773615e-03  -2.3130803e-03  -7.7623136e-05
  -8.2485701e-02   1.0785926e-02   4.2662136e-01   4.5090321e-04  -2.2460012e-03   1.7438139e-05
  -9.4161143e-02   2.9165558e-02   4.7083923e-01   1.7774569e-03  -2.3718829e-03  -3.8007041e-04
  -8.6487961e-02   3.2565626e-02   4.3088719e-01   1.5098802e-03  -2.1432196e-03  -4.5754236e-04
  -8.2164296e-02   2.4974366e-02   4.4737151e-01   1.8387848e-03  -1.9930842e-03  -3.8108471e-04
  -8.8720450e-02   3.5459444e-02   4.7852271e-01   2.1021696e-03  -2.2480384e-03  -4.2064072e-04
  -8.3378974e-02   1.5776588e-02   4.6309906e-01   1.6020093e-03  -2.0406529e-03  -4.2300682e-04
  -8.5193543e-02   2.7322636e-02   4.3894393e-01   1.8411630e-03  -2.0397561e-03  -3.4206193e-04
  -7.8840967e-02  -5.9487370e-03   4.6800687e-01   1.4039054e-03  -1.9160039e-03  -3.8809886e-04
  -8.1753031e-02   2.1729419e-02   4.9075823e-01   1.8981707e-03  -2.0925464e-03  -3.4989752e-04
  -8.0037914e-02   2.1213762e-02   4.6346610e-01   1.6828534e-03  -2.1081166e-03  -3.5591016e-04
  -7.1571638e-02  -1.0034814e-02   4.7517133e-01   1.6817047e-03  -1.8477550e-03  -6.0699024e-04
  -8.4967548e-02   2.5119448e-02   4.6586315e-01   2.2584741e-03  -2.1472715e-03  -4.8468768e-04
  -7.8037755e-02   4.2862689e-02   4.7782819e-01   2.5261040e-03  -2.0236409e-03  -5.6927426e-04
  -8.3245884e-02   2.2339837e-02   4.8015424e-01   2.2380945e-03  -1.9595617e-03  -3.7466778e-04
  -7.7542509e-02   1.2457741e-02   4.5336430e-01   1.5979539e-03  -1.7060166e-03  -2.7986897e-04
  -8.1257613e-02   1.8372112e-02   4.5480694e-01   2.0631616e-03  -1.6611017e-03  -1.0295355e-04
  -9.6504307e-02   2.8502600e-02   4.7301634e-01   2.3713188e-03  -2.0763420e-03  -2.0299452e-04
  -8.4045261e-02   1.9869972e-02   4.6833463e-01   2.2011246e-03  -1.9299079e-03  -1.8071340e-04
  -8.6039887e-02   9.0072122e-03   4.9173052e-01   2.6964430e-03  -1.8956872e-03  -1.1671134e-04
  -8.9832033e-02   1.9259466e-02   5.2069344e-01   3.5757641e-03  -2.0068288e-03  -4.5498698e-04
  -9.3041536e-02   4.5860156e-02   4.9356378e-01   3.9833485e-03  -2.1376799e-03  -4.6519391e-04
  -1.1450039e-01   2.7347970e-02   5.3593750e-01   3.8377872e-03  -2.3588890e-03  -3.6279754e-05
  -1.1898057e-01   1.3102104e-02   5.0810244e-01   3.0453597e-03  -2.5685530e-03   1.7251242e-04
  -9.9829642e-02  -9.3323274e-02   4.1586972e-01  -2.7264033e-04  -2.2517790e-03   2.4887580e-04
  -1.1130568e-01  -5.6386138e-02   4.3880230e-01   1.0307599e-03  -2.3232405e-03   6.2956359e-05
  -1.0282614e-01  -3.9710438e-02   4.3034427e-01   1.0891556e-03  -2.2769584e-03   1.5127649e-04
  -1.0066783e-01  -1.4382562e-02   4.3216007e-01   1.5558025e-03  -2.2266652e-03   1.3914911e-05
  -1.1564261e-01  -1.0369045e-02   4.4410687e-01   1.3674508e-03  -2.3260506e-03  -7.4377555e-05
  -1.1091079e-01  -2.6254210e-02   4.3592808e-01   1.2808588e-03  -2.4268636e-03   9.8028919e-05
  -1.1724614e-01  -6.2679715e-02   4.7889191e-01   9.9326576e-04  -2.6812320e-03   6.6773463e-04
  -1.0186531e-01  -4.8981163e-02   4.2161196e-01   6.0288590e-04  -2.3144923e-03   9.2818868e-04
  -9.9246040e-02  -7.5497733e-02   4.1419355e-01   2.3279099e-04  -2.0152816e-03   7.0388711e-04
  -1.0421499e-01  -6.3704922e-02   3.9282631e-01   1.5408371e-03  -2.0914339e-03   1.0339384e-03
  -8.9366194e-02  -9.5622178e-02   4.2330767e-01   7.9917694e-04  -1.8098862e-03   9.9565417e-04
  -1.1889666e-01  -7.1436394e-02   4.0548530e-01   1.2909217e-03  -2.1517437e-03   8.2376382e-04
  -1.1226334e-01  -7.8606504e-02   3.3784956e-01   4.0152300e-04  -1.9697775e-03   8.7253865e-04
  -1.0084338e-01  -1.2288068e-01   3.8029297e-01  -2.1865268e-04  -1.7882489e-03   1.1399875e-03
  -1.0132481e-01  -1.2257618e-01   4.6229683e-01  -2.5714551e-05  -2.4641184e-03   1.5627825e-03
  -8.3773358e-02  -1.1728072e-01   3.8623235e-01  -6.7632957e-04  -1.8734994e-03   1.1448296e-03
  -9.3693218e-02  -1.2118109e-01   3.6710829e-01  -4.9699279e-04  -1.6544941e-03   1.1561589e-03
  -1.1239119e-01  -1.0185865e-01   4.0340008e-01  -4.6071143e-05  -1.7470956e-03   1.3408321e-03
  -8.9247821e-02  -1.1079226e-01   3.7417541e-01  -2.0167596e-04  -1.5400741e-03   1.1484009e-03
  -8.8981845e-02  -1.0635207e-01   4.4938533e-01   6.4260035e-04  -1.4354804e-03   6.9250262e-04
  -1.0157780e-01  -1.1015036e-01   4.2877666e-01   4.1776606e-04  -1.6299601e-03   8.5379549e-04
  -8.8460225e-02  -9.1339079e-02   4.4539309e-01   1.0467783e-03  -1.4338116e-03   5.1819950e-04
  -9.5518756e-02  -9.0282464e-02   4.4973562e-01   7.6977455e-04  -1.4265075e-03   6.7470302e-04
  -7.7881632e-02  -7.1922049e-02   4.2225355e-01   8.4473333e-04  -1.0967266e-03   6.1751713e-04
  -7.8592153e-02  -9.5770004e-02   4.5090540e-01   2.7166626e-04  -1.0846386e-03   7.3684908e-04
  -7.5482246e-02  -7.4895454e-02   4.2072312e-01   1.0332544e-03  -1.2172732e-03   7.7041783e-04
  -7.3807593e-02  -1.1506974e-01   4.4498921e-01   4.8693782e-04  -1.1207034e-03   7.7062251e-04
  -8.1675919e-02  -6.4003360e-02   4.1032311e-01   1.4873213e-03  -1.2122474e-03   7.7710146e-04
  -8.0482548e-02  -8.3579399e-02   4.3038307e-01   7.3789126e-04  -1.0828088e-03   9.0595942e-04
  -8.1030789e-02  -8.5411484e-02   4.3790001e-01   8.9137396e-04  -1.3608653e-03   8.6445312e-04
  -7.5158157e-02  -9.9484945e-02   4.2793585e-01   1.2486944e-03  -1.0888176e-03   6.1129134e-04
  -9.8024847e-02  -6.4193212e-02   3.9781604e-01   1.9539986e-03  -1.3706360e-03   6.7577308e-04
  -8.3146070e-02  -9.7139165e-02   4.2646234e-01   1.7353483e-03  -1.1824084e-03   4.0852428e-04
  -9.5348408e-02  -8.7250045e-02   4.1401775e-01   1.9531430e-03  -1.2178732e-03   4.4457445e-04
  -8.2270544e-02  -1.0691806e-01   4.0811193e-01   1.5266390e-03  -8.9257393e-04   5.6736760e-04
  -8.7076208e-02  -1.1882798e-01   3.9498394e-01   1.3578563e-03  -9.7600108e-04   7.1494413e-04
  -8.0189757e-02  -7.7220460e-02   3.8999720e-01   2.0547935e-03  -8.8251378e-04   6.2549156e-04
  -8.9595463e-02  -6.4071094e-02   4.2284264e-01   2.7875384e-03  -1.2403663e-03   4.7909285e-04
  -8.2610434e-02  -6.5481749e-02   3.9766091e-01   2.2601292e-03  -1.0122117e-03   4.6431708e-04
  -9.7567132e-02  -7.8356757e-02   4.4048309e-01   2.3689650e-03  -1.3030515e-03   8.5618914e-04
  -8.7056676e-02  -6.3929302e-02   3.8889390e-01   2.6581232e-03  -9.5762668e-04   5.4939191e-04
  -9.9222553e-02  -5.0963610e-02   4.2969658e-01   3.5756049e-03  -1.4089922e-03   4.1728204e-04
  -1.0167319e-01  -4.6332225e-02   4.4090713e-01   3.7162857e-03  -1.3688708e-03   9.7255022e-04
  -9.5813714e-02  -7.3612959e-02   4.6961003e-01   3.4544929e-03  -1.2049155e-03   6.9904320e-04
  -9.1968696e-02  -6.4975137e-02   3.9761549e-01   3.4517972e-03  -1.0010455e-03   7.8076638e-04
  -8.0092087e-02  -7.5293988e-02   4.1322615e-01   3.5340472e-03  -6.9887472e-04   6.0324127e-04
  -1.0185325e-01  -4.5210777e-02   3.7865725e-01   3.8896915e-03  -1.0968989e-03   7.4694568e-04
  -9.7879987e-02  -5.8270996e-02   4.1401342e-01   3.8168751e-03  -6.8235725e-04   7.4463506e-04
  -1.0279617e-01  -4.3497843e-02   3.9124546e-01   4.3096534e-03  -9.1656837e-04   6.9869751e-04
  -8.8431941e-02  -6.5799022e-02   4.0598556e-01   4.2561140e-03  -5.2940057e-04   3.5932431e-04
  -9.5637452e-02  -2.9460930e-02   3.5266380e-01   4.6794096e-03  -5.0411037e-04   2.5356541e-04
  -8.9187941e-02  -4.8733230e-02   3.7114399e-01   4.0408595e-03  -3.4566719e-04   5.7954079e-04
  -9.2565280e-02  -5.2910475e-02   3.5412523e-01   4.2136597e-03  -5.1603020e-04   6.0932978e-04
  -8.1892088e-02  -9.3137177e-02   3.2332969e-01   3.2531101e-03  -8.5413219e-05   4.0516953e-04
  -1.0140063e-01  -7.3358534e-02   3.2266912e-01   3.8033063e-03  -7.2184171e-04   4.9032336e-04
  -9.3175052e-02  -3.3607235e-02   3.3563268e-01   4.8487732e-03  -5.4411186e-04   3.6556641e-04
  -9.9628769e-02  -4.8619972e-02   3.8857687e-01   4.3312108e-03  -6.7682458e-04   7.0892847e-04
  -9.1564987e-02  -4.6475385e-02   3.4913723e-01   4.2352577e-03  -4.0357698e-04   6.5700711e-04
  -9.2074020e-02  -5.4687343e-02   3.9978653e-01   4.4634574e-03  -4.9165588e-04   7.5403803e-04
  -9.9273292e-02  -3.0012158e-02   3.6772934e-01   4.9167840e-03  -5.3640588e-04   6.9558101e-04
  -9.3713617e-02  -4.4877135e-02   3.8067162e-01   4.8772958e-03  -3.6516117e-04   6.5352636e-04
  -1.0335742e-01  -5.0010690e-02   4.0489118e-01   5.3383242e-03  -8.9703247e-04   6.4796394e-04
  -8.9117960e-02  -6.1143303e-02   3.3533906e-01   4.8456805e-03  -1.6601030e-04   7.0771109e-04
  -9.3238731e-02  -5.7125206e-02   3.5552039e-01   4.8584347e-03  -3.2495683e-04   7.2809779e-04
  -9.2183721e-02  -7.4516346e-02   3.1709547e-01   4.2127874e-03  -2.8076233e-04   8.2536456e-04
  -8.0212776e-02  -8.7100483e-02   3.3526670e-01   4.8773891e-03  -1.1346521e-04   8.4016705e-04
  -9.0682872e-02  -6.8803566e-02   3.4398448e-01   5.1275264e-03  -2.8921882e-04   9.6155650e-04
  -8.6585668e-02  -5.9194848e-02   3.2946145e-01   5.2176730e-03  -2.3205068e-04   7.9169786e-04
  -9.0919385e-02  -8.1809896e-02   3.5108908e-01   4.5784952e-03  -6.4590865e-05   9.2260236e-04
  -8.8964857e-02  -8.5283109e-02   3.3708185e-01   4.7276376e-03  -1.2597587e-04   9.1535549e-04
  -9.4251103e-02  -8.9803605e-02   3.7356755e-01   5.0241521e-03  -3.0872417e-04   1.0673508e-03
  -9.7407056e-02  -6.5679272e-02   3.3736086e-01   5.5583841e-03  -5.4725493e-04   9.1667627e-04
  -1.0326824e-01  -5.7504332e-02   3.5529469e-01   6.0458495e-03  -5.7330918e-04   1.1188265e-03
  -8.9788850e-02  -8.1066244e-02   4.5126976e-01   5.8069727e-03  -4.0852406e-04   8.9189188e-04
  -1.0337904e-01  -6.9367814e-02   3.4820826e-01   5.5051901e-03  -7.6909304e-04   6.5168910e-04
  -9.6780038e-02  -8.2766346e-02   3.8525319e-01   5.5935543e-03  -3.9751756e-04   8.3974752e-04
  -9.9210161e-02  -8.3407721e-02   3.5754568e-01   5.1092812e-03  -5.3863818e-04   9.4586623e-04
  -8.7328712e-02  -9.0291633e-02   3.2205274e-01   4.5188012e-03  -1.4691081e-05   9.0831345e-04
  -1.0306075e-01  -8.4087535e-02   3.9217176e-01   5.0639909e-03  -4.0914282e-04   9.1431145e-04
  -9.6849038e-02  -6.9728044e-02   3.3029378e-01   5.0634340e-03  -4.4570015e-04   6.1563572e-04
  -9.4363598e-02  -1.0838748e-01   3.8014683e-01   4.9580226e-03  -2.8303410e-04   7.0916987e-04
  -1.0126332e-01  -7.3383742e-02   3.5586402e-01   5.6473334e-03  -6.3063289e-04   8.7567525e-04
  -1.0707023e-01  -1.2188624e-01   3.8449509e-01   4.9338107e-03  -5.9674797e-04   1.0297809e-03
  -1.1422668e-01  -9.0358641e-02   3.5989752e-01   5.6467144e-03  -9.3393595e-04   8.0895394e-04
  -9.8638906e-02  -7.8220286e-02   3.7693316e-01   6.0137946e-03  -6.4114692e-04   6.2074583e-04
  -1.0440097e-01  -8.8063738e-02   3.8728873e-01   5.5861032e-03  -5.7499773e-04   9.9103140e-04
  -1.0192343e-01  -6.9921601e-02   3.4545689e-01   6.3116515e-03  -5.9180433e-04   7.1230117e-04
  -1.1242589e-01  -9.8005739e-02   3.5884119e-01   5.6734920e-03  -5.6811999e-04   9.7944168e-04
  -1.0765125e-01  -8.3589769e-02   3.0984664e-01   5.8448144e-03  -4.3454036e-04   8.4257780e-04
  -1.1833483e-01  -9.7608924e-02   3.6011199e-01   5.7018250e-03  -1.0183754e-03   6.9942060e-04
  -1.1636457e-01  -9.5575376e-02   3.2776283e-01   5.4541491e-03  -9.4882412e-04   8.8070722e-04
  -1.0833297e-01  -1.1654161e-01   3.3447142e-01   5.3516898e-03  -4.6897163e-04   7.6357619e-04
  -1.2076692e-01  -8.8379541e-02   3.2482727e-01   5.5031370e-03  -9.0401444e-04   6.4494018e-04
  -1.0758113e-01  -1.0544200e-01   3.5131919e-01   5.1498839e-03  -4.0009800e-04   5.3886362e-04
  -1.1786349e-01  -1.0702618e-01   3.7950171e-01   5.4185343e-03  -8.4550984e-04   6.2427360e-04
  -1.0446901e-01  -8.8873831e-02   3.2370746e-01   5.9996397e-03  -5.3318646e-04   3.2161336e-04
  -1.0898795e-01  -1.1962607e-01   3.4231180e-01   4.9814602e-03  -4.4245571e-04   5.6576045e-04
  -1.0370072e-01  -1.1253215e-01   3.0408001e-01   5.2220056e-03  -2.7112966e-04   6.6815557e-04
  -1.1095216e-01  -1.1214721e-01   3.6292350e-01   5.3497541e-03  -5.5979147e-04   5.9815481e-04
  -9.4181376e-02  -1.1075668e-01   3.1255741e-01   5.2523538e-03  -1.0772011e-04   5.3639279e-04
  -1.0715043e-01  -1.2058088e-01   3.3462027e-01   5.1239946e-03  -3.8748511e-04   6.0120806e-04
  -1.0446043e-01  -8.7551426e-02   2.6659282e-01   5.2988521e-03  -2.9075996e-04   6.5192407e-04
  -1.2405237e-01  -1.0914392e-01   3.4062851e-01   5.0675324e-03  -5.9459692e-04   6.4080688e-04
  -1.3975299e-01  -1.1043891e-01   3.6754222e-01   5.3995281e-03  -1.1442045e-03   6.5151571e-04
  -1.3167816e-01  -1.5313579e-01   3.0316905e-01   4.1288467e-03  -4.4504785e-04   3.0800446e-04
  -1.3008777e-01  -1.4393861e-01   3.0391667e-01   4.2405632e-03  -7.6428637e-04   5.2801922e-05
  -1.3393587e-01  -9.5412666e-02   2.7576391e-01   5.4080783e-03  -7.6252551e-04   1.3431103e-04
  -1.4061524e-01  -1.2158736e-01   2.9389221e-01   4.8868925e-03  -1.1464973e-03   6.8397702e-05
  -1.4222067e-01  -8.2171932e-02   2.7006283e-01   5.9643212e-03  -1.0474762e-03   6.3921121e-05
  -1.2634085e-01  -1.3599146e-01   3.4046767e-01   4.9996003e-03  -5.9522222e-04  -1.4188258e-04
  -1.3608141e-01  -9.7845162e-02   2.7073298e-01   5.3255423e-03  -8.7954209e-04  -3.0132154e-05
  -1.2576677e-01  -1.2515874e-01   3.0856129e-01   4.8800402e-03  -4.7185914e-04  -6.2668102e-05
  -1.3728083e-01  -9.1384425e-02   2.6468127e-01   5.5209673e-03  -8.0070721e-04  -2.4120623e-04
  -1.2844431e-01  -1.0863916e-01   2.7360740e-01   5.5291402e-03  -4.8965840e-04  -1.9470506e-04
  -1.2876446e-01  -1.2818250e-01   3.1814218e-01   4.9704857e-03  -4.3822879e-04  -1.1734608e-05
  -1.1966141e-01  -1.1973668e-01   2.5422039e-01   5.1029957e-03  -3.6173154e-04  -2.9665322e-04
  -1.2230256e-01  -1.3236623e-01   2.9526450e-01   5.1742333e-03  -5.5237878e-04  -2.9113940e-04
  -1.1911827e-01  -1.0558927e-01   2.3622790e-01   5.8074595e-03  -4.6457054e-04  -3.6023620e-04
  -1.1509668e-01  -1.2233420e-01   3.0086069e-01   5.5197827e-03  -2.7339221e-04  -2.7023462e-04
  -1.2088105e-01  -1.2070228e-01   2.5688308e-01   5.6893080e-03  -6.0070493e-04  -4.5475788e-04
  -1.1334074e-01  -1.5728477e-01   2.8153408e-01   5.2060184e-03  -4.1956845e-05  -1.3391961e-04
  -1.2758416e-01  -1.3963519e-01   2.6538526e-01   4.9784253e-03  -5.1791445e-04  -1.0707654e-04
  -1.2534345e-01  -1.1020079e-01   2.5930155e-01   5.5709831e-03  -4.5089300e-04  -4.9378439e-04
  -1.3172065e-01  -1.4270057e-01   2.8711844e-01   5.1272702e-03  -2.8841800e-04  -2.6796636e-04
  -1.2700474e-01  -1.1204719e-01   2.2967445e-01   5.7225152e-03  -4.6793784e-04  -4.3044306e-04
  -1.3566088e-01  -1.4686647e-01   3.0090018e-01   5.1652170e-03  -3.0234086e-04  -4.0176256e-04
  -1.3093518e-01  -1.3736303e-01   2.4095092e-01   5.1326469e-03  -5.0205839e-04  -5.8762853e-04
  -1.2997998e-01  -1.5419798e-01   2.4491974e-01   5.6525644e-03  -8.5908147e-04  -4.0141190e-04
  -1.2292710e-01  -1.5325663e-01   2.4797226e-01   5.2303717e-03  -6.0976165e-04  -5.2211669e-04
  -1.0266042e-01  -1.5448415e-01   2.0077732e-01   4.8828907e-03  -9.6799097e-05  -7.5248425e-04
  -1.1576037e-01  -1.5170130e-01   2.5697050e-01   5.3476276e-03  -2.5678647e-04  -8.0088826e-04
  -1.1797033e-01  -1.3280414e-01   2.2535994e-01   5.8097408e-03  -3.7011764e-04  -9.4301538e-04
  -1.2749609e-01  -1.4389756e-01   2.7305614e-01   6.1068430e-03  -5.4751557e-04  -8.5021223e-04
  -1.1365739e-01  -1.3019904e-01   2.2660731e-01   5.9888907e-03  -1.8150962e-04  -8.7905493e-04
  -1.1950247e-01  -1.5750304e-01   2.9429817e-01   5.8579554e-03  -2.1867121e-04  -7.8638730e-04
  -1.1401963e-01  -1.3225652e-01   2.1591482e-01   5.8698594e-03  -4.7851407e-05  -8.7140346e-04
  -1.2825488e-01  -1.2174899e-01   2.7257563e-01   6.1175763e-03  -4.5534219e-04  -7.4132399e-04
  -1.2646505e-01  -1.1301324e-01   2.4489143e-01   6.0666040e-03  -4.6697393e-04  -7.0393950e-04
  -1.2284681e-01  -1.2975779e-01   2.1137124e-01   6.0250230e-03  -3.8380977e-04  -1.0623526e-03
  -1.3447054e-01  -1.3499809e-01   2.3668467e-01   5.5500428e-03  -2.5319874e-04  -7.5832846e-04
  -1.2607961e-01  -1.4879892e-01   1.6706037e-01   5.0653878e-03  -6.2025142e-05  -1.0967828e-03
  -1.4301798e-01  -1.6195562e-01   2.3972223e-01   5.1926418e-03  -3.0441766e-04  -1.1414565e-03
  -1.3903967e-01  -1.3694845e-01   2.0957200e-01   5.8385682e-03  -4.9953943e-04  -1.3963081e-03
  -1.4308310e-01  -1.7960553e-01   2.4309613e-01   5.6324650e-03  -4.0645392e-04  -1.4336586e-03
  -1.4066419e-01  -1.7707311e-01   1.9575140e-01   5.1983056e-03  -5.4430657e-04  -1.4962004e-03
  -1.4079306e-01  -1.8859251e-01   2.5645608e-01   5.6070625e-03  -4.4238322e-04  -1.4820779e-03
  -1.4009483e-01  -1.7252472e-01   2.2397356e-01   5.6969184e-03  -7.0330038e-04  -1.4900971e-03
  -1.3786337e-01  -1.5157102e-01   2.2442722e-01   6.5762047e-03  -6.9212144e-04  -1.5971798e-03
  -1.4602140e-01  -1.6211484e-01   2.5382770e-01   6.2684422e-03  -6.9529714e-04  -1.4665449e-03
  -1.5112682e-01  -1.3224263e-01   2.2628982e-01   6.9110169e-03  -6.9589455e-04  -1.3971397e-03
  -1.5770766e-01  -1.8079645e-01   2.5139488e-01   6.2858962e-03  -6.4482729e-04  -1.3297941e-03
  -1.5019996e-01  -1.4794401e-01   1.9272366e-01   6.6675619e-03  -4.3887627e-04  -1.4366303e-03
  -1.5606744e-01  -1.2321626e-01   1.8210348e-01   6.7570824e-03  -4.3969479e-04  -1.5051176e-03
  -1.5648904e-01  -1.5225673e-01   2.4963604e-01   6.3687241e-03  -6.2241081e-04  -1.3864210e-03
  -1.4269032e-01  -1.5517824e-01   2.1678093e-01   6.3796985e-03  -2.9987382e-04  -1.6150042e-03
  -1.5445618e-01  -1.8667052e-01   2.5970522e-01   6.0029543e-03  -5.9756049e-04  -1.5864803e-03
  -1.7005831e-01  -1.7509902e-01   1.9471697e-01   5.5971535e-03  -8.9192017e-04  -1.5751282e-03
  -1.6261546e-01  -2.0972317e-01   2.3755705e-01   5.4620040e-03  -4.5263103e-04  -1.5769333e-03
  -1.7205054e-01  -1.5954870e-01   2.0311867e-01   6.3433211e-03  -9.8552114e-04  -1.7002002e-03
  -1.6344163e-01  -1.8037770e-01   2.7044810e-01   6.8645163e-03  -6.1472842e-04  -1.8693379e-03
  -1.5398150e-01  -1.5562583e-01   2.0900250e-01   7.1455714e-03  -5.7472899e-04  -1.8880541e-03
  -1.4313735e-01  -1.8515858e-01   2.2809270e-01   6.6846355e-03   2.8307754e-05  -1.7677326e-03
  -1.4473140e-01  -1.8163093e-01   2.0801409e-01   6.4905875e-03  -1.4011944e-04  -1.8295576e-03
  -1.4270888e-01  -1.5913245e-01   2.0882783e-01   6.9940246e-03  -1.0102978e-05  -1.8845334e-03
  -1.4159805e-01  -1.8056553e-01   2.4845046e-01   6.6098833e-03  -2.7261752e-05  -1.7850768e-03
  -1.3177204e-01  -1.8501502e-01   1.6504688e-01   6.4416077e-03   9.6415735e-05  -1.8838980e-03
  -1.5577415e-01  -2.0037677e-01   2.3783142e-01   6.6978057e-03  -3.9512224e-04  -1.7913568e-03
  -1.3775722e-01  -2.0429427e-01   1.7130939e-01   6.0219026e-03  -3.1868495e-05  -1.9435625e-03
  -1.3519884e-01  -2.1310206e-01   1.9544100e-01   6.3059946e-03   2.1201402e-04  -1.8657832e-03
  -1.4523111e-01  -1.8437876e-01   1.8638094e-01   6.1598748e-03  -2.3884671e-04  -1.6986997e-03
  -1.3284232e-01  -1.8351968e-01   1.6818738e-01   6.2017615e-03   1.5035718e-04  -1.7584598e-03
  -1.3563592e-01  -1.9165623e-01   2.1486935e-01   6.6175739e-03  -8.8585786e-05  -1.8646633e-03
  -1.4071625e-01  -1.6762035e-01   1.5323265e-01   6.8647465e-03  -6.0803978e-05  -1.6504885e-03
  -1.4223350e-01  -2.0797205e-01   2.0403176e-01   6.2402078e-03   1.3255561e-05  -1.8258526e-03
  -1.3632531e-01  -1.7445112e-01   1.6390516e-01   6.9536205e-03   3.7627168e-07  -1.8926768e-03
  -1.4116639e-01  -2.0104272e-01   2.0172677e-01   6.4794356e-03   9.9072588e-05  -1.9451552e-03
  -1.3737741e-01  -2.2435697e-01   1.5891628e-01   5.6333302e-03   2.6173004e-04  -1.8278510e-03
  -1.3475965e-01  -2.3052751e-01   1.7010054e-01   6.0271531e-03   4.0788065e-04  -1.9545574e-03
  -1.4455493e-01  -2.0765423e-01   1.4914668e-01   6.4368257e-03   1.0058329e-04  -1.7653976e-03
  -1.3892801e-01  -2.0180579e-01   1.5236243e-01   6.7317457e-03   5.2714702e-04  -2.0377684e-03
  -1.5164126e-01  -1.8112175e-01   2.0440307e-01   7.2482455e-03   2.1788568e-05  -1.7236731e-03
  -1.5704532e-01  -1.6888202e-01   1.7886351e-01   7.6419922e-03  -9.7665530e-05  -1.9900729e-03
  -1.5145676e-01  -2.0566031e-01   2.1148405e-01   6.9090540e-03   2.3271917e-04  -1.9660391e-03
  -1.5467895e-01  -1.9129326e-01   1.7512137e-01   7.0790731e-03   1.8676013e-04  -1.9778674e-03
  -1.5390029e-01  -1.9542359e-01   1.7583277e-01   7.3483207e-03   4.6868870e-04  -1.7907396e-03
  -1.5681955e-01  -1.8315289e-01   1.7806649e-01   7.2982534e-03   2.8636522e-04  -1.9057832e-03
  -1.5999273e-01  -2.1081310e-01   1.8612803e-01   6.9479927e-03  -8.1393344e-05  -2.1866417e-03
  -1.5269191e-01  -2.3207949e-01   2.1028025e-01   6.8120651e-03   3.5950165e-04  -2.1524420e-03
  -1.6945441e-01  -1.8905268e-01   2.0944112e-01   7.4300880e-03  -1.2070682e-04  -2.0241628e-03
  -1.6201120e-01  -1.9760107e-01   2.0637237e-01   7.7560987e-03   4.7104829e-06  -2.2665475e-03
  -1.5557985e-01  -2.2110126e-01   2.1271011e-01   7.1967011e-03   1.9292223e-05  -2.1069908e-03
  -1.5995438e-01  -2.0987342e-01   1.7438551e-01   7.6577397e-03  -3.7053319e-05  -2.1097299e-03
  -1.4883098e-01  -2.4942256e-01   1.7284098e-01   7.0054231e-03   3.2993095e-04  -2.1411497e-03
  -1.5689321e-01  -2.3192567e-01   1.6840570e-01   7.4878677e-03   2.8350363e-05  -2.1906228e-03
  -1.6952998e-01  -2.1154794e-01   1.8287341e-01   8.1347465e-03  -2.0790586e-04  -1.9917150e-03
  -1.7019354e-01  -2.1627713e-01   2.0981409e-01   7.7381077e-03  -5.0551908e-05  -1.8652087e-03
  -1.6049314e-01  -2.0671268e-01   1.4506090e-01   7.3327089e-03   1.9394535e-04  -2.2321201e-03
  -1.6038746e-01  -2.1207330e-01   1.9458415e-01   7.2477770e-03   1.5608258e-04  -2.2684769e-03
  -1.6195718e-01  -1.9303842e-01   1.5828152e-01   7.6339923e-03  -4.3277826e-05  -2.2981137e-03
  -1.6442555e-01  -2.1479959e-01   1.7488844e-01   7.9051525e-03  -2.1958499e-04  -2.3936958e-03
  -1.6476732e-01  -2.3019127e-01   1.7456314e-01   7.4641334e-03  -1.1655366e-04  -2.2541867e-03
  -1.7114389e-01  -2.0968826e-01   1.5676958e-01   7.8774005e-03  -4.8996583e-04  -2.2155214e-03
  -1.7138325e-01  -2.3964029e-01   1.8771345e-01   7.4568552e-03  -3.1564953e-04  -2.1786593e-03
  -1.6218345e-01  -2.3230297e-01   9.9857935e-02   7.2056676e-03   1.4241524e-04  -2.2586751e-03
  -1.8411385e-01  -1.8899556e-01   1.9154904e-01   8.4224493e-03  -4.8332110e-04  -1.4413982e-03
  -1.6663052e-01  -1.8935062e-01   1.4986494e-01   8.3551217e-03  -9.6366629e-05  -1.8316743e-03
  -1.6361658e-01  -2.2129408e-01   2.0540911e-01   7.9500645e-03  -5.2782753e-05  -2.0691953e-03
  -1.5987204e-01  -2.3266244e-01   2.0735633e-01   7.5466168e-03  -2.4047874e-05  -2.0541054e-03
  -1.7767761e-01  -1.8915869e-01   1.9034995e-01   8.5993493e-03  -4.7341458e-04  -1.9798905e-03
  -1.7962078e-01  -2.2398569e-01   2.2566939e-01   7.9573564e-03  -4.5796974e-04  -1.9976874e-03
  -1.7455085e-01  -2.1860116e-01   1.8743871e-01   8.0591177e-03  -2.8447747e-04  -2.0580785e-03
  -1.6849486e-01  -2.3550401e-01   1.9848019e-01   7.6932500e-03  -5.4787779e-05  -2.1692077e-03
  -1.7919301e-01  -2.1976625e-01   1.6999201e-01   7.5184659e-03  -1.6032694e-04  -2.1471893e-03
  -1.7265913e-01  -2.3123103e-01   1.7316684e-01   7.5919954e-03  -7.2942512e-05  -2.3266980e-03
  -1.7280405e-01  -2.4116387e-01   1.9209814e-01   7.8633634e-03  -1.8128302e-04  -2.3128289e-03
  -1.6597862e-01  -2.3572234e-01   1.7042101e-01   8.2083772e-03  -4.7328817e-05  -2.5092772e-03
  -1.6320461e-01  -2.5034838e-01   2.2499344e-01   7.5811658e-03   1.7432605e-04  -2.3868735e-03
  -1.5803269e-01  -2.2911642e-01   1.7224243e-01   8.0866094e-03   1.6920745e-04  -2.3672425e-03
  -1.6460961e-01  -2.5986615e-01   2.1798424e-01   7.3062354e-03   1.2814864e-04  -2.0679157e-03
  -1.6143034e-01  -2.3166023e-01   1.6089233e-01   7.8229719e-03   1.3976473e-04  -2.2605548e-03
  -1.6781132e-01  -2.5680949e-01   2.0180300e-01   7.6908634e-03  -5.0860772e-05  -2.3577701e-03
  -1.7528257e-01  -2.5472199e-01   1.8295048e-01   7.7588966e-03  -6.1914372e-05  -2.2793316e-03
  -1.6278405e-01  -2.5445345e-01   1.8059308e-01   8.2071909e-03   8.9468769e-05  -2.4490051e-03
  -1.6423095e-01  -2.5232373e-01   1.9059070e-01   7.7635465e-03   2.5263770e-05  -2.2288070e-03
  -1.6088325e-01  -2.1908734e-01   1.4401729e-01   8.3428322e-03   2.7728747e-04  -2.4502723e-03
  -1.6221313e-01  -2.4759077e-01   2.0588052e-01   8.3800869e-03   2.5373294e-04  -2.3752660e-03
  -1.5809359e-01  -2.2028620e-01   1.8784947e-01   8.8214835e-03   1.8835939e-04  -2.4680731e-03
  -1.5431780e-01  -2.4909150e-01   2.3570574e-01   8.5706883e-03   3.9180830e-04  -2.4220971e-03
  -1.5456233e-01  -2.2724413e-01   2.0476664e-01   9.2465538e-03   4.4260181e-04  -2.5192690e-03
  -1.4292902e-01  -2.7348146e-01   2.0696557e-01   8.1900240e-03   6.4243484e-04  -2.3623619e-03
  -1.4305073e-01  -2.4895460e-01   1.6824054e-01   8.4959887e-03   4.2534776e-04  -2.2085702e-03
  -1.4394635e-01  -2.8653689e-01   1.8085582e-01   7.9653580e-03   8.5713463e-04  -2.1240626e-03
  -1.4867922e-01  -2.4811153e-01   1.9811783e-01   8.5649116e-03   5.7398430e-04  -2.1110878e-03
  -1.3439762e-01  -2.4990901e-01   1.9287127e-01   8.2822061e-03   7.2612970e-04  -2.2071875e-03
  -1.5333733e-01  -2.4950470e-01   2.5926921e-01   9.3351928e-03   3.6243702e-04  -2.0398268e-03
  -1.5297565e-01  -2.2720026e-01   2.3352126e-01   1.0105976e-02   3.6902575e-04  -2.3884805e-03
  -1.5293056e-01  -2.4945851e-01   2.6703713e-01   9.8007023e-03   4.2340691e-04  -2.2950197e-03
  -1.6038581e-01  -2.0853671e-01   2.2546833e-01   1.0285384e-02   2.5558340e-04  -2.2940427e-03
  -1.4215345e-01  -2.4033436e-01   2.5442413e-01   9.4878051e-03   8.2996462e-04  -2.3569667e-03
  -1.4571063e-01  -2.1211160e-01   2.0512565e-01   9.5984860e-03   7.7779710e-04  -2.0415755e-03
  -1.2557748e-01  -2.5406435e-01   2.4930512e-01   8.9962919e-03   1.1216009e-03  -1.9800370e-03
  -1.3820890e-01  -2.4899365e-01   2.0100769e-01   8.5601973e-03   9.3650433e-04  -1.8866897e-03
  -1.4092431e-01  -2.4285827e-01   1.8653585e-01   8.9647014e-03   8.9011114e-04  -1.9883430e-03
  -1.4329625e-01  -2.5610213e-01   1.6402295e-01   8.6726934e-03   7.8960215e-04  -1.8819312e-03
  -1.3864835e-01  -2.8852248e-01   1.0052858e-01   7.2350520e-03   4.8744031e-04  -1.9171603e-03
  -1.3064566e-01  -2.9204150e-01   1.4967502e-01   7.8608326e-03   9.0921820e-04  -2.0759994e-03
  -1.3667155e-01  -2.7645069e-01   1.5238128e-01   8.2898691e-03   7.3702336e-04  -2.1528664e-03
  -1.3015686e-01  -2.6404818e-01   1.3904058e-01   8.4184501e-03   7.4669258e-04  -2.2544927e-03
  -1.5034808e-01  -2.6783885e-01   1.7297492e-01   8.6647520e-03   5.0533705e-04  -2.0614598e-03
  -1.1974715e-01  -3.0534577e-01   1.2126170e-01   7.0429993e-03   1.0926668e-03  -2.1082918e-03
  -1.3226374e-01  -2.8959970e-01   1.4964590e-01   7.8009289e-03   8.2010558e-04  -2.0018468e-03
  -1.4010068e-01  -2.8262982e-01   1.4414006e-01   8.4286632e-03   7.6173421e-04  -2.3605368e-03
  -1.5092864e-01  -2.9028655e-01   1.8789672e-01   8.3171906e-03   5.2058525e-04  -2.0956716e-03
  -1.4675383e-01  -2.9334347e-01   1.3838048e-01   7.9105053e-03   6.5699231e-04  -1.9813509e-03
  -1.4044556e-01  -3.3641119e-01   1.9950428e-01   7.2910087e-03   1.1577765e-03  -2.0754948e-03
  -1.4244633e-01  -3.1023271e-01   1.2009808e-01   7.3113704e-03   9.0938879e-04  -1.9781015e-03
  -1.3188799e-01  -3.2639167e-01   1.0419299e-01   7.2906542e-03   1.1077523e-03  -2.2805653e-03
  -1.5212358e-01  -3.1120773e-01   1.4810711e-01   7.4172556e-03   7.0455984e-04  -1.9896219e-03
  -1.5277919e-01  -2.9934937e-01   8.8991990e-02   7.6889196e-03   5.7011271e-04  -2.1263378e-03
  -1.4527166e-01  -3.1344837e-01   1.5321273e-01   7.3346856e-03   6.3773761e-04  -2.2259720e-03
  -1.3845447e-01  -3.1213362e-01   8.7777274e-02   7.1644079e-03   6.5056712e-04  -2.2896803e-03
  -1.5273264e-01  -3.3553259e-01   1.4712947e-01   6.9685119e-03   5.9300818e-04  -2.2655181e-03
  -1.3500320e-01  -3.4150515e-01   3.7549107e-02   6.4239704e-03   8.1890584e-04  -2.2732464e-03
  -1.4622532e-01  -3.4689789e-01   1.0180122e-01   6.7443484e-03   7.6769616e-04  -2.2904308e-03
  -1.2692098e-01  -3.3969911e-01   4.3036716e-02   6.3181578e-03   1.2213147e-03  -2.2091646e-03
  -1.3042212e-01  -3.5555293e-01   7.8068825e-02   5.9185966e-03   1.1592915e-03  -2.3144089e-03
  -1.3525623e-01  -3.4041541e-01   4.9819266e-02   5.8244748e-03   1.2218878e-03  -2.1513360e-03
  -1.4048150e-01  -3.3516957e-01   8.7678381e-02   6.4068885e-03   1.1701802e-03  -2.2866408e-03
  -1.3875239e-01  -3.3792459e-01   1.1166626e-01   6.4390084e-03   1.0432711e-03  -2.3119351e-03
  -1.5008860e-01  -3.4809282e-01   6.4741477e-02   6.3789462e-03   6.4933770e-04  -2.1333739e-03
  -1.3919113e-01  -3.5149195e-01   1.1045793e-01   6.9913656e-03   9.6983798e-04  -2.3521704e-03
  -1.3520426e-01  -3.2604969e-01   4.1458897e-02   6.9916356e-03   1.1595021e-03  -2.2272035e-03
  -1.2984086e-01  -3.3455369e-01   1.0872920e-01   6.4669871e-03   1.2782853e-03  -2.2342930e-03
  -1.3583948e-01  -3.1908757e-01   4.9087878e-02   6.8510066e-03   1.1839282e-03  -1.9946257e-03
  -1.4182266e-01  -3.5740749e-01   1.2544212e-01   6.5253763e-03   1.3079692e-03  -1.8848797e-03
  -1.1442980e-01  -3.2308767e-01   5.3543786e-02   6.7457717e-03   1.5566056e-03  -2.1947390e-03
  -1.2065906e-01  -3.4878456e-01   9.8630855e-02   6.9171267e-03   1.5965610e-03  -2.1192228e-03
  -9.1880692e-02  -3.5761926e-01   7.1428786e-02   5.9017727e-03   2.0836814e-03  -2.3305285e-03
  -1.0350839e-01  -3.6659601e-01   6.9702274e-02   5.7312207e-03   1.8086968e-03  -2.3199365e-03
  -1.1096396e-01  -3.6032451e-01   8.5363029e-02   5.8916867e-03   1.6745464e-03  -2.2479742e-03
  -1.1563683e-01  -3.6197775e-01   6.1001766e-02   6.1074800e-03   1.7093901e-03  -2.4176898e-03
  -1.2325128e-01  -3.5301959e-01   7.7470848e-02   6.5050110e-03   1.5807853e-03  -2.1681463e-03
  -1.1681482e-01  -3.3920882e-01   5.2648615e-02   6.6742004e-03   1.7144009e-03  -2.5853965e-03
  -1.2578198e-01  -3.5066738e-01   1.2913117e-01   6.6648450e-03   1.5439813e-03  -2.4267357e-03
  -1.1709447e-01  -3.5958517e-01   8.0302612e-02   6.7762161e-03   1.7052677e-03  -2.5670827e-03
  -1.1733179e-01  -3.8557916e-01   1.3631466e-01   6.7696680e-03   1.8607709e-03  -2.4521351e-03
  -1.0977192e-01  -3.7068307e-01   5.2748634e-02   6.7226433e-03   2.0050410e-03  -2.7543384e-03
  -1.1508803e-01  -3.8288107e-01   9.8430726e-02   6.6347620e-03   1.9516537e-03  -2.3307820e-03
  -1.0174466e-01  -3.6389366e-01   4.3921983e-02   6.8467195e-03   2.2079934e-03  -2.4756449e-03
  -1.0654294e-01  -3.9473051e-01   7.1450902e-02   6.4577391e-03   2.1728051e-03  -2.4494522e-03
  -9.4928287e-02  -3.6128106e-01   2.9183741e-02   6.4922847e-03   2.1835171e-03  -2.5863782e-03
  -1.0550223e-01  -3.9215454e-01   7.3657614e-02   6.3281859e-03   2.0918815e-03  -2.3834609e-03
  -1.0848020e-01  -3.4561074e-01   7.6994060e-02   7.7995486e-03   1.8787845e-03  -2.1900758e-03
  -9.5819758e-02  -4.0505853e-01   1.1961308e-01   6.8523390e-03   2.6519325e-03  -2.2070223e-03
  -1.0697746e-01  -3.5478591e-01   5.4361664e-02   7.5533665e-03   2.1534987e-03  -2.6151399e-03
  -1.1130874e-01  -3.5267969e-01   1.0036334e-01   7.4482770e-03   2.4054647e-03  -2.3677328e-03
  -1.0991757e-01  -3.2115392e-01   5.7417286e-02   8.0593048e-03   2.3139635e-03  -2.4315886e-03
  -1.1211850e-01  -3.7184452e-01   1.2580098e-01   7.2541435e-03   2.5059222e-03  -2.1231236e-03
  -1.0210512e-01  -3.5404082e-01   9.5754696e-02   7.8262809e-03   2.3231626e-03  -2.6188829e-03
  -1.0051244e-01  -3.8336568e-01   8.6170945e-02   7.4261442e-03   2.6003022e-03  -2.3303731e-03
  -1.0649958e-01  -3.7308183e-01   1.1142525e-01   7.7163866e-03   2.5608353e-03  -2.1455081e-03
  -9.5812969e-02  -3.6399961e-01   7.6009341e-02   7.5274895e-03   2.5068818e-03  -2.1681881e-03
  -1.0389971e-01  -3.9406114e-01   1.1300652e-01   7.2378324e-03   2.4556972e-03  -2.1867075e-03
  -8.4541752e-02  -3.8563822e-01   7.2892952e-02   7.1473627e-03   2.7003744e-03  -2.0251139e-03
  -7.1989689e-02  -3.8098223e-01   4.3978614e-02   6.9294784e-03   2.9922521e-03  -2.3627677e-03
  -8.8651801e-02  -4.0055290e-01   9.7508816e-02   7.3304878e-03   2.6790015e-03  -2.2627489e-03
  -8.1507330e-02  -3.8784573e-01   8.2066095e-02   7.0387946e-03   2.6804469e-03  -2.3048218e-03
  -8.1988886e-02  -4.0414267e-01   8.8263127e-02   6.8393034e-03   2.9150566e-03  -2.2681838e-03
  -7.8670327e-02  -4.0657662e-01   1.0991906e-01   6.9861309e-03   2.7725429e-03  -2.2218030e-03
  -7.2578559e-02  -3.9557332e-01   4.4680396e-02   7.1403858e-03   2.6631622e-03  -2.2842028e-03
  -9.8924289e-02  -3.8251192e-01   1.0158977e-01   7.8967925e-03   2.2647168e-03  -1.9090256e-03
  -8.5496344e-02  -3.9322582e-01   8.3394752e-02   7.2187270e-03   2.4000877e-03  -2.0810745e-03
  -8.1416339e-02  -3.8832005e-01   2.5280388e-02   7.0458207e-03   2.6049448e-03  -2.2161618e-03
  -7.5688113e-02  -4.1139829e-01   8.7635730e-02   6.1714675e-03   2.7807052e-03  -2.0157615e-03
  -7.0621667e-02  -4.1794145e-01   3.0795271e-02   6.1374249e-03   2.8735411e-03  -2.3137325e-03
  -8.8301829e-02  -4.5127144e-01   9.1699836e-02   5.8140550e-03   2.8019915e-03  -2.1857756e-03
  -7.7778583e-02  -4.5204706e-01   3.7330116e-02   5.8741977e-03   2.8369430e-03  -2.3965920e-03
  -8.3137082e-02  -4.3549046e-01   4.8445162e-02   6.4534106e-03   2.6650200e-03  -2.2761579e-03
  -7.1931024e-02  -4.5900213e-01   3.3308141e-02   5.4210651e-03   2.8611211e-03  -2.2487381e-03
  -7.1878197e-02  -4.3727584e-01  -4.3409793e-02   5.5346105e-03   2.8776179e-03  -2.0298376e-03
  -8.0520920e-02  -4.6802922e-01   4.9184217e-02   5.4840146e-03   2.6801796e-03  -2.1488639e-03
  -6.8106109e-02  -4.5517431e-01  -3.5117649e-02   5.2619404e-03   2.8580277e-03  -2.1330967e-03
  -7.4831335e-02  -4.8271528e-01   6.2759990e-03   5.1931112e-03   2.9593422e-03  -2.1640041e-03
  -6.7520342e-02  -4.6223843e-01   3.6867053e-03   5.2177252e-03   3.1299361e-03  -2.1418549e-03
  -6.6280775e-02  -4.5331823e-01  -5.0424174e-02   5.2099598e-03   3.2495856e-03  -2.2115523e-03
  -7.8902733e-02  -4.8688618e-01   2.6886713e-02   4.9402019e-03   3.0153790e-03  -2.1719428e-03
  -7.3926514e-02  -4.8279370e-01  -4.9126201e-02   4.8504879e-03   2.9351998e-03  -2.3033165e-03
  -7.7709798e-02  -4.9961069e-01   3.4426130e-03   4.7499117e-03   2.9157165e-03  -2.1778077e-03
  -8.0744027e-02  -5.1294746e-01  -5.2554308e-02   4.1626802e-03   2.8610178e-03  -2.0116608e-03
  -8.0548566e-02  -4.8032920e-01  -5.8756971e-02   4.7829419e-03   3.3236228e-03  -2.0064383e-03
  -9.5573191e-02  -4.6355831e-01  -1.7702218e-02   4.7931404e-03   2.8479379e-03  -1.9781999e-03
  -1.0072208e-01  -4.4868102e-01  -2.9937480e-02   5.1595795e-03   2.6626549e-03  -2.2439603e-03
  -9.3971817e-02  -4.8177535e-01   9.6628986e-03   4.9766451e-03   2.8696050e-03  -2.1332426e-03
  -8.3751769e-02  -4.7033826e-01  -4.2807858e-02   4.8698897e-03   2.9546944e-03  -1.9655659e-03
  -7.0106186e-02  -4.6661438e-01  -3.7142599e-02   5.0119049e-03   3.2329888e-03  -2.2883662e-03
  -7.7516561e-02  -4.7134494e-01   3.8638478e-03   5.3987310e-03   3.1729817e-03  -2.1820461e-03
  -7.5213899e-02  -4.6111650e-01  -2.3140464e-02   5.6362806e-03   3.1037702e-03  -2.3813300e-03
