-8.8679e-06
0.00015284
0.0014578
0.0036837
0.0046894
0.0041635
0.0036235
0.0032447
0.0032501
0.0037995
0.0040077
0.0035773
0.0045804
0.0058564
0.0060185
0.0056399
0.0060669
0.0070693
0.0069555
0.0062134
0.0046463
0.0038621
0.0045282
0.0052682
0.0062693
0.0069654
0.007502
0.0080911
0.0086344
0.0084841
0.0071735
0.0058965
0.0055833
0.0051798
0.0052923
0.0059814
0.0058414
0.0052656
0.0056808
0.005803
0.0059312
0.0060345
0.0051916
0.0045372
0.0038754
0.00425
0.0053316
0.0055725
0.0048372
0.0045409
0.0050592
0.0054868
0.0056576
0.004892
0.0038108
0.0031221
0.0041041
0.0056738
0.0064622
0.0064319
0.0058545
0.0046872
0.0042525
0.004277
0.0037718
0.0038571
0.005049
0.0049962
0.0044882
0.0046614
0.0044269
0.0042747
0.0045681
0.0049219
0.0042465
0.0039941
0.0044211
0.0042341
0.0028698
0.0018017
0.0020524
0.0028461
0.0034791
0.004095
0.0051892
0.006214
0.0050635
0.0036551
0.003428
0.0033416
0.0039065
0.0061622
0.0069062
0.0065534
0.0074234
0.0082883
0.007986
0.0069133
0.0057275
0.0055581
0.0051821
0.0040292
0.0031104
0.0026124
0.0032899
0.004857
0.0050213
0.004736
0.0047681
0.0044921
0.003632
0.0035532
0.0046829
0.0057461
0.0066975
0.0067477
0.0053466
0.0038755
0.0032527
0.0026636
0.0027711
0.0045762
0.0054127
0.0059201
0.0058526
0.004838
0.0049734
0.0048417
0.0049041
0.0057158
0.0061384
0.0055102
0.0037618
0.002889
0.0041881
0.0050321
0.0049096
0.0052691
0.004284
0.0041375
0.0057457
0.0062466
0.0061066
0.0064024
0.0064849
0.0057335
0.0047342
0.0044473
0.0038538
0.003486
0.0029825
0.0024467
0.0025027
0.0028118
0.0034136
0.0036304
0.0031808
0.0037419
0.0046057
0.0047579
0.0049037
0.0050899
0.0056395
0.0060222
0.005717
0.004647
0.003334
0.002328
0.0028629
0.003465
0.0037121
0.0039501
0.004142
0.0047184
0.005099
0.0058131
0.0063031
0.0056782
0.0053686
0.006113
0.0059521
0.0058966
0.0057795
0.0052977
0.0050535
0.0045007
0.0043405
0.0050305
0.0066264
0.0074212
0.0070176
0.0065852
0.0056518
0.0045267
0.0048236
0.0053232
0.0056651
0.0058839
0.0056342
0.005418
0.0049161
0.0056401
0.0061182
0.0051591
0.0041188
0.0039497
0.0036809
0.004016
0.004931
0.0050386
0.0053803
0.0051247
0.0048069
0.0052548
0.0052732
0.0048372
0.004596
0.0053953
0.0057443
0.0052362
0.0060845
0.0070167
0.0061995
0.0050703
0.0046545
0.0042933
0.0044564
0.0057066
0.00609
0.0060311
0.0064883
0.0064371
0.0061884
0.0057686
0.0062585
0.0059829
0.0051541
0.0056982
0.0060067
0.0058075
0.0060242
0.0059132
0.0045643
0.0031715
0.0024107
0.0023476
0.0028936
0.004264
0.0046847
0.0041298
0.0050707
0.0069227
0.0071323
0.0063125
0.0063696
0.0060441
0.0053951
0.0046884
0.0045318
0.0046628
0.0043521
0.0040144
0.003251
0.0033425
0.0039344
0.0044345
0.0044187
0.0041065
0.0041361
0.0040902
0.0032814
0.002775
0.0031763
0.0033878
0.0036479
0.0036374
0.0035085
0.0035098
0.0036104
0.0029955
0.0026407
0.0020233
0.002673
0.0044042
0.0051193
0.00603
0.0071157
0.0073144
0.0072723
0.0067682
0.0053486
0.0045052
0.0045768
0.0048077
0.0048455
0.0044098
0.0045463
0.0056632
0.006084
0.0054682
0.0053832
0.0054716
0.0042629
0.0032509
0.0043496
0.0054125
0.0053128
0.0058165
0.0067107
0.0067481
0.0057359
0.0041465
0.0034602
0.0039251
0.0038447
0.0032679
0.0031023
0.0031682
0.0034706
0.0029604
0.0027891
0.0045998
0.0047869
0.0048887
0.0057006
0.0058373
0.0050559
0.0038663
0.0043106
0.0046539
0.0041597
0.0038515
0.0034899
0.0033902
0.0047184
0.0051546
0.0043262
0.0035521
0.0038991
0.0055184
0.0058386
0.0052024
0.0040859
0.0040172
0.0042353
0.0037522
0.0030284
0.0023566
0.0029659
0.0047012
0.0058723
0.006154
0.0059634
0.0051331
0.0036978
0.0032445
0.0032811
0.002966
0.0033068
0.0044366
0.0045869
0.005158
