   0.0000000e+00   0.0000000e+00   0.0000000e+00   2.7755576e-17   0.0000000e+00   0.0000000e+00
   1.7924821e-02  -1.2038453e-02   4.4818951e-01  -1.9097218e-03  -6.1702296e-04  -2.3248095e-03
   4.9765248e-02  -7.3096202e-03   5.7544502e-01   2.1696086e-03  -2.7732037e-03  -1.8958980e-03
   2.3800223e-03  -1.6078062e-02   4.1925987e-01   2.0706568e-03  -5.1213335e-03  -3.1465604e-03
  -1.7793511e-02  -1.8529449e-02   3.6691324e-01  -5.7146093e-04  -3.0857300e-03  -1.9625116e-03
  -1.1907833e-02  -1.5549108e-02   4.5615785e-01  -9.7605627e-04  -2.5529852e-03  -1.5084326e-03
  -1.5555275e-02  -2.7057005e-02   4.8739906e-01  -1.9372382e-03  -2.4853457e-03  -1.5073374e-03
  -1.7827231e-02  -5.5259231e-02   4.2238115e-01  -1.1687658e-03  -2.3660085e-03  -1.3005949e-03
   1.0562745e-02  -1.6219235e-01   8.2825190e-01   1.3472598e-03  -2.4848271e-03  -1.3658842e-03
   1.5287050e-02  -1.4787738e-01   8.6274667e-01   4.5768515e-04  -2.3561842e-03  -1.3528337e-03
   4.1838182e-03  -1.3356996e-01   9.0207356e-01   1.1911353e-04  -2.7180310e-03  -1.6602944e-03
  -3.6861773e-02  -5.6172699e-02   8.9420431e-01  -1.4249542e-03  -3.5128442e-03  -1.8792472e-03
  -2.6241229e-02  -3.2252728e-02   8.6787275e-01  -3.5748862e-03  -2.6963321e-03  -1.6861613e-03
  -1.8303344e-02  -3.2911055e-02   8.7358979e-01  -4.1029354e-03  -2.4248660e-03  -1.8655949e-03
  -3.9978934e-02  -4.4828401e-03   8.8359096e-01  -3.2787434e-03  -2.7097848e-03  -2.1498425e-03
   2.8930250e-03   1.5344685e-02   7.7113511e-01  -2.9628294e-03  -3.4241414e-03  -5.4281232e-03
  -4.8520554e-02  -4.4393431e-03   6.4833469e-01  -2.1611418e-03  -3.9339081e-03  -5.3918455e-03
  -6.4052022e-02  -2.6855986e-02   7.3035172e-01  -2.6781069e-03  -4.3688540e-03  -3.7307629e-03
  -4.4678445e-02  -3.1928281e-02   7.6819849e-01  -2.7467945e-03  -3.9042359e-03  -3.3266841e-03
  -2.8664493e-02  -4.6266492e-02   7.6042569e-01  -2.6582198e-03  -3.8510254e-03  -3.5734351e-03
  -2.9236402e-02  -2.2512183e-02   7.8324701e-01  -3.5215178e-03  -3.4556230e-03  -3.3299449e-03
  -1.6160787e-02  -4.6638127e-02   8.1620698e-01  -3.1482320e-03  -3.2111948e-03  -3.3779485e-03
  -3.6256175e-02  -6.2377499e-02   8.5838178e-01  -3.0527814e-03  -3.3904280e-03  -2.5802227e-03
  -2.3392860e-02  -8.6893870e-02   8.4412522e-01  -2.9805351e-03  -3.3542837e-03  -2.4461748e-03
   5.7528027e-02  -9.7058750e-02   9.9785597e-01  -3.0472057e-03  -2.7912628e-03  -2.8763284e-03
   1.3306245e-02  -5.1715136e-02   9.1989612e-01  -3.8425155e-03  -3.5930901e-03  -2.6913752e-03
   6.5347899e-03  -6.8891098e-02   8.8246533e-01  -7.6198897e-03  -4.4949880e-03  -2.9629423e-03
  -1.0314554e-02  -6.8018941e-02   9.2265824e-01  -7.4399348e-03  -4.6736489e-03  -2.7451992e-03
  -8.7756133e-03  -1.0452503e-01   9.3127053e-01  -7.0983595e-03  -4.1582905e-03  -2.3717718e-03
  -6.2978787e-03  -9.9677821e-02   9.9692817e-01  -6.3689216e-03  -4.0722756e-03  -2.2087845e-03
   2.9523332e-02  -1.3404574e-01   9.2206849e-01  -5.6596824e-03  -5.0024876e-03  -3.9699323e-03
  -1.6839101e-02  -1.3551630e-01   9.7425207e-01  -5.4064223e-03  -4.8718653e-03  -2.7858971e-03
  -1.6886578e-03  -1.2656033e-01   9.5140333e-01  -5.5310787e-03  -5.1042231e-03  -2.8204827e-03
  -3.4381319e-03  -1.1981149e-01   9.7510543e-01  -6.7546328e-03  -4.8723810e-03  -2.5413646e-03
   9.9624613e-03  -1.2235750e-01   9.5121224e-01  -6.9621679e-03  -5.0493298e-03  -2.5952537e-03
   7.2313610e-03  -1.4446427e-01   1.0431624e+00  -7.4944177e-03  -4.3817856e-03  -2.3198125e-03
   1.9735391e-02  -1.9703126e-01   1.2058980e+00  -5.7220410e-03  -4.7215603e-03  -2.1908265e-03
   1.8097852e-02  -1.8582795e-01   1.1370559e+00  -6.3990043e-03  -4.7696782e-03  -2.3421644e-03
   2.0991603e-02  -1.7351285e-01   1.0740704e+00  -8.1352552e-03  -5.1004492e-03  -2.4786244e-03
   3.4084459e-02  -1.7291980e-01   1.1056193e+00  -8.6116811e-03  -5.0852384e-03  -2.8339730e-03
   1.4784203e-02  -1.4253263e-01   1.0935950e+00  -8.0075957e-03  -5.7228039e-03  -2.9777811e-03
  -4.9268039e-03  -9.7396427e-02   1.0678914e+00  -8.9225141e-03  -6.0551308e-03  -2.5912028e-03
   6.4954717e-03  -1.0349822e-01   1.0809779e+00  -7.9570827e-03  -5.6486309e-03  -2.5665641e-03
   2.0765430e-02  -1.5390377e-01   1.0994666e+00  -7.3862510e-03  -5.4205129e-03  -2.4891917e-03
  -1.4084935e-02  -1.6101133e-01   1.0377007e+00  -8.0771917e-03  -4.8888613e-03  -1.4674619e-03
  -1.5404519e-02  -1.5263793e-01   1.0136045e+00  -7.5323694e-03  -5.3282159e-03  -1.3459982e-03
  -3.8743115e-02  -1.4478419e-01   9.9947899e-01  -8.0550830e-03  -4.5962479e-03  -7.1984801e-04
  -3.1165609e-02  -1.3425526e-01   1.0191872e+00  -7.9707898e-03  -4.3422203e-03  -8.7508776e-04
  -2.2697429e-02  -1.4465210e-01   1.0459370e+00  -8.4592413e-03  -3.8539910e-03  -1.0213775e-03
  -3.4681281e-02  -1.4778720e-01   1.0616367e+00  -7.9047100e-03  -4.0966380e-03  -7.7504835e-04
  -1.8198777e-02  -1.7810508e-01   1.0666226e+00  -8.2721466e-03  -4.1387477e-03  -7.9426315e-04
  -4.2693571e-02  -1.8247813e-01   1.0678879e+00  -8.5954838e-03  -4.3118066e-03  -8.3362974e-04
  -2.6804489e-02  -1.7964500e-01   1.0485216e+00  -8.8272004e-03  -4.3004334e-03  -8.5866400e-04
  -3.4164518e-02  -1.6212110e-01   1.0686253e+00  -9.3033435e-03  -4.2900732e-03  -9.3881642e-04
  -5.4975103e-03  -1.6961534e-01   1.0806844e+00  -9.0192703e-03  -4.5475827e-03  -1.2502256e-03
  -1.3114633e-02  -1.6826517e-01   1.0908559e+00  -9.7266668e-03  -4.3211869e-03  -1.1506145e-03
  -5.6385202e-03  -1.7072521e-01   1.0760041e+00  -9.6341821e-03  -4.4150181e-03  -1.2421628e-03
   1.1624642e-02  -1.3189154e-01   1.0069617e+00  -1.0863510e-02  -4.3914217e-03  -1.9091114e-03
  -1.1901135e-02  -1.5832956e-01   1.0061322e+00  -9.7924173e-03  -4.6893138e-03  -1.9163004e-03
  -8.9055630e-03  -1.8665939e-01   1.1167977e+00  -8.8979915e-03  -4.6316283e-03  -9.4128724e-04
  -1.3164706e-02  -2.1131394e-01   1.1168617e+00  -9.1255458e-03  -4.5899861e-03  -1.3941042e-03
  -1.5495805e-02  -2.1362412e-01   1.0879978e+00  -9.2151555e-03  -4.8304387e-03  -1.0910438e-03
  -4.4439364e-02  -1.9862922e-01   1.0997684e+00  -9.7045975e-03  -4.6380932e-03  -9.4628173e-04
  -3.3702851e-02  -1.8372980e-01   1.1119255e+00  -9.5431291e-03  -4.8931281e-03  -7.9178748e-04
  -4.3896305e-02  -1.9656920e-01   1.1340951e+00  -1.0482974e-02  -4.2830521e-03  -9.0574163e-04
  -4.9017136e-02  -2.1673246e-01   1.1202890e+00  -1.0210661e-02  -4.6809127e-03  -8.7646865e-04
  -5.3939857e-02  -2.4170369e-01   1.1265753e+00  -1.0777786e-02  -4.5117480e-03  -7.4900125e-04
  -5.7223438e-02  -2.4987366e-01   1.1211216e+00  -1.0340180e-02  -4.4909393e-03  -8.5918677e-04
  -2.7353135e-02  -1.8443049e-01   1.0473390e+00  -9.0212472e-03  -4.7218080e-03  -1.7449421e-03
  -1.7859554e-02  -1.7223727e-01   9.9330463e-01  -8.7112772e-03  -4.7760766e-03  -2.4558236e-03
  -2.4536827e-02  -1.6561220e-01   1.0187130e+00  -9.2170960e-03  -4.6301996e-03  -2.0458397e-03
  -2.7434150e-02  -1.7443517e-01   1.0426727e+00  -8.8221434e-03  -4.6850957e-03  -1.8992572e-03
  -1.9811989e-02  -2.3403241e-01   1.1293348e+00  -7.4220750e-03  -4.7305562e-03  -1.8773226e-03
  -4.6751207e-03  -2.4317727e-01   1.2153208e+00  -8.5540756e-03  -4.8128249e-03  -2.1726319e-03
  -8.2749873e-03  -2.5583957e-01   1.2146170e+00  -7.8721538e-03  -4.9594331e-03  -2.3623652e-03
  -4.4420791e-02  -2.4069290e-01   1.1997688e+00  -8.1319243e-03  -4.9800102e-03  -2.0832947e-03
  -1.4564044e-02  -2.6844272e-01   1.2151510e+00  -7.8364645e-03  -5.2539776e-03  -2.3610300e-03
  -2.7877856e-02  -2.3747800e-01   1.2378875e+00  -8.5552528e-03  -4.5683695e-03  -2.1590752e-03
  -2.4113932e-02  -2.4975105e-01   1.2190299e+00  -8.3697366e-03  -4.6604650e-03  -2.1452121e-03
  -4.8317557e-02  -2.7581937e-01   1.2391399e+00  -8.6951036e-03  -4.7153252e-03  -1.8811682e-03
  -2.2961660e-02  -3.2533319e-01   1.2382229e+00  -9.0190042e-03  -4.3321051e-03  -2.2660327e-03
  -3.7235464e-02  -3.1206515e-01   1.2558548e+00  -9.3285180e-03  -4.2057646e-03  -2.1194943e-03
  -2.4204148e-02  -3.0669496e-01   1.2281029e+00  -9.5111293e-03  -5.1207362e-03  -2.0094619e-03
  -1.3599373e-02  -3.0209280e-01   1.2083529e+00  -9.3363719e-03  -5.1018980e-03  -2.0520898e-03
  -2.0472346e-02  -3.4128682e-01   1.2995993e+00  -8.5081073e-03  -5.1214054e-03  -2.2150726e-03
  -2.1089555e-02  -3.0708295e-01   1.2579536e+00  -8.4751292e-03  -5.1621226e-03  -1.8758033e-03
  -2.1014507e-02  -3.0197897e-01   1.2957854e+00  -8.9352599e-03  -4.5284312e-03  -2.2338198e-03
  -4.5357594e-03  -2.9500854e-01   1.2980049e+00  -8.2591032e-03  -4.8545848e-03  -2.3126456e-03
  -2.0794601e-02  -3.0486233e-01   1.3091718e+00  -8.0626399e-03  -4.9756885e-03  -2.2570008e-03
  -1.0823137e-02  -3.3740910e-01   1.3145295e+00  -8.4796597e-03  -4.7889435e-03  -2.2220149e-03
  -3.0990776e-02  -3.2943730e-01   1.3279388e+00  -8.5064505e-03  -4.7981802e-03  -2.2499324e-03
  -1.3104209e-02  -3.3075022e-01   1.3145927e+00  -8.5239379e-03  -4.7813339e-03  -2.1359127e-03
  -2.6321438e-02  -3.0504751e-01   1.2864633e+00  -8.6902469e-03  -4.8871443e-03  -2.0446734e-03
  -1.8057659e-02  -2.6597645e-01   1.2111485e+00  -7.7866919e-03  -4.6112401e-03  -2.2358402e-03
  -1.7333450e-02  -2.3318140e-01   1.1419161e+00  -4.6999069e-03  -4.7599476e-03  -1.9250630e-03
  -1.1222553e-02  -2.2533584e-01   1.0623860e+00  -5.1439442e-03  -4.9824988e-03  -2.1097363e-03
   1.6257862e-02  -2.4794553e-01   1.1133410e+00  -7.1668941e-03  -5.3615915e-03  -2.7250921e-03
   5.6541568e-04  -2.5016083e-01   1.1530035e+00  -7.4303490e-03  -5.5061381e-03  -2.2969736e-03
  -6.3195051e-03  -2.7192802e-01   1.1600916e+00  -8.0664547e-03  -5.3061067e-03  -2.2498823e-03
  -1.8459744e-02  -2.6322600e-01   1.2182515e+00  -7.7774257e-03  -5.1185934e-03  -1.9139676e-03
  -1.8375487e-02  -3.0723306e-01   1.2402327e+00  -7.7405130e-03  -5.1109428e-03  -2.0187326e-03
  -5.5570710e-03  -3.2259368e-01   1.2702327e+00  -8.5349552e-03  -4.7140120e-03  -2.0085841e-03
  -2.0616038e-03  -3.2349186e-01   1.2631400e+00  -9.2765954e-03  -4.7808168e-03  -2.2890464e-03
  -1.6039138e-02  -2.7917435e-01   1.1784632e+00  -9.7531162e-03  -4.9851945e-03  -1.5515259e-03
  -3.5972485e-02  -2.8113745e-01   9.6283626e-01  -1.1703436e-02  -4.8436770e-03  -9.0744740e-04
  -2.6302688e-02  -2.8754551e-01   1.0591610e+00  -1.1423144e-02  -4.1297389e-03  -1.2155093e-03
  -6.3345790e-03  -2.8593194e-01   1.1168635e+00  -1.0170283e-02  -4.1856980e-03  -1.3547015e-03
  -1.2018661e-02  -2.6412247e-01   1.1380384e+00  -1.0153872e-02  -4.3896142e-03  -1.2496633e-03
  -2.5135145e-02  -2.6020417e-01   1.1231551e+00  -1.0524063e-02  -4.4562486e-03  -1.3704847e-03
  -2.5824452e-03  -2.7281453e-01   1.1190251e+00  -1.0588897e-02  -4.3375676e-03  -1.3803965e-03
  -8.9191766e-03  -2.6209583e-01   1.1388119e+00  -1.0365709e-02  -4.3822462e-03  -1.3592780e-03
   2.3062790e-04  -2.6750659e-01   1.1265375e+00  -1.0641744e-02  -4.6339743e-03  -1.2709818e-03
  -1.0825102e-02  -2.7291885e-01   1.1470480e+00  -1.1022535e-02  -4.6635904e-03  -1.1334757e-03
  -7.2268044e-03  -3.1556954e-01   1.1529377e+00  -1.1657825e-02  -4.2583977e-03  -1.6205372e-03
  -2.0372394e-02  -2.9000372e-01   1.1453192e+00  -1.0834744e-02  -4.5869700e-03  -1.1419657e-03
  -4.5077134e-02  -2.8369647e-01   1.1433515e+00  -1.0586257e-02  -4.6272471e-03  -9.8897410e-04
  -3.9332931e-02  -3.0804231e-01   1.1556896e+00  -1.0750221e-02  -4.3392060e-03  -9.1020912e-04
  -4.3315661e-02  -3.1451347e-01   1.1768446e+00  -1.0730836e-02  -3.9467356e-03  -1.0367408e-03
  -2.0510982e-02  -3.0502123e-01   1.1720715e+00  -1.0378446e-02  -4.1548563e-03  -9.9001223e-04
  -2.0163244e-02  -3.2552797e-01   1.2081990e+00  -1.0455693e-02  -4.0495061e-03  -1.3937374e-03
  -1.6807033e-02  -3.3416138e-01   1.2044693e+00  -1.0780830e-02  -3.9910383e-03  -1.4180552e-03
  -2.4101686e-02  -3.5128388e-01   1.2243837e+00  -1.1310164e-02  -3.5284208e-03  -1.4595467e-03
  -7.9065273e-03  -3.7440472e-01   1.2120546e+00  -1.0959127e-02  -3.8961646e-03  -1.4951717e-03
  -1.6078653e-02  -3.8332839e-01   1.2371975e+00  -1.1592606e-02  -3.7204764e-03  -1.3912359e-03
  -7.1546246e-03  -3.8765861e-01   1.2192120e+00  -1.1762213e-02  -3.6326554e-03  -1.5832915e-03
  -1.5124148e-02  -3.6598239e-01   1.1969668e+00  -1.1230686e-02  -3.8658045e-03  -1.3504970e-03
  -3.1908131e-03  -3.8163940e-01   1.2109015e+00  -1.1040604e-02  -4.0062511e-03  -1.6753803e-03
   1.9775271e-02  -3.4761858e-01   1.2231390e+00  -1.0143046e-02  -4.3999457e-03  -1.9550387e-03
  -4.8117284e-03  -3.8300202e-01   1.3963034e+00  -6.9969449e-03  -3.7790220e-03  -1.9896167e-03
  -6.0520380e-03  -3.8875104e-01   1.3964066e+00  -5.4173032e-03  -3.7587469e-03  -2.3322788e-03
  -2.5627812e-02  -3.7779532e-01   1.3700135e+00  -5.6800891e-03  -3.5354036e-03  -1.5795056e-03
  -1.5255505e-02  -3.9369686e-01   1.3757260e+00  -5.7996249e-03  -3.7492656e-03  -1.8652522e-03
  -1.2143848e-02  -3.9002167e-01   1.4007382e+00  -5.8458675e-03  -4.0139714e-03  -1.7384548e-03
  -3.6246937e-02  -3.7982360e-01   1.3877122e+00  -6.1323605e-03  -4.0561941e-03  -1.4845238e-03
  -9.8980178e-03  -3.6938338e-01   1.3924281e+00  -6.5260999e-03  -4.3532264e-03  -1.7465452e-03
  -9.0765822e-03  -3.6494618e-01   1.4107608e+00  -6.8969065e-03  -4.1357345e-03  -1.7361279e-03
  -2.4813320e-03  -3.9761890e-01   1.4102444e+00  -5.8958903e-03  -4.2040492e-03  -2.0095474e-03
  -5.4437274e-03  -4.1175852e-01   1.4437591e+00  -7.1290249e-03  -4.3552763e-03  -1.6812388e-03
  -5.4047444e-02  -4.1245850e-01   1.3872107e+00  -6.6571136e-03  -4.1698659e-03  -1.4029491e-03
  -9.4171584e-02  -3.9420432e-01   1.3228836e+00  -6.6353759e-03  -4.3237315e-03  -9.0991150e-04
  -4.8557255e-02  -3.9796261e-01   1.3466817e+00  -6.9224075e-03  -4.5855778e-03  -1.5139374e-03
  -3.5313824e-02  -4.1304576e-01   1.3567662e+00  -7.2014755e-03  -4.3585928e-03  -1.5069399e-03
  -4.4956818e-02  -4.1755192e-01   1.3654493e+00  -7.6546639e-03  -4.1934993e-03  -1.5987104e-03
  -4.2809633e-02  -4.2978592e-01   1.3735490e+00  -7.6137015e-03  -4.2997402e-03  -1.6038583e-03
  -4.8986205e-02  -4.1567725e-01   1.4022674e+00  -7.4234368e-03  -3.9940413e-03  -1.6192588e-03
  -4.4530344e-02  -4.3198044e-01   1.4192285e+00  -8.3710890e-03  -3.7249700e-03  -1.5222534e-03
  -4.4190545e-02  -4.4238156e-01   1.4346550e+00  -8.7403201e-03  -3.8204863e-03  -1.4983736e-03
  -3.4689369e-02  -4.5065668e-01   1.4153932e+00  -9.1873750e-03  -3.7147190e-03  -1.3673436e-03
  -4.2944012e-02  -4.5451500e-01   1.3867859e+00  -8.7825487e-03  -3.8271284e-03  -1.3343997e-03
  -4.9092406e-02  -4.2911358e-01   1.3906930e+00  -8.5863696e-03  -3.5686494e-03  -1.3138487e-03
  -4.0735438e-02  -4.1116231e-01   1.3868596e+00  -8.0830692e-03  -3.6576098e-03  -1.4876752e-03
   1.1519265e-02  -3.8980040e-01   1.3689533e+00  -7.0199936e-03  -3.5440744e-03  -1.1308459e-03
  -2.7018685e-02  -3.7228224e-01   1.3595684e+00  -7.5912240e-03  -3.6894416e-03  -1.3462632e-03
  -3.2811332e-02  -4.1989748e-01   1.3589710e+00  -8.6734548e-03  -3.2575571e-03  -1.0737735e-03
  -6.8247462e-02  -4.0403166e-01   1.2815510e+00  -4.9332401e-03  -4.0082950e-03  -9.7918416e-04
  -7.1052235e-02  -3.5055302e-01   1.2596337e+00  -1.8958533e-03  -4.3599945e-03  -9.3786553e-04
  -3.1780815e-02  -3.8413675e-01   1.3022425e+00  -5.1416852e-04  -4.2446898e-03  -1.3037316e-03
  -4.3328847e-02  -4.0871893e-01   1.3110561e+00  -8.8170784e-04  -4.1096361e-03  -8.8475967e-04
  -2.2186047e-02  -3.8749290e-01   1.2108659e+00   1.3332229e-03  -5.1843596e-03  -1.2047857e-03
   1.7983336e-02  -4.0661282e-01   1.2392238e+00  -3.2020289e-03  -3.3976919e-03  -9.3379799e-04
  -3.4039250e-02  -4.6016426e-01   1.3130945e+00  -5.1187212e-03  -2.7879175e-03  -1.2203582e-03
  -3.8507949e-02  -4.7406466e-01   1.3769485e+00  -5.2298062e-03  -2.7645389e-03  -1.3481369e-03
  -4.7858657e-02  -4.9624709e-01   1.3793481e+00  -5.8944607e-03  -2.7425611e-03  -1.2327773e-03
  -5.4629591e-03  -5.2842654e-01   1.4204220e+00  -6.4139815e-03  -3.5309218e-03   3.1968170e-04
  -2.0057307e-02  -5.6506438e-01   1.4103224e+00  -7.0167915e-03  -3.3357706e-03   3.3251373e-04
  -1.1515059e-02  -5.4266076e-01   1.3561764e+00  -5.7402406e-03  -3.4941753e-03  -2.1054982e-04
   2.9164068e-02  -5.5970838e-01   1.2430943e+00   1.1228579e-03  -1.8870023e-03  -4.5721660e-04
   2.8755474e-02  -4.9738311e-01   1.2319124e+00   1.7829773e-04  -3.0974839e-03  -4.7735690e-04
  -1.0913973e-02  -4.3667515e-01   1.2561555e+00   1.2396999e-04  -4.1075546e-03  -5.1686906e-04
  -3.7326669e-02  -4.2583676e-01   1.2957976e+00  -9.4420471e-04  -3.3450876e-03  -1.7699030e-03
  -3.0723812e-02  -4.7945308e-01   1.3085250e+00  -2.6833152e-03  -3.3541386e-03  -1.2124453e-03
  -8.9224153e-03  -5.2062871e-01   1.3663531e+00  -4.3654902e-03  -3.2921239e-03  -8.4498523e-05
   2.7391123e-03  -5.2999132e-01   1.3716767e+00  -3.0357498e-03  -3.3830317e-03   3.4472232e-04
  -1.0973832e-03  -5.5063367e-01   1.4121156e+00  -3.3536699e-03  -3.3020156e-03   1.1000523e-04
   5.3359704e-03  -5.7205350e-01   1.4019371e+00  -3.6077984e-03  -3.6372845e-03   1.0360309e-04
  -4.3228400e-03  -5.9707661e-01   1.4371924e+00  -5.8366339e-03  -3.4141421e-03   1.0531399e-05
   1.5918599e-03  -6.0579171e-01   1.4022308e+00  -5.0629962e-03  -3.7774129e-03   1.1041706e-04
   1.5156679e-02  -6.1596973e-01   1.3210945e+00  -3.0810606e-03  -3.9160149e-03  -1.4048332e-04
   2.7043903e-02  -6.5629577e-01   1.1653857e+00   2.3134051e-03  -3.0168739e-03  -1.1016169e-03
  -1.4465306e-01  -6.0384409e-01   1.1223161e+00   7.7582746e-03  -2.2730137e-03   8.3993780e-04
  -9.8318242e-02  -5.0375116e-01   1.0991359e+00   6.2211339e-03  -9.6558648e-04   1.0138752e-03
  -4.7033977e-02  -4.9280403e-01   1.1564538e+00   4.6309703e-03  -7.0378350e-04   6.2212406e-04
  -6.2508784e-02  -5.1566418e-01   1.2027276e+00   3.8718014e-03  -5.5052002e-04   4.2994313e-04
  -9.9024651e-02  -5.5227763e-01   1.2108374e+00   3.5118661e-03  -1.3496663e-03   7.8683730e-05
  -1.4294013e-01  -5.3849454e-01   1.1224037e+00   2.8953929e-03  -2.8673034e-03   3.7557521e-04
  -1.2770395e-01  -5.6319517e-01   1.1234092e+00   3.0166862e-03  -2.1196741e-03   5.6031056e-04
  -1.7195778e-01  -5.5699014e-01   1.0972291e+00   3.9395597e-03  -2.6901785e-03   1.0796246e-03
  -1.5805348e-01  -5.1783453e-01   1.0489607e+00   2.3582762e-03  -1.6524003e-03   6.5809577e-04
  -1.5499466e-01  -5.0168234e-01   1.0709026e+00   1.3357485e-03  -1.1572230e-03   2.3402482e-04
  -1.4429440e-01  -5.1826903e-01   1.0913442e+00   1.4053267e-03  -1.0248193e-03   3.4665615e-04
  -1.2324471e-01  -5.4918620e-01   1.0804931e+00   1.6167832e-03  -7.9454201e-04   5.7022853e-04
  -1.2366163e-01  -5.1004532e-01   1.0662424e+00   1.2362560e-03  -9.7219565e-04   8.9539201e-05
  -9.3343577e-02  -5.2172185e-01   1.0456994e+00   1.3899365e-03  -4.9277282e-04   1.2993708e-04
  -9.0322445e-02  -4.5533377e-01   1.0525564e+00   1.2653863e-03  -4.0479490e-04  -2.3740293e-04
  -8.0993150e-02  -5.0787718e-01   1.0539317e+00   2.4847547e-03  -1.1045053e-03  -6.0291286e-05
  -8.3119864e-02  -5.0268842e-01   1.0661910e+00   3.0276045e-03  -1.3642755e-03   1.6564614e-04
  -1.0623279e-01  -4.4902841e-01   1.0090616e+00   2.6793414e-03  -1.7919757e-03  -8.3085799e-05
  -1.2588219e-01  -4.1820467e-01   1.0451223e+00   1.4902074e-03  -1.6851275e-03  -7.9654867e-05
  -1.0993082e-01  -4.1976175e-01   1.0921296e+00   1.5373064e-03  -1.4714225e-03   1.5509918e-04
  -8.5510910e-02  -4.6491203e-01   1.1080978e+00   1.7692472e-03  -1.0875186e-03   5.2708399e-04
  -8.3509254e-02  -5.1041890e-01   1.1282486e+00   1.6093404e-03  -1.1013360e-03   9.3920064e-05
  -7.0480115e-02  -5.0382853e-01   1.1282991e+00   6.9966017e-04  -1.0840042e-03  -3.3066314e-04
  -6.3416374e-02  -5.0847680e-01   1.1265334e+00   5.8100689e-04  -1.0061861e-03  -2.2991695e-04
  -6.1607497e-02  -5.0783594e-01   1.1382214e+00   1.0180193e-04  -8.3449615e-04  -4.8615683e-05
  -5.2706364e-02  -5.0852171e-01   1.1286914e+00   1.1196851e-04  -7.0072335e-04  -2.2878253e-04
  -1.8238517e-02  -5.0124512e-01   1.1726747e+00   3.5455281e-04  -6.6825846e-04  -9.5227863e-04
  -8.6751743e-03  -5.1198112e-01   1.2063445e+00   1.7508771e-03  -1.0459966e-03  -1.4310795e-03
   2.6852622e-03  -4.4237662e-01   1.1593426e+00   1.2728256e-04  -1.6566928e-03  -2.1965910e-03
   9.6300893e-03  -4.5035904e-01   1.1880059e+00  -8.5308976e-04  -2.0851700e-03  -2.7026796e-03
  -1.0397114e-03  -4.3545413e-01   1.1895868e+00  -2.2205482e-03  -1.9131026e-03  -2.5675589e-03
  -2.1704153e-02  -4.4735625e-01   1.1860112e+00  -2.5329892e-03  -1.9356554e-03  -2.1883934e-03
  -4.1558952e-02  -4.7387057e-01   1.2855415e+00  -3.1161750e-03  -1.6947918e-03  -2.1827363e-03
  -1.7431377e-02  -4.8502744e-01   1.2457092e+00  -2.9607594e-03  -1.6646773e-03  -2.4535087e-03
  -3.4373477e-02  -5.1015021e-01   1.2638092e+00  -3.3854988e-03  -1.5283110e-03  -2.3306586e-03
  -1.5705909e-02  -5.4726392e-01   1.2654550e+00  -2.7398549e-03  -1.9064842e-03  -2.5237570e-03
  -9.4033369e-03  -5.3819277e-01   1.2863056e+00  -2.4132428e-03  -1.6360544e-03  -2.6414119e-03
  -5.0926185e-03  -5.3310073e-01   1.2787583e+00  -3.5812106e-03  -1.0012335e-03  -2.3406372e-03
  -4.8001402e-03  -5.3043627e-01   1.3038370e+00  -3.0997395e-03  -1.1095772e-03  -2.3797108e-03
   1.2301726e-04  -5.2627302e-01   1.3014590e+00  -3.3158943e-03  -8.8624608e-04  -2.5029316e-03
  -5.7636507e-03  -5.2744599e-01   1.2954562e+00  -3.4265633e-03  -9.6487845e-04  -2.6353678e-03
  -8.8012145e-03  -4.9819898e-01   1.3157942e+00  -3.5709802e-03  -1.0709258e-03  -2.5198127e-03
  -6.7002128e-04  -5.2709200e-01   1.3091584e+00  -2.9419949e-03  -1.3000185e-03  -2.7438237e-03
  -6.0774840e-03  -5.2810290e-01   1.2701611e+00  -3.7651059e-03  -6.1162120e-04  -2.2675515e-03
  -5.1335058e-02  -5.4046670e-01   1.2620860e+00  -2.7515486e-03  -1.0390333e-03  -2.7285939e-03
  -4.1163406e-02  -5.3575382e-01   1.2955474e+00  -2.1188528e-03  -9.9765363e-04  -2.1206343e-03
  -1.7194058e-02  -5.8206497e-01   1.3489981e+00  -1.5704750e-03  -7.9937897e-04  -2.2130599e-03
  -1.0274624e-02  -5.6880159e-01   1.3236997e+00  -1.2393906e-03  -8.7450006e-04  -2.5087496e-03
  -2.4186428e-02  -5.5257342e-01   1.3290204e+00  -2.0792395e-03  -1.0079509e-03  -2.6962926e-03
  -9.0437671e-03  -5.5644157e-01   1.3315310e+00  -2.2425226e-03  -6.3311776e-04  -2.7469249e-03
  -3.0780895e-02  -5.3225267e-01   1.3451555e+00  -1.8888172e-03  -5.7571193e-04  -2.5413162e-03
   2.5736822e-02  -5.9168210e-01   1.3348376e+00  -1.7863274e-03  -4.9850017e-04  -2.9824352e-03
  -3.6476185e-03  -5.5458202e-01   1.3437419e+00  -1.9761009e-03  -4.7548135e-04  -3.0912801e-03
  -9.7539380e-03  -5.3414332e-01   1.3182353e+00  -2.0197128e-03  -6.9972792e-04  -2.8480552e-03
  -3.2218346e-02  -5.3476714e-01   1.3265033e+00  -2.2997277e-03  -7.2732671e-04  -2.7833129e-03
  -2.5397435e-02  -5.2091781e-01   1.3096124e+00  -1.9927429e-03  -6.4368410e-04  -2.6368184e-03
  -4.8286966e-02  -5.0625126e-01   1.3396288e+00  -1.5387781e-03  -2.6495973e-04  -2.2917804e-03
  -4.1930607e-02  -5.3022613e-01   1.3368549e+00  -2.1490130e-03  -3.0592123e-04  -2.2224499e-03
  -3.4595114e-02  -5.7540689e-01   1.3489317e+00  -2.4187436e-03  -4.0172539e-04  -2.2578635e-03
  -2.3590021e-02  -5.9136534e-01   1.3421756e+00  -2.6209380e-03  -5.2730436e-04  -2.1609707e-03
  -2.1911927e-03  -5.9205253e-01   1.3167415e+00  -2.4335199e-03  -8.0665823e-04  -2.4770630e-03
  -9.2085666e-03  -5.8605607e-01   1.2451427e+00  -8.9419540e-04  -9.0819780e-04  -2.5834647e-03
  -6.7395901e-03  -5.2921463e-01   1.0610631e+00   2.2734809e-03  -2.3338869e-03  -2.4584730e-03
  -4.5378239e-02  -4.6577670e-01   1.0317182e+00  -8.6496599e-05  -2.2932448e-03  -2.1900382e-03
  -1.5645350e-02  -4.1468261e-01   1.0292375e+00  -4.1199216e-03  -1.5356391e-03  -1.9571849e-03
  -4.8378454e-02  -4.3468960e-01   1.1275105e+00  -3.4691553e-03  -1.2256576e-03  -2.0564105e-03
  -4.3539832e-02  -4.5972885e-01   1.1394727e+00  -4.6652595e-03  -8.5570280e-04  -2.0371892e-03
  -6.3861495e-02  -4.8030022e-01   1.1572425e+00  -4.7538306e-03  -1.0844780e-03  -1.8826199e-03
  -4.1915957e-02  -5.4034426e-01   1.1615964e+00  -5.3118550e-03  -1.0070125e-03  -2.1776328e-03
  -7.2120822e-02  -5.5490479e-01   1.2432535e+00  -4.5553895e-03  -1.0938324e-03  -2.8504580e-03
  -8.7909235e-02  -5.4415048e-01   1.1883175e+00  -5.1893036e-03  -1.0026390e-03  -3.6565058e-03
  -5.6055595e-02  -5.2897453e-01   1.1517055e+00  -5.8810093e-03  -1.2457112e-03  -3.5231379e-03
  -6.0050310e-02  -4.9727236e-01   1.1661148e+00  -5.7768829e-03  -1.1583900e-03  -3.1224868e-03
  -2.8298467e-02  -5.0210676e-01   1.1737932e+00  -4.6691542e-03  -1.4541733e-03  -3.3273096e-03
  -3.5526355e-02  -4.9602391e-01   1.2012032e+00  -4.2896167e-03  -1.4139670e-03  -3.1702929e-03
  -5.3111803e-02  -5.0310208e-01   1.2032265e+00  -4.8254275e-03  -1.6088171e-03  -2.9346258e-03
  -5.3508181e-02  -4.8181862e-01   1.2083996e+00  -5.2339791e-03  -1.7512291e-03  -2.9013004e-03
  -6.1548558e-02  -4.9074475e-01   1.2082895e+00  -4.9084388e-03  -1.7793559e-03  -2.7671305e-03
  -5.4210534e-02  -5.1496153e-01   1.2742615e+00  -5.3135415e-03  -1.6686442e-03  -2.7830928e-03
  -6.2835181e-02  -4.9991550e-01   1.2631660e+00  -5.7801386e-03  -1.3791298e-03  -2.6640400e-03
  -5.4193885e-02  -5.1040573e-01   1.2250862e+00  -4.8371329e-03  -1.7015809e-03  -2.5854962e-03
  -7.6300142e-02  -5.0518053e-01   1.2243252e+00  -4.9552543e-03  -1.4446489e-03  -2.2851584e-03
   1.0334367e-02  -5.4867157e-01   1.3336992e+00  -4.9282216e-03  -8.5035488e-04  -3.1791947e-03
   1.0078512e-01  -6.0998786e-01   1.0782818e+00  -5.3883273e-03   2.2802872e-04  -1.6311770e-03
   7.0113156e-02  -7.2637383e-01   1.1657096e+00  -1.3635677e-03   2.2036740e-03  -2.5455595e-03
   3.0135530e-02  -8.0496704e-01   1.4083396e+00  -1.5989083e-03   1.5407420e-03  -2.8633683e-03
   3.0406713e-02  -8.2115329e-01   1.5467196e+00  -1.3836616e-03   1.1665981e-03  -3.2458118e-03
   4.9556437e-02  -8.1909369e-01   1.6339867e+00  -9.0402204e-04   3.4269634e-04  -3.8914552e-03
   5.2031871e-02  -8.3235779e-01   1.6766642e+00  -2.4122423e-03   9.8040172e-04  -4.0085694e-03
   6.3987567e-02  -8.4471480e-01   1.6837600e+00  -2.1882709e-03   1.0584879e-03  -3.9196667e-03
   5.4030954e-02  -8.7095552e-01   1.7132851e+00  -2.7107302e-03   1.2484157e-03  -3.7798186e-03
   4.1896930e-02  -9.3027928e-01   1.7804709e+00  -2.5718488e-03   1.8951887e-03  -3.2501521e-03
   6.0961667e-02  -8.9856879e-01   1.7225884e+00  -2.7771992e-03   1.2334898e-03  -3.5995169e-03
   6.5333460e-02  -8.5582782e-01   1.7291284e+00  -2.1940979e-03   1.3575712e-03  -3.7913213e-03
   6.4997668e-02  -8.6733731e-01   1.6879935e+00  -1.8984201e-03   1.1841295e-03  -3.4377984e-03
   6.8250910e-02  -8.4072587e-01   1.6935883e+00  -2.3743943e-03   1.4983648e-03  -3.5885802e-03
   7.6929772e-02  -8.4812869e-01   1.6769635e+00  -1.6734055e-03   1.6537806e-03  -3.9819397e-03
   6.6720827e-02  -8.6321060e-01   1.6797830e+00  -2.0229608e-03   1.2844360e-03  -3.3058954e-03
   6.6423240e-02  -8.7134862e-01   1.6894677e+00  -2.6153696e-03   1.4255033e-03  -3.3550920e-03
   7.0508254e-02  -8.8462335e-01   1.7086516e+00  -2.9779484e-03   1.9057499e-03  -3.2631238e-03
   5.8340384e-02  -8.5740579e-01   1.7224560e+00  -2.9120746e-03   1.8399340e-03  -3.3116324e-03
   6.8385763e-02  -8.8180578e-01   1.7260815e+00  -3.0968884e-03   2.0802931e-03  -3.3665994e-03
   5.1052337e-02  -8.9818889e-01   1.7207294e+00  -3.3704137e-03   1.5699516e-03  -3.1834280e-03
   5.1212100e-02  -9.1751887e-01   1.7074271e+00  -3.6849012e-03   1.8314552e-03  -3.2165329e-03
   5.9013038e-02  -9.2769292e-01   1.7287900e+00  -4.5100937e-03   2.0871128e-03  -2.8371527e-03
   6.2664413e-02  -9.1940555e-01   1.7242082e+00  -4.6223152e-03   2.3168381e-03  -2.6373062e-03
   5.8805592e-02  -9.2040237e-01   1.7095042e+00  -5.0854186e-03   2.3190475e-03  -2.2934501e-03
   7.5760081e-02  -8.7482715e-01   1.6843402e+00  -4.3939693e-03   2.6018174e-03  -2.2392371e-03
   8.9865143e-02  -8.8863535e-01   1.6862058e+00  -4.1033743e-03   3.0168729e-03  -2.0983425e-03
   7.0977164e-02  -8.5627109e-01   1.6975304e+00  -4.6556891e-03   2.9404095e-03  -2.1150095e-03
   5.9584994e-02  -9.8382377e-01   1.7898955e+00  -5.2963371e-03   3.2942807e-03  -2.3983224e-03
   4.8154381e-02  -9.6496010e-01   1.7462068e+00  -4.5328715e-03   3.3666847e-03  -2.7244921e-03
   5.9757528e-02  -9.1791210e-01   1.6547279e+00  -4.4492464e-03   2.4748011e-03  -2.3178487e-03
   3.0362296e-02  -9.3850053e-01   1.7781850e+00  -3.9111151e-03   2.2874492e-03  -2.3182294e-03
   4.7431347e-02  -9.5473889e-01   1.7265544e+00  -3.5278695e-03   2.3387261e-03  -2.6407975e-03
   5.2832033e-02  -9.6059671e-01   1.7590338e+00  -3.3079021e-03   1.7451107e-03  -2.2509204e-03
   4.2975459e-02  -9.3940464e-01   1.7218266e+00  -4.3364598e-03   2.0812290e-03  -2.4880689e-03
   3.8170861e-02  -8.9366106e-01   1.6564178e+00  -3.2979020e-03   1.7304050e-03  -2.1202934e-03
   3.2755673e-02  -8.3169718e-01   1.6497309e+00  -3.0080061e-03   1.4467130e-03  -1.9172542e-03
   4.3059911e-02  -8.3583615e-01   1.6808478e+00  -3.0838129e-03   1.8111743e-03  -2.1722588e-03
   5.1607468e-02  -8.2842341e-01   1.6521147e+00  -3.3108409e-03   1.7929295e-03  -1.9764398e-03
   5.5973839e-02  -8.1768513e-01   1.6826804e+00  -3.8291737e-03   2.1379033e-03  -1.9831843e-03
   5.0772842e-02  -8.6121301e-01   1.7081747e+00  -3.4663719e-03   1.9432428e-03  -2.1478109e-03
   4.7287023e-02  -8.7152951e-01   1.7592074e+00  -5.1180908e-03   1.8666713e-03  -2.0732230e-03
   5.7215076e-02  -8.9238610e-01   1.7033016e+00  -4.3843448e-03   1.9165132e-03  -1.6251719e-03
   7.6239692e-02  -8.3302692e-01   1.6827306e+00  -5.4849946e-03   1.9467255e-03  -2.5917503e-03
   1.1955219e-01  -7.9822906e-01   1.5414712e+00  -7.0142844e-03   1.7945949e-03  -4.1779707e-03
   1.4132587e-01  -7.8782396e-01   1.5507004e+00  -6.6522295e-03   2.1012760e-03  -4.5671707e-03
   1.2157624e-01  -7.6910379e-01   1.4637964e+00  -6.2715713e-03   1.4533893e-03  -4.8431913e-03
   1.1138819e-01  -7.2098694e-01   1.4442102e+00  -7.2873217e-03   2.0622515e-03  -3.7264497e-03
   1.0144766e-01  -7.1549276e-01   1.4658775e+00  -6.6302654e-03   1.8395336e-03  -3.7660144e-03
   9.6631238e-02  -7.4813261e-01   1.4884472e+00  -7.6647140e-03   1.8102194e-03  -3.8152745e-03
   1.0160759e-01  -7.8256024e-01   1.5344253e+00  -7.9438629e-03   1.8567318e-03  -3.2767143e-03
   1.5649957e-01  -7.8451934e-01   1.3774523e+00  -4.9837887e-03   2.8111423e-03  -3.7278220e-03
   1.5650346e-01  -7.8470916e-01   1.0765231e+00   1.8446813e-03   3.1210426e-03  -3.2491240e-03
   1.6720912e-01  -5.7298514e-01   9.5807362e-01   2.9017893e-03   1.5542173e-03  -3.5219481e-03
   1.5830704e-01  -5.7621196e-01   1.0226020e+00  -2.9455994e-04   2.3339644e-03  -3.1093055e-03
   1.6336253e-01  -6.1593855e-01   1.0933230e+00  -3.3611725e-03   2.5051519e-03  -2.7537930e-03
   1.5369244e-01  -6.4998966e-01   1.2166967e+00  -3.3298455e-03   2.4984998e-03  -2.6102104e-03
   1.5085428e-01  -6.9681792e-01   1.3480657e+00  -5.0467306e-03   2.7527958e-03  -2.4455396e-03
   1.4778391e-01  -7.4374489e-01   1.3709992e+00  -5.7057717e-03   2.9240140e-03  -2.3548175e-03
   1.5430505e-01  -7.8310082e-01   1.3806267e+00  -6.4095523e-03   2.7862880e-03  -2.5783226e-03
   1.9968296e-01  -8.3222820e-01   1.3355273e+00  -5.7960195e-03   2.4573666e-03  -2.9761614e-03
   1.6349842e-01  -8.2659191e-01   1.3562435e+00  -5.5223269e-03   2.7585470e-03  -3.1405108e-03
   1.5773421e-01  -7.9812696e-01   1.3843125e+00  -4.9092562e-03   2.9047190e-03  -3.0108907e-03
   1.6613606e-01  -8.0387535e-01   1.4040898e+00  -3.7473485e-03   2.3797615e-03  -3.6997097e-03
   1.5280893e-01  -7.7630940e-01   1.3764551e+00  -5.0510836e-03   2.5500576e-03  -3.4771859e-03
   1.5761091e-01  -7.4326272e-01   1.3312594e+00  -4.0924005e-03   2.0472165e-03  -3.1311053e-03
   1.4764658e-01  -6.8721302e-01   1.3733777e+00  -3.9846003e-03   2.1542069e-03  -3.1680025e-03
   1.4954754e-01  -6.8115428e-01   1.3590146e+00  -4.0166044e-03   1.9827954e-03  -2.9113858e-03
   1.4001238e-01  -6.5986152e-01   1.3562783e+00  -4.4092031e-03   1.9523966e-03  -2.6505679e-03
   1.4029813e-01  -6.7678419e-01   1.3268740e+00  -4.7053764e-03   2.1209496e-03  -2.7420167e-03
   1.3977080e-01  -6.6859777e-01   1.3364680e+00  -4.9083510e-03   2.2448141e-03  -2.4341608e-03
   1.4231543e-01  -6.8726811e-01   1.3345097e+00  -5.1289678e-03   2.6628038e-03  -2.9714369e-03
   1.4694917e-01  -7.1478380e-01   1.3533323e+00  -5.4137321e-03   3.0357807e-03  -3.0441113e-03
   1.4829946e-01  -7.4447279e-01   1.3418645e+00  -5.6769382e-03   2.6807351e-03  -2.8429570e-03
   1.6444356e-01  -7.4009425e-01   1.3187431e+00  -5.5830837e-03   2.7329020e-03  -2.9236410e-03
   1.5198147e-01  -7.3091601e-01   1.3011101e+00  -5.0768356e-03   2.5314078e-03  -2.9945622e-03
   1.5780621e-01  -7.0318474e-01   1.3076297e+00  -4.5874031e-03   2.2640280e-03  -2.9480309e-03
   1.4595037e-01  -7.1514315e-01   1.3421226e+00  -4.4788909e-03   2.3538866e-03  -3.2276816e-03
   1.4486954e-01  -7.2084710e-01   1.3494162e+00  -4.1748574e-03   2.2863954e-03  -3.1404177e-03
   1.1396579e-01  -6.9562757e-01   1.3381545e+00  -3.9379386e-03   1.9553363e-03  -3.0395401e-03
   1.8474958e-01  -7.1144196e-01   1.2326343e+00  -2.7259584e-04   2.3055780e-03  -3.9201292e-03
   1.1487223e-01  -6.4912254e-01   1.2373120e+00   2.0311869e-03   2.1811846e-03  -3.6459930e-03
   8.6276498e-02  -6.2060779e-01   1.2396043e+00   1.2052093e-03   1.5509963e-03  -3.9340684e-03
   1.1147806e-01  -6.3162029e-01   1.3166852e+00   6.9305696e-04   1.1564785e-03  -4.0551922e-03
   1.0358783e-01  -6.6701568e-01   1.3525421e+00  -7.3248157e-04   1.3882513e-03  -4.0915593e-03
   9.3437950e-02  -6.8262321e-01   1.3587274e+00  -6.6758741e-04   1.2018295e-03  -3.7948392e-03
   8.6425702e-02  -6.8891120e-01   1.3137324e+00  -1.2894374e-03   7.4073809e-04  -3.4714449e-03
   9.7922643e-02  -6.9580177e-01   1.2947552e+00  -2.3261315e-03   1.0985002e-03  -4.0598254e-03
   1.2190220e-01  -7.1015459e-01   1.2848895e+00  -1.8758212e-03   9.7242072e-04  -3.9150052e-03
   1.0269852e-01  -7.3593853e-01   1.3041665e+00  -2.1636972e-03   1.5355415e-03  -3.9815025e-03
   1.1557076e-01  -7.4297166e-01   1.3159081e+00  -2.0670317e-03   1.0062190e-03  -4.3431372e-03
   6.1181565e-02  -7.3101913e-01   1.3059451e+00  -2.1903780e-03   1.0664535e-03  -3.7767488e-03
   8.0826729e-02  -7.4312047e-01   1.2838344e+00  -2.1116531e-03   6.8768066e-04  -4.2281081e-03
   7.5306224e-02  -7.1934302e-01   1.3129557e+00  -2.2476795e-03   8.5637831e-04  -4.0065216e-03
   7.9742581e-02  -7.0830770e-01   1.3050684e+00  -2.1243900e-03   3.8715389e-04  -3.9963787e-03
   4.1200166e-02  -6.9964984e-01   1.3022274e+00  -3.0190085e-03  -8.5765822e-05  -3.8077830e-03
   7.0897957e-02  -6.9008212e-01   1.2459945e+00  -2.9447515e-03  -4.8599460e-04  -4.6464848e-03
   8.0820378e-02  -6.7228599e-01   1.2325691e+00  -3.1951899e-03  -6.6136630e-04  -4.9292197e-03
   6.3790256e-02  -6.7225785e-01   1.2422352e+00  -2.6252438e-03  -6.6817002e-04  -4.7664782e-03
   5.1209866e-02  -6.6801436e-01   1.2666526e+00  -2.4835659e-03  -4.7043260e-04  -4.7279932e-03
   4.0215045e-02  -6.7839867e-01   1.2674769e+00  -2.5656383e-03  -5.7450916e-04  -4.6187720e-03
   4.3463688e-02  -6.7994786e-01   1.2526024e+00  -3.8914229e-03  -5.7386099e-04  -4.5102605e-03
   4.6647082e-02  -6.7304761e-01   1.2337646e+00  -3.7920415e-03  -1.1123522e-03  -4.7561034e-03
   2.3934288e-02  -6.6455889e-01   1.2740385e+00  -3.9820980e-03  -1.1700668e-03  -4.4143868e-03
   4.5019194e-02  -7.0841341e-01   1.2995741e+00  -4.2280090e-03  -9.1605420e-04  -4.2188103e-03
   5.0344640e-02  -7.0256334e-01   1.4201473e+00  -4.4989543e-03  -1.2661805e-03  -4.0170895e-03
   6.3495717e-02  -6.5472622e-01   1.3140980e+00  -3.4853328e-03  -1.8381297e-03  -3.7033773e-03
   7.5600193e-03  -8.0902863e-01   1.3565428e+00  -5.2336502e-03  -1.7447530e-03  -3.9634871e-03
  -5.0975920e-02  -7.2035235e-01   1.3243476e+00  -1.2740047e-03  -2.6481247e-03  -3.7467431e-03
  -2.8299319e-02  -6.7351291e-01   1.3015222e+00  -1.7909960e-03  -2.8418638e-03  -3.8647036e-03
   7.6895653e-03  -7.3903498e-01   1.3061690e+00  -5.1333209e-03  -2.5290224e-03  -3.5149653e-03
