-8.812e-06
0.00015198
0.0014547
0.0036807
0.0046894
0.0041645
0.0036241
0.0032451
0.0032496
0.0037985
0.0040083
0.0035772
0.004578
0.0058553
0.006019
0.0056402
0.0060653
0.0070685
0.0069563
0.006215
0.0046488
0.0038617
0.0045271
0.0052668
0.006268
0.0069646
0.0075012
0.0080901
0.0086339
0.0084852
0.007176
0.0058975
0.0055837
0.0051803
0.0052914
0.0059807
0.0058425
0.0052657
0.00568
0.0058032
0.0059306
0.0060352
0.0051929
0.0045381
0.003876
0.0042484
0.0053305
0.005573
0.0048385
0.0045404
0.0050585
0.0054861
0.005658
0.0048936
0.0038125
0.003122
0.0041016
0.005672
0.0064616
0.0064323
0.0058559
0.0046889
0.0042523
0.0042775
0.0037725
0.0038559
0.0050476
0.0049975
0.0044881
0.0046615
0.0044272
0.0042748
0.0045672
0.0049223
0.0042476
0.0039938
0.0044205
0.0042354
0.002872
0.0018024
0.0020513
0.0028451
0.0034782
0.004094
0.0051869
0.006214
0.0050663
0.0036561
0.003428
0.0033418
0.003904
0.006159
0.0069069
0.006553
0.0074216
0.0082878
0.0079872
0.0069153
0.0057286
0.005558
0.0051835
0.0040309
0.0031114
0.0026127
0.0032876
0.0048555
0.0050219
0.0047361
0.0047681
0.0044931
0.0036331
0.0035521
0.004681
0.0057447
0.0066963
0.0067489
0.0053492
0.0038771
0.0032533
0.0026646
0.0027692
0.0045737
0.0054122
0.0059192
0.005854
0.0048388
0.0049728
0.0048424
0.0049031
0.0057147
0.0061383
0.0055123
0.0037643
0.0028886
0.0041856
0.0050323
0.0049091
0.0052694
0.0042859
0.0041358
0.0057437
0.0062469
0.0061065
0.0064019
0.0064852
0.0057352
0.0047351
0.0044478
0.0038547
0.0034864
0.0029836
0.002447
0.0025024
0.0028111
0.0034127
0.0036308
0.0031811
0.0037402
0.0046051
0.0047578
0.0049035
0.0050893
0.0056387
0.006022
0.0057182
0.0046488
0.0033361
0.0023284
0.0028615
0.0034646
0.0037116
0.00395
0.0041413
0.0047177
0.0050983
0.0058119
0.0063031
0.0056795
0.0053678
0.0061124
0.0059528
0.0058963
0.0057803
0.0052982
0.0050541
0.0045014
0.0043402
0.0050285
0.0066241
0.0074212
0.0070184
0.0065859
0.0056538
0.0045274
0.0048225
0.0053228
0.0056644
0.0058842
0.0056344
0.0054188
0.0049162
0.0056384
0.0061188
0.005161
0.0041197
0.0039498
0.0036814
0.0040144
0.0049303
0.0050384
0.0053799
0.0051257
0.0048066
0.0052542
0.0052736
0.004838
0.0045956
0.0053939
0.0057449
0.0052363
0.0060823
0.0070167
0.0062014
0.0050715
0.0046548
0.0042939
0.0044549
0.005705
0.0060902
0.0060306
0.0064879
0.0064374
0.006189
0.0057688
0.0062576
0.0059846
0.0051541
0.0056972
0.0060068
0.0058077
0.0060236
0.0059145
0.0045666
0.0031732
0.0024112
0.0023474
0.002892
0.0042621
0.0046853
0.00413
0.0050679
0.0069208
0.0071335
0.0063131
0.0063694
0.0060452
0.0053961
0.0046893
0.0045313
0.0046631
0.0043524
0.0040154
0.0032518
0.0033417
0.0039335
0.004434
0.0044192
0.0041067
0.004136
0.0040908
0.0032829
0.0027748
0.0031758
0.0033874
0.0036476
0.0036375
0.0035087
0.0035095
0.0036108
0.0029964
0.0026413
0.002024
0.0026705
0.0044023
0.0051185
0.0060281
0.0071147
0.0073145
0.0072724
0.0067699
0.0053506
0.0045056
0.0045764
0.0048074
0.0048458
0.0044105
0.0045451
0.0056616
0.0060844
0.0054691
0.0053828
0.0054724
0.0042654
0.0032508
0.0043471
0.0054121
0.0053129
0.0058151
0.0067099
0.0067488
0.0057381
0.0041486
0.00346
0.0039245
0.0038455
0.0032686
0.0031023
0.0031679
0.0034703
0.0029619
0.0027873
0.0045977
0.0047877
0.0048875
0.0056998
0.0058376
0.005058
0.003867
0.0043093
0.0046543
0.0041604
0.0038518
0.0034907
0.0033892
0.0047163
0.0051554
0.0043274
0.0035529
0.003897
0.0055166
0.0058391
0.0052039
0.0040872
0.0040165
0.0042357
0.0037531
0.0030297
0.0023569
0.0029638
0.0046987
0.0058713
0.006154
0.005964
0.0051351
0.0036996
0.0032444
0.0032815
0.0029663
0.0033053
0.0044356
0.0045865
0.0051582
