6.3384e-08
4.4832e-07
1.2582e-05
4.0195e-05
6.9861e-05
8.0798e-05
8.1877e-05
8.3696e-05
7.9825e-05
7.8863e-05
7.3116e-05
5.4599e-05
4.5345e-05
5.5241e-05
7.0461e-05
7.1826e-05
6.9386e-05
7.5624e-05
7.0795e-05
6.0572e-05
5.4256e-05
4.4871e-05
4.2818e-05
5.4963e-05
7.844e-05
8.3547e-05
7.4766e-05
6.8651e-05
7.2423e-05
8.3305e-05
8.2532e-05
6.9032e-05
5.9266e-05
5.0911e-05
4.8926e-05
5.2094e-05
6.0636e-05
6.733e-05
7.0362e-05
7.4124e-05
6.9214e-05
6.2114e-05
5.5171e-05
6.0224e-05
6.5681e-05
5.8106e-05
5.3524e-05
5.7662e-05
6.6286e-05
6.5831e-05
7.1052e-05
6.7797e-05
6.4239e-05
6.755e-05
7.0165e-05
6.365e-05
5.6127e-05
5.853e-05
6.3636e-05
7.3961e-05
8.0732e-05
6.9672e-05
6.7616e-05
7.8167e-05
7.7635e-05
7.4139e-05
7.8483e-05
7.1939e-05
5.6262e-05
5.0645e-05
4.8447e-05
5.9634e-05
6.4108e-05
5.9494e-05
5.9286e-05
7.0321e-05
7.946e-05
8.6761e-05
7.9653e-05
5.4396e-05
5.2307e-05
6.2673e-05
5.7773e-05
5.9308e-05
7.2233e-05
8.7376e-05
8.5652e-05
6.1705e-05
3.4855e-05
3.1679e-05
4.1839e-05
5.4146e-05
6.4505e-05
6.7864e-05
7.6207e-05
7.8046e-05
7.5037e-05
7.8964e-05
8.2582e-05
7.885e-05
7.6567e-05
8.194e-05
8.3731e-05
7.8795e-05
7.221e-05
6.897e-05
6.2696e-05
5.4676e-05
5.001e-05
5.3818e-05
5.2583e-05
4.6838e-05
5.1401e-05
5.9276e-05
7.4303e-05
7.8558e-05
6.1851e-05
4.9613e-05
5.9768e-05
7.6922e-05
8.0625e-05
8.7191e-05
8.323e-05
6.7052e-05
5.5758e-05
5.3939e-05
6.3969e-05
7.6201e-05
7.4986e-05
7.5784e-05
7.239e-05
7.0826e-05
6.0232e-05
4.2664e-05
4.5054e-05
5.2068e-05
4.9729e-05
5.3527e-05
5.0678e-05
5.1473e-05
5.9515e-05
6.3669e-05
7.2766e-05
8.6586e-05
9.5529e-05
9.1616e-05
7.9054e-05
6.1634e-05
5.2856e-05
5.73e-05
6.6355e-05
6.6158e-05
5.9472e-05
5.6582e-05
5.8853e-05
6.514e-05
7.2111e-05
7.4563e-05
8.099e-05
8.4278e-05
7.5565e-05
6.1488e-05
5.9082e-05
5.4195e-05
4.4613e-05
5.0729e-05
6.1564e-05
5.8809e-05
6.1898e-05
7.2867e-05
7.5866e-05
7.0696e-05
6.4991e-05
6.609e-05
6.2901e-05
6.3766e-05
7.0998e-05
8.3933e-05
8.7942e-05
8.0791e-05
7.6769e-05
7.957e-05
7.7367e-05
7.1582e-05
7.471e-05
7.616e-05
7.1476e-05
6.9739e-05
7.849e-05
8.5526e-05
7.4457e-05
6.4768e-05
6.1471e-05
5.1532e-05
4.7157e-05
4.6843e-05
5.1911e-05
5.8096e-05
5.9351e-05
7.3537e-05
7.7145e-05
7.5545e-05
8.1679e-05
8.4048e-05
7.5561e-05
7.1026e-05
6.8823e-05
6.5083e-05
6.1443e-05
5.7607e-05
6.4955e-05
6.2662e-05
4.8487e-05
5.0566e-05
5.5724e-05
5.447e-05
5.462e-05
5.7158e-05
5.502e-05
5.8803e-05
6.8563e-05
7.1926e-05
6.6988e-05
6.6888e-05
7.1526e-05
7.0439e-05
6.724e-05
6.5828e-05
7.1941e-05
7.5574e-05
7.361e-05
6.7423e-05
6.1038e-05
6.1205e-05
6.7481e-05
6.4681e-05
5.6995e-05
6.6076e-05
7.5578e-05
7.8497e-05
8.3656e-05
8.4107e-05
6.7711e-05
5.6759e-05
5.2226e-05
4.7068e-05
5.5921e-05
7.1182e-05
6.9443e-05
6.4243e-05
6.6954e-05
7.5278e-05
8.1853e-05
7.407e-05
7.1651e-05
7.3674e-05
6.7962e-05
6.4708e-05
6.5078e-05
6.3699e-05
6.13e-05
6.3963e-05
6.2571e-05
6.2791e-05
7.4385e-05
8.4751e-05
8.0296e-05
7.0452e-05
7.0625e-05
7.1043e-05
6.7553e-05
5.3929e-05
4.7686e-05
5.2428e-05
5.5983e-05
6.0282e-05
6.0125e-05
4.5031e-05
3.7634e-05
3.8893e-05
3.935e-05
3.562e-05
2.8926e-05
3.9512e-05
5.6452e-05
6.3751e-05
6.9074e-05
7.9847e-05
9.2619e-05
9.0997e-05
7.1669e-05
6.2774e-05
7.1119e-05
7.3433e-05
6.7898e-05
6.4821e-05
6.4445e-05
6.251e-05
6.2378e-05
6.5543e-05
7.5967e-05
8.1773e-05
7.9713e-05
7.1696e-05
6.3086e-05
6.1246e-05
6.1634e-05
6.4994e-05
7.2327e-05
7.5044e-05
8.0452e-05
8.18e-05
7.3599e-05
6.6206e-05
6.7011e-05
7.9714e-05
8.2076e-05
7.4487e-05
6.872e-05
6.0306e-05
4.5649e-05
4.3942e-05
4.8148e-05
5.2546e-05
5.303e-05
4.862e-05
5.3808e-05
5.7076e-05
5.8288e-05
6.2918e-05
6.6333e-05
7.3435e-05
8.095e-05
7.3949e-05
6.4877e-05
6.1991e-05
5.5146e-05
5.6791e-05
6.7694e-05
7.335e-05
6.6986e-05
6.9441e-05
7.1935e-05
6.9157e-05
6.7795e-05
6.2793e-05
5.3465e-05
4.0916e-05
4.7977e-05
6.9113e-05
8.2409e-05
8.139e-05
7.9919e-05
8.2063e-05
7.0041e-05
5.6825e-05
4.6596e-05
3.7995e-05
4.5832e-05
7.2276e-05
7.6931e-05
8.5126e-05
