6.2784e-08
4.5316e-07
1.2611e-05
4.0245e-05
6.9901e-05
8.0804e-05
8.1887e-05
8.3704e-05
7.9827e-05
7.8873e-05
7.3108e-05
5.4586e-05
4.5354e-05
5.5265e-05
7.0477e-05
7.1821e-05
6.9388e-05
7.563e-05
7.0783e-05
6.0561e-05
5.4237e-05
4.4857e-05
4.2825e-05
5.5e-05
7.8472e-05
8.3546e-05
7.4745e-05
6.8633e-05
7.2423e-05
8.331e-05
8.2515e-05
6.9022e-05
5.9273e-05
5.0925e-05
4.8939e-05
5.2108e-05
6.0646e-05
6.7331e-05
7.0366e-05
7.4118e-05
6.9195e-05
6.2092e-05
5.5159e-05
6.0246e-05
6.5686e-05
5.8101e-05
5.3528e-05
5.7687e-05
6.6302e-05
6.5845e-05
7.1067e-05
6.7787e-05
6.4241e-05
6.7564e-05
7.0173e-05
6.3643e-05
5.6131e-05
5.854e-05
6.364e-05
7.3962e-05
8.0713e-05
6.9646e-05
6.7624e-05
7.8177e-05
7.7633e-05
7.4141e-05
7.8486e-05
7.1919e-05
5.6252e-05
5.0641e-05
4.845e-05
5.964e-05
6.4087e-05
5.9475e-05
5.9286e-05
7.0326e-05
7.9452e-05
8.6759e-05
7.9627e-05
5.4379e-05
5.2328e-05
6.2684e-05
5.7769e-05
5.932e-05
7.2258e-05
8.7384e-05
8.5619e-05
6.1656e-05
3.4829e-05
3.1687e-05
4.1853e-05
5.4169e-05
6.4517e-05
6.788e-05
7.6225e-05
7.8044e-05
7.5038e-05
7.8978e-05
8.2596e-05
7.8863e-05
7.6584e-05
8.1951e-05
8.3719e-05
7.8772e-05
7.2194e-05
6.8956e-05
6.2679e-05
5.4667e-05
5.0013e-05
5.382e-05
5.2561e-05
4.6824e-05
5.1396e-05
5.9275e-05
7.4317e-05
7.8551e-05
6.1834e-05
4.9619e-05
5.9797e-05
7.6927e-05
8.0619e-05
8.7182e-05
8.3193e-05
6.7006e-05
5.5736e-05
5.3945e-05
6.3996e-05
7.6215e-05
7.4993e-05
7.5784e-05
7.238e-05
7.0816e-05
6.0203e-05
4.2649e-05
4.5065e-05
5.2067e-05
4.973e-05
5.3535e-05
5.0676e-05
5.1477e-05
5.9508e-05
6.3662e-05
7.2766e-05
8.6598e-05
9.5543e-05
9.1619e-05
7.9048e-05
6.1627e-05
5.2859e-05
5.7311e-05
6.6361e-05
6.6157e-05
5.9477e-05
5.6592e-05
5.8862e-05
6.5152e-05
7.2118e-05
7.4569e-05
8.1003e-05
8.4284e-05
7.5552e-05
6.1479e-05
5.9086e-05
5.4182e-05
4.4604e-05
5.0745e-05
6.1573e-05
5.8801e-05
6.1912e-05
7.2879e-05
7.5866e-05
7.0687e-05
6.4994e-05
6.6102e-05
6.2917e-05
6.3785e-05
7.1021e-05
8.3957e-05
8.795e-05
8.0795e-05
7.6778e-05
7.9564e-05
7.7339e-05
7.1567e-05
7.4723e-05
7.6169e-05
7.1484e-05
6.9762e-05
7.8534e-05
8.5553e-05
7.4457e-05
6.4766e-05
6.1461e-05
5.1517e-05
4.7142e-05
4.6823e-05
5.1906e-05
5.8083e-05
5.9349e-05
7.3544e-05
7.7129e-05
7.5531e-05
8.1672e-05
8.404e-05
7.5558e-05
7.1039e-05
6.8823e-05
6.5082e-05
6.1446e-05
5.7625e-05
6.4969e-05
6.2635e-05
4.8462e-05
5.057e-05
5.5728e-05
5.4471e-05
5.4631e-05
5.7171e-05
5.503e-05
5.8826e-05
6.8583e-05
7.1928e-05
6.6977e-05
6.689e-05
7.1528e-05
7.0436e-05
6.7237e-05
6.5827e-05
7.1944e-05
7.5569e-05
7.3605e-05
6.7415e-05
6.1038e-05
6.1213e-05
6.748e-05
6.4657e-05
5.6994e-05
6.6099e-05
7.5594e-05
7.8501e-05
8.3658e-05
8.4087e-05
6.7689e-05
5.6764e-05
5.2228e-05
4.7068e-05
5.5933e-05
7.1187e-05
6.9446e-05
6.4262e-05
6.698e-05
7.5303e-05
8.1853e-05
7.4052e-05
7.1653e-05
7.3669e-05
6.7953e-05
6.471e-05
6.5084e-05
6.3702e-05
6.1308e-05
6.3972e-05
6.2568e-05
6.2801e-05
7.4403e-05
8.4753e-05
8.0277e-05
7.0443e-05
7.0636e-05
7.1055e-05
6.7547e-05
5.3917e-05
4.7694e-05
5.2443e-05
5.5995e-05
6.0297e-05
6.0127e-05
4.5028e-05
3.7649e-05
3.8899e-05
3.9344e-05
3.5603e-05
2.8921e-05
3.9537e-05
5.6466e-05
6.3747e-05
6.9079e-05
7.9867e-05
9.2633e-05
9.098e-05
7.1644e-05
6.278e-05
7.1132e-05
7.3434e-05
6.7899e-05
6.4829e-05
6.4443e-05
6.2506e-05
6.237e-05
6.5543e-05
7.5974e-05
8.1769e-05
7.9701e-05
7.1675e-05
6.3065e-05
6.123e-05
6.1626e-05
6.5006e-05
7.2344e-05
7.5055e-05
8.0466e-05
8.1799e-05
7.3598e-05
6.6208e-05
6.7027e-05
7.9731e-05
8.2068e-05
7.4471e-05
6.8706e-05
6.0283e-05
4.5635e-05
4.3957e-05
4.8168e-05
5.2562e-05
5.3031e-05
4.8629e-05
5.3828e-05
5.7087e-05
5.8305e-05
6.2936e-05
6.6343e-05
7.3429e-05
8.0922e-05
7.3908e-05
6.4857e-05
6.1977e-05
5.5134e-05
5.6789e-05
6.7688e-05
7.3325e-05
6.6964e-05
6.9438e-05
7.1932e-05
6.9164e-05
6.7799e-05
6.2792e-05
5.3453e-05
4.0913e-05
4.8009e-05
6.9155e-05
8.2434e-05
8.1395e-05
7.9929e-05
8.2058e-05
7.0023e-05
5.6812e-05
4.6578e-05
3.7981e-05
4.5867e-05
7.2321e-05
7.696e-05
8.5138e-05
