-8.8589e-06
0.0001527
0.0014573
0.0036832
0.0046894
0.0041637
0.0036236
0.0032448
0.00325
0.0037993
0.0040078
0.0035773
0.0045799
0.0058562
0.0060187
0.00564
0.0060666
0.0070691
0.0069555
0.0062135
0.0046466
0.003862
0.004528
0.0052679
0.006269
0.0069652
0.0075018
0.0080909
0.0086343
0.0084843
0.0071738
0.0058967
0.0055834
0.00518
0.0052923
0.0059814
0.0058417
0.0052656
0.0056807
0.005803
0.0059311
0.0060346
0.0051918
0.0045373
0.0038756
0.0042498
0.0053315
0.0055726
0.0048375
0.0045409
0.0050591
0.0054866
0.0056576
0.0048922
0.0038111
0.003122
0.0041038
0.0056736
0.0064621
0.006432
0.0058547
0.0046875
0.0042524
0.004277
0.0037719
0.0038569
0.0050488
0.0049964
0.0044882
0.0046614
0.0044269
0.0042748
0.004568
0.0049219
0.0042467
0.0039941
0.0044211
0.0042343
0.0028702
0.0018018
0.0020522
0.0028459
0.003479
0.0040948
0.0051888
0.006214
0.005064
0.0036553
0.003428
0.0033417
0.0039061
0.0061617
0.0069063
0.0065533
0.0074231
0.0082882
0.0079863
0.0069136
0.0057277
0.0055581
0.0051823
0.0040295
0.0031105
0.0026125
0.0032895
0.0048568
0.0050214
0.004736
0.0047681
0.0044922
0.0036321
0.0035529
0.0046825
0.0057458
0.0066973
0.0067479
0.0053471
0.0038758
0.0032528
0.0026638
0.0027708
0.0045758
0.0054126
0.0059201
0.0058529
0.0048382
0.0049733
0.0048418
0.0049039
0.0057156
0.0061384
0.0055106
0.0037622
0.0028889
0.0041878
0.0050322
0.0049096
0.0052693
0.0042844
0.0041373
0.0057453
0.0062466
0.0061066
0.0064023
0.006485
0.0057338
0.0047343
0.0044474
0.0038539
0.0034861
0.0029827
0.0024467
0.0025026
0.0028116
0.0034134
0.0036304
0.0031808
0.0037416
0.0046056
0.0047579
0.0049036
0.0050898
0.0056394
0.0060222
0.0057172
0.0046472
0.0033343
0.002328
0.0028626
0.0034649
0.003712
0.00395
0.0041419
0.0047183
0.0050989
0.005813
0.0063031
0.0056784
0.0053684
0.0061129
0.0059522
0.0058966
0.0057797
0.0052979
0.0050536
0.0045008
0.0043405
0.0050302
0.006626
0.0074213
0.0070178
0.0065853
0.0056521
0.0045268
0.0048233
0.0053231
0.0056649
0.0058839
0.0056342
0.0054182
0.0049161
0.0056399
0.0061184
0.0051594
0.004119
0.0039498
0.003681
0.0040157
0.0049309
0.0050386
0.0053803
0.0051249
0.0048069
0.0052547
0.0052733
0.0048373
0.0045959
0.005395
0.0057444
0.0052362
0.0060841
0.0070166
0.0061997
0.0050705
0.0046546
0.0042935
0.0044561
0.0057063
0.00609
0.006031
0.0064883
0.0064371
0.0061885
0.0057686
0.0062584
0.0059832
0.0051541
0.0056981
0.0060068
0.0058077
0.0060242
0.0059135
0.0045646
0.0031717
0.0024107
0.0023475
0.0028933
0.0042637
0.0046848
0.0041299
0.0050702
0.0069224
0.0071326
0.0063126
0.0063696
0.0060443
0.0053952
0.0046885
0.0045317
0.0046629
0.0043521
0.0040146
0.0032512
0.0033424
0.0039342
0.0044345
0.0044188
0.0041066
0.0041362
0.0040903
0.0032816
0.0027749
0.0031761
0.0033876
0.0036478
0.0036374
0.0035085
0.0035098
0.0036105
0.0029956
0.0026408
0.0020234
0.0026726
0.0044039
0.0051191
0.0060296
0.0071156
0.0073144
0.0072724
0.0067685
0.0053489
0.0045053
0.0045767
0.0048076
0.0048455
0.0044099
0.0045461
0.005663
0.0060841
0.0054684
0.0053832
0.0054718
0.0042633
0.0032509
0.0043492
0.0054124
0.0053128
0.0058163
0.0067106
0.0067482
0.0057363
0.0041468
0.0034602
0.003925
0.0038448
0.003268
0.0031023
0.0031681
0.0034705
0.0029607
0.0027888
0.0045994
0.004787
0.0048885
0.0057004
0.0058373
0.0050562
0.0038664
0.0043104
0.004654
0.0041598
0.0038515
0.00349
0.00339
0.0047181
0.0051548
0.0043264
0.0035522
0.0038987
0.0055181
0.0058387
0.0052026
0.0040861
0.0040171
0.0042354
0.0037523
0.0030286
0.0023567
0.0029656
0.0047008
0.005872
0.0061539
0.0059635
0.0051335
0.0036982
0.0032446
0.0032812
0.0029661
0.0033066
0.0044365
0.0045868
0.0051581
