   0.0000000e+00   0.0000000e+00   0.0000000e+00   0.0000000e+00   0.0000000e+00   0.0000000e+00
  -4.7827497e-02   1.4177989e-02   4.0677371e-01  -3.3778564e-04  -3.3990254e-04  -1.0983122e-03
  -4.2094681e-02   2.6592200e-02   5.3701010e-01  -4.7162607e-04  -1.5019282e-04  -7.3838681e-04
  -3.7904918e-02   2.8945820e-02   5.3613841e-01  -2.7450044e-04  -5.7478785e-05  -6.2632178e-04
  -3.6969462e-02   1.6438135e-02   5.4753092e-01  -4.5581378e-05  -4.4273233e-05  -5.3881086e-04
  -3.8955039e-02   2.2355440e-02   5.4272074e-01  -9.8809403e-05  -4.9715673e-05  -4.9901779e-04
  -4.1346922e-02   2.6048836e-02   5.7829691e-01  -4.0911080e-04  -1.5159372e-04  -5.6303174e-04
  -3.5723172e-02   1.0354435e-02   5.8908545e-01  -4.5222626e-04  -2.3715497e-04  -5.0078316e-04
  -6.1743324e-02  -5.9504319e-03   5.5909992e-01  -5.0505268e-04  -2.1185836e-04  -9.4052117e-04
  -5.7860009e-02   9.3509085e-03   5.5599728e-01  -5.4734742e-04  -2.7739722e-04  -7.1498456e-04
  -5.5631290e-02   4.1035350e-02   5.4239413e-01  -1.0411110e-04  -2.5297422e-04  -6.7661157e-04
  -5.9651138e-02   1.8863820e-02   5.7876443e-01  -6.1227543e-04  -2.4307160e-04  -5.9344054e-04
  -7.9445793e-02  -3.9156032e-03   5.5350814e-01  -9.5867072e-04  -2.0749345e-04  -8.9873448e-04
  -7.4491356e-02   1.4302007e-02   5.5502069e-01  -8.4271560e-04  -1.2072544e-04  -9.5474007e-04
  -6.3469414e-02   1.6630670e-02   5.6837545e-01  -7.4734580e-04  -1.5429718e-04  -9.8368157e-04
  -5.9928346e-02   1.1012951e-02   5.6281705e-01  -6.7991657e-04  -1.7121170e-04  -8.2883515e-04
  -7.3788660e-02   6.1997632e-03   5.5354017e-01  -5.8928949e-04  -1.7876782e-04  -9.0713093e-04
  -5.5839841e-02   8.1400632e-03   5.8519222e-01  -6.8633015e-04  -1.7058081e-04  -8.6677232e-04
  -4.2682856e-02  -1.0601555e-02   6.3054087e-01  -1.2814829e-03  -1.4398045e-04  -7.1094451e-04
  -4.1524977e-02  -1.6540949e-02   6.0929120e-01  -1.3308952e-03  -2.4170095e-04  -7.7326253e-04
  -4.7826229e-02   2.9026218e-03   5.9150391e-01  -1.2766859e-03  -3.6461022e-04  -9.5096836e-04
  -5.3419995e-02  -2.1836739e-03   6.0768209e-01  -1.3896275e-03  -4.1127579e-04  -1.0105844e-03
  -7.0648201e-02  -5.4637472e-03   6.0565831e-01  -1.7437220e-03  -4.7377465e-04  -1.3955590e-03
  -7.9373889e-02   2.2032831e-02   6.3253995e-01  -2.7744567e-03  -4.7643577e-04  -1.5741107e-03
  -6.5077966e-02   2.1233105e-02   6.0858261e-01  -2.0827825e-03  -4.2941039e-04  -1.3759086e-03
  -7.6475440e-02   1.9488897e-02   6.3123719e-01  -2.2220671e-03  -4.9232174e-04  -1.5314936e-03
  -7.4388155e-02   1.0951209e-02   6.4500266e-01  -3.2278350e-03  -6.2023071e-04  -1.5910470e-03
  -6.7155321e-02   5.5521891e-03   6.3602184e-01  -3.3550111e-03  -5.5866567e-04  -1.5063050e-03
  -7.0066966e-02  -1.2977109e-02   6.3675983e-01  -3.0290516e-03  -5.4052199e-04  -1.4770541e-03
  -8.2998131e-02  -2.8562354e-02   6.1225563e-01  -2.4946540e-03  -4.7255499e-04  -1.6605817e-03
  -8.4494633e-02  -1.7474396e-02   6.3277579e-01  -2.7553250e-03  -4.7306930e-04  -1.5011361e-03
  -7.6531687e-02  -2.7013867e-03   6.4457516e-01  -2.8070392e-03  -3.7560185e-04  -1.4401011e-03
  -6.9451381e-02  -1.2899610e-02   6.4642610e-01  -2.6118703e-03  -5.3534489e-04  -1.4933936e-03
  -6.9017148e-02  -2.1909911e-02   6.5408345e-01  -2.6818540e-03  -6.2392798e-04  -1.4719886e-03
  -7.0108440e-02  -1.8974630e-02   6.4273880e-01  -2.7100294e-03  -8.2475534e-04  -1.5280614e-03
  -7.3376701e-02  -9.4697566e-03   6.3117106e-01  -2.8319849e-03  -5.7232203e-04  -1.4244565e-03
  -8.5419197e-02  -4.7843824e-03   6.2933110e-01  -2.6857762e-03  -5.6221848e-04  -1.5100973e-03
  -9.0476041e-02  -3.4243350e-03   6.3742839e-01  -2.7826821e-03  -5.1609998e-04  -1.5841721e-03
  -8.5893976e-02  -8.9047371e-03   6.6753232e-01  -3.0019315e-03  -4.5912246e-04  -1.5623610e-03
  -7.4136446e-02  -1.7391702e-02   6.8239429e-01  -3.0054628e-03  -6.3854719e-04  -1.5625564e-03
  -7.3597679e-02  -3.1576961e-02   6.5554330e-01  -3.1259508e-03  -7.1294875e-04  -1.4694356e-03
  -7.6221547e-02  -1.1893003e-02   6.3055049e-01  -3.0498480e-03  -7.1381788e-04  -1.5937822e-03
  -8.1888909e-02  -3.7819413e-03   6.2794598e-01  -2.6988152e-03  -6.2780626e-04  -1.6846493e-03
  -7.3665190e-02  -2.0771147e-02   6.6059987e-01  -2.9245526e-03  -5.7441075e-04  -1.6055810e-03
  -7.9376269e-02  -3.3362547e-02   6.5866158e-01  -3.3923569e-03  -7.4571012e-04  -1.7122642e-03
  -7.4842483e-02  -2.2518051e-02   6.5409202e-01  -3.2831670e-03  -8.1130597e-04  -1.6792344e-03
  -7.8772786e-02  -2.5194548e-02   6.7018901e-01  -3.3429233e-03  -7.4744657e-04  -1.6459483e-03
  -7.2321484e-02  -3.2053466e-02   6.8114103e-01  -3.5777414e-03  -5.7442326e-04  -1.6092270e-03
  -6.4230354e-02  -3.6860845e-02   6.6207222e-01  -3.5284007e-03  -4.6586961e-04  -1.4660231e-03
  -7.3692577e-02  -3.1045743e-02   6.3391881e-01  -3.4166355e-03  -3.5930164e-04  -1.6608304e-03
  -7.1483892e-02  -2.5470326e-02   6.6154343e-01  -3.5464586e-03  -4.7907453e-04  -1.4973265e-03
  -6.5202274e-02  -3.5880405e-02   6.4909449e-01  -3.3795419e-03  -4.6299184e-04  -1.4410840e-03
  -7.5862743e-02  -3.4280212e-02   6.2439748e-01  -3.1934736e-03  -4.6545769e-04  -1.6008359e-03
  -7.2625109e-02  -2.7687351e-02   6.2104725e-01  -3.0406519e-03  -3.9548944e-04  -1.5871102e-03
  -8.6550273e-02  -3.3439458e-02   6.6798843e-01  -3.5059688e-03  -2.7484612e-04  -1.6051658e-03
  -8.7916459e-02  -3.8640629e-02   6.6115268e-01  -3.4148378e-03  -5.3307757e-04  -1.7062785e-03
  -1.0477430e-01  -2.7267621e-02   6.4198225e-01  -3.0240375e-03  -7.2985944e-04  -1.7595514e-03
  -1.1277890e-01  -2.0965139e-02   6.6051141e-01  -3.0150955e-03  -4.8090096e-04  -1.7876958e-03
  -1.0824054e-01  -3.5162502e-02   7.1351159e-01  -3.5847044e-03  -4.1361844e-04  -1.5901618e-03
  -1.0452103e-01  -5.1345390e-02   6.8330744e-01  -3.4293190e-03  -2.4876979e-04  -1.6091854e-03
  -1.0030129e-01  -4.3767618e-02   6.6858900e-01  -3.8944648e-03  -4.4782009e-04  -1.7547692e-03
  -9.4159029e-02  -2.8404603e-02   7.0550639e-01  -4.7011427e-03  -2.4161907e-04  -1.6692422e-03
  -9.4012471e-02  -4.4633625e-02   6.9719142e-01  -4.4832971e-03  -2.4647852e-04  -1.7800274e-03
  -9.2168892e-02  -4.3444486e-02   7.0031722e-01  -4.8261474e-03  -3.7024548e-04  -1.8179313e-03
  -8.8113765e-02  -4.5278923e-02   7.0329589e-01  -4.8077512e-03  -4.7692168e-04  -1.7831282e-03
  -9.9542336e-02  -2.5698951e-02   7.5556157e-01  -6.2370805e-03   2.7245750e-05  -1.8224825e-03
  -1.0224542e-01  -2.5428785e-02   7.5274349e-01  -6.2951096e-03   1.0978723e-04  -1.8996358e-03
  -9.2716501e-02  -3.1641233e-02   7.6322767e-01  -6.5485020e-03   2.0959144e-04  -1.9085597e-03
  -1.0900040e-01  -4.3798365e-02   7.5364919e-01  -6.5967806e-03   1.1609019e-04  -2.0415553e-03
  -1.0241301e-01  -2.3023176e-02   7.5649606e-01  -6.8675594e-03   1.0790701e-04  -2.1157730e-03
  -9.2993462e-02  -1.2034266e-02   7.6526222e-01  -6.4641483e-03   1.5842708e-04  -2.1191607e-03
  -9.2634684e-02  -2.3851854e-02   7.9721691e-01  -6.8499242e-03   1.2811677e-04  -2.0068919e-03
  -9.3444305e-02  -2.8699609e-02   7.9472127e-01  -7.2138758e-03   1.0699844e-04  -1.9897121e-03
  -1.0432767e-01  -2.0379191e-02   7.7647961e-01  -7.1718470e-03   2.3103974e-04  -2.0635044e-03
  -1.0320928e-01  -2.3133896e-02   7.6777854e-01  -6.8685504e-03   1.8955580e-04  -1.9220962e-03
  -1.0062060e-01  -2.3842149e-02   7.4770112e-01  -6.8717675e-03   2.7474474e-04  -1.9872502e-03
  -9.2615720e-02  -2.1524401e-02   7.8681908e-01  -6.8099545e-03   4.5704484e-04  -1.7286998e-03
  -1.0103788e-01  -2.9537366e-02   8.0529994e-01  -6.9813538e-03   3.5895923e-04  -1.9133810e-03
  -9.0477849e-02  -4.6931901e-02   7.9398784e-01  -7.0630436e-03   2.7454261e-04  -1.8854345e-03
  -9.7214974e-02  -2.9889777e-02   7.6582696e-01  -6.7504931e-03   2.1870365e-04  -2.0513862e-03
  -1.0621099e-01  -1.4761295e-02   8.0633507e-01  -6.9825917e-03   2.9386700e-04  -2.0195687e-03
  -1.0448590e-01  -3.2272634e-02   8.2410420e-01  -7.0502189e-03   3.1783427e-04  -2.0108999e-03
  -1.0013126e-01  -4.5369189e-02   8.0951898e-01  -6.9258619e-03   2.6201978e-04  -2.0302801e-03
  -9.6159745e-02  -5.1006724e-02   8.0987980e-01  -6.9543627e-03   3.4914375e-04  -1.9860198e-03
  -9.6403513e-02  -5.5428848e-02   8.3609845e-01  -7.2739658e-03   2.5115838e-04  -1.9460440e-03
  -8.7849588e-02  -5.9075393e-02   8.2960345e-01  -7.1793852e-03   4.0067304e-04  -1.9807555e-03
  -9.9486753e-02  -4.9679030e-02   8.4086548e-01  -8.4338268e-03   7.4354379e-04  -2.2296735e-03
  -1.1230943e-01  -5.3811134e-02   8.1055007e-01  -7.8069108e-03   7.2207873e-04  -2.1967020e-03
  -1.1833870e-01  -4.7043409e-02   8.2100532e-01  -8.1457488e-03   7.2327617e-04  -2.2165811e-03
  -1.1687394e-01  -4.0142399e-02   8.0893093e-01  -8.1292697e-03   7.3935315e-04  -2.2289583e-03
  -1.0559599e-01  -3.7188494e-02   8.2328332e-01  -7.9440701e-03   7.4057954e-04  -2.1770851e-03
  -9.6735391e-02  -4.4350518e-02   8.4881312e-01  -8.0315720e-03   7.0834949e-04  -2.0956881e-03
  -8.7197503e-02  -6.3807352e-02   8.6456903e-01  -8.1857005e-03   7.1010328e-04  -2.0706039e-03
  -9.0643799e-02  -6.1541751e-02   8.3056370e-01  -8.0404065e-03   8.5812401e-04  -2.1046923e-03
  -9.6547966e-02  -3.8856666e-02   8.0863962e-01  -7.5944207e-03   9.3241443e-04  -2.2369672e-03
  -9.5266618e-02  -3.3014049e-02   8.4352561e-01  -7.8191026e-03   6.9687465e-04  -2.1610103e-03
  -9.8639642e-02  -5.0035488e-02   8.5510605e-01  -7.9576035e-03   6.0590077e-04  -2.2450527e-03
  -1.0663360e-01  -6.2356594e-02   8.3955181e-01  -7.8484061e-03   5.2200402e-04  -2.2898044e-03
  -1.2591700e-01  -5.1992395e-02   8.2322069e-01  -8.1928279e-03   6.1973657e-04  -2.4422516e-03
  -1.3559954e-01  -4.3742403e-02   8.0027674e-01  -8.1994285e-03   8.0259987e-04  -2.4985541e-03
  -1.3402352e-01  -5.4218378e-02   8.2005002e-01  -8.3632398e-03   5.3502588e-04  -2.5113553e-03
  -1.2620166e-01  -5.4414497e-02   8.1479568e-01  -7.9993055e-03   4.6101950e-04  -2.5179900e-03
  -1.1258737e-01  -6.9717773e-02   8.7695160e-01  -8.5378361e-03   3.6092869e-04  -2.2559431e-03
  -1.1097459e-01  -8.3078499e-02   8.5828630e-01  -8.7508562e-03   2.7465050e-04  -2.2786899e-03
  -1.0941448e-01  -6.9786575e-02   8.1348968e-01  -8.0703132e-03   3.1081914e-04  -2.2395921e-03
  -1.2054442e-01  -6.2032709e-02   8.2973286e-01  -8.0698955e-03   5.1244115e-05  -2.4496727e-03
  -1.1199954e-01  -6.8083362e-02   8.4894318e-01  -8.2949022e-03   2.5781130e-04  -2.3855484e-03
  -1.0418590e-01  -8.0345269e-02   8.5417146e-01  -8.1565692e-03   3.2374452e-04  -2.3201880e-03
  -1.1653459e-01  -7.6942610e-02   8.3594229e-01  -8.0371985e-03   4.3435137e-04  -2.4766652e-03
  -1.2937196e-01  -9.0784466e-02   8.4475160e-01  -7.7531856e-03   1.3159940e-04  -2.6248555e-03
  -1.3581951e-01  -9.3678452e-02   8.5348784e-01  -7.9113660e-03   2.6062097e-04  -2.6725074e-03
  -1.3369425e-01  -1.0000889e-01   8.6363111e-01  -8.0494942e-03   2.3470796e-04  -2.6815420e-03
  -1.3072226e-01  -9.4466685e-02   8.4339538e-01  -8.5500944e-03   5.6336738e-04  -2.5161595e-03
  -1.5849938e-01  -9.2384160e-02   7.9403523e-01  -8.3740814e-03   9.1682801e-04  -2.6840105e-03
  -1.5771741e-01  -8.8212772e-02   7.9158974e-01  -8.1301063e-03   6.1975168e-04  -2.8477940e-03
  -1.4843597e-01  -8.9746874e-02   8.4227293e-01  -8.4591614e-03   5.9265440e-04  -2.6633017e-03
  -1.4186207e-01  -1.1307841e-01   8.4481384e-01  -8.3059055e-03   4.2579247e-04  -2.7449514e-03
  -1.4575037e-01  -1.1531826e-01   8.1499316e-01  -8.0309128e-03   3.5960901e-04  -2.7882425e-03
  -1.4756200e-01  -9.9688257e-02   7.8263500e-01  -7.9921133e-03   4.2336024e-04  -2.7890627e-03
  -1.6031834e-01  -8.8986325e-02   7.8999491e-01  -7.6339290e-03   5.4433947e-04  -2.7797609e-03
  -1.6839138e-01  -1.0244329e-01   7.9838370e-01  -7.7676569e-03   8.3179971e-04  -2.8249218e-03
  -1.5572967e-01  -1.0887554e-01   8.1607917e-01  -7.9059985e-03   7.0260781e-04  -2.7272602e-03
  -1.5810808e-01  -1.0486846e-01   8.4924114e-01  -8.5334171e-03   6.1608763e-04  -2.7157324e-03
  -1.6233263e-01  -1.0953735e-01   8.2294752e-01  -8.0167117e-03   4.7434536e-04  -2.8059807e-03
  -1.5404192e-01  -1.0690848e-01   8.4647516e-01  -8.1805398e-03   6.4564922e-04  -2.7050396e-03
  -1.3441683e-01  -1.1746832e-01   8.7949894e-01  -8.5696447e-03   4.2910761e-04  -2.7778697e-03
  -1.3049826e-01  -1.2366885e-01   8.5746870e-01  -8.3803586e-03   3.7373423e-04  -2.7591211e-03
  -1.2957700e-01  -1.1842392e-01   8.3845763e-01  -7.8581424e-03   6.8942999e-04  -2.7733563e-03
  -1.2278969e-01  -1.1664607e-01   8.6330780e-01  -8.1300506e-03   7.9300251e-04  -2.6879526e-03
  -1.1746211e-01  -1.2029745e-01   8.7309983e-01  -8.1420156e-03   7.6702342e-04  -2.5598861e-03
  -1.2822214e-01  -1.2358315e-01   8.4145542e-01  -7.9557248e-03   7.5105772e-04  -2.8246370e-03
  -1.2259247e-01  -1.1760780e-01   8.2484276e-01  -7.9678278e-03   6.8084875e-04  -2.7028499e-03
  -1.2961375e-01  -1.2392890e-01   8.6542345e-01  -8.4661177e-03   6.7479710e-04  -2.6922981e-03
  -1.1274186e-01  -1.2234181e-01   8.5730156e-01  -8.5678595e-03   7.2955593e-04  -2.5770025e-03
  -1.1567857e-01  -1.2240794e-01   8.5245408e-01  -8.5588320e-03   7.5653379e-04  -2.6253372e-03
  -1.2683570e-01  -1.1799957e-01   8.5907874e-01  -8.8900438e-03   7.4486396e-04  -2.6082795e-03
  -1.3343543e-01  -1.3295455e-01   8.7603022e-01  -8.9553482e-03   6.7210678e-04  -2.6547801e-03
  -1.4059648e-01  -1.3624599e-01   8.3789719e-01  -8.5220640e-03   7.5124572e-04  -2.7442395e-03
  -1.3759724e-01  -1.1339874e-01   7.8381306e-01  -8.3014721e-03   7.5385505e-04  -2.7148575e-03
  -1.4744183e-01  -1.0930751e-01   8.4466308e-01  -8.5502991e-03   7.8871189e-04  -2.8630613e-03
  -1.5463616e-01  -1.3221658e-01   8.6549317e-01  -8.6910230e-03   8.0824252e-04  -2.9526145e-03
  -1.6222418e-01  -1.3640760e-01   8.6010298e-01  -8.3702240e-03   7.1521284e-04  -2.9629969e-03
  -1.6591743e-01  -1.4219555e-01   8.9161382e-01  -8.6417934e-03   6.8837784e-04  -3.0418486e-03
  -1.5090116e-01  -1.5243945e-01   8.9883198e-01  -8.6688089e-03   7.8998255e-04  -2.7647168e-03
  -1.5268695e-01  -1.2909407e-01   8.8498489e-01  -8.5969863e-03   7.2562282e-04  -2.7313706e-03
  -1.5599613e-01  -1.2066374e-01   8.9108816e-01  -8.5515759e-03   9.2694507e-04  -2.7530299e-03
  -1.3719054e-01  -1.2886727e-01   9.0597509e-01  -9.0611169e-03   1.0817055e-03  -2.6384501e-03
  -1.2662263e-01  -1.3878707e-01   9.0092500e-01  -9.0387477e-03   9.7270701e-04  -2.6405574e-03
  -1.2912197e-01  -1.4323256e-01   8.8601132e-01  -8.9324562e-03   8.9531264e-04  -2.8802069e-03
  -1.2935383e-01  -1.6106899e-01   9.0656472e-01  -9.0705261e-03   6.1647923e-04  -2.9456892e-03
  -1.2511435e-01  -1.7181972e-01   9.1807524e-01  -9.1519641e-03   6.5273158e-04  -2.7980355e-03
  -1.2603232e-01  -1.6216767e-01   8.9239839e-01  -9.1753097e-03   7.6810903e-04  -2.8519778e-03
  -1.3193636e-01  -1.4386857e-01   8.7624876e-01  -9.2439151e-03   6.1673119e-04  -2.9857220e-03
  -1.4031429e-01  -1.3226693e-01   9.1415243e-01  -9.7030733e-03   5.6996135e-04  -2.9999557e-03
  -1.3377117e-01  -1.4920550e-01   9.0543973e-01  -9.3196609e-03   7.0308188e-04  -2.9832016e-03
  -1.3142027e-01  -1.5662879e-01   9.1445539e-01  -9.3326700e-03   9.6355314e-04  -2.8853232e-03
  -1.3391635e-01  -1.6354346e-01   8.9425480e-01  -9.5745484e-03   9.4979105e-04  -2.9786949e-03
  -1.3086547e-01  -1.3556615e-01   9.1351513e-01  -9.7474014e-03   8.7428400e-04  -3.0375252e-03
  -1.3942216e-01  -1.4863194e-01   9.0506327e-01  -9.6333220e-03   1.1545115e-03  -3.0906720e-03
  -1.4654259e-01  -1.6335908e-01   8.9762114e-01  -9.5389663e-03   8.2592125e-04  -3.1104498e-03
  -1.4652746e-01  -1.5188178e-01   9.0974305e-01  -9.5371990e-03   6.7249082e-04  -2.9448639e-03
  -1.3977299e-01  -1.5408243e-01   9.1279318e-01  -9.3500966e-03   6.9756845e-04  -3.0223997e-03
  -1.3350969e-01  -1.5535954e-01   9.0988992e-01  -9.4275712e-03   7.3205481e-04  -2.9819965e-03
  -1.4186044e-01  -1.6347035e-01   8.8720417e-01  -9.4809417e-03   8.6096385e-04  -3.0583609e-03
  -1.4377445e-01  -1.5593779e-01   9.0310977e-01  -9.7754408e-03   8.8621220e-04  -3.1270205e-03
  -1.4608425e-01  -1.5984798e-01   9.1400837e-01  -9.6650848e-03   9.1926818e-04  -3.1262997e-03
  -1.5513016e-01  -1.6537835e-01   9.0267583e-01  -9.7617482e-03   8.3894771e-04  -3.1766306e-03
  -1.5023373e-01  -1.6271639e-01   8.9498410e-01  -9.8175454e-03   6.7637298e-04  -3.2417529e-03
  -1.3495233e-01  -1.6093494e-01   9.3986281e-01  -1.0330261e-02   7.8950046e-04  -3.1369732e-03
  -1.3374633e-01  -1.6690892e-01   9.4368690e-01  -1.0700352e-02   1.1463576e-03  -3.1088258e-03
  -1.2673845e-01  -1.5951359e-01   9.5299668e-01  -1.0589840e-02   1.3416511e-03  -3.0962895e-03
  -1.1041103e-01  -1.6561699e-01   9.8804302e-01  -1.0487712e-02   1.8571110e-03  -2.7453237e-03
  -1.1193551e-01  -1.7592476e-01   1.0180730e+00  -1.0736421e-02   1.9440934e-03  -2.7346564e-03
  -1.0811250e-01  -1.7938489e-01   9.9032665e-01  -1.0643101e-02   1.8278990e-03  -2.8199614e-03
  -1.1211085e-01  -1.6816640e-01   9.5019068e-01  -1.0706601e-02   1.7341446e-03  -3.0301605e-03
  -1.2577981e-01  -1.4876631e-01   9.6089107e-01  -1.0928052e-02   1.6967997e-03  -3.2933347e-03
  -1.3016943e-01  -1.6734814e-01   9.9594024e-01  -1.1210689e-02   1.9183527e-03  -3.2044317e-03
  -1.2416676e-01  -1.6902834e-01   9.6629746e-01  -1.1255497e-02   1.9774482e-03  -3.0082499e-03
  -1.2127563e-01  -1.4059882e-01   9.7671293e-01  -1.1679801e-02   2.3827955e-03  -3.0684519e-03
  -1.4188251e-01  -1.4428957e-01   1.0208370e+00  -1.2100702e-02   2.5928393e-03  -3.2321103e-03
  -1.3718530e-01  -1.6464644e-01   1.0139026e+00  -1.1900879e-02   2.3362747e-03  -3.0868040e-03
  -1.3278625e-01  -1.6065183e-01   1.0064501e+00  -1.1824899e-02   2.4319970e-03  -3.1400937e-03
  -1.2532818e-01  -1.7568120e-01   1.0231306e+00  -1.1955637e-02   2.3368216e-03  -3.0474681e-03
  -1.3122805e-01  -1.7596994e-01   1.0201976e+00  -1.1983416e-02   2.3254797e-03  -3.1715099e-03
  -1.3651924e-01  -1.6226102e-01   1.0000882e+00  -1.1647561e-02   2.5049272e-03  -3.2090585e-03
  -1.5049512e-01  -1.5439316e-01   1.0028470e+00  -1.1604959e-02   2.6083711e-03  -3.2935762e-03
  -1.5561837e-01  -1.6934094e-01   1.0107039e+00  -1.1856976e-02   2.6140582e-03  -3.1375661e-03
  -1.6374632e-01  -1.7715577e-01   9.8984143e-01  -1.1959181e-02   2.5160318e-03  -3.2779953e-03
  -1.7573693e-01  -1.7646126e-01   9.5177487e-01  -1.1774421e-02   2.6958680e-03  -3.3532405e-03
  -1.8180362e-01  -1.7498778e-01   9.6528121e-01  -1.1788953e-02   2.7449701e-03  -3.3773319e-03
  -1.6105737e-01  -1.8422959e-01   1.0026480e+00  -1.2271672e-02   2.7052302e-03  -3.0180593e-03
  -1.8276001e-01  -1.8140749e-01   9.7459578e-01  -1.2116174e-02   2.7460142e-03  -3.2294905e-03
  -1.8864589e-01  -1.5161396e-01   9.5737809e-01  -1.1757420e-02   2.7528043e-03  -3.3715045e-03
  -1.9747690e-01  -1.5016188e-01   9.7255589e-01  -1.1628036e-02   2.4538473e-03  -3.4565502e-03
  -1.7958224e-01  -1.7965979e-01   1.0044319e+00  -1.2092391e-02   2.4038516e-03  -3.1117139e-03
  -1.9113446e-01  -1.9764891e-01   9.4838376e-01  -1.1993191e-02   2.5897004e-03  -3.1080014e-03
  -1.8277438e-01  -2.3974855e-01   9.1804209e-01  -1.1432611e-02   2.4394291e-03  -2.5504062e-03
  -1.8627669e-01  -2.1186654e-01   9.5964857e-01  -1.1994565e-02   2.5602653e-03  -2.4526085e-03
  -1.5724390e-01  -2.0672470e-01   9.5079322e-01  -1.1767007e-02   2.9556762e-03  -1.9505854e-03
  -1.5141132e-01  -2.2048859e-01   9.5376961e-01  -1.1716196e-02   2.7735469e-03  -1.9570321e-03
  -1.4322600e-01  -2.1498540e-01   9.7864745e-01  -1.1812383e-02   2.5863325e-03  -1.9831125e-03
  -1.3229477e-01  -2.0875317e-01   9.8164052e-01  -1.1906330e-02   2.6637494e-03  -1.9459417e-03
  -1.3431766e-01  -2.0728885e-01   9.6682551e-01  -1.1683436e-02   2.6951304e-03  -2.1165454e-03
  -1.3575361e-01  -2.0639900e-01   9.5612351e-01  -1.1306981e-02   2.8158523e-03  -2.0652458e-03
  -1.3029187e-01  -2.0815076e-01   9.9732244e-01  -1.2007028e-02   2.9056440e-03  -2.0044938e-03
  -1.3509492e-01  -2.1585398e-01   1.0146370e+00  -1.1783833e-02   2.6756217e-03  -2.0291641e-03
  -1.4438034e-01  -2.2519733e-01   1.0059146e+00  -1.1568236e-02   3.0469760e-03  -2.1520895e-03
  -1.4841286e-01  -2.3230747e-01   1.0233711e+00  -1.1843800e-02   2.8178251e-03  -2.2592220e-03
  -1.5101076e-01  -2.2624717e-01   1.0098467e+00  -1.1701276e-02   2.6366242e-03  -2.1263143e-03
  -1.5490001e-01  -2.2737022e-01   9.6876776e-01  -1.1539710e-02   2.6040478e-03  -2.3864911e-03
  -1.8995795e-01  -2.0490682e-01   1.0221915e+00  -1.3083920e-02   3.3114417e-03  -2.5936043e-03
  -1.9093349e-01  -1.9221709e-01   1.0617104e+00  -1.4057876e-02   3.9582866e-03  -2.3927602e-03
  -1.8303644e-01  -2.0032034e-01   1.0372165e+00  -1.3491216e-02   3.8266945e-03  -2.5342666e-03
  -1.8489394e-01  -2.0028932e-01   1.0204462e+00  -1.3259950e-02   3.7684896e-03  -2.6121000e-03
  -1.8066869e-01  -1.9872526e-01   1.0553009e+00  -1.3471929e-02   3.8297527e-03  -2.5179465e-03
  -1.6464135e-01  -1.9879887e-01   1.0770525e+00  -1.3819613e-02   3.8312946e-03  -2.3323810e-03
  -1.7408167e-01  -2.1143951e-01   1.0689388e+00  -1.3632774e-02   3.9627217e-03  -2.3522350e-03
  -1.6738277e-01  -2.0464490e-01   1.0515657e+00  -1.3054838e-02   3.9126703e-03  -2.3628395e-03
  -1.4641377e-01  -1.9035418e-01   1.0797804e+00  -1.3151227e-02   3.8700584e-03  -2.3418026e-03
  -1.4344202e-01  -1.9030077e-01   1.1049201e+00  -1.3479447e-02   3.9737894e-03  -2.2628397e-03
  -1.4270695e-01  -1.9980070e-01   1.0934977e+00  -1.3186838e-02   3.8002765e-03  -2.1799629e-03
  -1.5509916e-01  -1.9123255e-01   1.0940096e+00  -1.3312172e-02   3.7960613e-03  -2.4048010e-03
  -1.6007318e-01  -2.0290513e-01   1.1307156e+00  -1.4134405e-02   3.7373515e-03  -2.2317304e-03
  -1.7333010e-01  -2.0736871e-01   1.1058515e+00  -1.3766502e-02   3.9860681e-03  -2.3157288e-03
  -1.6090296e-01  -2.2492389e-01   1.0807088e+00  -1.3530836e-02   3.8927292e-03  -2.3183773e-03
  -1.6161264e-01  -2.1825634e-01   1.0609096e+00  -1.3407843e-02   3.9651288e-03  -2.3571277e-03
  -1.7325587e-01  -1.9296064e-01   1.0854772e+00  -1.3899724e-02   4.0394727e-03  -2.3452442e-03
  -1.7370262e-01  -2.0324593e-01   1.0685980e+00  -1.3776382e-02   4.2040028e-03  -2.3659130e-03
  -1.5735987e-01  -2.2306778e-01   1.0728059e+00  -1.3785406e-02   4.1157912e-03  -2.3319923e-03
  -1.5051087e-01  -2.1048513e-01   1.0822339e+00  -1.4304665e-02   4.0009359e-03  -2.2003981e-03
  -1.5617274e-01  -1.9526643e-01   1.0713810e+00  -1.3871599e-02   3.9879745e-03  -2.4188051e-03
  -1.5078536e-01  -2.0017486e-01   1.0847578e+00  -1.4092853e-02   4.0484404e-03  -2.3972893e-03
  -1.5146930e-01  -2.0499373e-01   1.0778072e+00  -1.4048544e-02   4.1251435e-03  -2.3615885e-03
  -1.5609652e-01  -1.9709340e-01   1.0924721e+00  -1.3770575e-02   4.1592784e-03  -2.3099014e-03
  -1.4900588e-01  -2.0365312e-01   1.0975256e+00  -1.3893708e-02   4.3214929e-03  -2.2971313e-03
  -1.4487926e-01  -2.0838991e-01   1.1264786e+00  -1.4077453e-02   4.3212265e-03  -2.0109283e-03
  -1.4640214e-01  -2.3022597e-01   1.1472680e+00  -1.4195675e-02   4.3894933e-03  -2.1452669e-03
  -1.6168869e-01  -2.4004939e-01   1.1229110e+00  -1.3980185e-02   4.3034803e-03  -2.1643634e-03
  -1.6408049e-01  -2.4265679e-01   1.0904308e+00  -1.3816757e-02   4.1800432e-03  -2.1114855e-03
  -1.6187527e-01  -2.4243783e-01   1.0771330e+00  -1.3852536e-02   4.0526122e-03  -2.2346625e-03
  -1.6666187e-01  -2.3090144e-01   1.0843745e+00  -1.4068698e-02   4.3385234e-03  -2.2146235e-03
  -1.6536931e-01  -2.4437843e-01   1.0892062e+00  -1.3926408e-02   4.0520252e-03  -2.3883370e-03
  -1.6875543e-01  -2.4369626e-01   1.0651218e+00  -1.3716687e-02   4.0109133e-03  -2.2971367e-03
  -1.6274528e-01  -2.2497356e-01   1.0997043e+00  -1.4073799e-02   4.1381610e-03  -2.2289097e-03
  -1.6774354e-01  -2.3867839e-01   1.1169407e+00  -1.4245752e-02   4.3482896e-03  -2.3320602e-03
  -1.5567130e-01  -2.4735435e-01   1.1088068e+00  -1.4177150e-02   4.2278440e-03  -2.2483519e-03
  -1.5010244e-01  -2.4452939e-01   1.1079099e+00  -1.4289402e-02   4.1156381e-03  -2.1839510e-03
  -1.5993500e-01  -2.3253459e-01   1.1075006e+00  -1.4290851e-02   4.1918342e-03  -2.3431408e-03
  -1.6126508e-01  -2.3733981e-01   1.1079211e+00  -1.4388632e-02   4.2439121e-03  -2.3256811e-03
  -1.5847813e-01  -2.4091553e-01   1.1210108e+00  -1.4455605e-02   4.1715205e-03  -2.4366340e-03
  -1.5541124e-01  -2.4301802e-01   1.1463257e+00  -1.4864403e-02   4.1745251e-03  -2.2829270e-03
  -1.5891837e-01  -2.4777909e-01   1.1245745e+00  -1.4935367e-02   4.2573541e-03  -2.4554720e-03
  -1.5483844e-01  -2.4896977e-01   1.0971152e+00  -1.4553892e-02   4.3843889e-03  -2.3589860e-03
  -1.4964361e-01  -2.4090192e-01   1.1263020e+00  -1.4864477e-02   4.1965293e-03  -2.3214012e-03
  -1.5274758e-01  -2.4855517e-01   1.1317617e+00  -1.4873036e-02   4.1120631e-03  -2.2707519e-03
  -1.5963053e-01  -2.5060389e-01   1.1170492e+00  -1.4597913e-02   4.1604799e-03  -2.2760514e-03
  -1.6810191e-01  -2.4302860e-01   1.1228439e+00  -1.4497359e-02   4.1241464e-03  -2.3667832e-03
  -1.4901125e-01  -2.3884522e-01   1.1723922e+00  -1.5003291e-02   4.2336326e-03  -2.1752517e-03
  -1.3551498e-01  -2.5774346e-01   1.1738130e+00  -1.5035931e-02   4.3415653e-03  -2.2665581e-03
  -1.3053238e-01  -2.6882003e-01   1.1620129e+00  -1.5100847e-02   4.4606413e-03  -2.1137873e-03
  -1.3909947e-01  -2.5524758e-01   1.1737902e+00  -1.5413149e-02   4.4160786e-03  -2.1019415e-03
  -1.5058036e-01  -2.5350696e-01   1.1749011e+00  -1.4955359e-02   4.6191049e-03  -2.1702028e-03
  -1.6505508e-01  -2.5852644e-01   1.1764056e+00  -1.4778010e-02   4.4631926e-03  -2.2588765e-03
  -1.5855923e-01  -2.6958580e-01   1.1837755e+00  -1.5293187e-02   4.4270786e-03  -2.1924037e-03
  -1.5535313e-01  -2.7280819e-01   1.1619971e+00  -1.5094925e-02   4.3127125e-03  -2.2062986e-03
  -1.5164356e-01  -2.7260546e-01   1.1734328e+00  -1.5093547e-02   4.3801447e-03  -2.1997526e-03
  -1.5216710e-01  -2.6980702e-01   1.1467112e+00  -1.5129573e-02   4.4747622e-03  -2.2441583e-03
  -1.4150767e-01  -2.7405600e-01   1.1426621e+00  -1.4941988e-02   4.5097995e-03  -2.1379521e-03
  -1.3940260e-01  -2.5757355e-01   1.1553356e+00  -1.4971202e-02   4.5094651e-03  -2.1037375e-03
  -1.3335281e-01  -2.6210093e-01   1.1804998e+00  -1.5010796e-02   4.4397418e-03  -2.1975435e-03
  -1.3127105e-01  -2.7984423e-01   1.1817129e+00  -1.5104829e-02   4.4841206e-03  -2.0189392e-03
  -1.4018890e-01  -2.7787789e-01   1.1902262e+00  -1.5482006e-02   4.6076236e-03  -2.0042190e-03
  -1.3744191e-01  -2.4700770e-01   1.1620310e+00  -1.5191833e-02   4.5310740e-03  -2.2315129e-03
  -1.4529023e-01  -2.3491160e-01   1.1964376e+00  -1.5081278e-02   5.7891451e-03  -2.3508547e-03
  -1.6182164e-01  -2.6951956e-01   1.1783720e+00  -1.5077015e-02   4.8889118e-03  -2.5358274e-03
  -1.6362860e-01  -2.8198922e-01   1.1814514e+00  -1.5139770e-02   4.4469816e-03  -2.5309608e-03
  -1.5025988e-01  -2.9361936e-01   1.1606382e+00  -1.4716676e-02   4.3718675e-03  -2.5520492e-03
  -1.5250612e-01  -2.8951427e-01   1.1597985e+00  -1.4943209e-02   4.7399741e-03  -2.4311125e-03
  -1.4847052e-01  -2.9058635e-01   1.2258576e+00  -1.6067161e-02   4.6528256e-03  -2.3394992e-03
  -1.4297914e-01  -2.9504626e-01   1.2157332e+00  -1.6073546e-02   4.5501175e-03  -2.3528118e-03
  -1.4941725e-01  -2.9023120e-01   1.1791356e+00  -1.5636832e-02   4.4075148e-03  -2.6608349e-03
  -1.5602633e-01  -2.7396045e-01   1.1604479e+00  -1.5456684e-02   4.3743209e-03  -2.6088139e-03
  -1.5143184e-01  -2.6804268e-01   1.1947234e+00  -1.5343215e-02   4.2580201e-03  -2.5640293e-03
  -1.2962502e-01  -2.8738565e-01   1.2064535e+00  -1.5387211e-02   4.5208484e-03  -2.2890721e-03
  -1.3107557e-01  -2.8654579e-01   1.1949777e+00  -1.5419705e-02   4.2953531e-03  -2.3813478e-03
  -1.3946088e-01  -2.9344518e-01   1.1946049e+00  -1.5470513e-02   4.2046102e-03  -2.3657142e-03
  -1.3954656e-01  -2.8437234e-01   1.2009701e+00  -1.5462092e-02   4.3668147e-03  -2.3239377e-03
  -1.3355629e-01  -2.8409242e-01   1.1991072e+00  -1.5226898e-02   4.3396007e-03  -2.3627860e-03
  -1.3194397e-01  -2.9647842e-01   1.2207208e+00  -1.5436019e-02   4.3484389e-03  -2.2968084e-03
  -1.3444341e-01  -2.9087411e-01   1.2325699e+00  -1.5629550e-02   4.3902750e-03  -2.3379032e-03
  -1.2371690e-01  -2.8167696e-01   1.2118873e+00  -1.5189914e-02   4.2551441e-03  -2.3183599e-03
  -1.1641146e-01  -2.8261472e-01   1.2254084e+00  -1.5169530e-02   4.3376758e-03  -2.1845939e-03
  -1.1282709e-01  -3.0198232e-01   1.1711303e+00  -1.5097412e-02   4.5944523e-03  -1.7512854e-03
  -1.1507049e-01  -3.1575049e-01   1.1139183e+00  -1.4280790e-02   3.7510212e-03  -1.8343253e-03
  -1.2143737e-01  -2.9754773e-01   1.1354795e+00  -1.4669159e-02   3.8046651e-03  -2.0116060e-03
  -1.2236318e-01  -3.0592872e-01   1.1897112e+00  -1.5123686e-02   3.8498988e-03  -1.9470979e-03
  -1.2400109e-01  -3.0794790e-01   1.2290525e+00  -1.5490328e-02   3.7220781e-03  -1.8988108e-03
  -1.0783676e-01  -3.1198659e-01   1.2112619e+00  -1.5672084e-02   3.7601298e-03  -1.9412393e-03
  -1.1538494e-01  -3.0390486e-01   1.1976386e+00  -1.5598060e-02   3.3644114e-03  -2.1469087e-03
  -1.2413796e-01  -3.0137771e-01   1.2082790e+00  -1.5811542e-02   3.3192321e-03  -2.2472070e-03
  -1.2825752e-01  -2.8992035e-01   1.1883262e+00  -1.5999333e-02   3.5000235e-03  -2.5159931e-03
  -1.3205408e-01  -2.8909933e-01   1.1957578e+00  -1.5786845e-02   3.4980419e-03  -2.2726631e-03
  -1.1852077e-01  -2.8468776e-01   1.2412412e+00  -1.6246261e-02   3.6085269e-03  -2.2348516e-03
  -1.1699323e-01  -2.9852126e-01   1.2448682e+00  -1.6269215e-02   4.0189551e-03  -2.0862785e-03
  -1.0578734e-01  -3.1017842e-01   1.2342256e+00  -1.6225368e-02   4.0775790e-03  -2.0930156e-03
  -1.0980993e-01  -3.0617908e-01   1.2425689e+00  -1.6333998e-02   3.9002319e-03  -2.0873606e-03
  -9.9808275e-02  -3.0502029e-01   1.2776270e+00  -1.6501969e-02   3.9746396e-03  -1.8228559e-03
  -6.5248076e-02  -3.1710766e-01   1.2750400e+00  -1.6626840e-02   4.3480409e-03  -1.5324889e-03
  -7.0532650e-02  -3.2526784e-01   1.2584051e+00  -1.6491761e-02   4.2153934e-03  -1.4485728e-03
  -7.7218888e-02  -3.0441450e-01   1.2292838e+00  -1.6519988e-02   4.2131693e-03  -1.5587179e-03
  -7.9217373e-02  -2.7235373e-01   1.2487907e+00  -1.6389928e-02   4.4198636e-03  -1.5370365e-03
  -7.5103603e-02  -2.9188495e-01   1.2700131e+00  -1.6347005e-02   4.3393485e-03  -1.5144530e-03
  -7.8608299e-02  -3.1425067e-01   1.2694517e+00  -1.6298375e-02   4.2501186e-03  -1.5424728e-03
  -8.6813050e-02  -3.2647555e-01   1.2797393e+00  -1.6500671e-02   4.1028420e-03  -1.4703986e-03
  -9.1202663e-02  -3.3225763e-01   1.2851460e+00  -1.6433551e-02   3.9941469e-03  -1.4662012e-03
  -1.0775770e-01  -3.4319459e-01   1.2681623e+00  -1.6615397e-02   4.0098480e-03  -1.6280834e-03
  -1.2158639e-01  -3.3788314e-01   1.2019651e+00  -1.6357111e-02   4.1678325e-03  -1.7497199e-03
  -1.2367195e-01  -3.2747319e-01   1.1968872e+00  -1.5966248e-02   4.2699606e-03  -1.6326588e-03
  -1.2150758e-01  -3.3028730e-01   1.2412914e+00  -1.6346326e-02   4.2282853e-03  -1.6514322e-03
  -1.1947680e-01  -3.3792903e-01   1.2297191e+00  -1.6571774e-02   4.3435943e-03  -1.5903771e-03
  -1.0092694e-01  -3.3684514e-01   1.1901626e+00  -1.6407262e-02   4.2320877e-03  -1.5668728e-03
  -1.1289423e-01  -3.4272307e-01   1.1936889e+00  -1.6521950e-02   4.3508060e-03  -1.5039639e-03
  -1.2206124e-01  -3.3831614e-01   1.2036577e+00  -1.6625825e-02   4.3798982e-03  -1.8059125e-03
  -1.2178021e-01  -3.2031535e-01   1.1991675e+00  -1.6575871e-02   4.4010271e-03  -1.8581472e-03
  -1.2368422e-01  -3.1211549e-01   1.2157150e+00  -1.6195678e-02   4.3955095e-03  -1.7856669e-03
  -1.1799377e-01  -3.2524931e-01   1.2622530e+00  -1.6529941e-02   4.4501398e-03  -1.6102153e-03
  -1.1092299e-01  -3.5829904e-01   1.2431592e+00  -1.6477878e-02   4.5371323e-03  -1.4249411e-03
  -1.1226227e-01  -3.4516954e-01   1.2157724e+00  -1.6399697e-02   4.5894263e-03  -1.6898310e-03
  -1.1129292e-01  -3.2994476e-01   1.2867984e+00  -1.6911454e-02   4.3989876e-03  -1.4358305e-03
  -1.0728101e-01  -3.4454761e-01   1.3030894e+00  -1.6777099e-02   4.3145914e-03  -1.4884253e-03
  -9.8852282e-02  -3.4305158e-01   1.2741480e+00  -1.6877729e-02   4.2621266e-03  -1.3848363e-03
  -8.5111751e-02  -3.4116222e-01   1.2788619e+00  -1.7023189e-02   4.2844534e-03  -1.3766563e-03
  -1.0128999e-01  -3.4098433e-01   1.2918735e+00  -1.7142338e-02   4.2088570e-03  -1.5998751e-03
  -8.4275361e-02  -3.3849670e-01   1.2616327e+00  -1.7346402e-02   4.2514981e-03  -1.4160485e-03
  -7.9842804e-02  -3.6743906e-01   1.1943593e+00  -1.5935543e-02   3.7036041e-03  -1.2311388e-03
  -7.9572282e-02  -3.3537239e-01   1.2276547e+00  -1.6898228e-02   3.7437362e-03  -1.4375037e-03
  -9.7260504e-02  -3.4312982e-01   1.2603410e+00  -1.6270679e-02   3.9657858e-03  -1.4498058e-03
  -7.4666328e-02  -3.5815405e-01   1.3223052e+00  -1.6935908e-02   3.9364468e-03  -1.0066115e-03
  -7.0432513e-02  -3.6520958e-01   1.2976041e+00  -1.7056743e-02   4.0387374e-03  -1.0784901e-03
  -6.2509697e-02  -3.4724431e-01   1.2627556e+00  -1.6808467e-02   3.8253448e-03  -1.2422013e-03
  -6.2219430e-02  -3.3429858e-01   1.2926245e+00  -1.6915482e-02   3.9222093e-03  -1.1619200e-03
  -5.6459307e-02  -3.4242534e-01   1.3345911e+00  -1.7365020e-02   4.0044272e-03  -9.2797913e-04
  -5.6962353e-02  -3.4741739e-01   1.3368146e+00  -1.7163062e-02   3.7888199e-03  -1.0768281e-03
  -6.2244082e-02  -3.5889287e-01   1.3200601e+00  -1.7069649e-02   3.6834651e-03  -1.0404439e-03
  -6.9616662e-02  -3.4445132e-01   1.3264850e+00  -1.7278676e-02   3.8267915e-03  -8.6566850e-04
  -7.3895644e-02  -3.4494055e-01   1.2913002e+00  -1.6864667e-02   3.9167843e-03  -9.4067711e-04
  -9.0541638e-02  -3.4177719e-01   1.2848572e+00  -1.7110978e-02   3.9631680e-03  -1.1166044e-03
  -9.4595966e-02  -3.4240079e-01   1.2816982e+00  -1.6962083e-02   3.7866492e-03  -1.2440400e-03
  -9.1508735e-02  -3.5724681e-01   1.3051722e+00  -1.7271801e-02   3.8959285e-03  -1.0567581e-03
  -9.0668185e-02  -3.6346582e-01   1.2590990e+00  -1.6936496e-02   4.0008454e-03  -1.1888994e-03
  -9.3737962e-02  -3.6120840e-01   1.2278907e+00  -1.6629169e-02   3.8036920e-03  -1.3663531e-03
  -9.1753129e-02  -3.5591663e-01   1.2692824e+00  -1.7597959e-02   3.8898534e-03  -1.2707885e-03
  -1.0232049e-01  -3.6064732e-01   1.2474212e+00  -1.7436511e-02   3.8931121e-03  -1.3333388e-03
  -9.0856139e-02  -3.7076786e-01   1.2536447e+00  -1.6825948e-02   3.7581399e-03  -1.2985098e-03
  -8.5899716e-02  -3.7853342e-01   1.2933739e+00  -1.7447812e-02   3.6530888e-03  -1.2050323e-03
  -7.7870230e-02  -3.8741279e-01   1.3271667e+00  -1.7647546e-02   3.4800408e-03  -1.1126179e-03
  -6.4689000e-02  -3.9029645e-01   1.3259238e+00  -1.7817914e-02   3.5939039e-03  -1.0882289e-03
  -7.2925572e-02  -3.8590023e-01   1.3218736e+00  -1.7799476e-02   3.7016915e-03  -1.0925155e-03
  -8.4196378e-02  -3.8559948e-01   1.3377795e+00  -1.8072259e-02   3.5292454e-03  -1.0695723e-03
  -9.7824763e-02  -3.7505737e-01   1.3301005e+00  -1.8251273e-02   3.6980927e-03  -1.3337612e-03
  -1.0349668e-01  -3.6297284e-01   1.3272157e+00  -1.8573680e-02   3.8423491e-03  -1.2503679e-03
  -1.1051440e-01  -3.6055126e-01   1.3465621e+00  -1.8688426e-02   3.7148107e-03  -1.3000111e-03
  -1.2101379e-01  -3.6051207e-01   1.3103480e+00  -1.8148859e-02   3.7154632e-03  -1.3994087e-03
  -1.3328018e-01  -3.4399389e-01   1.2775123e+00  -1.8108131e-02   3.8121354e-03  -1.4944341e-03
  -1.3700511e-01  -3.4379772e-01   1.3257945e+00  -1.8689354e-02   3.8905139e-03  -1.3669361e-03
  -1.3549656e-01  -3.6270002e-01   1.3392127e+00  -1.8859079e-02   3.7629277e-03  -1.4176446e-03
  -1.3439138e-01  -3.6997461e-01   1.3375044e+00  -1.8624782e-02   3.7225504e-03  -1.3100078e-03
  -1.2463665e-01  -3.6579302e-01   1.3495315e+00  -1.8816336e-02   3.6980417e-03  -1.2095995e-03
  -1.1353314e-01  -3.5835125e-01   1.3690318e+00  -1.9205542e-02   3.4712391e-03  -1.1451421e-03
  -1.1276668e-01  -3.6605041e-01   1.3492905e+00  -1.8716113e-02   3.6883982e-03  -1.3152474e-03
  -1.2068130e-01  -3.6577699e-01   1.3584622e+00  -1.8782828e-02   3.8068538e-03  -1.1746817e-03
  -1.1946826e-01  -3.6550991e-01   1.3887222e+00  -1.8987198e-02   3.8167121e-03  -1.0347739e-03
