0	5.6733e-05	-1.9536e-05	-4.1209e-06	-2.5978e-05	-2.1054e-05	-4.6476e-05	-3.5072e-05	-7.7676e-06	3.2058e-06	-2.1679e-05	-1.5449e-05
-2.4484e-11	5.6734e-05	-1.9536e-05	-4.1209e-06	-2.5978e-05	-2.1054e-05	-4.6476e-05	-3.5072e-05	-7.7676e-06	3.2058e-06	-2.1679e-05	-1.5449e-05
-5.2478e-09	5.6743e-05	-1.9534e-05	-4.1227e-06	-2.5971e-05	-2.1052e-05	-4.6458e-05	-3.507e-05	-7.7625e-06	3.2074e-06	-2.1679e-05	-1.5448e-05
-1.9179e-08	5.6748e-05	-1.9531e-05	-4.1217e-06	-2.5972e-05	-2.1039e-05	-4.6436e-05	-3.5081e-05	-7.76e-06	3.2078e-06	-2.1679e-05	-1.5448e-05
-2.188e-08	5.6749e-05	-1.9534e-05	-4.1154e-06	-2.6019e-05	-2.1045e-05	-4.6501e-05	-3.5071e-05	-7.7892e-06	3.2157e-06	-2.1678e-05	-1.5445e-05
-3.5768e-08	5.6728e-05	-1.9531e-05	-4.1324e-06	-2.6058e-05	-2.1076e-05	-4.6594e-05	-3.5092e-05	-7.7737e-06	3.213e-06	-2.1684e-05	-1.5458e-05
-1.4949e-08	5.6781e-05	-1.9539e-05	-4.1133e-06	-2.5998e-05	-2.1066e-05	-4.6478e-05	-3.5073e-05	-7.7988e-06	3.213e-06	-2.1687e-05	-1.5446e-05
-5.4938e-08	5.6719e-05	-1.9529e-05	-4.1521e-06	-2.6045e-05	-2.1062e-05	-4.66e-05	-3.5104e-05	-7.7531e-06	3.191e-06	-2.1681e-05	-1.5463e-05
1.4482e-08	5.6814e-05	-1.9537e-05	-4.0795e-06	-2.596e-05	-2.1061e-05	-4.6418e-05	-3.5058e-05	-7.7895e-06	3.21e-06	-2.1696e-05	-1.5449e-05
-8.7752e-08	5.6623e-05	-1.9526e-05	-4.1796e-06	-2.6041e-05	-2.1043e-05	-4.6653e-05	-3.5096e-05	-7.7343e-06	3.194e-06	-2.1672e-05	-1.5466e-05
5.6689e-08	5.6971e-05	-1.9531e-05	-4.0377e-06	-2.5965e-05	-2.1107e-05	-4.6305e-05	-3.4983e-05	-7.7865e-06	3.2378e-06	-2.1715e-05	-1.5439e-05
4.4517e-07	5.4825e-05	-1.9822e-05	-3.9669e-06	-2.7117e-05	-2.1179e-05	-4.9147e-05	-3.5761e-05	-8.3417e-06	2.9755e-06	-2.1694e-05	-1.5665e-05
1.2389e-05	3.9257e-05	-2.4366e-05	-6.551e-07	-3.8914e-05	-2.8369e-05	-8.2017e-05	-3.6519e-05	-1.8347e-05	4.3134e-07	-2.2537e-05	-1.7718e-05
3.9736e-05	1.5975e-05	-2.9961e-05	-2.1948e-06	-3.624e-05	-4.9313e-05	-0.00012838	-2.5898e-05	-2.1308e-05	-4.3204e-06	-2.1838e-05	-1.9414e-05
6.9951e-05	1.7189e-05	-3.1621e-05	-8.1625e-06	4.284e-05	-5.3763e-05	-4.1723e-05	-1.7911e-05	1.3969e-05	-1.5215e-05	-2.3438e-05	-2.1248e-05
8.1795e-05	3.2972e-05	-2.7162e-05	5.2931e-07	0.00016435	5.9752e-06	0.00017919	-9.5478e-06	4.4659e-05	-2.4314e-05	-1.4034e-05	-9.0042e-06
8.5681e-05	5.0314e-06	-2.4419e-05	1.3516e-05	0.00013106	3.2258e-05	0.00016379	1.9129e-06	3.8883e-05	-1.2132e-05	-3.6488e-06	-2.1699e-06
8.8162e-05	-1.7973e-05	-2.5256e-05	1.5549e-05	7.4961e-05	7.253e-06	8.6765e-05	7.6134e-06	1.8675e-05	1.5849e-05	-1.9301e-06	1.3015e-06
8.1571e-05	-2.0308e-06	-3.1661e-05	-6.8449e-07	5.6289e-05	-1.1974e-05	9.4284e-05	-4.611e-06	-8.2713e-06	2.3796e-05	8.1056e-07	8.124e-06
7.5859e-05	4.2821e-05	-3.3516e-05	-9.6424e-06	2.993e-05	-5.6794e-06	7.7791e-05	-4.6717e-05	-2.0118e-05	4.3174e-06	3.836e-06	7.9895e-06
6.8751e-05	3.903e-05	-2.5528e-05	-1.1477e-05	0.00011333	1.4141e-05	0.00013838	-5.2915e-05	-1.4529e-05	-2.2925e-06	1.6841e-05	1.6021e-05
5.194e-05	9.4078e-06	-1.2194e-05	-8.5738e-06	0.0001545	2.8281e-05	0.00018643	-2.9273e-05	-1.2964e-05	-5.691e-06	2.3954e-05	1.4358e-05
4.4024e-05	5.7168e-06	-1.2479e-05	1.6987e-06	5.6344e-05	2.3227e-05	6.0031e-05	-1.5813e-05	-1.8461e-05	1.3859e-05	8.5595e-06	-4.3364e-06
5.4448e-05	1.2566e-05	-2.1085e-05	2.5598e-06	-4.6899e-05	1.28e-05	-8.4735e-05	-7.6903e-06	-2.6529e-05	1.6138e-05	-7.6384e-06	-1.4477e-05
7.0214e-05	4.5866e-06	-2.779e-05	-9.6063e-06	-0.00011328	-7.7323e-06	-0.00016902	-1.168e-06	-2.3526e-05	-1.415e-05	-1.4467e-05	-9.0825e-06
7.2133e-05	-1.441e-05	-2.7034e-05	-1.9126e-05	-0.0001625	-3.481e-05	-0.00020665	5.1503e-06	6.2017e-08	-3.0784e-05	-1.4604e-05	-1.1405e-05
7.1723e-05	-2.2354e-05	-2.3885e-05	-1.8234e-05	-0.00012428	-3.2672e-05	-0.0001509	3.7769e-06	3.0951e-05	-5.1965e-05	-2.4187e-05	-2.8699e-05
8.0464e-05	-2.1289e-05	-2.889e-05	-1.8975e-05	-1.4031e-05	-2.6013e-05	-4.0336e-05	3.3653e-06	4.8224e-05	-6.8863e-05	-1.5709e-05	-1.8324e-05
7.1095e-05	-1.3303e-05	-2.6289e-05	-1.8359e-05	9.0846e-05	-1.393e-05	0.00014488	4.3838e-06	6.2916e-05	-5.7909e-05	1.4266e-06	2.797e-06
5.363e-05	-1.6889e-05	-1.6089e-05	-1.9539e-05	7.9237e-05	-1.0415e-05	0.00015845	3.3394e-06	4.6335e-05	-3.6903e-05	1.0361e-05	4.0578e-06
4.7066e-05	-3.4422e-05	-9.888e-06	-1.0686e-05	3.5261e-05	2.3946e-05	9.6295e-05	1.5429e-05	1.0347e-05	-2.6096e-05	1.792e-05	3.6784e-06
4.0976e-05	-1.5607e-05	-1.3692e-05	1.0359e-05	2.9435e-05	4.7693e-05	4.9145e-05	1.5921e-05	-1.5169e-05	-1.826e-05	2.1939e-05	4.6847e-06
4.1356e-05	4.8753e-06	-1.7513e-05	1.1657e-05	3.4919e-06	2.5488e-05	-8.8606e-06	2.2702e-05	-1.2054e-05	-1.0277e-05	2.2788e-05	2.7639e-05
5.4609e-05	4.7934e-06	-2.4502e-05	-1.4224e-06	-7.4357e-05	-2.4844e-06	-9.7396e-05	3.259e-05	1.8524e-05	-3.1983e-06	4.0996e-05	8.347e-05
7.8952e-05	2.5872e-05	-3.7946e-05	-1.1223e-05	-9.4434e-05	-4.2755e-05	-0.00017154	5.3232e-06	1.7702e-05	2.7763e-05	5.3746e-05	0.00011255
8.4229e-05	2.2937e-05	-2.8325e-05	-1.3921e-05	-6.2107e-05	-5.7985e-05	-0.00016471	-1.809e-05	-4.3046e-06	4.5566e-05	7.3294e-05	0.00010639
7.526e-05	-8.093e-06	5.1669e-07	-8.9103e-06	-0.00010249	-4.979e-05	-0.00010846	-1.8011e-05	-2.6564e-05	3.8571e-05	7.9719e-05	7.0429e-05
6.9105e-05	-1.4606e-05	1.0862e-05	5.1426e-06	-0.00012439	-3.3142e-05	-3.2698e-05	-2.0638e-05	-3.3699e-05	3.0135e-05	4.9825e-05	2.9207e-05
7.2709e-05	-1.045e-05	-5.5552e-06	1.7481e-05	-5.3728e-05	5.9337e-06	6.3984e-06	-1.897e-05	-3.2455e-05	2.2482e-06	2.971e-05	8.8446e-06
8.3229e-05	1.2991e-05	-1.6629e-05	1.6192e-05	-1.7151e-06	6.9711e-05	3.43e-05	-1.8488e-05	-2.8253e-05	5.8628e-06	2.7806e-05	1.4317e-05
8.2597e-05	3.1931e-05	-6.004e-06	6.5931e-06	-2.45e-05	9.4853e-05	2.6567e-05	-1.6244e-05	-5.0656e-06	2.9174e-05	3.4301e-05	2.1506e-05
6.9169e-05	3.0731e-05	2.6188e-06	4.8523e-06	-6.7001e-05	5.7394e-05	-4.3601e-05	-7.3012e-06	3.6672e-06	2.0537e-05	3.0472e-05	2.3427e-05
6.0081e-05	1.6429e-05	-1.3378e-06	1.67e-06	-5.7757e-05	6.5356e-06	-0.00010621	5.6081e-05	-1.0974e-05	3.5528e-06	1.8803e-05	1.3783e-05
5.5025e-05	-1.4407e-05	-7.5843e-06	-1.2697e-05	-1.2967e-05	-9.6789e-06	-7.8741e-05	7.7681e-05	-4.0195e-05	-2.3919e-05	-3.2263e-06	-4.0643e-06
5.3451e-05	-2.0143e-05	-8.2675e-06	-2.0908e-05	2.3722e-05	-4.3395e-07	-5.2885e-06	1.5151e-05	-5.5691e-05	-3.3013e-05	-1.02e-05	1.6109e-06
5.4675e-05	-2.0651e-05	-6.802e-06	-1.2956e-05	3.2868e-05	3.1459e-06	5.0889e-05	-2.5525e-05	-1.4393e-05	-2.1554e-05	6.8605e-06	2.9752e-05
6.151e-05	-3.3596e-05	-7.2763e-06	4.0059e-07	9.2746e-06	-1.5046e-05	4.2218e-05	-2.7078e-05	2.435e-05	-1.9638e-05	-7.7382e-07	2.8433e-05
6.745e-05	-3.1416e-05	-1.3823e-05	3.8613e-07	-3.4184e-05	-3.8597e-05	-4.1333e-05	-1.4981e-05	3.0397e-05	-1.9188e-05	-2.3579e-05	7.075e-06
7.2747e-05	-3.8454e-05	-2.4956e-05	-1.2012e-05	-0.00010234	-5.5206e-05	-0.00016651	-7.5892e-06	4.532e-05	-2.9553e-05	-3.599e-05	-6.3403e-06
7.8365e-05	-2.1415e-05	-3.1351e-05	-1.9052e-05	-6.6102e-05	-2.2284e-05	-8.7996e-05	-3.7559e-05	4.4514e-05	-3.3459e-05	-4.7826e-05	-1.9243e-05
7.2324e-05	7.7557e-06	-2.7719e-05	-1.0203e-05	6.0755e-05	2.7454e-05	0.00010712	-5.1752e-05	3.7462e-05	-1.2998e-05	-3.7895e-05	-1.8041e-05
6.3454e-05	3.2327e-06	-1.9004e-05	-5.784e-06	0.00011619	3.6512e-05	0.00016561	-2.8887e-05	2.962e-05	-9.1406e-06	-3.3387e-05	-2.6132e-05
5.5371e-05	3.0402e-05	-1.253e-05	-6.9659e-06	9.2756e-05	3.0413e-05	0.00013588	-3.3353e-05	2.2499e-07	-2.3069e-05	-3.077e-05	-3.1324e-05
6.0589e-05	5.7796e-05	-1.7812e-05	-1.492e-06	7.3994e-05	-5.0138e-06	2.5975e-05	-4.4865e-05	-3.0812e-05	-4.0124e-05	-1.6033e-05	-1.6701e-05
6.8867e-05	2.4761e-05	-2.3601e-05	-7.9672e-06	4.7995e-05	-1.2979e-05	-2.1848e-06	-4.6733e-05	-5.1977e-05	-3.5597e-05	-3.0445e-05	-2.6637e-05
6.2281e-05	-1.2553e-05	-1.7102e-05	-1.4803e-05	1.3962e-05	7.9007e-06	4.1623e-05	-2.6417e-05	-4.0641e-05	-1.6864e-05	-4.9026e-05	-4.16e-05
5.597e-05	-3.276e-05	-3.641e-06	-1.431e-05	2.419e-05	3.5056e-06	5.5218e-05	-4.4873e-06	1.298e-05	-1.1274e-05	-3.6361e-05	-3.0316e-05
5.8245e-05	-2.1124e-05	1.9672e-06	-4.7048e-06	4.8422e-05	-1.1753e-05	4.6996e-05	3.5605e-08	5.8284e-05	-1.315e-05	-1.5922e-06	-3.1946e-06
6.6581e-05	2.0293e-05	-3.3444e-06	2.0579e-05	7.5859e-05	1.0459e-05	6.9532e-05	-2.0516e-05	4.4345e-05	5.0762e-06	1.4334e-05	6.1718e-06
6.9047e-05	2.3098e-05	-1.398e-05	2.4547e-05	6.3524e-05	2.6662e-05	6.4808e-05	-3.6712e-05	1.7469e-05	1.062e-05	-6.1137e-06	-5.896e-06
7.5536e-05	2.4561e-06	-2.0037e-05	-3.4794e-06	-4.5143e-06	1.4806e-06	-1.7015e-05	-2.5832e-05	3.6611e-06	2.0178e-06	-3.5539e-05	-2.3742e-05
7.0543e-05	-1.9006e-05	-7.9074e-06	-2.1341e-05	-5.8978e-05	-1.8797e-05	-4.9616e-05	-1.599e-06	2.2932e-06	1.4184e-06	-2.1942e-05	-8.7359e-06
6.5291e-05	-2.3224e-05	-4.3054e-06	-2.3893e-05	-9.4731e-05	-3.975e-05	-0.00010754	-4.0201e-06	9.2528e-06	-2.3996e-06	9.03e-06	1.6775e-05
6.7383e-05	-2.1029e-05	-9.5092e-06	-1.8827e-05	-6.6634e-06	-6.0034e-05	-4.4841e-05	-1.3822e-05	8.0541e-06	-4.4702e-06	1.0265e-05	1.6433e-05
6.9545e-05	-4.7308e-05	-8.0217e-06	-1.0105e-05	9.6115e-05	-5.5043e-05	0.00010571	-3.5432e-08	-9.3108e-06	-8.0447e-06	1.6983e-05	1.3744e-05
6.3261e-05	-4.5585e-05	-5.4649e-06	-8.6736e-06	6.7679e-05	2.4627e-05	0.00014486	9.8559e-06	-1.801e-05	7.4221e-06	2.1783e-05	1.4111e-05
5.5734e-05	-9.5491e-06	-8.4701e-06	-1.0529e-05	-1.4872e-05	6.5718e-05	5.4249e-05	8.3901e-06	1.8747e-05	2.795e-05	4.611e-06	4.5505e-06
5.836e-05	1.3258e-06	-6.4366e-06	-1.2281e-05	-7.7737e-05	3.3271e-05	-4.79e-05	-7.6581e-07	4.9929e-05	2.3516e-05	-1.6341e-05	-1.8194e-05
6.36e-05	3.4093e-06	-4.9382e-06	-4.4076e-06	-8.6459e-05	3.0188e-07	-8.9595e-05	-1.3117e-05	3.4595e-05	1.1257e-05	-3.5194e-05	-3.9406e-05
7.382e-05	2.3634e-05	-7.2613e-06	7.1044e-06	-3.2337e-05	-2.4935e-05	-5.5323e-05	-3.6655e-05	1.8557e-05	2.7799e-05	-3.3839e-05	-2.7943e-05
8.0397e-05	4.7378e-05	-1.1413e-05	1.4356e-05	1.5603e-05	-1.9087e-05	1.3051e-06	-4.8616e-05	9.1408e-06	4.5692e-05	-9.4783e-06	-1.8211e-07
6.9742e-05	4.856e-05	-1.3361e-05	2.3111e-05	2.3246e-05	3.6961e-05	3.4072e-05	-2.6471e-05	-7.0698e-06	5.312e-05	9.593e-07	4.1423e-06
6.7696e-05	4.3806e-05	-1.7721e-05	2.9727e-05	1.3195e-05	4.567e-05	-4.2675e-06	-2.0415e-05	-1.5635e-05	6.3014e-05	7.0715e-06	-8.999e-07
7.8099e-05	5.2199e-05	-2.012e-05	2.3715e-05	2.7348e-05	3.5268e-05	1.8512e-05	-3.1954e-05	-1.0829e-05	6.0486e-05	2.177e-05	-2.8641e-06
7.7618e-05	5.5296e-05	-1.6963e-05	1.4435e-05	2.2391e-05	2.7468e-05	4.6164e-05	-2.1737e-05	-9.7908e-06	4.7351e-05	2.5544e-05	-6.5636e-07
7.4054e-05	5.5637e-05	-1.7143e-05	7.7664e-06	-3.7619e-06	1.0398e-05	3.5237e-06	-2.9136e-05	-2.0591e-05	5.5433e-05	4.2732e-06	-1.0309e-06
7.7857e-05	4.8448e-05	-1.8031e-05	-3.7436e-06	9.8021e-07	-1.6438e-05	-2.364e-05	-3.6003e-05	-4.9655e-06	7.1455e-05	-2.4147e-05	-1.7568e-05
6.8523e-05	9.557e-08	-9.2062e-06	-1.582e-05	2.8661e-05	-1.5897e-05	3.2478e-05	-1.6791e-05	1.9534e-05	4.8355e-05	-2.5384e-05	-2.5458e-05
5.2197e-05	-2.1468e-05	-7.6302e-06	-1.8633e-05	-2.3581e-07	-1.2104e-06	3.2339e-05	-6.8129e-06	3.37e-05	6.5667e-06	-6.3135e-06	-2.0975e-05
5.0475e-05	-3.4471e-05	-7.7935e-06	-1.7925e-05	-1.7937e-05	-1.1612e-05	-1.0465e-05	7.2098e-06	3.1969e-05	-3.5166e-05	1.5051e-05	-1.5126e-05
5.3389e-05	-5.6265e-05	-3.5642e-06	-1.7654e-05	3.4197e-05	-1.4368e-05	3.5146e-05	1.7177e-05	2.074e-05	-4.455e-05	1.0838e-05	-1.6256e-05
6.7643e-05	-4.525e-05	-1.3094e-05	-1.6316e-05	5.4418e-05	-2.4705e-05	5.8658e-05	6.1697e-06	9.1857e-06	-1.4914e-05	-1.1e-05	-2.5277e-05
7.043e-05	-3.8423e-05	-1.0342e-05	-1.8481e-06	4.3403e-05	-2.9973e-05	5.6437e-05	1.409e-05	1.3068e-07	2.1452e-05	-1.9153e-05	-1.4969e-05
6.246e-05	-4.8855e-05	5.295e-07	3.3539e-06	-2.6239e-05	-2.1263e-05	-2.5776e-05	3.9281e-05	-2.0601e-05	2.5913e-05	3.9423e-06	1.6928e-05
6.0018e-05	-4.0218e-05	5.2104e-06	2.2858e-06	-9.7126e-05	-2.2754e-05	-0.00010113	3.5875e-05	-3.7023e-05	1.2605e-05	2.0665e-05	2.0386e-05
6.968e-05	-2.2739e-05	-1.1094e-06	7.7363e-06	-9.4577e-05	-1.2723e-05	-0.00013908	3.4421e-05	-3.4336e-05	-2.1896e-05	5.9383e-06	-2.0154e-06
7.8782e-05	-1.4261e-05	-5.0458e-06	1.2684e-05	-2.2364e-05	3.1764e-07	-0.00014743	5.6879e-05	-1.7001e-05	-5.8984e-05	-2.3672e-06	-3.2703e-06
8.6563e-05	-7.6031e-06	-9.6925e-06	1.1983e-05	4.6045e-05	-6.8423e-06	-0.00010133	4.366e-05	-4.3005e-06	-4.8503e-05	1.7288e-06	6.9272e-06
7.9296e-05	-3.4482e-06	-1.1611e-05	6.739e-06	6.8589e-05	2.2332e-05	2.2908e-05	1.1611e-05	-5.7572e-06	-9.7851e-06	-1.1229e-05	-5.5035e-06
5.3761e-05	6.1255e-06	-4.2623e-06	1.0197e-05	5.3307e-05	2.9523e-05	5.4632e-05	-1.5151e-05	-1.0332e-05	1.5822e-05	-1.2028e-05	-1.0961e-05
5.159e-05	3.8837e-06	-2.5584e-06	7.1592e-06	1.6979e-05	1.0049e-05	-1.5012e-05	-3.7522e-05	-8.9978e-08	2.5829e-05	4.698e-06	-1.3518e-05
6.3949e-05	-2.026e-06	-1.2969e-05	-5.4919e-06	6.3547e-05	3.6575e-07	-3.0189e-06	-2.572e-05	3.6471e-05	2.3012e-05	1.0158e-05	-1.1302e-05
6.1655e-05	-2.5999e-05	-1.2466e-05	-1.2615e-05	0.00023399	-4.1216e-07	0.000191	1.53e-05	5.6624e-05	1.509e-05	2.7539e-05	1.0459e-05
5.9223e-05	-2.616e-05	-5.0317e-06	-8.3589e-06	0.00024419	-6.5267e-06	0.00024975	4.4783e-05	6.3939e-05	1.7861e-05	3.6745e-05	1.1963e-05
6.647e-05	2.1752e-06	-7.6758e-06	1.0049e-05	0.00011041	1.8431e-06	0.00011656	4.2816e-05	7.3961e-05	2.8778e-05	2.4167e-05	2.1963e-06
8.0742e-05	3.9782e-05	-1.5373e-05	1.7038e-05	-1.765e-05	1.2469e-05	-1.4148e-05	9.5305e-06	5.3278e-05	3.4377e-05	-6.7125e-06	-1.3715e-05
8.1725e-05	4.2503e-05	-6.7372e-06	1.2277e-05	-6.7506e-05	9.9796e-06	-4.162e-05	-1.7848e-05	8.6592e-06	4.2179e-05	-3.2492e-05	-2.4378e-05
6.0267e-05	-3.9615e-06	6.8683e-06	4.7853e-06	-9.4354e-05	3.21e-05	-5.806e-05	-7.2362e-06	-1.1232e-05	5.3572e-05	-3.3023e-05	-1.4751e-05
3.4522e-05	-1.1885e-05	1.9787e-05	5.3017e-06	-0.00012089	3.4146e-05	-0.00010402	5.9999e-06	-3.0988e-06	5.0788e-05	-2.0963e-05	-5.989e-06
2.8447e-05	8.8101e-06	2.2912e-05	6.1953e-06	-0.00012915	1.3047e-05	-0.00013313	1.6861e-05	2.8812e-05	2.6271e-05	2.5929e-05	1.8136e-05
3.7393e-05	2.8034e-05	1.2309e-05	4.6489e-06	-8.9378e-05	-1.2875e-05	-9.768e-05	1.9283e-05	6.303e-05	4.72e-07	6.0801e-05	4.4875e-05
4.8861e-05	2.7369e-05	-5.2246e-06	1.482e-05	-1.4284e-05	-2.929e-05	-4.8644e-05	1.6989e-05	4.4364e-05	-5.035e-06	5.1737e-05	4.5913e-05
5.9615e-05	1.0944e-05	-1.0208e-05	2.7921e-05	7.7461e-05	-3.0624e-06	6.4601e-05	1.6994e-06	1.0568e-06	-6.4575e-06	1.044e-05	1.6801e-05
6.8376e-05	-3.366e-06	-8.0043e-06	2.5149e-05	6.629e-05	3.2785e-05	7.4996e-05	-1.28e-05	-2.9519e-05	-5.2551e-06	-3.3332e-05	-2.4007e-05
7.9571e-05	1.0129e-05	-9.9382e-06	2.3562e-05	6.6399e-05	3.6311e-05	6.8499e-05	-3.2392e-06	-4.345e-05	7.5334e-06	-5.3656e-05	-4.4034e-05
8.0855e-05	2.1435e-05	-7.5958e-06	2.8009e-05	0.00012376	3.0974e-05	0.00012514	2.3334e-05	-4.3588e-05	1.1409e-05	-2.3952e-05	-1.9652e-05
7.6701e-05	1.04e-05	8.4449e-06	2.8405e-05	9.461e-05	2.574e-05	0.00010942	4.0184e-05	-2.3621e-05	-2.2943e-06	1.3678e-05	1.3357e-05
7.9707e-05	-4.7462e-06	1.6188e-05	2.5328e-05	2.8109e-05	9.2784e-06	2.4923e-05	3.0127e-05	9.7511e-06	-7.3355e-06	1.8499e-05	2.6425e-05
8.5323e-05	1.7909e-05	7.5556e-06	8.7983e-07	-2.5769e-05	-1.1214e-05	-5.6974e-05	-2.7057e-06	3.8121e-05	2.1058e-06	-7.979e-06	6.4628e-06
8.3599e-05	5.6119e-05	-1.0635e-06	-1.6156e-05	-8.7309e-05	-2.6148e-05	-0.00016431	-1.7842e-05	4.1345e-05	6.1527e-06	-1.9525e-05	-1.3774e-06
8.0007e-05	4.9954e-05	-7.9914e-06	-2.1822e-05	-8.4467e-05	-4.486e-05	-0.00016768	-4.5484e-06	2.9753e-06	-7.0908e-06	-1.6525e-05	-1.8246e-06
8.346e-05	4.3495e-05	-9.2402e-06	-1.8531e-05	-5.5191e-05	-2.6735e-05	-7.6722e-05	-5.0409e-06	-2.4251e-05	-3.2357e-05	-1.717e-05	-6.741e-07
8.3841e-05	5.0472e-05	-6.8053e-06	-1.2135e-05	-3.219e-05	2.2559e-05	-3.3819e-06	-5.2779e-06	-2.6293e-05	-3.5695e-05	-9.4989e-06	1.3057e-05
7.585e-05	5.5712e-05	1.6536e-06	-3.6152e-06	1.2908e-06	4.9531e-05	5.5273e-05	2.593e-06	-1.0685e-05	-1.0669e-05	1.7314e-05	2.038e-05
6.702e-05	5.3103e-05	1.0235e-05	-5.7656e-06	-4.1668e-05	3.637e-05	9.8422e-08	-6.2823e-06	4.725e-06	1.5269e-05	2.5334e-05	7.1241e-06
6.3214e-05	1.8999e-05	1.2774e-05	-4.023e-06	-7.8748e-05	1.7594e-06	-7.0535e-05	4.1895e-06	-1.7411e-05	6.8409e-06	3.1166e-05	1.6382e-05
5.6086e-05	-9.443e-06	1.6937e-05	1.8312e-06	-5.2314e-05	-1.2861e-05	-5.1179e-05	1.1995e-05	-5.0014e-05	-1.8835e-05	2.89e-05	2.542e-05
5.0185e-05	-2.2915e-05	1.5199e-05	8.9723e-06	-2.867e-05	-5.2927e-06	-5.0567e-05	5.1795e-06	-5.7389e-05	-3.4715e-05	2.2475e-05	2.2718e-05
4.804e-05	-3.7156e-05	1.0736e-05	8.3309e-06	0.00010661	-1.2617e-05	8.5987e-05	2.0741e-05	-2.8984e-05	-3.7906e-05	3.6814e-05	4.14e-05
5.3449e-05	-3.948e-05	4.8079e-06	2.5937e-07	0.00026484	-8.4491e-06	0.00025747	3.7391e-05	5.9198e-06	-3.8866e-05	4.122e-05	5.8203e-05
5.3232e-05	-3.2782e-05	3.7167e-06	-1.6446e-06	0.00026732	3.2405e-05	0.00029507	3.2155e-05	2.2171e-05	-2.196e-05	2.5661e-05	3.9689e-05
4.7907e-05	-2.4608e-05	5.4141e-06	5.4654e-06	0.00016011	3.8567e-05	0.00018627	6.3215e-06	1.1807e-05	5.2865e-06	-2.743e-06	-1.2969e-06
5.1987e-05	-8.1359e-06	6.6082e-06	1.2344e-05	2.9387e-05	1.6712e-06	1.4954e-05	-9.0381e-07	-1.872e-05	8.2132e-06	-1.7483e-05	-1.6062e-05
5.7453e-05	5.3665e-06	8.3531e-06	9.8105e-06	-7.2571e-05	-3.0614e-05	-7.2374e-05	2.0775e-05	-3.2688e-05	1.7461e-05	-1.3271e-05	-6.7498e-06
6.9696e-05	1.8335e-05	2.9367e-07	7.6037e-06	-7.9105e-05	-5.2444e-05	-0.00011387	2.5229e-05	-2.3377e-05	2.5602e-05	-7.9098e-06	-9.8975e-06
7.4794e-05	1.0556e-05	9.7757e-07	-7.1414e-08	-1.171e-05	-6.1157e-05	-3.6339e-05	2.6555e-05	2.1321e-07	1.254e-05	7.1013e-06	3.9047e-07
5.9947e-05	-8.0038e-06	9.7782e-06	-4.598e-06	4.7654e-05	9.5244e-06	0.00010368	2.7307e-05	9.4827e-06	1.4519e-05	1.473e-05	1.043e-05
4.9097e-05	-1.0434e-05	1.3782e-05	2.4591e-06	0.00013137	6.3902e-05	0.00017266	1.4457e-05	1.6897e-05	2.9463e-05	1.4277e-05	1.7605e-05
5.9013e-05	-1.2839e-06	1.5664e-05	1.675e-05	0.00011656	4.0287e-05	0.00010631	1.7675e-05	6.553e-06	2.7859e-05	2.0869e-05	3.371e-05
7.3292e-05	2.2374e-05	1.2927e-05	1.1656e-05	7.1231e-06	1.28e-05	1.704e-05	8.8254e-06	-7.4825e-06	5.1314e-05	9.8508e-06	2.7003e-05
7.6421e-05	4.9393e-05	-2.8522e-06	-6.6073e-06	-7.6161e-05	-1.8704e-05	-6.87e-05	-2.0172e-05	-2.3585e-05	6.8442e-05	-8.731e-06	2.8097e-06
8.4781e-05	8.5364e-05	-1.9279e-05	-8.803e-06	-6.6794e-05	-1.1634e-05	-9.2648e-05	-4.791e-05	-3.2195e-05	5.1979e-05	-2.0806e-05	-1.6754e-05
8.265e-05	9.9589e-05	-1.0372e-05	5.6647e-06	1.199e-05	5.6513e-05	2.8553e-05	-3.8328e-05	-1.7384e-05	4.8554e-05	-9.316e-06	-1.7344e-05
6.7169e-05	7.4256e-05	6.6768e-06	2.161e-05	1.0317e-05	6.6602e-05	3.0249e-05	1.3782e-05	-3.6388e-06	3.0849e-05	1.609e-05	-8.4809e-06
5.6092e-05	3.7504e-05	1.1957e-05	1.6155e-05	-3.3492e-05	2.6017e-05	-2.2497e-05	3.5533e-05	-9.4062e-06	-4.283e-06	1.8576e-05	-8.3511e-06
5.417e-05	-2.9729e-05	9.965e-06	8.999e-06	1.5086e-05	-1.4205e-05	1.0575e-05	3.139e-05	-2.3975e-05	-2.4944e-05	3.0833e-06	-1.3163e-05
6.1366e-05	-9.714e-05	2.4844e-06	1.5799e-05	0.00011534	-4.2903e-05	9.6261e-05	4.3145e-05	-4.1838e-05	-2.4924e-05	-6.2993e-06	-1.2275e-05
7.2231e-05	-7.9132e-05	-2.4553e-06	3.1194e-05	0.00013492	-4.6524e-05	0.00015634	3.3615e-05	-5.1335e-05	-1.7309e-05	-2.0335e-05	-1.8019e-05
7.0847e-05	-2.7341e-05	-1.4269e-05	2.2929e-05	4.4482e-05	-4.0433e-05	7.4097e-05	2.0415e-05	-2.4331e-05	-3.5631e-06	-1.0736e-05	-3.6258e-06
6.9357e-05	-3.8383e-06	-2.2287e-05	1.9642e-06	5.436e-05	-3.3081e-05	6.7621e-05	3.3579e-05	1.1626e-05	5.4491e-06	9.9163e-06	1.7712e-05
6.3847e-05	2.4109e-05	-1.5605e-05	4.2383e-07	0.00013471	3.3231e-06	0.00016026	2.0803e-05	3.6769e-05	1.2269e-05	5.7027e-06	6.4049e-06
6.4034e-05	3.6473e-05	-9.7004e-06	1.4488e-05	0.00013938	3.8788e-05	0.00015147	2.5491e-06	4.4035e-05	1.4693e-05	-4.1678e-06	-1.1133e-05
5.7186e-05	2.6634e-05	-9.0276e-07	2.0655e-05	8.193e-05	0.00012344	9.5968e-05	8.5456e-06	4.8446e-05	2.0091e-05	-3.4896e-06	-1.2811e-05
4.1917e-05	2.434e-05	1.2091e-05	2.4314e-05	-2.8706e-05	0.00013922	-1.9431e-05	1.9394e-05	4.1021e-05	2.2711e-05	5.9151e-06	-1.2727e-06
4.5479e-05	2.0335e-05	9.0792e-06	3.0643e-05	-5.4319e-05	8.6908e-05	-6.3194e-05	2.0587e-05	1.0727e-05	2.7435e-06	2.8885e-05	1.4212e-05
5.3046e-05	-8.1218e-06	-3.6216e-08	2.7828e-05	-1.6898e-05	4.6483e-05	-1.9026e-05	1.8815e-05	5.5187e-07	-1.1713e-05	3.923e-05	2.8587e-05
4.7911e-05	-2.0698e-05	-5.8297e-06	2.0553e-05	-8.009e-06	1.6946e-05	-1.2235e-05	2.4084e-05	1.8247e-05	7.8741e-07	2.0623e-05	2.4941e-05
4.9244e-05	-1.5072e-05	-3.4175e-06	1.1668e-05	-3.172e-05	-6.9459e-06	-3.2553e-05	3.8638e-05	1.9938e-05	7.3698e-06	-6.161e-06	2.3531e-06
4.7723e-05	9.1166e-06	3.3124e-06	8.5115e-06	-2.7711e-05	-9.6207e-06	-9.4217e-06	2.3659e-05	8.3542e-06	1.358e-05	-2.5974e-05	-2.1203e-05
4.809e-05	3.0093e-05	-4.9011e-06	1.3183e-05	8.9466e-06	-3.5246e-06	-2.4421e-06	-2.0915e-06	1.4292e-05	3.8663e-05	-4.273e-05	-3.9189e-05
5.6798e-05	4.8321e-06	-1.0655e-05	1.1351e-05	8.0209e-05	1.1141e-05	6.813e-05	7.4721e-06	2.8193e-05	2.4417e-05	-5.6808e-05	-4.463e-05
6.4797e-05	-1.7344e-05	-6.8702e-07	2.0337e-05	9.7432e-05	4.0257e-05	0.0001887	1.5149e-05	2.0176e-05	2.774e-06	-6.3433e-05	-5.0857e-05
7.3236e-05	-4.1717e-06	6.8187e-06	3.2669e-05	5.9322e-05	2.7945e-05	0.00019779	3.0422e-06	1.2287e-05	6.688e-06	-5.6028e-05	-5.2728e-05
8.0802e-05	1.5727e-05	5.6604e-06	3.0844e-05	4.4443e-05	1.2965e-05	0.00015982	-7.95e-06	2.0241e-05	9.5666e-06	-3.5591e-05	-4.0899e-05
8.6049e-05	1.9456e-05	7.207e-06	1.9138e-05	2.3415e-05	1.0258e-05	0.0001009	-1.3228e-05	1.3912e-05	9.2576e-06	-2.3031e-05	-2.4864e-05
8.2192e-05	3.5247e-05	1.3421e-05	5.2756e-07	1.5417e-05	3.3612e-05	6.2863e-05	-2.7405e-05	5.2473e-06	2.1425e-05	-1.0764e-05	4.9797e-06
7.3038e-05	2.5627e-05	2.0633e-05	-6.8558e-06	6.4467e-05	4.8839e-05	9.0585e-05	-3.185e-06	3.0538e-07	2.8015e-05	2.8673e-05	3.3732e-05
5.9194e-05	-1.4979e-06	1.4449e-05	-8.6049e-07	0.00011723	2.5542e-05	0.00012318	2.8553e-05	-6.5352e-06	1.0107e-05	5.9676e-05	3.3529e-05
5.2554e-05	-1.7426e-05	-4.8241e-06	5.9954e-06	6.8931e-05	-4.7545e-06	3.2235e-05	1.9195e-05	3.6122e-06	8.7037e-06	4.9508e-05	1.7552e-05
5.8137e-05	-2.4939e-05	-1.4931e-05	2.8756e-06	-5.7153e-06	-2.4359e-05	-5.7993e-05	-7.9006e-06	-1.603e-05	5.9456e-06	3.0481e-05	4.2469e-06
6.7426e-05	-2.3798e-05	-1.1275e-05	-1.835e-06	-2.5152e-05	-3.2059e-05	-8.5659e-05	-2.0948e-05	-4.7124e-05	-5.8048e-07	1.7767e-05	-4.1582e-06
6.717e-05	-4.8583e-05	1.9779e-06	-3.737e-07	7.2965e-05	-2.2076e-05	6.5926e-05	2.3574e-05	-4.5657e-05	-1.7361e-05	4.6887e-05	1.3768e-05
6.0468e-05	-7.7925e-05	1.8878e-05	2.3026e-06	0.00015158	-1.7455e-05	0.0002007	8.0692e-05	-3.4943e-05	-2.1104e-05	8.7065e-05	3.2604e-05
5.7059e-05	-8.0964e-05	2.8896e-05	6.5967e-06	0.00013793	2.9256e-06	0.00018027	0.00010334	-9.1922e-06	-6.4878e-06	9.9151e-05	3.5324e-05
5.8822e-05	-4.5799e-05	2.6498e-05	1.8921e-05	9.2747e-05	4.8621e-05	0.00010827	7.2884e-05	4.4283e-06	-2.0336e-06	6.6922e-05	1.5944e-05
6.2406e-05	-1.1379e-05	1.6115e-05	1.3165e-05	2.2192e-05	5.8652e-05	2.3838e-05	3.8945e-05	1.7992e-05	-8.4299e-06	1.9154e-05	-1.2982e-05
6.7304e-05	6.791e-06	2.3876e-06	6.8019e-06	-1.626e-06	4.6118e-05	4.2695e-06	1.247e-05	1.7422e-05	-1.0796e-05	-3.6294e-06	-3.0012e-05
7.1086e-05	5.5583e-06	-1.3607e-05	1.1654e-05	3.1013e-06	2.5827e-05	1.1414e-06	-1.6168e-05	-1.2759e-05	-5.4794e-06	-2.2821e-05	-3.729e-05
7.9111e-05	-1.1601e-05	-3.1297e-05	9.1553e-06	-1.9827e-05	-6.3789e-06	-6.4969e-05	-2.0341e-05	-2.6793e-05	-1.7498e-05	-3.5043e-05	-3.9627e-05
8.3697e-05	-7.7237e-06	-3.5933e-05	1.7117e-06	-6.6045e-05	-1.5391e-05	-0.0001024	-3.2168e-06	-1.0287e-05	-3.9164e-05	-2.5825e-05	-1.9712e-05
7.5857e-05	6.5255e-06	-2.0576e-05	-4.1063e-06	-8.4865e-05	4.11e-06	-6.8297e-05	1.7667e-06	1.5917e-05	-3.2746e-05	-2.372e-06	1.3798e-05
6.2032e-05	4.8594e-06	-2.1227e-07	4.6522e-06	-3.0965e-05	7.0857e-06	-2.4342e-05	1.9131e-05	1.897e-05	-1.382e-05	2.0957e-05	2.9763e-05
6.0021e-05	4.3694e-06	6.0929e-06	1.6426e-05	3.8546e-05	1.2047e-06	7.3772e-05	3.5871e-05	2.1329e-05	-1.181e-05	3.4817e-05	4.8657e-05
5.4765e-05	-8.0044e-06	6.3127e-06	1.625e-05	1.8609e-05	-6.8932e-06	7.5623e-05	3.5905e-05	3.1596e-05	-6.6973e-08	2.0198e-05	5.2748e-05
4.4508e-05	-4.5914e-05	2.3103e-05	1.9417e-05	-7.2953e-05	-6.3799e-06	-5.6301e-05	4.5612e-05	5.7795e-05	5.4891e-05	-5.9641e-07	3.6094e-05
5.0632e-05	-7.9973e-05	2.8488e-05	1.3557e-05	-9.544e-05	-7.3762e-06	-0.00013166	5.3129e-05	8.6132e-05	6.7981e-05	-1.6765e-05	4.07e-06
6.1433e-05	-6.728e-05	1.3728e-05	-3.0584e-06	-5.8164e-05	2.6389e-05	-6.6024e-05	3.6107e-05	8.26e-05	2.5775e-05	-1.7564e-05	-1.5547e-05
5.8768e-05	-2.1472e-05	2.63e-06	-8.1699e-06	-5.1013e-05	4.4975e-05	-2.7421e-05	-6.5558e-06	5.3887e-05	5.1945e-06	-1.3696e-05	-1.5677e-05
6.0859e-05	2.3709e-06	-4.4151e-07	-5.1448e-06	-8.3947e-05	2.2917e-05	-8.3053e-05	-3.5901e-05	4.8345e-06	-7.4572e-06	5.1891e-06	2.339e-06
6.8669e-05	4.6951e-06	3.797e-06	-7.2954e-06	-9.0718e-05	3.7087e-06	-9.5525e-05	-5.5558e-05	-4.1783e-05	-1.3103e-06	4.7158e-06	2.6679e-06
7.1614e-05	1.3526e-05	6.6115e-06	2.8477e-06	-7.0347e-05	-5.4797e-06	-7.0608e-05	-7.4107e-05	-6.1471e-05	1.7891e-05	-2.0094e-05	-1.7864e-05
6.8269e-05	1.1286e-05	1.2577e-05	1.3227e-05	-6.9875e-05	-1.432e-05	-6.972e-05	-5.6118e-05	-3.9859e-05	1.4298e-05	-4.4763e-05	-3.6719e-05
6.413e-05	5.5745e-06	1.2949e-05	1.9889e-06	-7.5821e-05	-1.3176e-05	-7.6598e-05	-3.5552e-05	-7.0034e-06	-1.087e-05	-6.3729e-05	-5.1532e-05
6.6185e-05	-1.3795e-05	8.0121e-06	-8.7498e-06	-7.6504e-05	-3.6751e-07	-0.00010477	-2.5715e-05	-2.8622e-06	-1.9261e-05	-5.637e-05	-4.3636e-05
6.3255e-05	-2.8082e-05	-4.8932e-06	5.7605e-06	-2.6524e-05	1.8463e-05	-6.6314e-05	-1.3012e-05	-2.1152e-05	-1.7847e-05	-2.65e-05	-1.2454e-05
6.3917e-05	-5.1018e-06	-1.5103e-05	1.6738e-05	-3.2479e-06	1.8568e-05	-3.2456e-06	-1.3059e-05	-3.8068e-05	-1.8705e-05	-6.6927e-06	9.464e-06
7.0917e-05	7.379e-06	-8.1302e-06	1.7109e-05	3.1509e-05	6.1078e-06	4.8754e-05	-1.6888e-05	-1.8171e-05	-2.6995e-05	-6.0574e-07	1.1271e-05
8.4187e-05	3.7789e-05	-8.8945e-07	1.806e-05	7.4814e-05	-6.8841e-06	5.2826e-05	-3.3327e-05	2.5429e-05	-3.5347e-05	-7.7598e-06	-2.2136e-06
8.8143e-05	3.2888e-05	3.3176e-06	1.6661e-05	5.5094e-05	1.7556e-05	-1.7021e-06	-3.0578e-05	5.7184e-05	-2.7008e-05	9.3589e-06	7.628e-07
8.09e-05	-8.2285e-06	6.395e-06	1.3462e-05	5.5186e-05	3.2033e-05	6.6968e-05	-7.1883e-06	5.1455e-05	-1.2968e-05	5.4074e-05	1.9772e-05
7.694e-05	-2.2619e-05	1.4195e-05	1.1739e-05	5.9761e-05	2.4404e-05	0.00013861	3.9423e-07	3.7339e-05	1.298e-05	5.6723e-05	3.0804e-05
7.9739e-05	-1.2736e-05	1.29e-05	7.3999e-07	-1.2909e-05	1.3144e-05	5.6525e-05	-1.8896e-05	3.6794e-05	3.8867e-05	2.0095e-05	2.0682e-05
7.7453e-05	5.7041e-06	2.4969e-06	-4.3109e-06	-7.0354e-05	5.9352e-06	-3.456e-05	-2.7658e-05	2.1324e-05	4.2934e-05	-5.1901e-06	7.7825e-06
7.1491e-05	7.5513e-06	-1.921e-06	-1.8264e-07	-9.2347e-05	-6.4339e-06	-0.00010509	-2.6929e-05	-1.5735e-05	2.9827e-05	-1.1916e-05	2.4405e-06
7.4802e-05	-1.3475e-05	-4.4885e-06	8.2867e-07	-8.4312e-05	-2.835e-05	-0.00015073	-7.2075e-06	-2.9835e-05	7.3322e-06	-2.1694e-05	-2.2176e-05
7.6088e-05	-3.7355e-05	-1.5676e-06	3.0105e-06	5.1903e-05	-3.6489e-06	3.4188e-05	2.1213e-05	-3.0346e-05	-9.3495e-06	-2.6565e-05	-3.6735e-05
7.1182e-05	-3.7398e-05	3.5281e-06	9.5826e-06	0.00014726	3.3606e-05	0.00018939	3.5734e-05	-3.4584e-05	7.528e-06	5.0021e-06	-1.3749e-05
6.9556e-05	-1.8737e-05	1.7668e-06	9.9319e-06	8.3439e-05	3.4481e-05	0.00013272	3.1841e-05	-4.167e-05	1.0845e-05	3.3439e-05	1.407e-05
7.8544e-05	4.1874e-06	-4.3669e-06	-1.3903e-06	-1.6394e-05	7.1577e-07	-5.6759e-06	8.1938e-06	-1.817e-05	1.8105e-05	4.4031e-05	4.2852e-05
8.5748e-05	2.7442e-05	5.5024e-07	-2.259e-05	-7.2619e-05	-2.6034e-05	-7.6861e-05	-6.9751e-06	2.1539e-05	3.1601e-05	4.3738e-05	5.2553e-05
7.4725e-05	1.0465e-05	9.4471e-06	-3.0996e-05	-7.87e-05	-1.8243e-05	-5.9505e-05	-4.4322e-07	2.9305e-05	2.5635e-05	1.9288e-05	2.9871e-05
6.4654e-05	-1.5867e-05	1.2731e-05	-2.2093e-05	-2.6445e-05	-2.0656e-05	-3.8099e-05	3.5013e-06	1.3671e-05	1.9444e-05	-8.52e-06	4.1589e-06
6.1377e-05	-5.6885e-06	1.0263e-05	-1.4887e-06	2.1545e-05	-5.1668e-06	1.5542e-05	-1.3296e-05	6.074e-07	1.9088e-05	-1.2306e-05	-3.1924e-07
5.169e-05	4.97e-06	6.9368e-06	1.0045e-05	3.3802e-06	1.2369e-05	2.2398e-05	-2.1022e-05	7.8587e-06	2.1835e-05	-1.4341e-05	-9.6925e-06
4.9634e-05	-1.8417e-05	8.1504e-06	1.3054e-06	-4.2961e-05	-6.2009e-06	-7.6208e-05	-2.57e-05	-3.2137e-06	8.1628e-06	-2.7604e-05	-3.0919e-05
5.1685e-05	-4.0349e-05	5.6023e-06	-6.0082e-06	-9.4883e-05	-1.3979e-05	-0.00013642	-1.7806e-05	-2.0698e-05	-1.9369e-05	-2.236e-05	-2.7011e-05
5.5594e-05	-2.2556e-05	3.3759e-06	4.7585e-06	-7.8382e-05	-1.1045e-05	-8.3825e-05	5.3032e-06	-2.1589e-05	-4.0252e-05	3.1012e-06	2.8064e-06
5.9264e-05	2.0577e-06	6.4512e-06	-1.9604e-06	-6.3945e-05	-1.1336e-05	-4.4304e-05	1.0349e-05	-2.807e-05	-4.9644e-05	5.0327e-06	4.1152e-06
5.6187e-05	1.997e-05	7.919e-06	-1.8874e-05	-9.5748e-05	-2.015e-05	-6.9697e-05	-6.1358e-08	-2.513e-05	-4.107e-05	-9.9876e-06	-7.7469e-06
6.8604e-05	5.1639e-05	-8.8267e-07	-2.2089e-05	-0.00010034	-2.8568e-05	-0.0001019	-2.2906e-05	-9.4778e-06	-2.8367e-05	-2.0415e-05	-2.1358e-05
7.3752e-05	6.105e-05	-1.0359e-05	-8.5876e-06	-7.1954e-05	2.5443e-06	-4.1233e-05	-3.2237e-05	-7.1346e-07	-4.7871e-06	-2.1808e-05	-2.9765e-05
7.386e-05	3.0772e-05	-1.1191e-05	3.8367e-06	-8.4112e-05	1.8847e-05	-5.5704e-05	-1.0486e-05	5.0434e-05	4.0423e-06	-4.876e-06	-1.2723e-05
8.1407e-05	1.5221e-05	-6.3911e-06	-8.6835e-06	-0.00012491	1.1276e-05	-0.00011407	-1.1209e-06	8.8522e-05	-1.4664e-05	3.9262e-07	-3.7355e-06
8.4429e-05	2.9924e-05	-3.4556e-06	-1.6955e-05	-0.00013221	2.9337e-07	-0.00012704	-5.1216e-06	5.3189e-05	-2.6921e-05	-8.2925e-06	-1.2959e-05
7.6036e-05	4.8341e-05	5.3263e-06	-9.411e-06	-0.00011232	-1.4511e-06	-0.00010807	-8.1949e-06	2.4236e-05	-5.4562e-06	-1.3404e-05	-1.7528e-05
7.1477e-05	2.5454e-05	6.5709e-06	-8.0979e-06	-0.00010593	-1.8744e-05	-0.00013811	-1.2742e-05	4.0872e-06	9.3785e-06	-2.4739e-05	-2.133e-05
6.8968e-05	-1.5396e-05	4.2656e-06	-1.1419e-05	-6.0227e-05	-2.5384e-05	-9.297e-05	-1.0247e-05	-2.8152e-05	2.1523e-06	-3.1055e-05	-3.0193e-05
6.4883e-05	-9.7477e-06	4.0928e-06	-6.9948e-06	-2.0567e-05	-1.4467e-05	-1.6219e-05	-2.0334e-05	-4.8026e-05	5.385e-06	-2.5554e-05	-3.0443e-05
6.1415e-05	-1.0387e-05	5.9079e-06	-7.1846e-06	4.0118e-06	-1.5271e-05	1.0695e-05	-2.0203e-05	-5.8184e-05	1.6707e-05	-1.0354e-05	-1.6373e-05
5.7526e-05	-2.2996e-05	5.0372e-06	-1.5233e-05	3.2491e-05	-1.4832e-05	4.7436e-05	-7.4368e-06	-6.4015e-05	6.8357e-06	-2.3254e-06	-4.5704e-06
6.4724e-05	-5.8916e-06	-1.657e-06	-2.6704e-05	-1.4074e-05	-2.2504e-05	-5.9059e-07	-2.3609e-05	-5.2801e-05	-3.2538e-06	-9.8387e-06	-9.3159e-06
6.2766e-05	-1.1556e-06	4.3613e-06	-2.9491e-05	-4.7614e-05	-1.7305e-05	-2.1955e-05	-2.5397e-05	-6.3834e-06	-2.1275e-06	-1.0366e-05	-1.7711e-05
4.8839e-05	-1.4217e-05	1.5214e-05	-1.8083e-05	-2.8798e-05	-1.035e-05	-1.5044e-05	-2.1383e-05	2.8614e-05	1.9509e-06	-2.0683e-05	-2.7548e-05
5.0894e-05	-1.5493e-05	2.8332e-05	-1.043e-05	-6.8689e-06	-2.6157e-05	-4.5476e-05	-2.947e-05	3.5995e-05	1.7662e-05	-4.3314e-05	-4.1977e-05
5.6288e-05	-1.1885e-05	3.0866e-05	-1.0425e-05	-3.7236e-05	-4.2576e-05	-0.00011162	-1.917e-05	3.6487e-05	2.1912e-05	-5.3642e-05	-4.4614e-05
5.8018e-05	-2.5658e-05	2.0358e-05	-9.4798e-06	-8.9046e-05	-4.4397e-05	-0.0001067	-7.0266e-06	2.2125e-05	-7.1698e-06	-4.8738e-05	-2.9753e-05
5.9329e-05	-4.0851e-05	1.1632e-05	-6.4406e-06	-5.0331e-05	-2.6739e-05	-1.992e-05	-1.2293e-05	-2.9134e-06	-3.0248e-05	-3.8228e-05	-1.504e-05
5.9928e-05	-4.0711e-05	6.0948e-06	-9.3205e-06	-4.486e-06	-2.1299e-05	-5.5393e-06	-1.9546e-05	-3.7633e-06	-2.2938e-05	-3.979e-05	-2.1973e-05
5.5949e-05	-5.1944e-05	1.1059e-05	-5.3731e-06	3.7416e-05	1.0283e-05	4.8958e-05	-8.0712e-06	9.1701e-06	-8.5947e-06	-3.883e-05	-2.9479e-05
5.871e-05	-4.2524e-05	5.1996e-06	8.7365e-06	9.1419e-05	3.4051e-05	9.0318e-05	-3.1035e-06	1.8907e-06	2.714e-05	-3.7194e-05	-3.3539e-05
6.8489e-05	-3.0567e-05	-6.9722e-06	6.8532e-06	5.2518e-05	9.9507e-06	4.3125e-06	5.7757e-07	-3.4393e-06	4.3897e-05	-3.9655e-05	-3.4539e-05
7.1694e-05	-4.9114e-05	-8.2867e-06	-7.2317e-06	-2.368e-05	-2.1327e-05	-8.8591e-05	3.7472e-05	7.881e-06	7.3025e-06	-1.3929e-05	-8.6804e-06
6.6747e-05	-6.4019e-05	-2.9951e-06	-2.3123e-05	-7.1675e-05	-2.1069e-05	-6.7722e-05	6.233e-05	-9.0162e-06	-2.6452e-05	2.3676e-05	1.8433e-05
6.6464e-05	-5.0162e-05	2.7925e-06	-3.1542e-05	-0.00011205	-2.1835e-06	-4.6028e-05	4.0129e-05	-5.2685e-05	-3.224e-05	2.2759e-05	2.1469e-05
7.1372e-05	-1.8109e-05	2.0951e-06	-3.1255e-05	-0.00014993	-5.0039e-06	-9.0035e-05	5.4876e-06	-3.9537e-05	-2.2484e-05	-1.1821e-05	1.545e-06
7.0999e-05	-5.7134e-07	3.3319e-06	-2.2716e-05	-0.00016725	-7.3308e-06	-0.00011811	-4.3233e-06	1.6018e-06	-2.1379e-05	-1.6344e-05	-4.3443e-07
6.7227e-05	5.7406e-06	4.1827e-06	-1.0955e-05	-6.9488e-05	-4.8278e-06	-7.2912e-05	-1.0894e-05	7.1529e-06	-2.0755e-05	-2.818e-06	1.227e-05
6.5515e-05	1.9555e-05	-3.5315e-06	-6.5638e-06	7.2713e-06	-7.3074e-06	-2.1246e-05	-1.688e-05	1.9431e-05	-2.1055e-05	-4.0284e-06	1.7988e-05
7.1732e-05	1.1317e-05	-5.4584e-06	5.2943e-06	1.7021e-05	-6.7685e-06	1.7514e-05	-1.304e-05	2.7815e-05	-1.8488e-05	-1.3465e-05	1.2577e-05
7.5249e-05	8.3139e-06	4.2772e-06	1.5485e-05	2.6761e-05	7.8141e-06	4.5137e-05	-2.1581e-05	1.4637e-05	-1.2565e-05	-3.661e-05	-1.4293e-05
7.3676e-05	3.0244e-05	1.1379e-05	2.2462e-05	7.7162e-05	2.4244e-05	0.00010641	-2.2811e-05	-9.9151e-06	1.2851e-05	-2.3002e-05	-2.2586e-05
6.7853e-05	5.2058e-05	1.1216e-05	3.2531e-05	0.00013281	3.8661e-05	0.00015947	-8.4229e-06	-1.3942e-05	4.0466e-05	9.7169e-06	-1.5168e-05
6.6862e-05	6.9287e-05	2.2867e-06	1.7212e-05	0.0001348	2.58e-05	0.00011709	-2.4872e-05	-4.2124e-05	9.5805e-06	-7.9057e-07	-2.1839e-05
7.0865e-05	4.5875e-05	-4.0233e-06	-7.8478e-06	8.8969e-05	-1.2314e-05	5.3075e-05	-4.1946e-05	-8.3297e-05	-4.1472e-05	-1.6029e-05	-2.535e-05
7.4086e-05	3.5231e-06	-3.463e-06	-9.5724e-06	7.2223e-06	-4.8625e-05	-6.0077e-05	-2.0072e-05	-5.7258e-05	-5.3528e-05	-7.8978e-06	4.8639e-06
6.76e-05	-2.271e-05	2.1791e-06	-1.0743e-05	-5.4139e-05	-3.4178e-05	-9.7352e-05	1.3701e-05	-9.6652e-07	-5.0782e-05	2.9945e-06	3.6546e-05
5.7686e-05	-1.3811e-05	5.2854e-06	-4.035e-06	-6.2376e-05	2.7688e-06	-6.5175e-05	2.2294e-05	6.6076e-07	-3.8491e-05	-3.2979e-06	2.8699e-05
6.5609e-05	1.5062e-05	4.7026e-07	-2.6296e-06	-6.6263e-06	6.0084e-06	-1.0997e-05	-2.8305e-06	-4.3876e-05	-2.7073e-05	-3.4089e-05	-1.3563e-05
7.4563e-05	2.3219e-05	3.6329e-06	-7.6304e-06	1.478e-05	1.0053e-05	2.2523e-05	-3.4145e-05	-7.7021e-05	-1.9592e-05	-4.7637e-05	-3.694e-05
7.787e-05	3.9429e-06	9.8715e-06	-2.191e-07	2.6628e-05	-3.8293e-06	-5.4662e-06	-2.2988e-05	-6.5158e-05	-1.4302e-05	-3.4316e-05	-2.1462e-05
8.3196e-05	7.6123e-06	1.0079e-05	3.577e-06	-6.8328e-06	-2.7368e-05	-8.2133e-05	-2.0657e-06	-1.757e-05	-1.8617e-05	-3.0228e-05	-1.7333e-05
8.3629e-05	8.637e-06	1.2219e-05	-1.0761e-06	2.7206e-05	-2.7364e-05	-4.3402e-05	3.2447e-05	2.7657e-05	-3.5184e-05	-1.0367e-05	3.9822e-06
6.7259e-05	-4.6552e-06	1.5881e-05	7.0641e-06	0.00012574	2.5408e-05	0.00018546	5.3647e-05	3.3809e-05	-3.6192e-05	1.2446e-05	3.4185e-05
5.6402e-05	4.0357e-06	1.995e-05	1.9799e-05	0.00010359	3.6618e-05	0.00021849	2.1392e-05	-6.5062e-07	-1.2547e-05	-2.3695e-06	2.5728e-05
5.2336e-05	2.1707e-05	2.1972e-05	1.6582e-05	1.5031e-05	1.0541e-05	9.1143e-05	-1.4638e-05	-3.2473e-06	1.2888e-05	-1.8903e-06	1.4147e-05
4.8122e-05	2.7861e-05	2.2439e-05	8.595e-06	-3.0105e-05	1.1319e-05	-1.3441e-06	-2.7289e-05	1.6614e-05	1.9586e-05	1.8594e-05	1.5148e-05
5.6478e-05	2.1861e-05	1.8595e-05	-7.0592e-06	-2.9134e-05	2.1494e-05	-2.2179e-05	-4.9982e-05	2.6521e-05	3.6304e-05	8.0545e-06	3.3879e-06
6.9788e-05	2.1111e-05	1.6014e-05	-2.2133e-05	-5.4901e-05	2.3692e-06	-7.0778e-05	-5.4604e-05	2.3367e-05	5.9494e-05	-1.8636e-05	-1.3063e-05
6.5259e-05	4.8777e-06	1.8919e-05	-2.1814e-05	-9.366e-05	-2.3989e-05	-0.00013414	-1.8833e-06	-3.2156e-06	4.433e-05	-1.665e-05	-5.3767e-06
5.9756e-05	-8.7845e-06	1.8491e-05	-2.0522e-05	-7.7818e-05	-4.7603e-05	-9.3889e-05	4.6747e-05	-1.4316e-05	1.8506e-05	-3.5566e-06	4.9724e-07
6.4457e-05	8.9877e-06	1.5785e-05	-2.7035e-05	2.4196e-05	-4.649e-05	4.3132e-05	4.3377e-05	3.9139e-06	8.1264e-06	9.3744e-06	4.3456e-06
7.4317e-05	1.7951e-05	1.1985e-05	-3.0464e-05	6.8659e-05	-1.642e-05	9.2101e-05	2.9386e-05	2.2312e-05	7.6458e-06	3.231e-05	2.1482e-05
8.145e-05	2.6942e-05	5.7046e-06	-3.0969e-05	1.9287e-05	-8.5174e-06	3.6501e-05	1.0316e-05	2.0128e-05	2.4114e-05	2.8406e-05	1.4463e-05
7.2056e-05	4.5275e-05	1.0004e-05	-1.4996e-05	-2.7913e-05	8.1629e-06	1.5292e-06	-1.4858e-05	1.4574e-05	4.5961e-05	1.9154e-06	-8.2053e-06
6.5503e-05	4.2805e-05	2.5711e-05	5.0898e-06	-7.3843e-06	1.7976e-05	-2.0186e-05	-2.7828e-05	2.0756e-05	6.5961e-05	-7.2333e-06	-3.8777e-06
6.7485e-05	2.1166e-05	3.1495e-05	7.5097e-07	-1.5512e-05	8.7966e-06	-2.5493e-05	-1.1414e-05	1.2435e-05	6.8568e-05	4.5852e-06	1.6983e-05
6.7023e-05	1.8025e-06	2.3053e-05	-1.4927e-05	-9.2507e-05	-2.0765e-05	-8.4078e-05	1.7846e-05	-8.4971e-06	3.6073e-05	1.3261e-05	2.3574e-05
6.3416e-05	-2.4023e-05	1.4697e-05	-1.8348e-05	-0.00011402	-2.888e-05	-0.00013967	5.2967e-05	-1.2773e-05	6.35e-07	3.6925e-05	4.0324e-05
6.1628e-05	-4.8075e-05	1.8078e-06	-1.3693e-05	-3.4545e-06	-1.2311e-05	-5.646e-05	7.2947e-05	2.0751e-06	-2.2751e-05	6.1551e-05	6.4662e-05
6.1525e-05	-6.2789e-05	-7.7711e-06	-1.5797e-05	8.4203e-05	-1.2805e-05	9.8073e-05	7.4227e-05	1.5704e-05	-4.6078e-05	6.0082e-05	6.4576e-05
6.0837e-05	-3.3391e-05	-7.815e-06	-1.6087e-05	1.5633e-05	-2.2121e-05	8.1682e-05	5.9651e-05	1.4135e-05	-4.1234e-05	3.0845e-05	3.1974e-05
6.3792e-05	-8.9356e-06	1.8196e-06	-1.5305e-05	-2.4228e-06	-3.5279e-05	3.4353e-05	5.4263e-05	1.4567e-05	-2.6888e-05	2.1928e-05	2.0692e-05
6.3687e-05	-2.565e-06	2.1342e-05	-9.1458e-06	7.2587e-05	-2.618e-05	0.00010602	4.9243e-05	3.0068e-05	-3.4301e-05	3.6906e-05	2.6316e-05
6.7163e-05	7.4734e-08	2.9684e-05	-7.6331e-06	3.7187e-05	-2.957e-05	2.9787e-05	2.715e-05	2.9438e-05	-4.9719e-05	1.7447e-05	1.7823e-06
7.9251e-05	9.7927e-06	3.1703e-05	-9.0833e-06	-4.8623e-05	-2.3947e-05	-6.9937e-05	1.3924e-05	2.7591e-05	-4.7851e-05	-4.3317e-07	-7.5965e-06
8.7305e-05	2.5615e-05	3.0791e-05	-8.4362e-06	-0.00012372	-1.4857e-05	-0.00015361	1.6441e-05	4.1921e-05	-2.993e-05	1.5033e-06	3.34e-06
8.2189e-05	3.5809e-07	2.9039e-05	-1.5813e-05	-0.0001121	1.5627e-05	-0.00011433	3.4249e-05	4.251e-05	-2.3236e-05	1.0654e-05	8.045e-06
7.4547e-05	-1.6251e-05	2.6059e-05	-1.5849e-05	-8.0455e-05	2.9703e-05	-8.7728e-05	2.5931e-05	5.5453e-06	-1.5537e-05	2.5568e-05	4.3217e-06
7.4315e-05	-2.3038e-05	1.9615e-05	-7.9057e-06	-0.00010382	6.04e-06	-0.00015564	2.3146e-05	-1.8244e-06	-1.33e-05	2.2591e-05	4.1434e-06
6.9775e-05	-3.3429e-05	1.1845e-05	-3.6355e-06	-0.00010324	-2.5567e-06	-0.00012137	4.0877e-05	5.7926e-06	-1.0536e-05	1.6272e-05	1.3777e-05
6.3534e-05	-2.681e-05	8.2567e-06	-4.9196e-06	-9.8515e-05	4.6632e-06	-5.8656e-05	5.3467e-05	1.6796e-05	-1.6178e-05	5.8586e-06	4.3302e-06
5.1268e-05	-7.5862e-06	6.0606e-06	-2.9467e-06	-0.00010585	2.08e-05	-4.9396e-05	4.8626e-05	3.0919e-05	-7.2569e-06	-3.2172e-06	-6.9326e-06
4.665e-05	-1.3381e-05	8.849e-06	8.5776e-07	-0.00011499	4.9025e-06	-9.7572e-05	4.7969e-05	2.1173e-05	1.7065e-05	-2.3802e-06	-2.9444e-06
5.1829e-05	-4.4788e-05	1.7237e-05	1.578e-06	-7.9332e-05	-8.9181e-06	-7.2289e-05	4.6024e-05	-2.9245e-06	1.3545e-05	7.3046e-07	1.1261e-05
5.587e-05	-3.1866e-05	1.9062e-05	7.0008e-06	-2.1053e-05	-1.4886e-05	-1.8102e-05	1.8532e-05	1.4819e-05	2.3151e-06	5.5807e-06	1.7473e-05
5.9926e-05	8.5161e-06	2.2896e-05	1.8692e-05	8.8867e-06	-2.2467e-05	-1.7e-05	2.8415e-06	4.6527e-05	-2.4435e-06	1.428e-05	2.1648e-05
6.2188e-05	-4.7523e-06	2.5489e-05	1.8353e-05	3.1369e-05	-2.0229e-05	-4.7214e-05	1.8015e-05	3.6744e-05	-1.8332e-05	2.7299e-05	2.9658e-05
5.0122e-05	-6.471e-05	2.3915e-05	1.0642e-05	4.8236e-05	-5.6857e-06	-3.7377e-05	2.9512e-05	-1.1839e-05	-3.8102e-05	1.6474e-05	1.7596e-05
4.1511e-05	-0.00011806	1.7783e-05	6.0784e-06	-2.8622e-06	4.5345e-06	-6.2494e-05	4.1835e-05	-7.3016e-05	-4.9023e-05	1.7416e-05	1.4904e-05
4.0804e-05	-0.00013271	7.8492e-06	-4.3146e-06	-8.3867e-05	3.3609e-05	-5.8848e-05	4.1127e-05	-9.6041e-05	-5.3928e-05	2.6103e-05	1.4024e-05
3.9855e-05	-9.5659e-05	3.2598e-06	-9.4197e-06	-0.00010696	4.9288e-05	-2.8166e-05	2.3251e-05	-7.4854e-05	-4.6067e-05	1.7502e-05	8.5713e-06
3.5588e-05	-3.3108e-05	1.7192e-08	-6.5675e-06	-8.6729e-05	3.0734e-05	-2.2581e-05	-4.4884e-06	-3.7109e-05	-3.0714e-05	1.11e-05	6.8432e-06
2.8776e-05	2.0204e-05	-7.0989e-06	-2.0623e-06	-8.3432e-05	4.6807e-06	-5.9283e-05	-2.4815e-05	-1.2916e-05	-7.5078e-06	1.3678e-05	1.0808e-05
3.9007e-05	1.6448e-05	1.2619e-06	-2.2138e-07	-1.07e-05	-1.312e-05	-2.3468e-05	-2.4468e-05	-1.8199e-05	6.2701e-06	2.8891e-05	2.0605e-05
5.6043e-05	1.0876e-07	1.2465e-05	-7.6818e-07	3.9133e-05	-1.7423e-05	2.804e-05	-1.9584e-05	-2.053e-05	7.5387e-06	1.6867e-05	-5.641e-07
6.3565e-05	1.1526e-05	7.5222e-06	2.1938e-06	-1.8062e-06	-1.2448e-05	-8.6297e-06	-2.7211e-05	1.0314e-05	2.3675e-05	-8.6403e-06	-2.2424e-05
6.8667e-05	2.1913e-06	-7.3223e-09	7.1334e-06	-4.4903e-05	-7.4429e-06	-6.359e-05	-1.5265e-05	1.5319e-05	3.1858e-05	-4.9247e-06	-1.5163e-05
7.9572e-05	-1.7948e-05	-2.0912e-06	-2.753e-06	-0.00010668	-1.39e-05	-0.00014601	-1.4974e-05	-1.1621e-05	1.7121e-05	-3.6649e-06	-1.8855e-05
9.2313e-05	1.1078e-08	-6.8107e-06	-1.8347e-05	-0.00012249	-3.8203e-05	-0.0002181	-3.7157e-05	-1.979e-05	-3.9217e-06	-3.345e-05	-4.2955e-05
9.1049e-05	1.0964e-05	-1.7501e-06	-3.2059e-05	-6.7471e-05	-4.6616e-05	-0.00013983	-4.0479e-05	-1.5089e-05	-2.2446e-05	-6.3857e-05	-6.5594e-05
7.1823e-05	-4.5918e-06	8.9713e-06	-2.6392e-05	-2.8161e-05	-1.0758e-05	2.8297e-05	-1.9993e-05	-7.8498e-06	-2.1251e-05	-7.1017e-05	-6.6729e-05
6.2623e-05	-7.5887e-06	1.5483e-05	-8.429e-06	-3.5082e-05	-2.0356e-06	1.8794e-05	-3.089e-06	-1.9556e-05	1.029e-07	-5.606e-05	-4.8128e-05
7.0968e-05	5.4809e-06	1.1759e-05	1.8306e-06	-2.7025e-05	-2.5661e-05	-2.8113e-05	2.0072e-06	-5.3312e-05	7.5787e-06	-4.0507e-05	-3.4906e-05
7.3403e-05	-1.6904e-07	9.4849e-06	1.0177e-05	-3.6034e-05	-2.407e-05	-7.234e-06	1.4117e-05	-6.8807e-05	-1.8254e-06	-1.2074e-05	-1.6393e-05
6.8188e-05	6.3748e-06	1.1965e-05	1.5461e-05	-8.3289e-05	-2.6072e-06	-3.7543e-05	1.959e-05	-5.5225e-05	-1.1028e-05	4.5366e-06	-3.7259e-06
6.5344e-05	2.248e-05	1.1143e-05	2.4487e-05	-3.0882e-05	4.614e-05	-1.7797e-05	6.8502e-06	-3.5293e-05	-5.363e-06	1.2012e-05	7.6745e-06
6.5293e-05	1.584e-05	6.1927e-06	2.534e-05	6.9279e-05	6.585e-05	3.8797e-05	-1.0816e-05	-2.5009e-05	-2.45e-06	3.8769e-05	2.764e-05
6.2697e-05	7.726e-06	4.0485e-07	2.0432e-05	9.0364e-05	4.286e-05	7.1771e-05	-1.501e-05	-1.0471e-05	1.8037e-06	3.4312e-05	2.2629e-05
6.1436e-05	1.7596e-05	-3.1398e-06	1.7924e-05	8.4196e-05	1.9407e-05	0.00010377	-2.6655e-05	-1.824e-05	1.8471e-05	3.3425e-06	-7.8025e-06
6.178e-05	3.2771e-05	-1.3542e-05	1.823e-05	7.1669e-05	5.2111e-06	7.6536e-05	-3.5194e-05	-1.7365e-05	1.4616e-05	-7.7005e-06	-1.7958e-05
7.1368e-05	2.0117e-05	-2.9597e-05	1.3351e-05	5.1227e-05	-1.9778e-05	6.0357e-06	-2.6198e-05	1.3263e-05	-4.9838e-06	-5.2386e-06	-9.2442e-06
7.8583e-05	-3.6888e-06	-3.0404e-05	-1.8757e-06	1.1023e-05	-1.1069e-05	1.0068e-05	-9.256e-06	4.2957e-05	-1.718e-05	-8.5205e-06	1.7285e-06
7.8118e-05	-1.2152e-05	-1.4888e-05	-1.189e-05	-4.3175e-05	6.7576e-06	-5.5753e-06	3.097e-06	1.0498e-05	-3.5366e-05	-7.2358e-06	1.1726e-05
7.1323e-05	-2.7061e-06	-7.4508e-07	-1.6727e-05	-5.2819e-05	5.4813e-06	-1.2212e-05	1.4784e-05	-3.6675e-05	-4.677e-05	-5.7665e-06	1.1881e-05
6.313e-05	7.0235e-06	4.8108e-07	-6.4257e-06	-2.1534e-05	7.6022e-06	-4.304e-06	2.9454e-05	-1.7875e-05	-4.0995e-05	5.3091e-06	1.8045e-05
6.1904e-05	3.5974e-06	-6.6316e-06	4.6037e-06	6.0971e-05	6.4416e-06	4.2016e-05	3.5509e-05	2.1843e-05	-4.2644e-05	1.796e-05	2.4255e-05
6.2015e-05	3.4065e-07	-6.7464e-06	3.55e-06	8.6232e-05	1.2837e-06	8.976e-05	2.5405e-05	3.7443e-05	-3.2318e-05	9.8097e-06	1.5728e-05
6.4749e-05	-1.3401e-05	-1.3601e-06	5.0015e-06	-1.719e-05	-7.9764e-07	4.5178e-06	9.6419e-06	1.6548e-05	-1.0439e-05	2.1515e-05	1.9751e-05
7.0138e-05	-1.6501e-05	-5.8436e-07	5.9049e-06	-4.5275e-05	-3.0044e-06	-5.1736e-05	-2.8472e-05	-1.756e-05	1.1911e-05	1.7366e-05	9.9996e-06
7.055e-05	-1.8604e-05	-8.6511e-07	-1.6353e-06	-4.0863e-05	-4.1009e-06	-4.2985e-05	-4.6012e-05	-4.8393e-05	1.3676e-05	-1.1642e-07	-3.6192e-06
7.7162e-05	4.2238e-06	1.8782e-07	-6.5124e-06	-6.4475e-05	-5.2494e-07	-6.1187e-05	-7.2726e-05	-9.0516e-05	-8.6211e-06	-1.407e-05	-1.4007e-05
8.0616e-05	2.6586e-05	1.9141e-06	-1.6465e-06	-3.4405e-05	1.6905e-06	-3.1278e-05	-8.7183e-05	-8.9173e-05	-4.3707e-06	-2.348e-05	-1.7783e-05
7.3518e-05	2.2102e-05	9.8924e-06	5.3058e-06	-2.4481e-05	-4.9529e-06	-7.946e-06	-6.1584e-05	-6.0353e-05	4.3302e-06	-2.2725e-05	-1.1936e-05
6.5539e-05	5.941e-06	1.959e-05	2.5965e-06	-4.8854e-05	-6.0012e-06	-2.8999e-05	-3.2576e-05	-3.6694e-05	9.5204e-06	-2.8822e-05	-2.2135e-05
6.3122e-05	-8.1999e-06	1.2259e-05	1.2755e-06	-5.4174e-05	-3.6622e-06	-6.1557e-05	-1.5278e-05	-1.3531e-06	1.7526e-06	-2.0078e-05	-2.4272e-05
7.5453e-05	1.425e-05	-5.2269e-06	-1.95e-06	-2.4157e-05	-7.059e-06	-5.3002e-05	-2.4646e-05	3.1091e-05	-8.962e-06	1.2103e-06	-1.6269e-05
7.965e-05	3.3815e-05	-6.7227e-08	-7.0048e-06	-3.1732e-05	9.0847e-06	-1.4837e-05	-4.1304e-05	1.1947e-05	-3.2882e-07	-7.333e-06	-2.4454e-05
7.3569e-05	1.9175e-05	9.3626e-06	-5.8683e-07	-6.7155e-05	9.3028e-06	-6.2531e-05	-3.5185e-05	-2.627e-06	-3.7923e-06	-6.3655e-06	-1.9308e-05
6.8628e-05	1.2027e-06	1.1373e-05	-3.8752e-06	-2.232e-05	4.9751e-06	-3.0484e-05	-1.9749e-05	1.2273e-05	-2.9067e-05	5.4391e-06	-1.0565e-06
6.0646e-05	-1.2768e-05	1.0066e-05	-1.293e-05	3.9571e-05	3.5722e-06	6.6592e-05	-2.1508e-05	1.1427e-05	-4.592e-05	4.3736e-06	4.012e-06
4.4028e-05	-7.6803e-06	3.9702e-06	-4.7523e-06	5.1289e-05	5.2182e-06	7.2546e-05	-1.7339e-05	9.994e-06	-2.698e-05	1.3002e-05	6.2436e-06
3.9721e-05	2.4345e-06	-1.6465e-06	4.7394e-06	8.6795e-05	-9.4919e-06	6.4502e-05	-1.0105e-07	-5.0062e-06	-2.0098e-05	2.3047e-05	4.6281e-06
4.4663e-05	-1.2023e-05	5.4977e-06	2.3982e-07	0.00013697	-1.2478e-05	0.0001384	-1.1702e-06	-2.6282e-05	-2.0316e-05	2.2342e-05	-6.3573e-06
4.8316e-05	-2.9472e-05	7.2139e-06	9.9111e-07	9.8219e-05	-3.8242e-07	0.00010753	2.4438e-06	-1.0697e-05	-1.7317e-05	2.5591e-05	-4.5617e-06
4.7736e-05	-2.3701e-05	5.4471e-06	4.5723e-06	1.5417e-05	-1.0392e-05	2.3798e-05	7.3539e-06	2.5563e-05	-1.1559e-05	1.3831e-05	-6.4339e-06
4.5e-05	-2.5923e-05	3.8986e-06	8.1713e-06	-3.3695e-05	-1.9942e-05	-3.4982e-05	1.6962e-05	5.2627e-05	3.8828e-06	-3.0258e-06	-1.4376e-05
5.2427e-05	-4.7698e-05	2.7993e-06	3.7224e-06	-2.5516e-05	-2.926e-05	-3.4668e-05	5.0042e-05	5.1728e-05	1.581e-06	-1.2337e-05	-1.1634e-05
5.7381e-05	-5.4049e-05	9.3883e-06	-3.97e-06	-3.2417e-05	-2.7478e-05	-1.7768e-05	5.7144e-05	3.0857e-05	-5.3877e-06	-1.0395e-05	-3.0473e-06
5.8917e-05	-6.4358e-05	1.4893e-05	-9.5406e-06	-5.5523e-05	-3.2196e-05	-7.5568e-05	4.5365e-05	3.7886e-05	-1.0033e-05	2.7668e-06	2.6425e-06
6.3349e-05	-6.9138e-05	1.5216e-05	-1.6809e-05	-5.3887e-05	-3.3176e-05	-7.9192e-05	3.4132e-05	4.0982e-05	-2.6119e-05	1.7076e-05	1.3697e-05
6.6523e-05	-5.3821e-05	5.4667e-06	-1.4416e-05	1.7074e-05	-2.0251e-05	-7.0072e-07	2.4629e-05	2.5983e-05	-2.7315e-05	2.3046e-05	2.2913e-05
7.3641e-05	-5.0583e-05	-1.5643e-05	-1.2632e-05	9.1564e-05	-2.9599e-05	1.0579e-05	4.8943e-05	6.1173e-06	-2.2331e-05	5.3193e-05	4.5721e-05
8.1447e-05	-6.2905e-05	-2.7049e-05	-7.4546e-06	0.00011834	-4.8798e-05	8.0389e-06	5.4278e-05	-1.0926e-05	-1.9553e-05	6.7628e-05	4.2848e-05
7.4506e-05	-5.7881e-05	-1.2993e-05	1.4714e-06	0.00015096	-4.8868e-05	0.00018189	2.99e-05	-4.0218e-06	-1.0494e-05	3.598e-05	1.3312e-05
6.4858e-05	-3.7681e-05	1.1871e-06	-2.0207e-06	8.1475e-05	-4.7092e-05	0.00019001	4.658e-06	1.4132e-05	-8.1708e-06	-8.9277e-07	-1.4604e-05
6.1811e-05	-1.3187e-05	2.847e-06	-5.8904e-06	4.8936e-05	3.9977e-05	0.00013253	3.2953e-06	1.9676e-05	-4.7723e-06	-1.2718e-05	-1.6693e-05
5.4912e-05	2.5449e-05	4.1031e-06	-5.0978e-06	4.4357e-05	0.00012833	0.00011698	3.3673e-07	-8.3737e-06	8.8652e-06	-1.735e-05	-1.0366e-05
5.6561e-05	2.649e-05	6.4775e-06	5.7346e-06	8.687e-05	9.7671e-05	0.00011682	1.494e-06	-3.6177e-05	1.1089e-05	4.8232e-06	1.9473e-05
6.4839e-05	1.4497e-05	1.3328e-05	2.3123e-05	0.00010773	3.8838e-05	0.00012132	7.3807e-06	-2.7955e-05	8.8578e-06	3.5624e-05	5.3596e-05
6.8274e-05	1.9651e-05	1.3952e-05	2.4706e-05	5.1036e-05	2.8591e-06	3.6265e-05	1.8791e-05	-3.4733e-06	8.274e-06	3.8136e-05	4.8332e-05
6.3777e-05	9.8572e-07	6.8686e-06	1.2254e-05	-2.2922e-05	2.5648e-05	-2.5255e-05	4.8896e-05	2.1695e-05	1.7178e-05	2.8622e-05	3.4455e-05
6.81e-05	-2.6124e-05	-7.612e-06	-4.2533e-06	-7.7202e-05	1.7689e-05	-9.1497e-05	5.8831e-05	2.6862e-05	2.482e-05	1.4951e-05	1.7494e-05
7.2125e-05	-2.8913e-05	-8.7285e-06	-9.7953e-06	-5.762e-05	5.1402e-06	-5.7314e-05	3.8937e-05	1.2931e-05	2.3285e-05	-5.2943e-06	-8.43e-06
6.9716e-05	3.4528e-06	-7.1307e-06	-4.358e-06	-8.4325e-06	6.4344e-06	4.3885e-06	-8.3915e-06	2.0451e-05	2.9616e-05	-1.0673e-05	-1.5392e-05
6.8284e-05	3.3561e-05	-1.0392e-05	-5.958e-06	-1.217e-05	-9.5739e-06	-3.6288e-05	-3.5512e-05	3.5363e-05	3.4642e-05	8.3604e-06	4.5848e-06
6.2979e-05	3.1198e-05	2.9131e-06	-7.6085e-06	-6.3074e-05	-2.1769e-05	-0.00011186	-9.2095e-06	3.8536e-05	1.8327e-05	2.6826e-05	2.2612e-05
5.3724e-05	-8.7839e-06	1.5389e-05	-9.1252e-06	-4.8995e-05	-1.4859e-05	-5.3983e-05	3.3353e-05	4.2342e-05	-1.0394e-05	2.5161e-05	1.8456e-05
3.9774e-05	-3.2108e-05	2.3731e-05	4.1089e-06	2.7449e-06	1.1067e-05	6.1002e-05	3.5253e-05	3.5885e-05	-1.7105e-05	7.3823e-06	2.4048e-06
4.3425e-05	-2.2497e-05	3.0407e-05	2.311e-05	3.6771e-05	2.5144e-05	7.6463e-05	-2.1317e-06	6.8966e-06	-1.0081e-05	-1.1189e-05	-8.6823e-07
6.4793e-05	-1.5149e-05	2.479e-05	2.9124e-05	7.4396e-05	2.9192e-05	9.5484e-05	-1.3059e-05	-1.678e-05	-2.0911e-05	-4.0058e-06	6.8514e-06
8.0091e-05	4.6173e-07	1.8607e-05	2.6397e-05	6.124e-05	2.3482e-05	6.5508e-05	-2.8021e-06	-1.8313e-05	-3.5099e-05	7.2081e-06	4.3841e-06
8.0457e-05	4.2482e-06	7.7353e-06	2.2633e-05	4.0063e-05	1.0786e-05	2.474e-05	1.4841e-05	-3.7334e-05	-3.72e-05	1.3511e-05	4.2364e-07
7.7117e-05	1.9264e-05	-7.391e-06	1.086e-05	-2.2745e-05	-1.1804e-05	-6.6173e-05	1.1629e-05	-5.4541e-05	-7.1034e-06	-8.2151e-06	-1.222e-05
7.7761e-05	3.8653e-05	-9.3252e-06	-1.4161e-06	-5.2886e-05	-5.5034e-06	-8.4749e-05	-9.002e-06	-3.8694e-05	2.9174e-05	-2.4339e-05	-1.6983e-05
6.7082e-05	3.1418e-05	-1.5462e-06	-7.6826e-07	3.2998e-06	1.0491e-05	-1.0344e-06	-7.3824e-06	-9.1339e-06	4.6685e-05	-2.8958e-05	-1.622e-05
5.5576e-05	1.5333e-05	4.8081e-06	-5.3019e-06	1.9435e-05	-4.4106e-07	6.0327e-06	-1.6541e-05	1.5726e-05	4.8473e-05	-3.8169e-05	-2.3235e-05
4.6615e-05	1.4798e-06	1.0616e-05	-1.378e-05	8.7686e-06	-1.787e-05	-2.2777e-05	-3.077e-05	3.4023e-05	3.7735e-05	-2.4956e-05	-9.3371e-06
3.839e-05	3.6511e-06	2.1698e-05	-1.5679e-05	8.3476e-05	-2.3056e-05	3.8326e-05	-1.5662e-05	3.2039e-05	4.7924e-05	1.5259e-05	2.4755e-05
4.5969e-05	1.5138e-05	1.3604e-05	-1.0527e-05	0.00022812	-3.1276e-05	0.00013084	-8.9855e-06	1.8907e-05	6.2146e-05	3.8765e-05	3.9162e-05
7.2545e-05	2.702e-05	2.5792e-06	-3.9038e-06	0.00023199	-3.0561e-05	0.00019225	-2.5448e-05	-1.4438e-06	5.3275e-05	2.4454e-05	1.7453e-05
7.7629e-05	3.5129e-05	1.3086e-06	2.878e-06	0.00013127	-4.0012e-05	0.00019005	-4.0433e-05	-2.2369e-05	4.6232e-05	1.0252e-05	-6.8028e-06
8.5615e-05	2.8541e-05	1.4734e-05	2.7291e-06	1.7177e-05	-1.9352e-05	7.8693e-05	-4.1605e-05	-4.084e-05	2.0509e-05	-1.958e-05	-3.7872e-05
