   8.0890972e+01   9.1129027e+01   1.6445052e+02   2.3868379e+02   1.0108236e+02   1.6543314e+02
   8.1824108e+01   9.0958534e+01   1.6513554e+02   2.3902579e+02   1.0203753e+02   1.6516164e+02
   8.2709451e+01   9.2578048e+01   1.6617375e+02   2.3897562e+02   1.0193550e+02   1.6557821e+02
   8.3497854e+01   9.3812851e+01   1.6709231e+02   2.3839025e+02   1.0145182e+02   1.6496403e+02
   8.3498871e+01   9.4252811e+01   1.6740787e+02   2.3941965e+02   1.0167180e+02   1.6555618e+02
   8.3947983e+01   9.4227729e+01   1.6722992e+02   2.3970573e+02   1.0222463e+02   1.6502267e+02
   8.3621572e+01   9.4235864e+01   1.6695097e+02   2.3980131e+02   1.0232327e+02   1.6550500e+02
   8.3497176e+01   9.3559654e+01   1.6608359e+02   2.4008095e+02   1.0258019e+02   1.6586293e+02
   8.4477426e+01   9.3008856e+01   1.6672421e+02   2.4033550e+02   1.0286966e+02   1.6602122e+02
   8.4321847e+01   9.3271544e+01   1.6734618e+02   2.3957387e+02   1.0246529e+02   1.6592428e+02
   8.4118476e+01   9.4059270e+01   1.6730619e+02   2.3960269e+02   1.0182399e+02   1.6469117e+02
   8.3294483e+01   9.2577370e+01   1.6672895e+02   2.3848719e+02   1.0129353e+02   1.6479252e+02
   8.2262712e+01   9.2490598e+01   1.6597851e+02   2.3707885e+02   1.0098407e+02   1.6475862e+02
   8.2698944e+01   9.2422469e+01   1.6661473e+02   2.3786454e+02   1.0155317e+02   1.6468541e+02
   8.1689882e+01   9.2116395e+01   1.6679844e+02   2.3854719e+02   1.0068443e+02   1.6441052e+02
   8.2930448e+01   9.2369592e+01   1.6651101e+02   2.3920069e+02   1.0144707e+02   1.6396412e+02
   8.1818684e+01   9.2623129e+01   1.6570261e+02   2.3889190e+02   1.0060512e+02   1.6489861e+02
   8.1710897e+01   9.2044198e+01   1.6522061e+02   2.3973623e+02   1.0141996e+02   1.6532094e+02
   8.2440323e+01   9.2621773e+01   1.6617816e+02   2.4014806e+02   1.0252935e+02   1.6543077e+02
   8.2523027e+01   9.2794638e+01   1.6675878e+02   2.3948270e+02   1.0179077e+02   1.6559278e+02
   8.3255503e+01   9.2692614e+01   1.6595140e+02   2.3840822e+02   1.0161011e+02   1.6530366e+02
   8.3565984e+01   9.3072240e+01   1.6689504e+02   2.3894342e+02   1.0181484e+02   1.6569108e+02
   8.2956208e+01   9.2857345e+01   1.6688521e+02   2.3905290e+02   1.0278661e+02   1.6533077e+02
   8.2825034e+01   9.3141048e+01   1.6658524e+02   2.3966336e+02   1.0275780e+02   1.6582463e+02
   8.2759955e+01   9.2025556e+01   1.6597817e+02   2.3752592e+02   1.0135420e+02   1.6562193e+02
   8.1658360e+01   9.2321800e+01   1.6542195e+02   2.3722493e+02   9.8829346e+01   1.6480065e+02
   8.0510667e+01   9.1246304e+01   1.6554398e+02   2.3775099e+02   1.0002686e+02   1.6419495e+02
   8.1220772e+01   9.1919464e+01   1.6673810e+02   2.3865430e+02   1.0063359e+02   1.6434137e+02
   8.3023321e+01   9.2730238e+01   1.6736042e+02   2.3941423e+02   1.0129387e+02   1.6412444e+02
   8.3322277e+01   9.2336375e+01   1.6711299e+02   2.3898206e+02   1.0156842e+02   1.6444001e+02
   8.2208141e+01   9.2708884e+01   1.6746482e+02   2.3827704e+02   1.0134437e+02   1.6426850e+02
   8.2059002e+01   9.2304852e+01   1.6654694e+02   2.3819468e+02   1.0069223e+02   1.6449560e+02
   8.0882837e+01   9.2434332e+01   1.6572735e+02   2.3899698e+02   1.0114236e+02   1.6528230e+02
   8.2776903e+01   9.3033939e+01   1.6642830e+02   2.3872853e+02   1.0203448e+02   1.6505148e+02
   8.4077463e+01   9.2828873e+01   1.6652219e+02   2.3761405e+02   1.0246732e+02   1.6464948e+02
   8.2523705e+01   9.2520765e+01   1.6623205e+02   2.3851804e+02   1.0139623e+02   1.6448407e+02
   8.1441430e+01   9.2976656e+01   1.6546297e+02   2.3809774e+02   1.0101559e+02   1.6467626e+02
   7.9987664e+01   9.1845233e+01   1.6546568e+02   2.3825399e+02   1.0084238e+02   1.6449051e+02
   8.1791568e+01   9.2905815e+01   1.6682352e+02   2.3861566e+02   1.0075866e+02   1.6491691e+02
   8.2160009e+01   9.2490598e+01   1.6659303e+02   2.3840449e+02   1.0005398e+02   1.6507588e+02
   8.2949429e+01   9.2217064e+01   1.6711129e+02   2.3843567e+02   1.0053834e+02   1.6458813e+02
   8.0389322e+01   9.1421543e+01   1.6553381e+02   2.3784420e+02   1.0067223e+02   1.6401835e+02
   8.2248476e+01   9.1567631e+01   1.6568837e+02   2.3926306e+02   1.0186399e+02   1.6424647e+02
   8.3791387e+01   9.1894042e+01   1.6638864e+02   2.3996130e+02   1.0235140e+02   1.6390446e+02
   8.2928414e+01   9.1775070e+01   1.6608698e+02   2.3720358e+02   1.0227819e+02   1.6417562e+02
   8.2441679e+01   9.2167577e+01   1.6585581e+02   2.3717206e+02   9.9539112e+01   1.6459728e+02
   8.1905795e+01   9.2197066e+01   1.6519452e+02   2.3784657e+02   9.9928568e+01   1.6452373e+02
   8.0089689e+01   9.1735412e+01   1.6503385e+02   2.3745813e+02   9.9455729e+01   1.6428375e+02
   8.0633707e+01   9.2525849e+01   1.6646932e+02   2.3884818e+02   1.0015838e+02   1.6481794e+02
   8.1742420e+01   9.2270279e+01   1.6671878e+02   2.3844110e+02   1.0193178e+02   1.6492030e+02
   8.2991120e+01   9.3425090e+01   1.6583344e+02   2.3722256e+02   1.0103016e+02   1.6550161e+02
   8.1325509e+01   9.2800062e+01   1.6538399e+02   2.3740255e+02   1.0016516e+02   1.6536060e+02
   8.1485494e+01   9.2261127e+01   1.6447221e+02   2.3798859e+02   1.0044513e+02   1.6498335e+02
   8.1242465e+01   9.0976159e+01   1.6404716e+02   2.3925560e+02   1.0093932e+02   1.6531484e+02
   8.2799612e+01   9.2809213e+01   1.6652185e+02   2.3921492e+02   1.0250359e+02   1.6623307e+02
   8.3752407e+01   9.3088171e+01   1.6688318e+02   2.3718019e+02   1.0120269e+02   1.6524570e+02
   8.2102387e+01   9.2065891e+01   1.6628560e+02   2.3591726e+02   1.0000551e+02   1.6496132e+02
   8.0642181e+01   9.2298751e+01   1.6575819e+02   2.3628977e+02   9.9850609e+01   1.6394887e+02
   8.0303228e+01   9.1921158e+01   1.6673641e+02   2.3831534e+02   1.0065460e+02   1.6483523e+02
   8.1207214e+01   9.2472973e+01   1.6604664e+02   2.3947083e+02   1.0134607e+02   1.6517079e+02
   8.1102817e+01   9.1975391e+01   1.6418173e+02   2.3961896e+02   1.0141148e+02   1.6572531e+02
   8.0818436e+01   9.1190038e+01   1.6235240e+02   2.3828721e+02   1.0177043e+02   1.6483794e+02
   8.1320085e+01   9.0726012e+01   1.6333807e+02   2.3984673e+02   1.0157588e+02   1.6402615e+02
   8.2995866e+01   9.2359085e+01   1.6493386e+02   2.4033550e+02   1.0164299e+02   1.6450068e+02
   8.1658021e+01   9.1687281e+01   1.6321334e+02   2.3867260e+02   1.0028616e+02   1.6390175e+02
   8.0297805e+01   9.0908030e+01   1.6331672e+02   2.3780861e+02   1.0026752e+02   1.6428172e+02
   8.0034100e+01   9.0825664e+01   1.6317978e+02   2.3812214e+02   1.0079798e+02   1.6391802e+02
   8.1166879e+01   9.1278505e+01   1.6507859e+02   2.3897834e+02   1.0078171e+02   1.6434781e+02
   8.2417613e+01   9.2730915e+01   1.6567515e+02   2.3860006e+02   1.0175586e+02   1.6457288e+02
   8.2282371e+01   9.2581437e+01   1.6629543e+02   2.3799198e+02   1.0154910e+02   1.6462304e+02
   8.0846908e+01   9.2250620e+01   1.6518604e+02   2.3822925e+02   1.0147894e+02   1.6447187e+02
   8.2303386e+01   9.2650245e+01   1.6421020e+02   2.3940338e+02   1.0119286e+02   1.6348823e+02
   8.0543885e+01   9.1346295e+01   1.6365872e+02   2.3977487e+02   1.0224124e+02   1.6314826e+02
   8.3028405e+01   9.2607876e+01   1.6537450e+02   2.4001350e+02   1.0239817e+02   1.6431154e+02
   8.3852737e+01   9.3404075e+01   1.6669641e+02   2.3923933e+02   1.0161892e+02   1.6453288e+02
   8.2975190e+01   9.2876326e+01   1.6543483e+02   2.3954608e+02   1.0137894e+02   1.6544500e+02
   8.1082819e+01   9.1028358e+01   1.6362178e+02   2.3818824e+02   1.0085831e+02   1.6423664e+02
   8.1192300e+01   9.1273759e+01   1.6453559e+02   2.3835161e+02   1.0157011e+02   1.6505860e+02
   8.2301691e+01   9.2401115e+01   1.6463762e+02   2.3875090e+02   1.0032616e+02   1.6568430e+02
   8.0997403e+01   9.1940479e+01   1.6518672e+02   2.3892037e+02   1.0101050e+02   1.6443730e+02
   8.2203734e+01   9.2071653e+01   1.6596428e+02   2.3826450e+02   1.0046276e+02   1.6395768e+02
   8.0405253e+01   9.1395443e+01   1.6554330e+02   2.3765845e+02   1.0062579e+02   1.6336350e+02
   8.1751233e+01   9.1805915e+01   1.6704621e+02   2.3781302e+02   1.0114744e+02   1.6368618e+02
   8.0925545e+01   9.2352984e+01   1.6715027e+02   2.3825637e+02   1.0069697e+02   1.6368584e+02
   8.1009605e+01   9.2448907e+01   1.6677064e+02   2.3863667e+02   1.0074341e+02   1.6333367e+02
   8.1694967e+01   9.2951912e+01   1.6640593e+02   2.3945287e+02   1.0223548e+02   1.6420342e+02
   8.3421929e+01   9.3071901e+01   1.6681674e+02   2.4022907e+02   1.0331741e+02   1.6463118e+02
   8.2600308e+01   9.2389929e+01   1.6545381e+02   2.3892410e+02   1.0291135e+02   1.6480269e+02
   8.1373301e+01   9.1841843e+01   1.6417427e+02   2.3671447e+02   1.0084611e+02   1.6365228e+02
   7.9833102e+01   8.9504089e+01   1.6313097e+02   2.3643585e+02   9.9030005e+01   1.6324588e+02
   8.0413049e+01   9.0874135e+01   1.6266593e+02   2.3767133e+02   9.9577413e+01   1.6355534e+02
   8.0184934e+01   8.9488836e+01   1.6403293e+02   2.3839466e+02   1.0057359e+02   1.6353128e+02
   8.0601168e+01   9.0949043e+01   1.6514638e+02   2.3777743e+02   1.0012245e+02   1.6403530e+02
   7.9827678e+01   9.0630767e+01   1.6560261e+02   2.3764693e+02   1.0032311e+02   1.6348179e+02
   8.1729540e+01   9.1325280e+01   1.6585920e+02   2.3789979e+02   1.0063528e+02   1.6421291e+02
   8.1680053e+01   9.2141138e+01   1.6632289e+02   2.3761812e+02   1.0109253e+02   1.6419562e+02
   8.1592942e+01   9.2182152e+01   1.6682793e+02   2.3865294e+02   1.0168265e+02   1.6417868e+02
   8.2149502e+01   9.1506959e+01   1.6647677e+02   2.3782183e+02   1.0189551e+02   1.6360754e+02
   8.1840377e+01   9.2372304e+01   1.6677573e+02   2.3832856e+02   1.0262527e+02   1.6419393e+02
   8.2498962e+01   9.2420435e+01   1.6620900e+02   2.4041448e+02   1.0279000e+02   1.6425799e+02
   8.2470829e+01   9.1390020e+01   1.6574531e+02   2.3884208e+02   1.0262121e+02   1.6349467e+02
   8.1626498e+01   9.1580850e+01   1.6507114e+02   2.3748491e+02   1.0038412e+02   1.6316995e+02
   8.0024610e+01   9.1214782e+01   1.6337943e+02   2.3805876e+02   1.0026345e+02   1.6328079e+02
   8.0794031e+01   9.0543656e+01   1.6397124e+02   2.3858752e+02   1.0081933e+02   1.6377024e+02
   7.9631086e+01   9.0373163e+01   1.6308623e+02   2.3793741e+02   1.0081798e+02   1.6260085e+02
   8.0859110e+01   8.9272924e+01   1.6417630e+02   2.3715816e+02   1.0005161e+02   1.6313267e+02
   8.0888599e+01   9.0378925e+01   1.6526942e+02   2.3820451e+02   1.0013194e+02   1.6367228e+02
   8.2575226e+01   9.1882857e+01   1.6630628e+02   2.3831738e+02   1.0092678e+02   1.6351297e+02
   8.1937657e+01   9.1325958e+01   1.6688521e+02   2.3817705e+02   1.0157859e+02   1.6407462e+02
   8.2506419e+01   9.3058343e+01   1.6771497e+02   2.3840686e+02   1.0206939e+02   1.6388141e+02
   8.3358545e+01   9.3430174e+01   1.6813357e+02   2.3944202e+02   1.0210125e+02   1.6409936e+02
   8.3532427e+01   9.2275025e+01   1.6631272e+02   2.3805164e+02   1.0166739e+02   1.6383328e+02
   8.0304584e+01   9.1942851e+01   1.6453525e+02   2.3739306e+02   1.0030142e+02   1.6315402e+02
   8.1312629e+01   9.1712025e+01   1.6476201e+02   2.3743949e+02   1.0063833e+02   1.6368448e+02
   8.2033241e+01   9.2388574e+01   1.6534332e+02   2.3749033e+02   1.0092610e+02   1.6399429e+02
   8.2658947e+01   9.2718713e+01   1.6675200e+02   2.3808655e+02   1.0138335e+02   1.6434171e+02
   8.1627515e+01   9.2563812e+01   1.6617341e+02   2.3745373e+02   1.0119218e+02   1.6487590e+02
   8.2782326e+01   9.2552965e+01   1.6705502e+02   2.3801469e+02   1.0149385e+02   1.6495250e+02
   8.1848173e+01   9.2405182e+01   1.6655643e+02   2.3754423e+02   1.0193686e+02   1.6476845e+02
   8.1419060e+01   9.2731593e+01   1.6631577e+02   2.3812350e+02   1.0129726e+02   1.6469626e+02
   8.2185770e+01   9.1967934e+01   1.6640695e+02   2.3814383e+02   1.0194906e+02   1.6431053e+02
   8.2545059e+01   9.2856667e+01   1.6762989e+02   2.3890614e+02   1.0234326e+02   1.6463287e+02
   8.3032134e+01   9.2749558e+01   1.6643644e+02   2.3740390e+02   1.0140877e+02   1.6452136e+02
   8.1366861e+01   9.2085550e+01   1.6482438e+02   2.3588641e+02   1.0090068e+02   1.6363872e+02
   7.9978851e+01   9.0628733e+01   1.6299844e+02   2.3542476e+02   9.9598089e+01   1.6364516e+02
   7.9770056e+01   9.0340963e+01   1.6279914e+02   2.3763575e+02   1.0002110e+02   1.6374719e+02
   8.1517356e+01   9.0507049e+01   1.6420783e+02   2.3886445e+02   1.0074036e+02   1.6466677e+02
   8.1473970e+01   9.0837189e+01   1.6412377e+02   2.3854922e+02   1.0155249e+02   1.6423392e+02
   8.1591925e+01   9.0988023e+01   1.6476371e+02   2.3875192e+02   1.0216464e+02   1.6404547e+02
   8.1500408e+01   9.1277488e+01   1.6561346e+02   2.3755101e+02   1.0194093e+02   1.6389023e+02
   8.0617098e+01   9.1066321e+01   1.6437866e+02   2.3661482e+02   1.0071731e+02   1.6369363e+02
   7.9744974e+01   9.0216906e+01   1.6236189e+02   2.3680904e+02   9.9879759e+01   1.6314216e+02
   7.8470852e+01   9.0453495e+01   1.6183380e+02   2.3704088e+02   1.0026074e+02   1.6400073e+02
   7.9614477e+01   8.9013625e+01   1.6259814e+02   2.3846652e+02   1.0012448e+02   1.6442984e+02
   8.1255685e+01   9.0732453e+01   1.6424172e+02   2.3838449e+02   1.0159181e+02   1.6475896e+02
   8.0892667e+01   9.1276471e+01   1.6399937e+02   2.3887902e+02   1.0191415e+02   1.6502199e+02
   8.2129843e+01   9.1788967e+01   1.6439357e+02   2.3823298e+02   1.0130268e+02   1.6421223e+02
   8.2016632e+01   9.0930401e+01   1.6509927e+02   2.3809774e+02   1.0173179e+02   1.6252357e+02
   8.1982398e+01   9.2051655e+01   1.6573481e+02   2.3722663e+02   1.0054580e+02   1.6296963e+02
   8.1847834e+01   9.1314773e+01   1.6598292e+02   2.3634739e+02   1.0059630e+02   1.6320724e+02
   8.1371606e+01   9.2148256e+01   1.6577446e+02   2.3687141e+02   1.0093153e+02   1.6312386e+02
   8.2181702e+01   9.1960138e+01   1.6619239e+02   2.3615113e+02   1.0055394e+02   1.6355805e+02
   8.1618025e+01   9.2136054e+01   1.6491047e+02   2.3638806e+02   9.9766549e+01   1.6312318e+02
   8.1403807e+01   9.2021149e+01   1.6466575e+02   2.3813536e+02   1.0043767e+02   1.6404140e+02
   8.1774621e+01   9.2161814e+01   1.6481997e+02   2.3707207e+02   1.0032141e+02   1.6400174e+02
   8.1701746e+01   9.1748632e+01   1.6538907e+02   2.3744898e+02   1.0071934e+02   1.6395226e+02
   8.1314662e+01   9.1836420e+01   1.6635339e+02   2.3730289e+02   1.0027159e+02   1.6344688e+02
   8.0411015e+01   9.1349685e+01   1.6581514e+02   2.3823095e+02   1.0084238e+02   1.6302929e+02
   8.2607426e+01   9.1710330e+01   1.6586191e+02   2.3858379e+02   1.0122574e+02   1.6385193e+02
   8.2370499e+01   9.1997084e+01   1.6432137e+02   2.3736255e+02   1.0040005e+02   1.6358754e+02
   8.1389232e+01   9.1004970e+01   1.6370584e+02   2.3690496e+02   9.9736382e+01   1.6305268e+02
   8.1219078e+01   8.9587472e+01   1.6407665e+02   2.3735780e+02   1.0062749e+02   1.6323842e+02
   8.1707169e+01   9.1758122e+01   1.6552194e+02   2.3782759e+02   1.0089628e+02   1.6371702e+02
   8.1995617e+01   9.2246214e+01   1.6685572e+02   2.3874819e+02   1.0213379e+02   1.6423426e+02
   8.1279750e+01   9.2446195e+01   1.6645135e+02   2.3802215e+02   1.0119252e+02   1.6424375e+02
   7.9944617e+01   9.1201224e+01   1.6494742e+02   2.3809062e+02   1.0113659e+02   1.6409800e+02
   8.1186538e+01   9.1235458e+01   1.6403971e+02   2.3785776e+02   1.0139657e+02   1.6351602e+02
   8.1583451e+01   9.1493739e+01   1.6444374e+02   2.3931119e+02   1.0177450e+02   1.6344925e+02
   8.1839699e+01   9.1315112e+01   1.6449865e+02   2.3946100e+02   1.0196059e+02   1.6376719e+02
   8.1755639e+01   9.0583652e+01   1.6338112e+02   2.3809401e+02   1.0158299e+02   1.6293472e+02
   8.1087225e+01   9.0900234e+01   1.6412410e+02   2.3603081e+02   1.0048377e+02   1.6370753e+02
   8.1892915e+01   9.1838793e+01   1.6533891e+02   2.3671651e+02   9.9806206e+01   1.6482302e+02
   8.1734285e+01   9.1422220e+01   1.6525756e+02   2.3631485e+02   1.0042988e+02   1.6477421e+02
   7.9966988e+01   9.1123942e+01   1.6393226e+02   2.3770387e+02   1.0052038e+02   1.6369940e+02
   8.0916393e+01   9.1557462e+01   1.6512910e+02   2.3721985e+02   1.0003568e+02   1.6349162e+02
   8.0465587e+01   9.1799474e+01   1.6505995e+02   2.3720900e+02   1.0041530e+02   1.6384108e+02
   8.1189928e+01   9.2579065e+01   1.6630594e+02   2.3755135e+02   1.0128675e+02   1.6402954e+02
   8.2136961e+01   9.2919373e+01   1.6535450e+02   2.3685005e+02   1.0076103e+02   1.6260661e+02
   8.0766237e+01   9.0962940e+01   1.6334553e+02   2.3723273e+02   1.0110304e+02   1.6282015e+02
   8.0414066e+01   9.0819224e+01   1.6323435e+02   2.3827467e+02   1.0162028e+02   1.6287405e+02
   8.1593281e+01   9.0067089e+01   1.6485421e+02   2.3898884e+02   1.0230835e+02   1.6305335e+02
   8.2657591e+01   9.0933790e+01   1.6628289e+02   2.3902240e+02   1.0187992e+02   1.6339671e+02
   8.2577938e+01   9.1584918e+01   1.6500979e+02   2.3739068e+02   1.0151758e+02   1.6280117e+02
   8.1585824e+01   9.0985989e+01   1.6454983e+02   2.3690462e+02   1.0122709e+02   1.6329876e+02
   8.1019774e+01   9.1259184e+01   1.6472236e+02   2.3734221e+02   1.0115151e+02   1.6355331e+02
   8.0346953e+01   9.1244271e+01   1.6504538e+02   2.3788759e+02   1.0162265e+02   1.6414614e+02
   8.1341101e+01   9.3121727e+01   1.6618561e+02   2.3764591e+02   1.0213989e+02   1.6444848e+02
   8.2448458e+01   9.2542458e+01   1.6504300e+02   2.3770964e+02   1.0157655e+02   1.6407902e+02
   8.2390836e+01   9.2019454e+01   1.6539382e+02   2.3877564e+02   1.0216803e+02   1.6411156e+02
   8.2681996e+01   9.1210714e+01   1.6516401e+02   2.3837568e+02   1.0172840e+02   1.6361296e+02
   8.1370250e+01   9.1972340e+01   1.6463524e+02   2.3676328e+02   1.0109626e+02   1.6380922e+02
   8.1827836e+01   9.1647963e+01   1.6397090e+02   2.3637450e+02   9.9721807e+01   1.6368516e+02
   8.0681160e+01   9.1378157e+01   1.6328282e+02   2.3725307e+02   1.0011262e+02   1.6464304e+02
   8.2247798e+01   9.1007004e+01   1.6420444e+02   2.3753880e+02   1.0029531e+02   1.6446611e+02
   8.2578615e+01   9.1177497e+01   1.6417596e+02   2.3742356e+02   1.0096949e+02   1.6421799e+02
   8.2670810e+01   9.1008021e+01   1.6438340e+02   2.3736085e+02   1.0052343e+02   1.6428646e+02
   8.2449814e+01   9.0513150e+01   1.6447221e+02   2.3641619e+02   1.0105152e+02   1.6377668e+02
   8.1324153e+01   9.1489333e+01   1.6475388e+02   2.3636874e+02   1.0005229e+02   1.6367974e+02
   8.1549217e+01   9.1842860e+01   1.6438306e+02   2.3798215e+02   1.0055495e+02   1.6366550e+02
   8.2373549e+01   9.1923531e+01   1.6495420e+02   2.3921628e+02   1.0142064e+02   1.6379329e+02
   8.2683013e+01   9.1321213e+01   1.6448373e+02   2.3741644e+02   1.0189551e+02   1.6311708e+02
   8.1145525e+01   9.0364689e+01   1.6332485e+02   2.3707139e+02   1.0111219e+02   1.6386447e+02
   8.1839699e+01   9.1067676e+01   1.6400208e+02   2.3683582e+02   1.0007093e+02   1.6359568e+02
   8.2326435e+01   9.2247230e+01   1.6458372e+02   2.3707885e+02   1.0001059e+02   1.6303132e+02
   8.2218648e+01   9.1727955e+01   1.6528908e+02   2.3615961e+02   1.0005940e+02   1.6360381e+02
   8.1462445e+01   9.1871332e+01   1.6418444e+02   2.3633044e+02   9.9839424e+01   1.6394717e+02
   8.2180008e+01   9.1853707e+01   1.6434849e+02   2.3589421e+02   1.0029769e+02   1.6432137e+02
   8.2101371e+01   9.0737876e+01   1.6473015e+02   2.3649619e+02   1.0061156e+02   1.6480201e+02
   8.3141615e+01   9.1936411e+01   1.6610969e+02   2.3725883e+02   1.0061596e+02   1.6447017e+02
   8.1464818e+01   9.1789306e+01   1.6613409e+02   2.3746356e+02   1.0146945e+02   1.6446238e+02
   8.2595563e+01   9.2408911e+01   1.6667438e+02   2.3846957e+02   1.0199313e+02   1.6425562e+02
   8.3003662e+01   9.2267568e+01   1.6551483e+02   2.3882987e+02   1.0249071e+02   1.6364110e+02
   8.3560899e+01   9.1875400e+01   1.6565041e+02   2.3695852e+02   1.0150232e+02   1.6373363e+02
   8.1497696e+01   9.2029284e+01   1.6501928e+02   2.3632773e+02   9.9364212e+01   1.6363500e+02
   8.1519389e+01   9.1294774e+01   1.6620019e+02   2.3795267e+02   1.0047564e+02   1.6389429e+02
   8.2252543e+01   9.1346973e+01   1.6530501e+02   2.3809740e+02   1.0124777e+02   1.6335672e+02
   8.1662088e+01   9.0743299e+01   1.6397056e+02   2.3790725e+02   1.0165892e+02   1.6277202e+02
   8.1423805e+01   9.1257151e+01   1.6389565e+02   2.3761744e+02   1.0119557e+02   1.6310725e+02
   8.0702514e+01   8.9875581e+01   1.6417325e+02   2.3705546e+02   1.0045157e+02   1.6309877e+02
   8.0925884e+01   9.1411374e+01   1.6564668e+02   2.3784793e+02   1.0076002e+02   1.6340349e+02
   8.2658269e+01   9.1553734e+01   1.6678454e+02   2.3836314e+02   1.0161181e+02   1.6356619e+02
   8.1809872e+01   9.1170040e+01   1.6551923e+02   2.3665278e+02   1.0043191e+02   1.6377736e+02
   8.0027660e+01   9.1259184e+01   1.6344586e+02   2.3609588e+02   9.9282864e+01   1.6349365e+02
   8.0714717e+01   9.1159871e+01   1.6278728e+02   2.3756355e+02   1.0009974e+02   1.6306657e+02
   8.1131967e+01   9.1404256e+01   1.6305132e+02   2.3772252e+02   1.0077493e+02   1.6274864e+02
   8.0634724e+01   9.0362994e+01   1.6321707e+02   2.3663448e+02   1.0074680e+02   1.6305132e+02
   8.0541851e+01   9.0880575e+01   1.6327842e+02   2.3718087e+02   1.0011703e+02   1.6348891e+02
   8.0647604e+01   9.0768720e+01   1.6339298e+02   2.3678870e+02   9.9674354e+01   1.6358754e+02
   7.9762261e+01   9.1327992e+01   1.6393768e+02   2.3721680e+02   1.0051767e+02   1.6455762e+02
   8.1897660e+01   9.2726170e+01   1.6660659e+02   2.3843228e+02   1.0159147e+02   1.6436781e+02
   8.3429047e+01   9.2221809e+01   1.6644118e+02   2.3781776e+02   1.0201414e+02   1.6322452e+02
   8.2058663e+01   9.2329596e+01   1.6403225e+02   2.3644941e+02   1.0031497e+02   1.6331130e+02
   8.0282891e+01   9.1269692e+01   1.6299031e+02   2.3611622e+02   9.8820194e+01   1.6360551e+02
   7.9112828e+01   9.0951755e+01   1.6242324e+02   2.3691683e+02   9.9096101e+01   1.6373363e+02
   8.0656078e+01   9.0864983e+01   1.6363161e+02   2.3744491e+02   1.0077968e+02   1.6431832e+02
   8.1228568e+01   9.1849639e+01   1.6414614e+02   2.3785132e+02   1.0092305e+02   1.6420308e+02
   8.0872668e+01   9.2149612e+01   1.6506232e+02   2.3673481e+02   1.0083560e+02   1.6418444e+02
   8.0706582e+01   9.2083855e+01   1.6499419e+02   2.3701953e+02   1.0040039e+02   1.6360246e+02
   8.1292969e+01   9.2348577e+01   1.6581819e+02   2.3803605e+02   1.0039700e+02   1.6372956e+02
   8.1408891e+01   9.3059360e+01   1.6594123e+02   2.3680158e+02   9.9603513e+01   1.6411699e+02
   8.1038755e+01   9.2117751e+01   1.6521519e+02   2.3628638e+02   9.9904163e+01   1.6447424e+02
   8.0800811e+01   9.2202150e+01   1.6457796e+02   2.3755406e+02   1.0016516e+02   1.6371431e+02
   8.1219756e+01   9.1320535e+01   1.6495555e+02   2.3773438e+02   1.0028210e+02   1.6455762e+02
   8.0009696e+01   9.0633139e+01   1.6430510e+02   2.3619723e+02   1.0079730e+02   1.6387023e+02
   7.8764046e+01   9.0840239e+01   1.6409834e+02   2.3765710e+02   1.0071968e+02   1.6243714e+02
   8.1930878e+01   9.2334002e+01   1.6603444e+02   2.3939592e+02   1.0258256e+02   1.6331265e+02
   8.4854002e+01   9.2187236e+01   1.6566363e+02   2.3926950e+02   1.0296524e+02   1.6217581e+02
   8.3292788e+01   9.1611695e+01   1.6434375e+02   2.3820722e+02   1.0334724e+02   1.6311843e+02
   8.2945701e+01   9.1404256e+01   1.6426206e+02   2.3845703e+02   1.0209956e+02   1.6286388e+02
   8.2617934e+01   9.0363672e+01   1.6513893e+02   2.3816349e+02   1.0245037e+02   1.6334451e+02
   8.2955530e+01   9.1270370e+01   1.6593174e+02   2.3798182e+02   1.0216735e+02   1.6303776e+02
   8.2904688e+01   9.2163170e+01   1.6619646e+02   2.3899020e+02   1.0164062e+02   1.6426646e+02
   8.2309148e+01   9.3103085e+01   1.6523790e+02   2.3786454e+02   1.0017702e+02   1.6334417e+02
   8.1356353e+01   9.1856418e+01   1.6514435e+02   2.3733577e+02   1.0037734e+02   1.6358958e+02
   8.0969948e+01   9.1813033e+01   1.6394954e+02   2.3753847e+02   9.9661474e+01   1.6333536e+02
   8.1279072e+01   9.1250711e+01   1.6466643e+02   2.3859600e+02   1.0157283e+02   1.6389938e+02
   8.2752498e+01   9.1918447e+01   1.6553787e+02   2.3908544e+02   1.0180433e+02   1.6453898e+02
   8.3358206e+01   9.2245875e+01   1.6563753e+02   2.3810214e+02   1.0159757e+02   1.6390616e+02
   8.0962491e+01   9.1472724e+01   1.6555313e+02   2.3753135e+02   1.0113524e+02   1.6471456e+02
   8.2228139e+01   9.3267816e+01   1.6623103e+02   2.3713003e+02   9.9991952e+01   1.6364652e+02
   8.2050189e+01   9.2842770e+01   1.6680047e+02   2.3829433e+02   1.0068918e+02   1.6390989e+02
   8.1879357e+01   9.2810230e+01   1.6644288e+02   2.3827399e+02   1.0126573e+02   1.6372346e+02
   8.1518712e+01   9.2405182e+01   1.6600461e+02   2.3839093e+02   1.0141860e+02   1.6327571e+02
   8.1437363e+01   9.2967843e+01   1.6549110e+02   2.3790623e+02   1.0057359e+02   1.6382379e+02
   7.9977156e+01   9.2414334e+01   1.6489793e+02   2.3711342e+02   9.9614359e+01   1.6394717e+02
   8.0063250e+01   9.1397477e+01   1.6572193e+02   2.3830246e+02   1.0086780e+02   1.6437730e+02
   8.1427533e+01   9.2448229e+01   1.6662015e+02   2.3859227e+02   1.0142640e+02   1.6354077e+02
   8.1283479e+01   9.2592623e+01   1.6534399e+02   2.3820654e+02   1.0135217e+02   1.6355941e+02
   8.0714717e+01   9.1294097e+01   1.6456271e+02   2.3730662e+02   1.0153791e+02   1.6362957e+02
   7.8942674e+01   9.0999547e+01   1.6427189e+02   2.3821874e+02   1.0112236e+02   1.6340315e+02
   8.1438041e+01   9.1315112e+01   1.6390311e+02   2.3871056e+02   1.0106745e+02   1.6392853e+02
   8.1252973e+01   9.0555180e+01   1.6223139e+02   2.3749474e+02   1.0030514e+02   1.6418376e+02
   8.1150948e+01   8.9926085e+01   1.6237138e+02   2.3822145e+02   1.0086780e+02   1.6366754e+02
   8.1248905e+01   9.1406968e+01   1.6490742e+02   2.3817434e+02   1.0017363e+02   1.6368008e+02
   8.1833937e+01   9.2852599e+01   1.6552466e+02   2.3660635e+02   1.0131387e+02   1.6313030e+02
   8.1677680e+01   9.2593640e+01   1.6399835e+02   2.3687785e+02   9.9465220e+01   1.6291201e+02
   8.0659467e+01   9.1478148e+01   1.6387125e+02   2.3769201e+02   1.0043598e+02   1.6318046e+02
   8.0855382e+01   9.0747027e+01   1.6332689e+02   2.3902477e+02   1.0175993e+02   1.6294862e+02
   8.2125775e+01   9.1638472e+01   1.6572193e+02   2.3968844e+02   1.0145012e+02   1.6436679e+02
   8.1902745e+01   9.1728633e+01   1.6710044e+02   2.3902375e+02   1.0162130e+02   1.6392751e+02
   8.2537602e+01   9.2586861e+01   1.6652050e+02   2.3833941e+02   1.0091831e+02   1.6454508e+02
   8.2337959e+01   9.1520856e+01   1.6529722e+02   2.3773370e+02   1.0006991e+02   1.6330248e+02
   8.0815724e+01   9.1586273e+01   1.6458711e+02   2.3835839e+02   1.0101830e+02   1.6421732e+02
   8.2170856e+01   9.2256382e+01   1.6522061e+02   2.3913222e+02   1.0136844e+02   1.6412546e+02
   8.3092128e+01   9.2764472e+01   1.6638526e+02   2.3884038e+02   1.0125353e+02   1.6424104e+02
   8.0747934e+01   9.2327562e+01   1.6517825e+02   2.3679684e+02   1.0024989e+02   1.6401361e+02
   8.1383809e+01   9.2011659e+01   1.6458508e+02   2.3703173e+02   9.9346587e+01   1.6421223e+02
   8.2026123e+01   9.2007930e+01   1.6453254e+02   2.3787437e+02   1.0060952e+02   1.6432375e+02
   8.4196435e+01   9.2649567e+01   1.6455762e+02   2.3763710e+02   1.0110948e+02   1.6404987e+02
   8.4167963e+01   9.3322387e+01   1.6491115e+02   2.3857702e+02   1.0109253e+02   1.6410783e+02
   8.2598953e+01   9.1384936e+01   1.6467422e+02   2.3652263e+02   9.9411666e+01   1.6406106e+02
   8.1945791e+01   9.0866678e+01   1.6396988e+02   2.3740255e+02   9.9191686e+01   1.6411936e+02
   8.1258735e+01   9.0022686e+01   1.6369058e+02   2.3825094e+02   1.0047665e+02   1.6367737e+02
   8.3138226e+01   9.0688389e+01   1.6518401e+02   2.3752796e+02   1.0159587e+02   1.6405530e+02
   8.3087722e+01   9.2063179e+01   1.6535823e+02   2.3912951e+02   1.0114507e+02   1.6373363e+02
   8.2892485e+01   9.1952342e+01   1.6565007e+02   2.3876717e+02   1.0136573e+02   1.6392209e+02
   8.2062730e+01   9.1782866e+01   1.6607681e+02   2.3937660e+02   1.0102169e+02   1.6458813e+02
   8.3278552e+01   9.2347221e+01   1.6574701e+02   2.3924136e+02   1.0142640e+02   1.6436307e+02
   8.4144236e+01   9.2069619e+01   1.6583547e+02   2.3860176e+02   1.0149114e+02   1.6457118e+02
   8.1473292e+01   9.1200546e+01   1.6328384e+02   2.3768049e+02   1.0000449e+02   1.6426680e+02
   8.1424483e+01   9.0822614e+01   1.6200769e+02   2.3744322e+02   9.9669269e+01   1.6414715e+02
   7.9655830e+01   8.9730848e+01   1.6099659e+02   2.3675888e+02   1.0003364e+02   1.6419189e+02
   7.9263323e+01   8.9114972e+01   1.6187041e+02   2.3779031e+02   1.0003195e+02   1.6480574e+02
   8.1893593e+01   9.0394856e+01   1.6383057e+02   2.3860549e+02   1.0078680e+02   1.6544093e+02
   8.2827067e+01   9.1651691e+01   1.6515791e+02   2.3909392e+02   1.0103694e+02   1.6468948e+02
   8.3654450e+01   9.2150629e+01   1.6558770e+02   2.3774014e+02   1.0096644e+02   1.6355399e+02
   8.3088061e+01   9.1979458e+01   1.6439696e+02   2.3714020e+02   9.9641136e+01   1.6360347e+02
   8.1604128e+01   9.0870745e+01   1.6356382e+02   2.3697242e+02   9.9379126e+01   1.6343434e+02
   8.1266870e+01   9.0810412e+01   1.6333570e+02   2.3615825e+02   9.9208633e+01   1.6371838e+02
   8.0317126e+01   8.9953201e+01   1.6376075e+02   2.3681446e+02   9.9093728e+01   1.6406716e+02
   8.1732929e+01   9.0761602e+01   1.6485997e+02   2.3786725e+02   1.0024617e+02   1.6424714e+02
   8.1816990e+01   9.1486621e+01   1.6477930e+02   2.3915832e+02   1.0016617e+02   1.6365466e+02
   8.3167715e+01   9.0891421e+01   1.6529586e+02   2.3994164e+02   1.0204533e+02   1.6343603e+02
   8.2708095e+01   9.1343245e+01   1.6588700e+02   2.4081715e+02   1.0264527e+02   1.6392548e+02
   8.3476839e+01   9.1384258e+01   1.6564261e+02   2.4027584e+02   1.0307438e+02   1.6294523e+02
   8.3304990e+01   9.1661860e+01   1.6603003e+02   2.3984300e+02   1.0298117e+02   1.6432510e+02
   8.3771389e+01   9.0923961e+01   1.6481387e+02   2.3930814e+02   1.0233682e+02   1.6342891e+02
   8.3097212e+01   9.0923961e+01   1.6508266e+02   2.3867023e+02   1.0170739e+02   1.6436578e+02
   8.1911218e+01   9.1206647e+01   1.6479387e+02   2.3875836e+02   1.0149080e+02   1.6396175e+02
   8.2754871e+01   9.1158516e+01   1.6510503e+02   2.3830077e+02   1.0150571e+02   1.6372821e+02
   8.2590818e+01   9.1894381e+01   1.6563143e+02   2.3912612e+02   1.0115049e+02   1.6405191e+02
   8.3325327e+01   9.1405273e+01   1.6536399e+02   2.3854990e+02   1.0119422e+02   1.6424613e+02
   8.1470241e+01   9.0655510e+01   1.6434442e+02   2.3886106e+02   1.0143182e+02   1.6425630e+02
   8.3149750e+01   9.1447642e+01   1.6520333e+02   2.3827704e+02   1.0102542e+02   1.6447153e+02
   8.3985268e+01   9.1765918e+01   1.6542466e+02   2.3763981e+02   1.0084272e+02   1.6449322e+02
   8.2332536e+01   9.1373750e+01   1.6448916e+02   2.3738865e+02   1.0010753e+02   1.6402716e+02
   8.0923172e+01   9.0532810e+01   1.6354551e+02   2.3778760e+02   1.0005432e+02   1.6365974e+02
   8.1762757e+01   9.0677881e+01   1.6474506e+02   2.3876581e+02   1.0027057e+02   1.6405021e+02
   8.1337033e+01   9.0859899e+01   1.6479116e+02   2.3863972e+02   1.0021532e+02   1.6470778e+02
   8.1506509e+01   9.0787024e+01   1.6462304e+02   2.3796690e+02   1.0077053e+02   1.6410004e+02
   8.1007571e+01   9.1931666e+01   1.6476879e+02   2.3732323e+02   1.0014787e+02   1.6377125e+02
   8.2925025e+01   9.3169859e+01   1.6534942e+02   2.3651551e+02   9.8918490e+01   1.6381193e+02
   8.1588197e+01   9.3050208e+01   1.6412071e+02   2.3809536e+02   1.0045598e+02   1.6369330e+02
   8.1654970e+01   9.2641432e+01   1.6371906e+02   2.3822823e+02   9.9959413e+01   1.6322249e+02
   8.1370589e+01   9.1846928e+01   1.6325842e+02   2.3780251e+02   9.9779429e+01   1.6431493e+02
   8.0924528e+01   9.1068354e+01   1.6354348e+02   2.3826010e+02   9.9988563e+01   1.6420105e+02
   8.1138746e+01   9.1126993e+01   1.6386074e+02   2.3887326e+02   1.0051258e+02   1.6535755e+02
   8.1752250e+01   9.0678220e+01   1.6311572e+02   2.3720629e+02   1.0032480e+02   1.6451526e+02
   8.1766147e+01   8.9970827e+01   1.6318012e+02   2.3771337e+02   1.0074883e+02   1.6463219e+02
   8.2685046e+01   9.1143602e+01   1.6406038e+02   2.3914103e+02   1.0107321e+02   1.6487217e+02
   8.3079587e+01   9.1690332e+01   1.6546161e+02   2.3919526e+02   1.0217413e+02   1.6481557e+02
   8.3548358e+01   9.1454082e+01   1.6496843e+02   2.3767066e+02   1.0146334e+02   1.6302556e+02
   8.1896304e+01   9.1281894e+01   1.6549822e+02   2.3689378e+02   1.0032480e+02   1.6367025e+02
   8.1855969e+01   9.1808965e+01   1.6576192e+02   2.3746457e+02   1.0036954e+02   1.6385565e+02
   8.1965790e+01   9.1450354e+01   1.6607816e+02   2.3704326e+02   1.0000653e+02   1.6398886e+02
   8.1192300e+01   9.1997423e+01   1.6608460e+02   2.3830348e+02   1.0072951e+02   1.6330113e+02
   8.2123402e+01   9.1692365e+01   1.6641813e+02   2.3903087e+02   1.0141081e+02   1.6361771e+02
   8.2568447e+01   9.2453991e+01   1.6465084e+02   2.3727951e+02   1.0022515e+02   1.6315741e+02
   8.1909524e+01   9.1892347e+01   1.6297404e+02   2.3727340e+02   9.9712655e+01   1.6311809e+02
   7.9922246e+01   9.0732791e+01   1.6184973e+02   2.3661957e+02   9.8041281e+01   1.6294387e+02
   7.9621595e+01   8.9459009e+01   1.6285202e+02   2.3687649e+02   9.8633092e+01   1.6270118e+02
   7.9681590e+01   8.9914222e+01   1.6311843e+02   2.3864447e+02   9.9474372e+01   1.6393836e+02
   8.0519819e+01   9.0212500e+01   1.6268423e+02   2.3862447e+02   1.0010889e+02   1.6358686e+02
   8.0958084e+01   9.0616870e+01   1.6382583e+02   2.3943897e+02   1.0090475e+02   1.6435391e+02
   8.2800968e+01   9.1195122e+01   1.6515181e+02   2.3902070e+02   1.0075629e+02   1.6427901e+02
   8.2132215e+01   9.1443574e+01   1.6503216e+02   2.3905629e+02   1.0069426e+02   1.6503385e+02
   8.1471597e+01   9.1095809e+01   1.6484167e+02   2.3687819e+02   1.0030209e+02   1.6457966e+02
   8.0616081e+01   9.0804988e+01   1.6479218e+02   2.3656635e+02   9.9980089e+01   1.6453966e+02
   8.3615810e+01   9.1941834e+01   1.6639441e+02   2.3866684e+02   1.0034514e+02   1.6459864e+02
   8.2926042e+01   9.2327223e+01   1.6595207e+02   2.3889292e+02   1.0124743e+02   1.6520807e+02
   8.1604128e+01   9.2018777e+01   1.6603512e+02   2.3857329e+02   1.0078544e+02   1.6477896e+02
   8.1106884e+01   9.1772697e+01   1.6511995e+02   2.3810926e+02   9.9900435e+01   1.6430172e+02
   8.0585915e+01   9.1716092e+01   1.6564329e+02   2.3919188e+02   1.0101932e+02   1.6507419e+02
   8.2207124e+01   9.2621095e+01   1.6648186e+02   2.3896512e+02   1.0052343e+02   1.6548127e+02
   8.2335926e+01   9.1929971e+01   1.6565075e+02   2.3880683e+02   1.0136844e+02   1.6568939e+02
   8.2490149e+01   9.3120372e+01   1.6576972e+02   2.3851228e+02   1.0119354e+02   1.6597580e+02
   8.2074932e+01   9.2904459e+01   1.6515282e+02   2.3765473e+02   1.0013974e+02   1.6467151e+02
   8.0114771e+01   9.1485266e+01   1.6475828e+02   2.3647043e+02   9.9306929e+01   1.6361669e+02
   8.2449814e+01   9.3012246e+01   1.6576396e+02   2.3824247e+02   1.0022990e+02   1.6534060e+02
   8.3294144e+01   9.2250620e+01   1.6628357e+02   2.3847567e+02   1.0003737e+02   1.6530468e+02
   8.1919353e+01   9.1788967e+01   1.6542738e+02   2.3771675e+02   1.0018651e+02   1.6480506e+02
   8.0260859e+01   9.0965313e+01   1.6488132e+02   2.3722222e+02   9.9928907e+01   1.6378888e+02
