   1.0878167e+02   1.2688920e+02   1.5532623e+02   1.9761122e+02   1.0828589e+02   1.2606555e+02
   1.0929576e+02   1.2698939e+02   1.5797649e+02   2.0037999e+02   1.0834738e+02   1.2593841e+02
   1.1001714e+02   1.2795331e+02   1.6155681e+02   2.0263466e+02   1.0886769e+02   1.2602996e+02
   1.1022167e+02   1.2829224e+02   1.6420396e+02   2.0452726e+02   1.0943292e+02   1.2702740e+02
   1.1074786e+02   1.2865500e+02   1.6369782e+02   2.0441705e+02   1.0936347e+02   1.2681907e+02
   1.1089642e+02   1.2808529e+02   1.6410619e+02   2.0387429e+02   1.0904908e+02   1.2654993e+02
   1.1063834e+02   1.2850610e+02   1.6379421e+02   2.0370534e+02   1.0861929e+02   1.2655235e+02
   1.1075960e+02   1.2900188e+02   1.6458366e+02   2.0576378e+02   1.0955246e+02   1.2694068e+02
   1.1083699e+02   1.2912453e+02   1.6463548e+02   2.0659848e+02   1.0948992e+02   1.2768279e+02
   1.1064386e+02   1.2940921e+02   1.6461717e+02   2.0572335e+02   1.0965818e+02   1.2738740e+02
   1.1189420e+02   1.2940023e+02   1.6493986e+02   2.0435866e+02   1.0951825e+02   1.2704191e+02
   1.1150863e+02   1.2917566e+02   1.6405195e+02   2.0527042e+02   1.0976010e+02   1.2716732e+02
   1.1156874e+02   1.2943374e+02   1.6490393e+02   2.0531844e+02   1.0988171e+02   1.2725611e+02
   1.1135903e+02   1.2956917e+02   1.6489736e+02   2.0582907e+02   1.1034709e+02   1.2722674e+02
   1.1130444e+02   1.2895489e+02   1.6538243e+02   2.0595138e+02   1.0986098e+02   1.2757224e+02
   1.1152763e+02   1.2946104e+02   1.6443199e+02   2.0619702e+02   1.0988033e+02   1.2742989e+02
   1.1134970e+02   1.2947002e+02   1.6535549e+02   2.0689422e+02   1.0992386e+02   1.2805696e+02
   1.1206521e+02   1.2983969e+02   1.6479579e+02   2.0799081e+02   1.0950340e+02   1.2781442e+02
   1.1210322e+02   1.2878387e+02   1.6396627e+02   2.0645890e+02   1.0940010e+02   1.2699216e+02
   1.1144368e+02   1.2953773e+02   1.6426684e+02   2.0454316e+02   1.0888946e+02   1.2711101e+02
   1.1130582e+02   1.2902952e+02   1.6290699e+02   2.0283228e+02   1.0879998e+02   1.2654509e+02
   1.1064663e+02   1.2831193e+02   1.6349225e+02   2.0238315e+02   1.0913234e+02   1.2676862e+02
   1.1180679e+02   1.2932768e+02   1.6427894e+02   2.0345175e+02   1.0940217e+02   1.2727304e+02
   1.1162057e+02   1.2932940e+02   1.6448588e+02   2.0467030e+02   1.0936831e+02   1.2694137e+02
   1.1211151e+02   1.2920019e+02   1.6375966e+02   2.0571334e+02   1.0997810e+02   1.2715523e+02
   1.1150483e+02   1.2869888e+02   1.6483345e+02   2.0609510e+02   1.0933756e+02   1.2721914e+02
   1.1193496e+02   1.2995543e+02   1.6422366e+02   2.0501199e+02   1.0960566e+02   1.2774602e+02
   1.1166548e+02   1.2907789e+02   1.6434907e+02   2.0367494e+02   1.0876266e+02   1.2743058e+02
   1.1145577e+02   1.2854376e+02   1.6301478e+02   2.0145343e+02   1.0889084e+02   1.2668640e+02
   1.1144886e+02   1.2836963e+02   1.6403640e+02   2.0371087e+02   1.0965610e+02   1.2703914e+02
   1.1213155e+02   1.2964726e+02   1.6431038e+02   2.0519994e+02   1.0958217e+02   1.2742437e+02
   1.1181266e+02   1.2896767e+02   1.6414903e+02   2.0473456e+02   1.0910919e+02   1.2754149e+02
   1.1160295e+02   1.2925789e+02   1.6382738e+02   2.0373713e+02   1.0957906e+02   1.2761197e+02
   1.1183995e+02   1.2915769e+02   1.6322415e+02   2.0473318e+02   1.0917000e+02   1.2748241e+02
   1.1175842e+02   1.2936050e+02   1.6401705e+02   2.0566462e+02   1.1009661e+02   1.2748483e+02
   1.1254821e+02   1.3033236e+02   1.6427237e+02   2.0574270e+02   1.1004927e+02   1.2714348e+02
   1.1157047e+02   1.2968111e+02   1.6519898e+02   2.0481782e+02   1.0948474e+02   1.2762440e+02
   1.1156114e+02   1.2910483e+02   1.6479683e+02   2.0446058e+02   1.0955626e+02   1.2707922e+02
   1.1238894e+02   1.2943132e+02   1.6475433e+02   2.0538754e+02   1.1004202e+02   1.2725853e+02
   1.1171109e+02   1.3003179e+02   1.6518205e+02   2.0586742e+02   1.1001852e+02   1.2804038e+02
   1.1264391e+02   1.3000587e+02   1.6477057e+02   2.0558896e+02   1.0952931e+02   1.2778057e+02
   1.1220617e+02   1.2948729e+02   1.6305175e+02   2.0413582e+02   1.0938800e+02   1.2682874e+02
   1.1105569e+02   1.2785934e+02   1.6391859e+02   2.0253724e+02   1.0938904e+02   1.2630428e+02
   1.1133312e+02   1.2899808e+02   1.6361248e+02   2.0260875e+02   1.0939802e+02   1.2673891e+02
   1.1108333e+02   1.2881946e+02   1.6337582e+02   2.0397344e+02   1.0903802e+02   1.2714417e+02
   1.1121427e+02   1.2878422e+02   1.6345010e+02   2.0473560e+02   1.0949372e+02   1.2734076e+02
   1.1196260e+02   1.2857623e+02   1.6277743e+02   2.0395824e+02   1.0915445e+02   1.2707473e+02
   1.1024793e+02   1.2903781e+02   1.6285517e+02   2.0222837e+02   1.0911576e+02   1.2700839e+02
   1.1191182e+02   1.2932906e+02   1.6227267e+02   2.0157677e+02   1.0879790e+02   1.2678382e+02
   1.1163611e+02   1.2847259e+02   1.6257255e+02   2.0115804e+02   1.0935311e+02   1.2664356e+02
   1.1118905e+02   1.2866261e+02   1.6409859e+02   2.0262672e+02   1.0929127e+02   1.2691442e+02
   1.1150379e+02   1.2869854e+02   1.6303689e+02   2.0358235e+02   1.0942912e+02   1.2754701e+02
   1.1181197e+02   1.2902986e+02   1.6393621e+02   2.0554543e+02   1.0961914e+02   1.2759469e+02
   1.1156252e+02   1.2858763e+02   1.6425544e+02   2.0552055e+02   1.0960497e+02   1.2814748e+02
   1.1223416e+02   1.2990361e+02   1.6419187e+02   2.0468654e+02   1.0966232e+02   1.2765688e+02
   1.1236165e+02   1.2956503e+02   1.6373099e+02   2.0415448e+02   1.1007691e+02   1.2734594e+02
   1.1193427e+02   1.2903435e+02   1.6355029e+02   2.0259113e+02   1.0921595e+02   1.2700943e+02
   1.1144022e+02   1.2880184e+02   1.6306592e+02   2.0247194e+02   1.0945399e+02   1.2744060e+02
   1.1091473e+02   1.2854065e+02   1.6369091e+02   2.0206288e+02   1.0945054e+02   1.2681976e+02
   1.1213293e+02   1.2953186e+02   1.6351333e+02   2.0341755e+02   1.0972935e+02   1.2739811e+02
   1.1205070e+02   1.2972672e+02   1.6450074e+02   2.0560140e+02   1.0989415e+02   1.2757085e+02
   1.1197988e+02   1.2957608e+02   1.6380734e+02   2.0569882e+02   1.0988758e+02   1.2792464e+02
   1.1242798e+02   1.2924268e+02   1.6270384e+02   2.0486515e+02   1.0947196e+02   1.2779404e+02
   1.1146786e+02   1.2883086e+02   1.6206399e+02   2.0337401e+02   1.0945226e+02   1.2747792e+02
   1.1169450e+02   1.2901846e+02   1.6216591e+02   2.0180929e+02   1.0884005e+02   1.2695519e+02
   1.1190111e+02   1.2909205e+02   1.6263440e+02   2.0206219e+02   1.0943223e+02   1.2673269e+02
   1.1122187e+02   1.2877765e+02   1.6351540e+02   2.0348595e+02   1.0927917e+02   1.2688022e+02
   1.1096344e+02   1.2852234e+02   1.6280127e+02   2.0268683e+02   1.0898378e+02   1.2672095e+02
   1.1110233e+02   1.2823109e+02   1.6186464e+02   2.0188253e+02   1.0904942e+02   1.2622171e+02
   1.1033949e+02   1.2788283e+02   1.6191509e+02   2.0084295e+02   1.0925914e+02   1.2701289e+02
   1.1083216e+02   1.2861700e+02   1.6316231e+02   2.0150802e+02   1.0971242e+02   1.2755842e+02
   1.1165339e+02   1.2819205e+02   1.6242468e+02   2.0101880e+02   1.0975630e+02   1.2617300e+02
   1.1040789e+02   1.2769523e+02   1.6215071e+02   2.0018271e+02   1.0882658e+02   1.2600854e+02
   1.1031150e+02   1.2788421e+02   1.6230653e+02   2.0128690e+02   1.0859303e+02   1.2629081e+02
   1.1042413e+02   1.2827358e+02   1.6175616e+02   2.0136602e+02   1.0842996e+02   1.2583200e+02
   1.1114483e+02   1.2835408e+02   1.6305002e+02   2.0324584e+02   1.0882382e+02   1.2629357e+02
   1.1139496e+02   1.2895800e+02   1.6381563e+02   2.0620186e+02   1.0839817e+02   1.2703638e+02
   1.1155700e+02   1.2876833e+02   1.6360972e+02   2.0722417e+02   1.0914409e+02   1.2674962e+02
   1.1167205e+02   1.2889685e+02   1.6118161e+02   2.0604224e+02   1.0981054e+02   1.2757604e+02
   1.1125020e+02   1.2912591e+02   1.6202979e+02   2.0412235e+02   1.0856504e+02   1.2632985e+02
   1.1094686e+02   1.2888061e+02   1.6155439e+02   2.0121262e+02   1.0878132e+02   1.2613396e+02
   1.1119216e+02   1.2857278e+02   1.6085685e+02   1.9953285e+02   1.0813629e+02   1.2601753e+02
   1.1033189e+02   1.2809531e+02   1.6191370e+02   2.0003830e+02   1.0755621e+02   1.2611115e+02
   1.1102840e+02   1.2805765e+02   1.6188503e+02   2.0201105e+02   1.0795560e+02   1.2577983e+02
   1.1122636e+02   1.2862702e+02   1.6262438e+02   2.0277217e+02   1.0928885e+02   1.2659588e+02
   1.1168794e+02   1.2890445e+02   1.6259605e+02   2.0459844e+02   1.0912750e+02   1.2775949e+02
   1.1155492e+02   1.2918015e+02   1.6316784e+02   2.0447371e+02   1.0941737e+02   1.2708578e+02
   1.1238030e+02   1.2839450e+02   1.6275601e+02   2.0384803e+02   1.0969722e+02   1.2677001e+02
   1.1028248e+02   1.2828706e+02   1.6242849e+02   2.0246088e+02   1.0892885e+02   1.2739638e+02
   1.1187070e+02   1.2924268e+02   1.6252350e+02   2.0360757e+02   1.0913718e+02   1.2770870e+02
   1.1263182e+02   1.2932802e+02   1.6381529e+02   2.0500335e+02   1.0929645e+02   1.2811431e+02
   1.1140498e+02   1.2972430e+02   1.6512401e+02   2.0604432e+02   1.0990728e+02   1.2807389e+02
   1.1328860e+02   1.3028952e+02   1.6402949e+02   2.0734233e+02   1.0981227e+02   1.2778091e+02
   1.1281804e+02   1.3034757e+02   1.6411655e+02   2.0758279e+02   1.0994804e+02   1.2826460e+02
   1.1262802e+02   1.3028676e+02   1.6398734e+02   2.0544800e+02   1.0936071e+02   1.2799235e+02
   1.1284430e+02   1.2947209e+02   1.6332642e+02   2.0424327e+02   1.0962812e+02   1.2752801e+02
   1.1248049e+02   1.2959198e+02   1.6348361e+02   2.0505967e+02   1.1010559e+02   1.2802863e+02
   1.1216230e+02   1.2898702e+02   1.6489875e+02   2.0555095e+02   1.1008382e+02   1.2726337e+02
   1.1215124e+02   1.2938986e+02   1.6444235e+02   2.0588677e+02   1.1031599e+02   1.2729722e+02
   1.1235854e+02   1.2997582e+02   1.6409548e+02   2.0586777e+02   1.0994528e+02   1.2755911e+02
   1.1289128e+02   1.2983935e+02   1.6417874e+02   2.0556857e+02   1.0970171e+02   1.2741400e+02
   1.1241692e+02   1.2960407e+02   1.6399943e+02   2.0640363e+02   1.0961672e+02   1.2723296e+02
   1.1299389e+02   1.3001348e+02   1.6434631e+02   2.0644647e+02   1.1037611e+02   1.2727926e+02
   1.1282599e+02   1.2997754e+02   1.6366223e+02   2.0641572e+02   1.0933998e+02   1.2728168e+02
   1.1281113e+02   1.2939574e+02   1.6433801e+02   2.0445817e+02   1.0946885e+02   1.2679592e+02
   1.1261385e+02   1.2886195e+02   1.6405057e+02   2.0389812e+02   1.0959944e+02   1.2683392e+02
   1.1119527e+02   1.2839347e+02   1.6371371e+02   2.0369809e+02   1.0948647e+02   1.2725611e+02
   1.1244284e+02   1.2996753e+02   1.6419256e+02   2.0507625e+02   1.1009281e+02   1.2801930e+02
   1.1372564e+02   1.3034446e+02   1.6477541e+02   2.0733680e+02   1.0988413e+02   1.2766863e+02
   1.1322261e+02   1.3021421e+02   1.6446688e+02   2.0695088e+02   1.1003649e+02   1.2754218e+02
   1.1304434e+02   1.2913109e+02   1.6319997e+02   2.0401283e+02   1.0966785e+02   1.2686847e+02
   1.1197400e+02   1.2830537e+02   1.6140307e+02   2.0229366e+02   1.0955142e+02   1.2659104e+02
   1.1228909e+02   1.2981724e+02   1.6243781e+02   2.0263225e+02   1.0901211e+02   1.2690336e+02
   1.1161297e+02   1.2887163e+02   1.6353267e+02   2.0293490e+02   1.0927952e+02   1.2712655e+02
   1.1225800e+02   1.2908860e+02   1.6313363e+02   2.0341962e+02   1.0931545e+02   1.2658482e+02
   1.1186863e+02   1.2890721e+02   1.6344907e+02   2.0402803e+02   1.0879929e+02   1.2697004e+02
   1.1195466e+02   1.2889408e+02   1.6365740e+02   2.0390262e+02   1.0950167e+02   1.2722709e+02
   1.1245078e+02   1.2939401e+02   1.6341210e+02   2.0469863e+02   1.0985131e+02   1.2734594e+02
   1.1223209e+02   1.2972119e+02   1.6492293e+02   2.0617007e+02   1.0956179e+02   1.2669814e+02
   1.1270575e+02   1.3017240e+02   1.6404193e+02   2.0552159e+02   1.0994563e+02   1.2719911e+02
   1.1303812e+02   1.2978891e+02   1.6394519e+02   2.0489521e+02   1.0979603e+02   1.2749934e+02
   1.1394918e+02   1.3092626e+02   1.6478232e+02   2.0706697e+02   1.1034432e+02   1.2798164e+02
   1.1286088e+02   1.3050407e+02   1.6444132e+02   2.0646167e+02   1.0993284e+02   1.2767277e+02
   1.1282184e+02   1.3012749e+02   1.6324143e+02   2.0398899e+02   1.0930059e+02   1.2656167e+02
   1.1166272e+02   1.2996545e+02   1.6262231e+02   2.0250545e+02   1.0900900e+02   1.2623864e+02
   1.1221274e+02   1.2974641e+02   1.6349329e+02   2.0429855e+02   1.0964885e+02   1.2711515e+02
   1.1260038e+02   1.2983209e+02   1.6289317e+02   2.0510734e+02   1.0950823e+02   1.2713277e+02
   1.1162748e+02   1.3012576e+02   1.6234868e+02   2.0232476e+02   1.0881898e+02   1.2652505e+02
   1.1235439e+02   1.2967869e+02   1.6310012e+02   2.0258802e+02   1.0963157e+02   1.2639100e+02
   1.1245769e+02   1.2966868e+02   1.6233451e+02   2.0401421e+02   1.0990589e+02   1.2674858e+02
   1.1147270e+02   1.2974123e+02   1.6283306e+02   2.0447199e+02   1.0996532e+02   1.2704882e+02
   1.1257032e+02   1.3048956e+02   1.6283720e+02   2.0437456e+02   1.0949338e+02   1.2738636e+02
   1.1220341e+02   1.2962134e+02   1.6093493e+02   2.0268338e+02   1.0858612e+02   1.2603204e+02
   1.1172145e+02   1.2840211e+02   1.5909726e+02   2.0054824e+02   1.0772826e+02   1.2566340e+02
   1.1093891e+02   1.2870648e+02   1.6056214e+02   2.0024767e+02   1.0824685e+02   1.2567653e+02
   1.1111131e+02   1.2863946e+02   1.5988360e+02   1.9913069e+02   1.0835153e+02   1.2635922e+02
   1.1108575e+02   1.2802172e+02   1.6146595e+02   1.9964202e+02   1.0854501e+02   1.2661004e+02
   1.1170832e+02   1.2936706e+02   1.6190921e+02   2.0195163e+02   1.0776074e+02   1.2659968e+02
   1.1099661e+02   1.2856898e+02   1.6175063e+02   2.0354814e+02   1.0888082e+02   1.2676966e+02
   1.1127819e+02   1.2827704e+02   1.6142276e+02   2.0303647e+02   1.0834117e+02   1.2627077e+02
   1.1065216e+02   1.2762026e+02   1.6105343e+02   2.0063600e+02   1.0789272e+02   1.2573180e+02
   1.0985476e+02   1.2727995e+02   1.6120821e+02   1.9862040e+02   1.0756001e+02   1.2579883e+02
   1.1032878e+02   1.2760713e+02   1.6212480e+02   2.0141404e+02   1.0840335e+02   1.2624417e+02
   1.1119354e+02   1.2797577e+02   1.6304830e+02   2.0420596e+02   1.0912889e+02   1.2666567e+02
   1.1205692e+02   1.2959405e+02   1.6411932e+02   2.0628236e+02   1.0902938e+02   1.2787350e+02
   1.1211358e+02   1.2966280e+02   1.6321310e+02   2.0536750e+02   1.0921595e+02   1.2736943e+02
   1.1073887e+02   1.2892725e+02   1.6288799e+02   2.0280603e+02   1.0857610e+02   1.2720256e+02
   1.1081765e+02   1.2874656e+02   1.6235870e+02   2.0243462e+02   1.0895303e+02   1.2708544e+02
   1.1153350e+02   1.2837447e+02   1.6230722e+02   2.0294284e+02   1.0918105e+02   1.2713934e+02
   1.1132137e+02   1.2913040e+02   1.6206503e+02   2.0212610e+02   1.0870013e+02   1.2674893e+02
   1.1098970e+02   1.2891170e+02   1.6261954e+02   2.0148729e+02   1.0850804e+02   1.2687607e+02
   1.1086774e+02   1.2903090e+02   1.6185324e+02   2.0152529e+02   1.0816393e+02   1.2689853e+02
   1.1137009e+02   1.2853754e+02   1.6235282e+02   2.0255831e+02   1.0860858e+02   1.2775465e+02
   1.1171005e+02   1.2964449e+02   1.6317095e+02   2.0320680e+02   1.0888566e+02   1.2782824e+02
   1.1161677e+02   1.2942718e+02   1.6324523e+02   2.0244257e+02   1.0896892e+02   1.2751972e+02
   1.1144955e+02   1.2986491e+02   1.6360454e+02   2.0193228e+02   1.0968340e+02   1.2747066e+02
   1.1214537e+02   1.2932215e+02   1.6096257e+02   2.0034440e+02   1.0989138e+02   1.2770940e+02
   1.1134003e+02   1.2941889e+02   1.6300407e+02   2.0250580e+02   1.0830558e+02   1.2699112e+02
   1.1090195e+02   1.2821692e+02   1.6165148e+02   2.0151389e+02   1.0856055e+02   1.2558497e+02
   1.1009384e+02   1.2854859e+02   1.6114602e+02   1.9933557e+02   1.0761425e+02   1.2602133e+02
   1.0955488e+02   1.2821727e+02   1.6169743e+02   1.9834539e+02   1.0833944e+02   1.2595361e+02
   1.0956524e+02   1.2896042e+02   1.6138545e+02   2.0073723e+02   1.0830662e+02   1.2672751e+02
   1.1074544e+02   1.2884572e+02   1.6251451e+02   2.0281397e+02   1.0900002e+02   1.2783723e+02
   1.1159466e+02   1.2970184e+02   1.6308112e+02   2.0540896e+02   1.0934620e+02   1.2744095e+02
   1.1114552e+02   1.3004492e+02   1.6379905e+02   2.0808099e+02   1.0952827e+02   1.2791738e+02
   1.1034916e+02   1.2936395e+02   1.6299613e+02   2.0489107e+02   1.0898965e+02   1.2763926e+02
   1.1089815e+02   1.2920641e+02   1.6165320e+02   2.0406431e+02   1.0891399e+02   1.2715799e+02
   1.1027039e+02   1.2927551e+02   1.6052483e+02   2.0264019e+02   1.0850424e+02   1.2640482e+02
   1.1056751e+02   1.2933009e+02   1.5995961e+02   2.0294733e+02   1.0774934e+02   1.2574666e+02
   1.0958977e+02   1.2891723e+02   1.5990744e+02   2.0228917e+02   1.0783986e+02   1.2579365e+02
   1.0999745e+02   1.2916668e+02   1.6013373e+02   2.0173708e+02   1.0804923e+02   1.2554282e+02
   1.1043346e+02   1.2903885e+02   1.6156752e+02   2.0271102e+02   1.0863311e+02   1.2712068e+02
   1.1102978e+02   1.2963654e+02   1.6288868e+02   2.0415172e+02   1.0912405e+02   1.2760264e+02
   1.1005169e+02   1.2908272e+02   1.6222015e+02   2.0404392e+02   1.0899483e+02   1.2728893e+02
   1.1044832e+02   1.2920088e+02   1.6155301e+02   2.0360757e+02   1.0865625e+02   1.2692271e+02
   1.1048425e+02   1.2976714e+02   1.6229720e+02   2.0246952e+02   1.0899760e+02   1.2645561e+02
   1.1035538e+02   1.3010814e+02   1.6204015e+02   2.0317363e+02   1.0874746e+02   1.2694482e+02
   1.1128786e+02   1.3005839e+02   1.6145904e+02   2.0516953e+02   1.0965161e+02   1.2766172e+02
   1.1053262e+02   1.2986077e+02   1.6239497e+02   2.0468135e+02   1.0903906e+02   1.2884986e+02
   1.1077688e+02   1.3038453e+02   1.6148875e+02   2.0334223e+02   1.0869080e+02   1.2810291e+02
   1.1111719e+02   1.2978891e+02   1.6141965e+02   2.0286614e+02   1.0860788e+02   1.2691891e+02
   1.1160191e+02   1.3075179e+02   1.6244576e+02   2.0295873e+02   1.0902697e+02   1.2710548e+02
   1.1147131e+02   1.3087962e+02   1.6240672e+02   2.0360757e+02   1.0995323e+02   1.2846360e+02
   1.1187485e+02   1.3097532e+02   1.6196795e+02   2.0418039e+02   1.1044832e+02   1.2847362e+02
   1.1186172e+02   1.3047747e+02   1.6153539e+02   2.0265194e+02   1.1017918e+02   1.2799754e+02
   1.1083423e+02   1.2981724e+02   1.6122168e+02   2.0212817e+02   1.0858474e+02   1.2819239e+02
   1.1105638e+02   1.3010814e+02   1.6098641e+02   2.0209155e+02   1.0883211e+02   1.2770732e+02
   1.1040064e+02   1.3036069e+02   1.6080364e+02   2.0241251e+02   1.0938040e+02   1.2734145e+02
   1.1099419e+02   1.3087409e+02   1.6138061e+02   2.0115769e+02   1.0907879e+02   1.2680905e+02
   1.1113584e+02   1.3070446e+02   1.6107485e+02   2.0029638e+02   1.0958459e+02   1.2765412e+02
   1.1161953e+02   1.3069997e+02   1.6045228e+02   2.0216134e+02   1.0987446e+02   1.2791254e+02
   1.1114966e+02   1.3045121e+02   1.6075596e+02   2.0206149e+02   1.0913096e+02   1.2766241e+02
   1.1032981e+02   1.2988323e+02   1.5979619e+02   1.9954390e+02   1.0834531e+02   1.2614501e+02
   1.1033085e+02   1.2937950e+02   1.6019592e+02   1.9974463e+02   1.0810934e+02   1.2560881e+02
   1.1039166e+02   1.2884261e+02   1.6092974e+02   2.0180376e+02   1.0879480e+02   1.2624279e+02
   1.1042759e+02   1.2941198e+02   1.6205501e+02   2.0250338e+02   1.0868700e+02   1.2709788e+02
   1.1070674e+02   1.2873378e+02   1.6093078e+02   2.0172395e+02   1.1007622e+02   1.2686951e+02
   1.1024240e+02   1.2871339e+02   1.6056076e+02   2.0233651e+02   1.0980017e+02   1.2706160e+02
   1.0977772e+02   1.2869923e+02   1.6164629e+02   2.0246468e+02   1.0959012e+02   1.2711999e+02
   1.1059204e+02   1.2937294e+02   1.6198349e+02   2.0306964e+02   1.0941702e+02   1.2692686e+02
   1.0994701e+02   1.2924925e+02   1.6040702e+02   2.0250752e+02   1.0916793e+02   1.2701047e+02
   1.1005238e+02   1.2802448e+02   1.6196967e+02   2.0193884e+02   1.0952171e+02   1.2677001e+02
   1.1101458e+02   1.2976023e+02   1.6253144e+02   2.0250165e+02   1.1005066e+02   1.2664839e+02
   1.1082283e+02   1.2989601e+02   1.6211616e+02   2.0183934e+02   1.0926190e+02   1.2691511e+02
   1.1139427e+02   1.2924579e+02   1.6229098e+02   2.0303578e+02   1.0932340e+02   1.2759849e+02
   1.1104912e+02   1.3048645e+02   1.6252453e+02   2.0389916e+02   1.0998294e+02   1.2709926e+02
   1.1051949e+02   1.2991777e+02   1.6302100e+02   2.0389225e+02   1.0989449e+02   1.2753941e+02
   1.1114068e+02   1.2951286e+02   1.6253870e+02   2.0426435e+02   1.0989242e+02   1.2694759e+02
   1.1067599e+02   1.2965106e+02   1.6145420e+02   2.0328281e+02   1.0991695e+02   1.2653645e+02
   1.1041584e+02   1.3034342e+02   1.6220530e+02   2.0285716e+02   1.0989415e+02   1.2744129e+02
   1.1138529e+02   1.3009916e+02   1.6379974e+02   2.0468826e+02   1.1070225e+02   1.2837999e+02
   1.1136974e+02   1.3055279e+02   1.6362803e+02   2.0418074e+02   1.0931061e+02   1.2799823e+02
   1.1148928e+02   1.3011056e+02   1.6252315e+02   2.0123750e+02   1.0925084e+02   1.2714072e+02
   1.1001714e+02   1.3013889e+02   1.6156545e+02   2.0080909e+02   1.0899069e+02   1.2692617e+02
   1.1144229e+02   1.3082123e+02   1.6209474e+02   2.0199412e+02   1.0922631e+02   1.2829673e+02
   1.1189903e+02   1.3031889e+02   1.6222015e+02   2.0380622e+02   1.1013219e+02   1.2812295e+02
   1.1145819e+02   1.3007566e+02   1.6190748e+02   2.0203420e+02   1.0971795e+02   1.2809496e+02
   1.1087983e+02   1.3006841e+02   1.6304622e+02   2.0164069e+02   1.1004996e+02   1.2783999e+02
   1.1139911e+02   1.3027225e+02   1.6266066e+02   2.0291728e+02   1.1013254e+02   1.2743266e+02
   1.1078102e+02   1.3037382e+02   1.6327356e+02   2.0374507e+02   1.1022893e+02   1.2712102e+02
   1.1091611e+02   1.3018000e+02   1.6265893e+02   2.0443605e+02   1.1011284e+02   1.2763719e+02
   1.1197020e+02   1.2971290e+02   1.6311739e+02   2.0474941e+02   1.1018816e+02   1.2742160e+02
   1.1044486e+02   1.2986630e+02   1.6340726e+02   2.0496777e+02   1.0999399e+02   1.2778437e+02
   1.1193013e+02   1.3129352e+02   1.6359659e+02   2.0469483e+02   1.1009833e+02   1.2821796e+02
   1.1274203e+02   1.3076734e+02   1.6217006e+02   2.0314772e+02   1.0971380e+02   1.2813815e+02
   1.1162402e+02   1.3028883e+02   1.6248687e+02   2.0416104e+02   1.0978186e+02   1.2776606e+02
   1.1148548e+02   1.2977785e+02   1.6310496e+02   2.0315497e+02   1.0960635e+02   1.2726924e+02
   1.1148583e+02   1.2890238e+02   1.6184357e+02   2.0353294e+02   1.0996290e+02   1.2734248e+02
   1.1139703e+02   1.3066714e+02   1.6301997e+02   2.0405912e+02   1.0995357e+02   1.2795677e+02
   1.1219339e+02   1.3080603e+02   1.6408511e+02   2.0588055e+02   1.1071884e+02   1.2837585e+02
   1.1326718e+02   1.3134258e+02   1.6430208e+02   2.0696367e+02   1.1025553e+02   1.2885539e+02
   1.1263424e+02   1.3127728e+02   1.6241017e+02   2.0409160e+02   1.1017054e+02   1.2911416e+02
   1.1140222e+02   1.3031854e+02   1.6225609e+02   2.0290898e+02   1.0978843e+02   1.2823938e+02
   1.1222172e+02   1.2995612e+02   1.6334784e+02   2.0356023e+02   1.1065665e+02   1.2820207e+02
   1.1176809e+02   1.3124861e+02   1.6396868e+02   2.0398139e+02   1.1039166e+02   1.2909551e+02
   1.1182959e+02   1.3124999e+02   1.6454324e+02   2.0449375e+02   1.1020924e+02   1.2845427e+02
   1.1256514e+02   1.3057904e+02   1.6257566e+02   2.0250234e+02   1.0936382e+02   1.2741676e+02
   1.1123534e+02   1.2922610e+02   1.6109524e+02   2.0092068e+02   1.0856539e+02   1.2630912e+02
   1.1103565e+02   1.3001762e+02   1.6111320e+02   1.9969384e+02   1.0867007e+02   1.2625557e+02
   1.1080244e+02   1.2973363e+02   1.6071865e+02   2.0041108e+02   1.0917449e+02   1.2717941e+02
   1.1084114e+02   1.2980100e+02   1.6196449e+02   2.0134184e+02   1.0941633e+02   1.2700321e+02
   1.1127508e+02   1.3065022e+02   1.6240085e+02   2.0332876e+02   1.0965507e+02   1.2779715e+02
   1.1155389e+02   1.3002868e+02   1.6264649e+02   2.0292522e+02   1.0945365e+02   1.2726475e+02
   1.1076893e+02   1.2950837e+02   1.6169639e+02   2.0081462e+02   1.0909952e+02   1.2703120e+02
   1.1053365e+02   1.2990430e+02   1.6183839e+02   2.0029707e+02   1.0924324e+02   1.2696832e+02
   1.1168034e+02   1.3068649e+02   1.6193374e+02   2.0153220e+02   1.0930405e+02   1.2751765e+02
   1.1139082e+02   1.3009881e+02   1.6289904e+02   2.0236311e+02   1.0943672e+02   1.2796506e+02
   1.1222138e+02   1.3081847e+02   1.6249966e+02   2.0090030e+02   1.1070847e+02   1.2788180e+02
   1.1116383e+02   1.3003351e+02   1.6242434e+02   2.0048951e+02   1.0893576e+02   1.2756636e+02
   1.1032394e+02   1.2982242e+02   1.6128215e+02   1.9901564e+02   1.0832907e+02   1.2621031e+02
   1.1080072e+02   1.2900844e+02   1.6132948e+02   1.9839549e+02   1.0873641e+02   1.2641899e+02
   1.1078275e+02   1.2902295e+02   1.6205466e+02   1.9875376e+02   1.0902075e+02   1.2627803e+02
   1.1047388e+02   1.2993643e+02   1.6190956e+02   1.9975707e+02   1.0875852e+02   1.2687365e+02
   1.1145059e+02   1.3034135e+02   1.6188226e+02   2.0031573e+02   1.0946643e+02   1.2677484e+02
   1.1088778e+02   1.2978580e+02   1.6172437e+02   2.0154706e+02   1.0952240e+02   1.2713588e+02
   1.1135730e+02   1.2970392e+02   1.6220806e+02   2.0217585e+02   1.0967269e+02   1.2755082e+02
   1.1137630e+02   1.3064054e+02   1.6282856e+02   2.0263086e+02   1.0990071e+02   1.2806663e+02
   1.1143711e+02   1.3075835e+02   1.6416285e+02   2.0401490e+02   1.1023964e+02   1.2873239e+02
   1.1200130e+02   1.3030438e+02   1.6306972e+02   2.0371260e+02   1.1005722e+02   1.2909101e+02
   1.1130341e+02   1.2963654e+02   1.6285102e+02   2.0291278e+02   1.1034640e+02   1.2804694e+02
   1.1107780e+02   1.2933735e+02   1.6305590e+02   2.0176161e+02   1.0976804e+02   1.2744475e+02
   1.1102701e+02   1.3013612e+02   1.6252660e+02   2.0220349e+02   1.1029630e+02   1.2845116e+02
   1.1196226e+02   1.3043325e+02   1.6304864e+02   2.0348008e+02   1.1013288e+02   1.2850126e+02
   1.1128855e+02   1.3059252e+02   1.6403778e+02   2.0392680e+02   1.1018851e+02   1.2878007e+02
   1.1193220e+02   1.2974883e+02   1.6331640e+02   2.0456734e+02   1.1042102e+02   1.2872410e+02
   1.1201408e+02   1.3093006e+02   1.6362596e+02   2.0416450e+02   1.1041964e+02   1.2859800e+02
   1.1150586e+02   1.3044188e+02   1.6316749e+02   2.0361137e+02   1.1023722e+02   1.2870130e+02
   1.1219788e+02   1.3187775e+02   1.6406369e+02   2.0608439e+02   1.0999780e+02   1.2877351e+02
   1.1239896e+02   1.3151878e+02   1.6454635e+02   2.0648240e+02   1.1124951e+02   1.2901362e+02
   1.1295485e+02   1.3056903e+02   1.6460301e+02   2.0563353e+02   1.1111719e+02   1.2948004e+02
   1.1236994e+02   1.3101264e+02   1.6372684e+02   2.0330250e+02   1.1007484e+02   1.2874967e+02
   1.1168828e+02   1.3084058e+02   1.6354097e+02   2.0233581e+02   1.0969376e+02   1.2805765e+02
   1.1193393e+02   1.3100400e+02   1.6291666e+02   2.0275662e+02   1.1010248e+02   1.2836410e+02
   1.1257239e+02   1.3134362e+02   1.6338480e+02   2.0376027e+02   1.1054091e+02   1.2822072e+02
   1.1168586e+02   1.3058112e+02   1.6183873e+02   2.0203766e+02   1.1014497e+02   1.2807216e+02
   1.1122360e+02   1.2998791e+02   1.6261505e+02   2.0113869e+02   1.1021407e+02   1.2834372e+02
   1.1246287e+02   1.3088722e+02   1.6324868e+02   2.0194092e+02   1.1038440e+02   1.2889788e+02
   1.1224521e+02   1.3085855e+02   1.6373202e+02   2.0027876e+02   1.0984336e+02   1.2858314e+02
   1.1230429e+02   1.3032407e+02   1.6267655e+02   1.9938221e+02   1.1010075e+02   1.2860905e+02
   1.1187554e+02   1.3098465e+02   1.6391928e+02   2.0191984e+02   1.0923668e+02   1.2831262e+02
   1.1213915e+02   1.3097394e+02   1.6203082e+02   2.0220453e+02   1.0919176e+02   1.2694517e+02
   1.1071296e+02   1.3000968e+02   1.6001350e+02   2.0043285e+02   1.0950409e+02   1.2705504e+02
   1.1011837e+02   1.2994783e+02   1.6044157e+02   1.9891027e+02   1.0894992e+02   1.2724298e+02
   1.1082974e+02   1.2998929e+02   1.6193858e+02   1.9902014e+02   1.0923081e+02   1.2737911e+02
   1.1170556e+02   1.3038281e+02   1.6280058e+02   2.0248921e+02   1.0998432e+02   1.2836790e+02
   1.1193635e+02   1.3023010e+02   1.6318027e+02   2.0411993e+02   1.1026590e+02   1.2896802e+02
   1.1257516e+02   1.3121026e+02   1.6315402e+02   2.0246952e+02   1.0966060e+02   1.2838725e+02
   1.1224314e+02   1.3035966e+02   1.6240568e+02   2.0185316e+02   1.1024966e+02   1.2828913e+02
   1.1160778e+02   1.2971255e+02   1.6146767e+02   2.0110241e+02   1.0947161e+02   1.2751661e+02
   1.1072989e+02   1.2900948e+02   1.6184288e+02   1.9987523e+02   1.0884109e+02   1.2761128e+02
   1.1133312e+02   1.3065713e+02   1.6083370e+02   2.0004210e+02   1.0901660e+02   1.2797128e+02
   1.1113273e+02   1.3016031e+02   1.6081781e+02   2.0002897e+02   1.0888151e+02   1.2752698e+02
   1.1130133e+02   1.2960752e+02   1.6061086e+02   1.9795395e+02   1.0880654e+02   1.2700425e+02
   1.1087845e+02   1.2896249e+02   1.5965108e+02   1.9653951e+02   1.0848662e+02   1.2643108e+02
   1.0990693e+02   1.2881462e+02   1.5960962e+02   1.9528849e+02   1.0868009e+02   1.2612186e+02
   1.0934585e+02   1.2860007e+02   1.6091247e+02   1.9677997e+02   1.0847902e+02   1.2759780e+02
   1.1127991e+02   1.2960476e+02   1.6234038e+02   1.9982202e+02   1.0950132e+02   1.2818928e+02
   1.1132863e+02   1.2958576e+02   1.6159205e+02   2.0054652e+02   1.1020129e+02   1.2838034e+02
   1.1061933e+02   1.2939056e+02   1.6155267e+02   2.0084537e+02   1.0988413e+02   1.2845531e+02
   1.1167515e+02   1.3010607e+02   1.6159447e+02   1.9970628e+02   1.0963848e+02   1.2832955e+02
   1.1081454e+02   1.2909931e+02   1.6156856e+02   1.9891856e+02   1.0942048e+02   1.2765688e+02
   1.1053262e+02   1.2941716e+02   1.6178380e+02   2.0014609e+02   1.0986133e+02   1.2781097e+02
   1.1064214e+02   1.3015755e+02   1.6226887e+02   2.0119155e+02   1.0981330e+02   1.2910725e+02
   1.1210840e+02   1.3027674e+02   1.6137266e+02   2.0185765e+02   1.1105949e+02   1.2895316e+02
   1.1107089e+02   1.2980411e+02   1.6163593e+02   2.0079527e+02   1.1002440e+02   1.2839036e+02
   1.1065596e+02   1.3013371e+02   1.6099919e+02   1.9961093e+02   1.0932823e+02   1.2827531e+02
   1.1109715e+02   1.2980065e+02   1.6066130e+02   1.9914935e+02   1.0978635e+02   1.2721811e+02
   1.1060068e+02   1.3053551e+02   1.6284135e+02   2.0090237e+02   1.0992559e+02   1.2887612e+02
   1.1206038e+02   1.3099294e+02   1.6297712e+02   2.0278150e+02   1.1031219e+02   1.2896526e+02
   1.1138840e+02   1.3122719e+02   1.6325352e+02   2.0446266e+02   1.1015499e+02   1.2798130e+02
   1.1123604e+02   1.3056315e+02   1.6234073e+02   2.0425087e+02   1.1027419e+02   1.2887577e+02
   1.1220617e+02   1.3100814e+02   1.6278987e+02   2.0576965e+02   1.1075995e+02   1.2973432e+02
   1.1301117e+02   1.3205567e+02   1.6360661e+02   2.0556477e+02   1.1106053e+02   1.2942407e+02
   1.1179608e+02   1.3115152e+02   1.6314814e+02   2.0437214e+02   1.1010835e+02   1.2909136e+02
   1.1165684e+02   1.3049233e+02   1.6186188e+02   2.0301954e+02   1.1000678e+02   1.2824214e+02
   1.1115761e+02   1.3009328e+02   1.6056940e+02   2.0003415e+02   1.0990935e+02   1.2773082e+02
   1.1060344e+02   1.3076181e+02   1.6146249e+02   2.0054997e+02   1.1026002e+02   1.2841731e+02
   1.1159120e+02   1.3046849e+02   1.6179451e+02   2.0193159e+02   1.1016605e+02   1.2861631e+02
   1.1102218e+02   1.3020764e+02   1.5989984e+02   1.9949000e+02   1.0989968e+02   1.2875554e+02
   1.1015568e+02   1.2929969e+02   1.5892175e+02   1.9763230e+02   1.0931476e+02   1.2904195e+02
   1.1093684e+02   1.2999309e+02   1.6052414e+02   1.9824935e+02   1.0999192e+02   1.2868472e+02
   1.1136490e+02   1.3065816e+02   1.6077980e+02   2.0029845e+02   1.0933445e+02   1.2862391e+02
   1.1154076e+02   1.3085440e+02   1.6184357e+02   2.0177992e+02   1.0936451e+02   1.2863428e+02
   1.1186310e+02   1.3097947e+02   1.6151604e+02   2.0208879e+02   1.0942428e+02   1.2866122e+02
   1.1153661e+02   1.3122200e+02   1.6224676e+02   2.0230921e+02   1.0959633e+02   1.2893105e+02
   1.1228564e+02   1.3110868e+02   1.6225850e+02   2.0133493e+02   1.1011423e+02   1.2809082e+02
   1.1235681e+02   1.3196135e+02   1.6289766e+02   2.0245155e+02   1.1064214e+02   1.2964622e+02
   1.1203792e+02   1.3097256e+02   1.6252039e+02   2.0170149e+02   1.1013150e+02   1.2916357e+02
   1.1241243e+02   1.3112561e+02   1.6202219e+02   2.0121470e+02   1.0975664e+02   1.2857969e+02
   1.1157047e+02   1.3072588e+02   1.6133570e+02   2.0057830e+02   1.0976597e+02   1.2809531e+02
   1.1094202e+02   1.3018242e+02   1.6166910e+02   1.9998958e+02   1.0969411e+02   1.2855170e+02
   1.1197677e+02   1.3112388e+02   1.6231620e+02   2.0214579e+02   1.0994424e+02   1.2917566e+02
   1.1176256e+02   1.3082400e+02   1.6150153e+02   2.0181723e+02   1.0962777e+02   1.2916668e+02
   1.1050636e+02   1.2996476e+02   1.6071554e+02   2.0084087e+02   1.1004858e+02   1.2949109e+02
   1.1195846e+02   1.3068304e+02   1.6109109e+02   2.0061838e+02   1.0951756e+02   1.2877351e+02
   1.1071020e+02   1.2963931e+02   1.5903611e+02   1.9876655e+02   1.0912163e+02   1.2841834e+02
   1.1038993e+02   1.3033167e+02   1.6028679e+02   1.9719940e+02   1.0932754e+02   1.2857381e+02
   1.1182095e+02   1.3146247e+02   1.6151224e+02   1.9976398e+02   1.0996739e+02   1.2870510e+02
   1.1170590e+02   1.3117433e+02   1.6119094e+02   2.0037861e+02   1.0975215e+02   1.2938261e+02
   1.1099868e+02   1.3035309e+02   1.5933530e+02   1.9835541e+02   1.0926190e+02   1.2907858e+02
   1.1110371e+02   1.2977716e+02   1.5930697e+02   1.9600296e+02   1.0966094e+02   1.2946449e+02
   1.1199992e+02   1.2995509e+02   1.5896563e+02   1.9782612e+02   1.1036471e+02   1.2957263e+02
   1.0866524e+02   1.2727995e+02   1.5998414e+02   1.9994502e+02   1.0989311e+02   1.3044914e+02
   1.1168276e+02   1.3163763e+02   1.5940475e+02   2.0022763e+02   1.0984889e+02   1.2902019e+02
   1.1017572e+02   1.2891516e+02   1.5923166e+02   1.9724915e+02   1.0943568e+02   1.2829638e+02
   1.0974766e+02   1.2917220e+02   1.5917223e+02   1.9679310e+02   1.0914892e+02   1.2791185e+02
   1.0928850e+02   1.2912902e+02   1.5854655e+02   1.9666596e+02   1.0854535e+02   1.2735216e+02
   1.0997672e+02   1.2967006e+02   1.5893315e+02   1.9769103e+02   1.0916620e+02   1.2763961e+02
   1.1029319e+02   1.2983728e+02   1.5993749e+02   1.9883910e+02   1.0950582e+02   1.2781892e+02
   1.1100559e+02   1.3040872e+02   1.6114637e+02   2.0178165e+02   1.1005446e+02   1.2820483e+02
   1.1255616e+02   1.3162761e+02   1.6209854e+02   2.0300987e+02   1.1007553e+02   1.2879631e+02
   1.1150206e+02   1.3032027e+02   1.6148460e+02   2.0110207e+02   1.0958562e+02   1.2897424e+02
   1.1105569e+02   1.3023943e+02   1.6018072e+02   1.9822412e+02   1.0939630e+02   1.2804003e+02
   1.1083457e+02   1.2997236e+02   1.5920229e+02   1.9740946e+02   1.0877476e+02   1.2753734e+02
   1.1036609e+02   1.2931593e+02   1.5969634e+02   1.9793426e+02   1.0916343e+02   1.2768279e+02
   1.1176464e+02   1.3061014e+02   1.6058598e+02   1.9946617e+02   1.0932063e+02   1.2777227e+02
   1.1075338e+02   1.3016756e+02   1.6036936e+02   2.0080563e+02   1.1010006e+02   1.2844771e+02
   1.1097830e+02   1.3075905e+02   1.6072971e+02   2.0067504e+02   1.0956904e+02   1.2825389e+02
   1.1040098e+02   1.2910345e+02   1.5966110e+02   1.9837787e+02   1.0859096e+02   1.2727960e+02
   1.0995875e+02   1.2882395e+02   1.5953638e+02   1.9793771e+02   1.0924082e+02   1.2869681e+02
   1.1002509e+02   1.2837308e+02   1.6038352e+02   1.9909649e+02   1.0971104e+02   1.2874276e+02
   1.1131135e+02   1.3008396e+02   1.6022356e+02   1.9974394e+02   1.0970344e+02   1.2891170e+02
