   1.5247345e+02   1.4729163e+02   1.7819292e+02   2.2120828e+02   1.3389005e+02   1.5370051e+02
   1.5256016e+02   1.4756143e+02   1.7838292e+02   2.2073915e+02   1.3414120e+02   1.5500115e+02
   1.5292496e+02   1.4713790e+02   1.7827998e+02   2.2085764e+02   1.3339432e+02   1.5596739e+02
   1.5326662e+02   1.4745123e+02   1.7870385e+02   2.2127599e+02   1.3446938e+02   1.5620160e+02
   1.5349946e+02   1.4750478e+02   1.7927903e+02   2.2144768e+02   1.3405310e+02   1.5719824e+02
   1.5352260e+02   1.4729267e+02   1.7944347e+02   2.2113401e+02   1.3419578e+02   1.5690460e+02
   1.5325936e+02   1.4712028e+02   1.7890145e+02   2.2138170e+02   1.3393841e+02   1.5652357e+02
   1.5334020e+02   1.4748267e+02   1.7893599e+02   2.2133437e+02   1.3363165e+02   1.5633633e+02
   1.5322931e+02   1.4755832e+02   1.7889834e+02   2.2150814e+02   1.3443483e+02   1.5630248e+02
   1.5368842e+02   1.4762879e+02   1.7955781e+02   2.2170366e+02   1.3410665e+02   1.5757651e+02
   1.5305831e+02   1.4736348e+02   1.7993643e+02   2.2155961e+02   1.3418541e+02   1.5689700e+02
   1.5255256e+02   1.4751687e+02   1.7989912e+02   2.2173786e+02   1.3450669e+02   1.5718546e+02
   1.5261233e+02   1.4812072e+02   1.7950703e+02   2.2166152e+02   1.3443656e+02   1.5747288e+02
   1.5332776e+02   1.4817047e+02   1.7963934e+02   2.2166566e+02   1.3483314e+02   1.5724522e+02
   1.5322413e+02   1.4805543e+02   1.8009189e+02   2.2169848e+02   1.3444105e+02   1.5753195e+02
   1.5347251e+02   1.4756247e+02   1.7992780e+02   2.2114748e+02   1.3463451e+02   1.5780382e+02
   1.5312256e+02   1.4774452e+02   1.7960998e+02   2.2142454e+02   1.3431461e+02   1.5732019e+02
   1.5310598e+02   1.4729232e+02   1.7905034e+02   2.2172992e+02   1.3456852e+02   1.5726940e+02
   1.5279887e+02   1.4736314e+02   1.7988910e+02   2.2148499e+02   1.3480516e+02   1.5824566e+02
   1.5343935e+02   1.4794108e+02   1.7937887e+02   2.2045588e+02   1.3467700e+02   1.5739204e+02
   1.5315262e+02   1.4788132e+02   1.7884272e+02   2.2110637e+02   1.3421858e+02   1.5611282e+02
   1.5306038e+02   1.4789410e+02   1.7832523e+02   2.2094228e+02   1.3381923e+02   1.5677402e+02
   1.5307455e+02   1.4787268e+02   1.7865756e+02   2.2047384e+02   1.3462103e+02   1.5633979e+02
   1.5294845e+02   1.4818636e+02   1.7883512e+02   2.2051772e+02   1.3409698e+02   1.5725317e+02
   1.5278402e+02   1.4808928e+02   1.7911356e+02   2.2040683e+02   1.3427627e+02   1.5745768e+02
   1.5287315e+02   1.4814663e+02   1.7899369e+02   2.2035397e+02   1.3429700e+02   1.5747288e+02
   1.5263167e+02   1.4818463e+02   1.7942999e+02   2.2017952e+02   1.3388003e+02   1.5690771e+02
   1.5315020e+02   1.4787683e+02   1.7907176e+02   2.2073846e+02   1.3433120e+02   1.5675399e+02
   1.5334918e+02   1.4819810e+02   1.7967250e+02   2.2138170e+02   1.3453225e+02   1.5713537e+02
   1.5317196e+02   1.4859365e+02   1.7984350e+02   2.2158068e+02   1.3469876e+02   1.5706662e+02
   1.5361656e+02   1.4869418e+02   1.8008740e+02   2.2177137e+02   1.3478167e+02   1.5760277e+02
   1.5306315e+02   1.4778079e+02   1.8001623e+02   2.2117961e+02   1.3459858e+02   1.5814997e+02
   1.5269765e+02   1.4850901e+02   1.7929216e+02   2.2069217e+02   1.3445245e+02   1.5770779e+02
   1.5304587e+02   1.4794281e+02   1.7960998e+02   2.2098823e+02   1.3457958e+02   1.5750846e+02
   1.5264998e+02   1.4855807e+02   1.7930149e+02   2.2126597e+02   1.3482071e+02   1.5762488e+02
   1.5307696e+02   1.4847309e+02   1.7927178e+02   2.2179866e+02   1.3488185e+02   1.5776237e+02
   1.5353987e+02   1.4897710e+02   1.7978547e+02   2.2200628e+02   1.3511089e+02   1.5853377e+02
   1.5344038e+02   1.4887899e+02   1.7953087e+02   2.2196137e+02   1.3531816e+02   1.5804081e+02
   1.5262511e+02   1.4838361e+02   1.7948389e+02   2.2140104e+02   1.3455332e+02   1.5750017e+02
   1.5242578e+02   1.4779979e+02   1.7933914e+02   2.2119032e+02   1.3466491e+02   1.5755890e+02
   1.5267313e+02   1.4832143e+02   1.7995992e+02   2.2132401e+02   1.3503938e+02   1.5715679e+02
   1.5277676e+02   1.4871801e+02   1.8029674e+02   2.2195135e+02   1.3485629e+02   1.5781833e+02
   1.5299544e+02   1.4859710e+02   1.7999861e+02   2.2143939e+02   1.3506149e+02   1.5815412e+02
   1.5299267e+02   1.4819361e+02   1.7902167e+02   2.2180488e+02   1.3452016e+02   1.5781937e+02
   1.5261544e+02   1.4831349e+02   1.7878469e+02   2.2145943e+02   1.3463347e+02   1.5733470e+02
   1.5249245e+02   1.4804645e+02   1.7884030e+02   2.2054432e+02   1.3404378e+02   1.5651873e+02
   1.5224407e+02   1.4773450e+02   1.7869694e+02   2.1963888e+02   1.3433914e+02   1.5692395e+02
   1.5214182e+02   1.4738387e+02   1.7899887e+02   2.2048697e+02   1.3448976e+02   1.5615669e+02
   1.5289975e+02   1.4798358e+02   1.7945176e+02   2.2042617e+02   1.3484627e+02   1.5627519e+02
   1.5316195e+02   1.4812970e+02   1.7940512e+02   2.2130397e+02   1.3457785e+02   1.5556700e+02
   1.5275535e+02   1.4867863e+02   1.7912047e+02   2.2163181e+02   1.3449425e+02   1.5680442e+02
   1.5308733e+02   1.4782708e+02   1.7847792e+02   2.2126494e+02   1.3497720e+02   1.5699788e+02
   1.5288247e+02   1.4824439e+02   1.7888970e+02   2.2055952e+02   1.3421270e+02   1.5726664e+02
   1.5277815e+02   1.4804748e+02   1.7914983e+02   2.2032633e+02   1.3462552e+02   1.5715713e+02
   1.5273807e+02   1.4749959e+02   1.7885654e+02   2.2076713e+02   1.3437507e+02   1.5719548e+02
   1.5222645e+02   1.4804023e+02   1.7820018e+02   2.2035397e+02   1.3423343e+02   1.5699200e+02
   1.5259367e+02   1.4778252e+02   1.7881819e+02   2.2035604e+02   1.3465592e+02   1.5618640e+02
   1.5218154e+02   1.4789272e+02   1.7889074e+02   2.2098477e+02   1.3485352e+02   1.5737442e+02
   1.5171242e+02   1.4790170e+02   1.7941341e+02   2.2071635e+02   1.3429078e+02   1.5759275e+02
   1.5241093e+02   1.4775074e+02   1.7906416e+02   2.2111501e+02   1.3472951e+02   1.5753782e+02
   1.5243442e+02   1.4839225e+02   1.7979341e+02   2.2126390e+02   1.3484005e+02   1.5814686e+02
   1.5267485e+02   1.4901130e+02   1.7963658e+02   2.2169952e+02   1.3483556e+02   1.5740033e+02
   1.5264514e+02   1.4867656e+02   1.7932636e+02   2.2142074e+02   1.3477027e+02   1.5748670e+02
   1.5256293e+02   1.4921996e+02   1.7912219e+02   2.2131364e+02   1.3439269e+02   1.5721102e+02
   1.5178565e+02   1.4824370e+02   1.7888590e+02   2.2068388e+02   1.3359918e+02   1.5668006e+02
   1.5200813e+02   1.4762327e+02   1.7840883e+02   2.2072292e+02   1.3428490e+02   1.5658126e+02
   1.5210313e+02   1.4786198e+02   1.7814939e+02   2.2048455e+02   1.3431323e+02   1.5676228e+02
   1.5234391e+02   1.4818152e+02   1.7794972e+02   2.2045795e+02   1.3395258e+02   1.5689597e+02
   1.5209069e+02   1.4801363e+02   1.7842645e+02   2.2087181e+02   1.3455229e+02   1.5719859e+02
   1.5307213e+02   1.4793832e+02   1.7897123e+02   2.2114921e+02   1.3432601e+02   1.5734921e+02
   1.5221782e+02   1.4790170e+02   1.7904965e+02   2.2091672e+02   1.3425140e+02   1.5681755e+02
   1.5220849e+02   1.4805128e+02   1.7879159e+02   2.2089288e+02   1.3482347e+02   1.5719168e+02
   1.5211936e+02   1.4751998e+02   1.7877847e+02   2.2055537e+02   1.3427489e+02   1.5692395e+02
   1.5278989e+02   1.4826512e+02   1.7899714e+02   2.2125664e+02   1.3410458e+02   1.5716024e+02
   1.5244098e+02   1.4823576e+02   1.7911459e+02   2.2085592e+02   1.3431738e+02   1.5707077e+02
   1.5273427e+02   1.4822332e+02   1.7947318e+02   2.2132366e+02   1.3455125e+02   1.5715195e+02
   1.5287695e+02   1.4882407e+02   1.7957543e+02   2.2152679e+02   1.3443967e+02   1.5735681e+02
   1.5294258e+02   1.4839432e+02   1.7995232e+02   2.2152368e+02   1.3438094e+02   1.5816517e+02
   1.5291287e+02   1.4878123e+02   1.7966525e+02   2.2147739e+02   1.3518378e+02   1.5790988e+02
   1.5287729e+02   1.4912910e+02   1.7927730e+02   2.2146703e+02   1.3455160e+02   1.5756511e+02
   1.5236498e+02   1.4886656e+02   1.7887865e+02   2.2119964e+02   1.3463692e+02   1.5728737e+02
   1.5282720e+02   1.4852110e+02   1.7910976e+02   2.2192959e+02   1.3429216e+02   1.5764871e+02
   1.5266553e+02   1.4826305e+02   1.7914672e+02   2.2139897e+02   1.3389869e+02   1.5771781e+02
   1.5224234e+02   1.4857396e+02   1.7883823e+02   2.2107355e+02   1.3415156e+02   1.5677022e+02
   1.5253218e+02   1.4833214e+02   1.7905829e+02   2.2133886e+02   1.3377812e+02   1.5676884e+02
   1.5249660e+02   1.4865341e+02   1.7938612e+02   2.2149155e+02   1.3391700e+02   1.5775270e+02
   1.5261060e+02   1.4909698e+02   1.7938094e+02   2.2145666e+02   1.3437369e+02   1.5766806e+02
   1.5268142e+02   1.4906381e+02   1.7984385e+02   2.2178519e+02   1.3449529e+02   1.5721828e+02
   1.5194214e+02   1.4869867e+02   1.7933672e+02   2.2138204e+02   1.3380921e+02   1.5680442e+02
   1.5145194e+02   1.4717728e+02   1.7814456e+02   2.2013875e+02   1.3351903e+02   1.5628175e+02
   1.5182123e+02   1.4748923e+02   1.7815561e+02   2.2013703e+02   1.3349312e+02   1.5652668e+02
   1.5154694e+02   1.4739596e+02   1.7803919e+02   2.2055192e+02   1.3361680e+02   1.5574629e+02
   1.5153831e+02   1.4814421e+02   1.7884756e+02   2.2059406e+02   1.3351489e+02   1.5648902e+02
   1.5208827e+02   1.4851938e+02   1.7978029e+02   2.2110948e+02   1.3404723e+02   1.5778171e+02
   1.5215633e+02   1.4855703e+02   1.7962138e+02   2.2123937e+02   1.3392736e+02   1.5743488e+02
   1.5198014e+02   1.4866550e+02   1.7946558e+02   2.2165495e+02   1.3401821e+02   1.5735024e+02
   1.5218224e+02   1.4788927e+02   1.7909421e+02   2.2112192e+02   1.3368174e+02   1.5753091e+02
   1.5196045e+02   1.4776698e+02   1.7939579e+02   2.2067179e+02   1.3415121e+02   1.5712397e+02
   1.5203956e+02   1.4797563e+02   1.7931392e+02   2.2136581e+02   1.3405345e+02   1.5742382e+02
   1.5209794e+02   1.4823714e+02   1.7930978e+02   2.2142972e+02   1.3400301e+02   1.5819246e+02
   1.5262511e+02   1.4913843e+02   1.7876534e+02   2.2168432e+02   1.3399507e+02   1.5802353e+02
   1.5264273e+02   1.4900440e+02   1.7879954e+02   2.2184254e+02   1.3414880e+02   1.5753713e+02
   1.5227516e+02   1.4927005e+02   1.7886207e+02   2.2209437e+02   1.3416192e+02   1.5780002e+02
   1.5242025e+02   1.4951601e+02   1.7822712e+02   2.2189712e+02   1.3471396e+02   1.5695988e+02
   1.5206685e+02   1.4908109e+02   1.7807823e+02   2.2093710e+02   1.3379160e+02   1.5679406e+02
   1.5195527e+02   1.4832765e+02   1.7869694e+02   2.2055813e+02   1.3325199e+02   1.5701100e+02
   1.5180016e+02   1.4818636e+02   1.7859503e+02   2.2080064e+02   1.3309170e+02   1.5694364e+02
   1.5143985e+02   1.4836979e+02   1.7858121e+02   2.2075815e+02   1.3280256e+02   1.5720273e+02
   1.5175940e+02   1.4817669e+02   1.7873528e+02   2.2101863e+02   1.3345927e+02   1.5695608e+02
   1.5155005e+02   1.4853596e+02   1.7883719e+02   2.2107183e+02   1.3364581e+02   1.5693984e+02
   1.5185509e+02   1.4824474e+02   1.7927212e+02   2.2110603e+02   1.3385101e+02   1.5721862e+02
   1.5164160e+02   1.4851419e+02   1.7959340e+02   2.2135717e+02   1.3375014e+02   1.5744490e+02
   1.5231040e+02   1.4869901e+02   1.7913774e+02   2.2115335e+02   1.3405760e+02   1.5724280e+02
   1.5182054e+02   1.4813074e+02   1.7867172e+02   2.2097614e+02   1.3399127e+02   1.5651700e+02
   1.5172520e+02   1.4848138e+02   1.7936781e+02   2.2131641e+02   1.3409629e+02   1.5782559e+02
   1.5195700e+02   1.4767439e+02   1.7943483e+02   2.2053983e+02   1.3404827e+02   1.5816793e+02
   1.5189447e+02   1.4796250e+02   1.7913256e+02   2.2127772e+02   1.3414707e+02   1.5747564e+02
   1.5179774e+02   1.4838879e+02   1.7918645e+02   2.2125526e+02   1.3397918e+02   1.5816966e+02
   1.5190725e+02   1.4907245e+02   1.7952949e+02   2.2106941e+02   1.3399680e+02   1.5810644e+02
   1.5167303e+02   1.4882718e+02   1.7930943e+02   2.2129015e+02   1.3425174e+02   1.5815792e+02
   1.5192142e+02   1.4857050e+02   1.7955298e+02   2.2150054e+02   1.3408420e+02   1.5773024e+02
   1.5220400e+02   1.4785161e+02   1.7873425e+02   2.2131572e+02   1.3383063e+02   1.5780728e+02
   1.5217705e+02   1.4796078e+02   1.7823507e+02   2.2100688e+02   1.3386967e+02   1.5721931e+02
   1.5233389e+02   1.4788996e+02   1.7839328e+02   2.2114092e+02   1.3365030e+02   1.5746942e+02
   1.5234736e+02   1.4829414e+02   1.7880887e+02   2.2126874e+02   1.3373632e+02   1.5720342e+02
   1.5144331e+02   1.4800327e+02   1.7856359e+02   2.2101483e+02   1.3348552e+02   1.5712190e+02
   1.5189896e+02   1.4768441e+02   1.7842507e+02   2.2078303e+02   1.3356049e+02   1.5713088e+02
   1.5178358e+02   1.4840538e+02   1.7892494e+02   2.2058543e+02   1.3373909e+02   1.5748048e+02
   1.5216634e+02   1.4888245e+02   1.7930598e+02   2.2120137e+02   1.3440271e+02   1.5740275e+02
   1.5243614e+02   1.4910181e+02   1.7954192e+02   2.2165668e+02   1.3397192e+02   1.5757375e+02
   1.5217049e+02   1.4927730e+02   1.7972847e+02   2.2177414e+02   1.3395085e+02   1.5817450e+02
   1.5214838e+02   1.4937369e+02   1.7983590e+02   2.2199626e+02   1.3394705e+02   1.5766322e+02
   1.5192176e+02   1.4925554e+02   1.7955229e+02   2.2174546e+02   1.3380956e+02   1.5782593e+02
   1.5235393e+02   1.4909732e+02   1.7896294e+02   2.2193063e+02   1.3422929e+02   1.5755751e+02
   1.5252009e+02   1.4844683e+02   1.7811623e+02   2.2116821e+02   1.3386760e+02   1.5701515e+02
   1.5224027e+02   1.4834665e+02   1.7741599e+02   2.2065693e+02   1.3316529e+02   1.5661788e+02
   1.5211038e+02   1.4813281e+02   1.7836599e+02   2.2077404e+02   1.3303367e+02   1.5676020e+02
   1.5149374e+02   1.4809861e+02   1.7876361e+02   2.2049077e+02   1.3364132e+02   1.5781142e+02
   1.5178669e+02   1.4825821e+02   1.7872872e+02   2.2068492e+02   1.3352836e+02   1.5716611e+02
   1.5214769e+02   1.4869003e+02   1.7814076e+02   2.2095886e+02   1.3287234e+02   1.5718270e+02
   1.5239607e+02   1.4823576e+02   1.7829621e+02   2.2089944e+02   1.3356705e+02   1.5725628e+02
   1.5205511e+02   1.4825130e+02   1.7876672e+02   2.2111155e+02   1.3294592e+02   1.5735646e+02
   1.5218085e+02   1.4783330e+02   1.7841712e+02   2.2057092e+02   1.3359952e+02   1.5666520e+02
   1.5221989e+02   1.4833387e+02   1.7812625e+02   2.2091741e+02   1.3360643e+02   1.5692844e+02
   1.5215322e+02   1.4829241e+02   1.7826650e+02   2.2125492e+02   1.3358950e+02   1.5662617e+02
   1.5189240e+02   1.4822850e+02   1.7800258e+02   2.2115163e+02   1.3446281e+02   1.5646726e+02
   1.5182054e+02   1.4772863e+02   1.7774072e+02   2.2049077e+02   1.3449287e+02   1.5628451e+02
   1.5194042e+02   1.4801812e+02   1.7738214e+02   2.1980332e+02   1.3361576e+02   1.5601264e+02
   1.5208205e+02   1.4828136e+02   1.7750097e+02   2.2008348e+02   1.3405760e+02   1.5582022e+02
   1.5203714e+02   1.4832903e+02   1.7801294e+02   2.2077439e+02   1.3351938e+02   1.5751019e+02
   1.5215598e+02   1.4876741e+02   1.7909939e+02   2.2125008e+02   1.3368865e+02   1.5793751e+02
   1.5194491e+02   1.4755072e+02   1.7850383e+02   2.2061133e+02   1.3341021e+02   1.5745802e+02
   1.5185163e+02   1.4701699e+02   1.7775557e+02   2.1963473e+02   1.3345789e+02   1.5767359e+02
   1.5135349e+02   1.4725570e+02   1.7769719e+02   2.1968724e+02   1.3338983e+02   1.5751779e+02
   1.5142638e+02   1.4740045e+02   1.7761428e+02   2.1993321e+02   1.3313523e+02   1.5668835e+02
   1.5150756e+02   1.4733067e+02   1.7786336e+02   2.2065624e+02   1.3330174e+02   1.5723140e+02
   1.5165369e+02   1.4762327e+02   1.7874254e+02   2.2093952e+02   1.3324025e+02   1.5807432e+02
   1.5164713e+02   1.4825959e+02   1.7881854e+02   2.2145321e+02   1.3373425e+02   1.5832684e+02
   1.5188618e+02   1.4868554e+02   1.7944796e+02   2.2132401e+02   1.3412738e+02   1.5802526e+02
   1.5217844e+02   1.4854425e+02   1.7891389e+02   2.2179141e+02   1.3426660e+02   1.5784597e+02
   1.5204820e+02   1.4802503e+02   1.7735485e+02   2.2086939e+02   1.3344510e+02   1.5683586e+02
   1.5111029e+02   1.4753898e+02   1.7728127e+02   2.2008901e+02   1.3296872e+02   1.5607586e+02
   1.5175560e+02   1.4730510e+02   1.7783952e+02   2.2072257e+02   1.3329310e+02   1.5691462e+02
   1.5158045e+02   1.4740148e+02   1.7777354e+02   2.2064484e+02   1.3344027e+02   1.5743799e+02
   1.5190414e+02   1.4728817e+02   1.7807892e+02   2.2062619e+02   1.3329276e+02   1.5756373e+02
   1.5201884e+02   1.4688676e+02   1.7746228e+02   2.1947652e+02   1.3296285e+02   1.5713053e+02
   1.5164125e+02   1.4684945e+02   1.7688606e+02   2.1941537e+02   1.3298219e+02   1.5694813e+02
   1.5161051e+02   1.4793625e+02   1.7751410e+02   2.2024204e+02   1.3324923e+02   1.5722173e+02
   1.5239400e+02   1.4777907e+02   1.7838603e+02   2.2060097e+02   1.3331176e+02   1.5817415e+02
   1.5190483e+02   1.4807132e+02   1.7786923e+02   2.2053637e+02   1.3377605e+02   1.5729117e+02
   1.5088160e+02   1.4739734e+02   1.7724879e+02   2.1959673e+02   1.3325303e+02   1.5603751e+02
   1.5124018e+02   1.4648637e+02   1.7707054e+02   2.1957704e+02   1.3315803e+02   1.5734195e+02
   1.5140496e+02   1.4707365e+02   1.7782501e+02   2.2001128e+02   1.3310345e+02   1.5762730e+02
   1.5196287e+02   1.4725397e+02   1.7784021e+02   2.2015119e+02   1.3328689e+02   1.5742762e+02
   1.5196805e+02   1.4729992e+02   1.7795663e+02   2.2074848e+02   1.3365721e+02   1.5810057e+02
   1.5177874e+02   1.4759528e+02   1.7828067e+02   2.2109290e+02   1.3409732e+02   1.5818417e+02
   1.5248347e+02   1.4796630e+02   1.7801294e+02   2.2045070e+02   1.3389869e+02   1.5801386e+02
   1.5252285e+02   1.4813316e+02   1.7853181e+02   2.2125941e+02   1.3398781e+02   1.5858006e+02
   1.5289215e+02   1.4814836e+02   1.7894118e+02   2.2151919e+02   1.3426003e+02   1.5942159e+02
   1.5261889e+02   1.4843336e+02   1.7895810e+02   2.2097752e+02   1.3409525e+02   1.5903295e+02
   1.5316333e+02   1.4828136e+02   1.7857776e+02   2.2077370e+02   1.3393150e+02   1.5908028e+02
   1.5303620e+02   1.4879539e+02   1.7916330e+02   2.2088735e+02   1.3416745e+02   1.5999608e+02
   1.5236014e+02   1.4891423e+02   1.7843958e+02   2.2097303e+02   1.3441272e+02   1.5980919e+02
   1.5161362e+02   1.4797079e+02   1.7817703e+02   2.2099652e+02   1.3401441e+02   1.5925992e+02
   1.5101322e+02   1.4763708e+02   1.7818187e+02   2.2021372e+02   1.3363338e+02   1.5874484e+02
   1.5173763e+02   1.4738801e+02   1.7735796e+02   2.1995532e+02   1.3285679e+02   1.5808744e+02
   1.5151827e+02   1.4754312e+02   1.7752654e+02   2.2026726e+02   1.3336427e+02   1.5866608e+02
   1.5118940e+02   1.4799048e+02   1.7781603e+02   2.2077404e+02   1.3380300e+02   1.5871824e+02
   1.5221229e+02   1.4783158e+02   1.7840538e+02   2.2119792e+02   1.3411080e+02   1.5856901e+02
   1.5191416e+02   1.4822747e+02   1.7863096e+02   2.2095541e+02   1.3399334e+02   1.5897457e+02
   1.5169791e+02   1.4875670e+02   1.7837843e+02   2.2137444e+02   1.3421340e+02   1.5914626e+02
   1.5208344e+02   1.4828896e+02   1.7845167e+02   2.2158966e+02   1.3393289e+02   1.5893312e+02
   1.5210727e+02   1.4853147e+02   1.7869038e+02   2.2124904e+02   1.3420683e+02   1.5906715e+02
   1.5274705e+02   1.4893323e+02   1.7869763e+02   2.2136615e+02   1.3423412e+02   1.5922675e+02
   1.5240885e+02   1.4905000e+02   1.7778908e+02   2.2148326e+02   1.3386760e+02   1.5851339e+02
   1.5195147e+02   1.4866654e+02   1.7769719e+02   2.2161074e+02   1.3413843e+02   1.5919843e+02
   1.5193938e+02   1.4790205e+02   1.7797839e+02   2.2055295e+02   1.3440374e+02   1.5878215e+02
   1.5152829e+02   1.4796319e+02   1.7799325e+02   2.2095714e+02   1.3401683e+02   1.5824186e+02
   1.5177253e+02   1.4824198e+02   1.7799256e+02   2.2097268e+02   1.3364823e+02   1.5920637e+02
   1.5183678e+02   1.4836185e+02   1.7847274e+02   2.2084003e+02   1.3353043e+02   1.5845915e+02
   1.5148960e+02   1.4850867e+02   1.7853492e+02   2.2071532e+02   1.3411701e+02   1.5880115e+02
   1.5188273e+02   1.4851627e+02   1.7873010e+02   2.2126977e+02   1.3388349e+02   1.5889166e+02
   1.5207860e+02   1.4860643e+02   1.7861956e+02   2.2160106e+02   1.3429112e+02   1.5982059e+02
   1.5147647e+02   1.4889765e+02   1.7893530e+02   2.2144008e+02   1.3428801e+02   1.5890997e+02
   1.5121807e+02   1.4869625e+02   1.7839467e+02   2.2091326e+02   1.3409076e+02   1.5799555e+02
   1.5149029e+02   1.4881439e+02   1.7851419e+02   2.2131364e+02   1.3405241e+02   1.5850544e+02
   1.5198947e+02   1.4904585e+02   1.7855358e+02   2.2104315e+02   1.3358605e+02   1.5867852e+02
   1.5245134e+02   1.4964867e+02   1.7831348e+02   2.2133057e+02   1.3418749e+02   1.5935733e+02
   1.5210589e+02   1.4927627e+02   1.7857638e+02   2.2184772e+02   1.3459305e+02   1.5917735e+02
   1.5231938e+02   1.4908454e+02   1.7811658e+02   2.2160486e+02   1.3422169e+02   1.5844948e+02
   1.5199189e+02   1.4877087e+02   1.7817599e+02   2.2184841e+02   1.3439511e+02   1.5865848e+02
   1.5222127e+02   1.4885101e+02   1.7829276e+02   2.2180488e+02   1.3415363e+02   1.5887059e+02
   1.5213214e+02   1.4905760e+02   1.7786405e+02   2.2207952e+02   1.3353734e+02   1.5806913e+02
   1.5178289e+02   1.4880230e+02   1.7750719e+02   2.2135786e+02   1.3408523e+02   1.5832581e+02
   1.5198394e+02   1.4865894e+02   1.7802987e+02   2.2121864e+02   1.3385240e+02   1.5855381e+02
   1.5184783e+02   1.4850279e+02   1.7816978e+02   2.2157654e+02   1.3374807e+02   1.5840388e+02
   1.5173936e+02   1.4869349e+02   1.7850625e+02   2.2073259e+02   1.3383754e+02   1.5864052e+02
   1.5166716e+02   1.4848863e+02   1.7796147e+02   2.2021959e+02   1.3381370e+02   1.5800764e+02
   1.5203058e+02   1.4920407e+02   1.7762776e+02   2.2025413e+02   1.3381750e+02   1.5824428e+02
   1.5212420e+02   1.4896916e+02   1.7804023e+02   2.2082275e+02   1.3414085e+02   1.5935561e+02
   1.5246171e+02   1.4948043e+02   1.7856256e+02   2.2119101e+02   1.3408040e+02   1.5915835e+02
   1.5258331e+02   1.5008152e+02   1.7881923e+02   2.2185325e+02   1.3367932e+02   1.5917010e+02
   1.5245514e+02   1.5034960e+02   1.7912254e+02   2.2195412e+02   1.3365410e+02   1.5874761e+02
   1.5184265e+02   1.4931876e+02   1.7820950e+02   2.2120863e+02   1.3405207e+02   1.5787913e+02
   1.5129649e+02   1.4898229e+02   1.7791207e+02   2.2115715e+02   1.3374358e+02   1.5814410e+02
   1.5166267e+02   1.4858294e+02   1.7819914e+02   2.2162939e+02   1.3403963e+02   1.5874968e+02
   1.5165542e+02   1.4836116e+02   1.7854563e+02   2.2128566e+02   1.3461136e+02   1.5891204e+02
   1.5189585e+02   1.4892632e+02   1.7833974e+02   2.2150814e+02   1.3443621e+02   1.5950588e+02
   1.5208102e+02   1.4899127e+02   1.7895603e+02   2.2092743e+02   1.3410216e+02   1.5944853e+02
   1.5213871e+02   1.4917436e+02   1.7858778e+02   2.2159277e+02   1.3470878e+02   1.5949932e+02
   1.5189723e+02   1.4850729e+02   1.7885550e+02   2.2205845e+02   1.3456714e+02   1.5922503e+02
   1.5225098e+02   1.4891320e+02   1.7911425e+02   2.2162145e+02   1.3409283e+02   1.5979848e+02
   1.5208896e+02   1.4934467e+02   1.7927247e+02   2.2164079e+02   1.3447698e+02   1.5886541e+02
   1.5268453e+02   1.4943138e+02   1.7911667e+02   2.2159346e+02   1.3411736e+02   1.5991248e+02
   1.5202954e+02   1.4965109e+02   1.7895396e+02   2.2198728e+02   1.3370765e+02   1.5948723e+02
   1.5212247e+02   1.4922376e+02   1.7947732e+02   2.2187639e+02   1.3373114e+02   1.5907510e+02
   1.5198913e+02   1.4915950e+02   1.7930563e+02   2.2093710e+02   1.3387830e+02   1.5877075e+02
   1.5192660e+02   1.4891009e+02   1.7870558e+02   2.2156168e+02   1.3413014e+02   1.5869613e+02
   1.5200985e+02   1.4914120e+02   1.7884272e+02   2.2113021e+02   1.3410043e+02   1.5838522e+02
   1.5176493e+02   1.4906727e+02   1.7816356e+02   2.2071497e+02   1.3390214e+02   1.5855622e+02
   1.5233562e+02   1.4945867e+02   1.7824439e+02   2.2101897e+02   1.3378745e+02   1.5857937e+02
   1.5249867e+02   1.4924310e+02   1.7880230e+02   2.2145494e+02   1.3427800e+02   1.5921155e+02
   1.5243753e+02   1.4934674e+02   1.7894705e+02   2.2165012e+02   1.3435780e+02   1.5931070e+02
   1.5221678e+02   1.4906450e+02   1.7846928e+02   2.2184288e+02   1.3470498e+02   1.5955044e+02
   1.5249729e+02   1.4871214e+02   1.7873148e+02   2.2139103e+02   1.3434432e+02   1.5915801e+02
   1.5222576e+02   1.4945867e+02   1.7816425e+02   2.2150675e+02   1.3378365e+02   1.5840319e+02
   1.5226204e+02   1.4962380e+02   1.7847101e+02   2.2112261e+02   1.3382960e+02   1.5814410e+02
   1.5224131e+02   1.4928456e+02   1.7867483e+02   2.2078924e+02   1.3412427e+02   1.5958568e+02
   1.5224649e+02   1.4956818e+02   1.7835287e+02   2.2115923e+02   1.3409905e+02   1.5929826e+02
   1.5178323e+02   1.4921650e+02   1.7845408e+02   2.2036572e+02   1.3372389e+02   1.5934352e+02
   1.5196218e+02   1.4905898e+02   1.7841816e+02   2.2078924e+02   1.3435192e+02   1.5871237e+02
   1.5193834e+02   1.4910769e+02   1.7851558e+02   2.2061583e+02   1.3465661e+02   1.5940501e+02
   1.5193040e+02   1.4988151e+02   1.7885101e+02   2.2115197e+02   1.3457060e+02   1.5945855e+02
   1.5177045e+02   1.4974678e+02   1.7903825e+02   2.2116752e+02   1.3427696e+02   1.5899530e+02
   1.5205891e+02   1.4944692e+02   1.7867552e+02   2.2205326e+02   1.3477234e+02   1.5905783e+02
   1.5210140e+02   1.4954261e+02   1.7874323e+02   2.2211959e+02   1.3469496e+02   1.5919083e+02
   1.5212178e+02   1.4943863e+02   1.7910907e+02   2.2137790e+02   1.3471983e+02   1.5969035e+02
   1.5223682e+02   1.4911080e+02   1.7830727e+02   2.2024550e+02   1.3467389e+02   1.5925923e+02
   1.5227309e+02   1.4900785e+02   1.7761601e+02   2.1995048e+02   1.3418749e+02   1.5938532e+02
   1.5143743e+02   1.4844925e+02   1.7744605e+02   2.2010455e+02   1.3382614e+02   1.5868439e+02
   1.5165645e+02   1.4845339e+02   1.7803159e+02   2.2048179e+02   1.3429354e+02   1.5911966e+02
   1.5184853e+02   1.4928352e+02   1.7828481e+02   2.2080686e+02   1.3422065e+02   1.5909963e+02
   1.5209829e+02   1.4942343e+02   1.7886967e+02   2.2135924e+02   1.3433914e+02   1.5920913e+02
   1.5174627e+02   1.4923240e+02   1.7885999e+02   2.2131744e+02   1.3436851e+02   1.5977844e+02
   1.5250489e+02   1.4933154e+02   1.7844683e+02   2.2129015e+02   1.3459961e+02   1.5953732e+02
   1.5211798e+02   1.4927074e+02   1.7842990e+02   2.2155788e+02   1.3459651e+02   1.5928928e+02
   1.5161845e+02   1.4892632e+02   1.7891561e+02   2.2171023e+02   1.3461171e+02   1.5991766e+02
   1.5238951e+02   1.4878538e+02   1.7926798e+02   2.2144699e+02   1.3490811e+02   1.5957773e+02
   1.5256085e+02   1.4963623e+02   1.7945832e+02   2.2174235e+02   1.3518689e+02   1.6047488e+02
   1.5260507e+02   1.4963140e+02   1.7942136e+02   2.2176205e+02   1.3462863e+02   1.6080134e+02
   1.5207134e+02   1.4893323e+02   1.7946661e+02   2.2140104e+02   1.3458752e+02   1.6115923e+02
   1.5201296e+02   1.4950012e+02   1.7856912e+02   2.2074192e+02   1.3413947e+02   1.5926717e+02
   1.5199569e+02   1.4930045e+02   1.7819258e+02   2.2065866e+02   1.3403687e+02   1.5776893e+02
   1.5229693e+02   1.4943207e+02   1.7868554e+02   2.2141694e+02   1.3389212e+02   1.5886506e+02
   1.5255671e+02   1.4998791e+02   1.7872250e+02   2.2230234e+02   1.3378780e+02   1.5877697e+02
   1.5231351e+02   1.4984834e+02   1.7762568e+02   2.2148741e+02   1.3382303e+02   1.5818382e+02
   1.5161811e+02   1.4957785e+02   1.7727263e+02   2.1999504e+02   1.3316598e+02   1.5869648e+02
   1.5176251e+02   1.4851627e+02   1.7746367e+02   2.1963922e+02   1.3324750e+02   1.5818832e+02
   1.5170689e+02   1.4777147e+02   1.7754727e+02   2.1948999e+02   1.3404758e+02   1.5856624e+02
   1.5096831e+02   1.4840814e+02   1.7788719e+02   2.1965926e+02   1.3353216e+02   1.5879010e+02
   1.5177183e+02   1.4742705e+02   1.7741081e+02   2.2033221e+02   1.3358087e+02   1.5853792e+02
   1.5226134e+02   1.4815285e+02   1.7820363e+02   2.2055952e+02   1.3419785e+02   1.5893830e+02
   1.5213042e+02   1.4840296e+02   1.7794316e+02   2.2048041e+02   1.3405656e+02   1.5869717e+02
   1.5168443e+02   1.4807063e+02   1.7821538e+02   2.2024653e+02   1.3371110e+02   1.5844948e+02
   1.5179533e+02   1.4799947e+02   1.7784781e+02   2.1971212e+02   1.3379850e+02   1.5783526e+02
   1.5145436e+02   1.4788788e+02   1.7772552e+02   2.1975530e+02   1.3366620e+02   1.5831821e+02
   1.5167442e+02   1.4793210e+02   1.7802952e+02   2.2008590e+02   1.3385516e+02   1.5835862e+02
   1.5189862e+02   1.4854010e+02   1.7827687e+02   2.2001819e+02   1.3369245e+02   1.5895488e+02
   1.5242613e+02   1.4883581e+02   1.7833248e+02   2.2044655e+02   1.3406589e+02   1.5879286e+02
   1.5221194e+02   1.4927385e+02   1.7844614e+02   2.2088632e+02   1.3427627e+02   1.5931070e+02
   1.5255844e+02   1.4950185e+02   1.7756799e+02   2.2108703e+02   1.3415018e+02   1.5809642e+02
   1.5244685e+02   1.4937645e+02   1.7738421e+02   2.2157619e+02   1.3451463e+02   1.5947444e+02
   1.5194180e+02   1.4920752e+02   1.7818739e+02   2.2156479e+02   1.3446005e+02   1.5944024e+02
   1.5213007e+02   1.4890249e+02   1.7806787e+02   2.2133334e+02   1.3412738e+02   1.5846572e+02
   1.5179740e+02   1.4866585e+02   1.7740114e+02   2.2159692e+02   1.3417747e+02   1.5824048e+02
   1.5179705e+02   1.4846998e+02   1.7704877e+02   2.2027555e+02   1.3397780e+02   1.5787637e+02
   1.5207860e+02   1.4849347e+02   1.7748888e+02   2.2102139e+02   1.3378607e+02   1.5827882e+02
   1.5228587e+02   1.4877847e+02   1.7748232e+02   2.2120275e+02   1.3448251e+02   1.5811266e+02
   1.5260024e+02   1.4873874e+02   1.7724707e+02   2.2069563e+02   1.3403549e+02   1.5851442e+02
   1.5188445e+02   1.4860159e+02   1.7750477e+02   2.2065693e+02   1.3379781e+02   1.5782213e+02
   1.5145263e+02   1.4884169e+02   1.7743085e+02   2.2054224e+02   1.3379470e+02   1.5807846e+02
   1.5205822e+02   1.4869245e+02   1.7691819e+02   2.2084141e+02   1.3410043e+02   1.5841252e+02
   1.5228034e+02   1.4934605e+02   1.7728679e+02   2.2123937e+02   1.3409076e+02   1.5888786e+02
   1.5236394e+02   1.4950116e+02   1.7839950e+02   2.2112364e+02   1.3365583e+02   1.5904159e+02
   1.5228138e+02   1.4895085e+02   1.7855461e+02   2.2147083e+02   1.3426038e+02   1.6036192e+02
   1.5208378e+02   1.4910527e+02   1.7892598e+02   2.2108150e+02   1.3391976e+02   1.5954699e+02
   1.5167614e+02   1.4909663e+02   1.7799532e+02   2.2054121e+02   1.3403652e+02   1.5886886e+02
   1.5177633e+02   1.4859676e+02   1.7714757e+02   2.2034879e+02   1.3369729e+02   1.5721033e+02
   1.5130547e+02   1.4876741e+02   1.7746263e+02   2.1995186e+02   1.3416987e+02   1.5783250e+02
   1.5169549e+02   1.4915121e+02   1.7773070e+02   2.2072879e+02   1.3424414e+02   1.5822493e+02
   1.5211211e+02   1.4929665e+02   1.7828481e+02   2.2064415e+02   1.3440720e+02   1.5899944e+02
   1.5272564e+02   1.4905207e+02   1.7818878e+02   2.2091914e+02   1.3442758e+02   1.5886023e+02
   1.5215356e+02   1.4931669e+02   1.7839674e+02   2.2053637e+02   1.3408316e+02   1.5881497e+02
   1.5269938e+02   1.4964867e+02   1.7844234e+02   2.2126010e+02   1.3428905e+02   1.5933039e+02
   1.5269696e+02   1.4997132e+02   1.7859918e+02   2.2126977e+02   1.3470498e+02   1.5917390e+02
   1.5247034e+02   1.4942136e+02   1.7805336e+02   2.2120172e+02   1.3444451e+02   1.5857592e+02
   1.5152414e+02   1.4995647e+02   1.7758527e+02   2.2125941e+02   1.3458407e+02   1.5853861e+02
   1.5197254e+02   1.4944589e+02   1.7780843e+02   2.2117754e+02   1.3447836e+02   1.5872861e+02
   1.5190622e+02   1.4915778e+02   1.7751790e+02   2.2099444e+02   1.3417401e+02   1.5864777e+02
   1.5187236e+02   1.4940892e+02   1.7799878e+02   2.2103797e+02   1.3478789e+02   1.5911206e+02
   1.5250420e+02   1.4949425e+02   1.7826823e+02   2.2052428e+02   1.3452431e+02   1.5905161e+02
   1.5211176e+02   1.4958752e+02   1.7785057e+02   2.2029628e+02   1.3406692e+02   1.5920499e+02
   1.5200191e+02   1.4951670e+02   1.7771896e+02   2.2081343e+02   1.3442032e+02   1.5941675e+02
   1.5194940e+02   1.4915294e+02   1.7808479e+02   2.2056332e+02   1.3407625e+02   1.5931277e+02
   1.5228345e+02   1.4923240e+02   1.7760254e+02   2.2006690e+02   1.3398021e+02   1.5959846e+02
   1.5204854e+02   1.4893081e+02   1.7771930e+02   2.2019921e+02   1.3390767e+02   1.5893035e+02
   1.5201089e+02   1.4864374e+02   1.7759563e+02   2.2070530e+02   1.3416952e+02   1.5814099e+02
   1.5122533e+02   1.4915985e+02   1.7789445e+02   2.2087319e+02   1.3424725e+02   1.5854793e+02
   1.5216738e+02   1.4922825e+02   1.7860850e+02   2.2081826e+02   1.3441998e+02   1.5900083e+02
   1.5192142e+02   1.4940927e+02   1.7819672e+02   2.2063793e+02   1.3461689e+02   1.5972248e+02
   1.5179222e+02   1.5004974e+02   1.7827376e+02   2.2054293e+02   1.3443311e+02   1.5946926e+02
   1.5220987e+02   1.4948561e+02   1.7814248e+02   2.2032979e+02   1.3385240e+02   1.5919635e+02
   1.5213491e+02   1.4897330e+02   1.7770134e+02   2.1996533e+02   1.3429941e+02   1.5911621e+02
   1.5179118e+02   1.4823058e+02   1.7747610e+02   2.2015568e+02   1.3384238e+02   1.5867161e+02
   1.5133311e+02   1.4856463e+02   1.7829552e+02   2.2039923e+02   1.3421063e+02   1.5882050e+02
   1.5146576e+02   1.4886690e+02   1.7784677e+02   2.2054570e+02   1.3342230e+02   1.5742901e+02
   1.5111789e+02   1.4948976e+02   1.7812521e+02   2.2047108e+02   1.3313834e+02   1.5786497e+02
   1.5192591e+02   1.4889316e+02   1.7812452e+02   2.2061513e+02   1.3325372e+02   1.5796688e+02
   1.5196356e+02   1.4929872e+02   1.7852870e+02   2.2111743e+02   1.3338569e+02   1.5810368e+02
   1.5194560e+02   1.5001347e+02   1.7864305e+02   2.2180246e+02   1.3354218e+02   1.5902466e+02
   1.5203818e+02   1.5005458e+02   1.7917574e+02   2.2145701e+02   1.3377916e+02   1.5891377e+02
   1.5216013e+02   1.4956645e+02   1.7924690e+02   2.2186879e+02   1.3434847e+02   1.5978259e+02
   1.5164229e+02   1.5007945e+02   1.7930149e+02   2.2197692e+02   1.3416054e+02   1.6019195e+02
   1.5243891e+02   1.4964314e+02   1.7868623e+02   2.2135095e+02   1.3404585e+02   1.5912864e+02
   1.5091165e+02   1.4880438e+02   1.7789030e+02   2.2080099e+02   1.3346549e+02   1.5818970e+02
   1.5101114e+02   1.4814870e+02   1.7806821e+02   2.2009695e+02   1.3374185e+02   1.5803459e+02
   1.5190622e+02   1.4781776e+02   1.7815803e+02   2.2051910e+02   1.3360021e+02   1.5734195e+02
   1.5245134e+02   1.4918265e+02   1.7782985e+02   2.2088597e+02   1.3343992e+02   1.5773577e+02
   1.5231247e+02   1.4928940e+02   1.7797563e+02   2.2045104e+02   1.3380438e+02   1.5678059e+02
   1.5181329e+02   1.4872596e+02   1.7849139e+02   2.2144906e+02   1.3365929e+02   1.5809159e+02
   1.5175663e+02   1.4827825e+02   1.7787476e+02   2.2130224e+02   1.3363476e+02   1.5810817e+02
   1.5155282e+02   1.4748647e+02   1.7824854e+02   2.2089392e+02   1.3346479e+02   1.5753886e+02
   1.5178323e+02   1.4775834e+02   1.7872181e+02   2.2069459e+02   1.3296389e+02   1.5837762e+02
   1.5179256e+02   1.4760461e+02   1.7790481e+02   2.2107977e+02   1.3244605e+02   1.5740241e+02
   1.5126954e+02   1.4755832e+02   1.7812798e+02   2.2022926e+02   1.3323334e+02   1.5691220e+02
   1.5186856e+02   1.4723601e+02   1.7736867e+02   2.1960019e+02   1.3296976e+02   1.5653255e+02
   1.5142051e+02   1.4774245e+02   1.7664183e+02   2.1976981e+02   1.3303263e+02   1.5818417e+02
   1.5161949e+02   1.4747023e+02   1.7834976e+02   2.2096681e+02   1.3284574e+02   1.5874519e+02
   1.5109163e+02   1.4702736e+02   1.7737730e+02   2.1979572e+02   1.3271827e+02   1.5684415e+02
   1.5126367e+02   1.4702390e+02   1.7596888e+02   2.1876211e+02   1.3267888e+02   1.5473929e+02
   1.5076691e+02   1.4723670e+02   1.7624732e+02   2.1785046e+02   1.3243188e+02   1.5421282e+02
   1.5046602e+02   1.4749061e+02   1.7650710e+02   2.1895419e+02   1.3262430e+02   1.5535628e+02
