   7.9572608e+01   1.2827486e+02   1.6053678e+02   1.9975828e+02   1.4918110e+02   1.7505071e+02
   7.9533473e+01   1.2824701e+02   1.6185642e+02   2.0057834e+02   1.4973145e+02   1.7588452e+02
   8.0254111e+01   1.2833903e+02   1.6273359e+02   2.0010978e+02   1.5010658e+02   1.7462270e+02
   7.9853600e+01   1.2970027e+02   1.6392455e+02   2.0082584e+02   1.4988763e+02   1.7486844e+02
   8.0420873e+01   1.3089193e+02   1.6507743e+02   2.0153695e+02   1.5009776e+02   1.7518821e+02
   8.0545327e+01   1.3141443e+02   1.6634524e+02   2.0243987e+02   1.5070910e+02   1.7574984e+02
   8.0862281e+01   1.3088770e+02   1.6668582e+02   2.0205804e+02   1.5049580e+02   1.7514026e+02
   8.0432507e+01   1.3051398e+02   1.6531893e+02   2.0107122e+02   1.4995039e+02   1.7518468e+02
   7.9716453e+01   1.2992168e+02   1.6415583e+02   2.0036433e+02   1.4906581e+02   1.7458321e+02
   7.9904369e+01   1.2994636e+02   1.6449570e+02   2.0047786e+02   1.4944305e+02   1.7491850e+02
   8.0199463e+01   1.3012969e+02   1.6449112e+02   2.0123481e+02   1.4905876e+02   1.7564196e+02
   8.0303469e+01   1.2942457e+02   1.6378917e+02   2.0119356e+02   1.4892620e+02   1.7537190e+02
   8.0396193e+01   1.2988466e+02   1.6442131e+02   2.0112904e+02   1.4938982e+02   1.7538177e+02
   8.0131066e+01   1.3022030e+02   1.6502736e+02   2.0129721e+02   1.4979949e+02   1.7515824e+02
   8.0827729e+01   1.3020373e+02   1.6463602e+02   2.0143224e+02   1.5061356e+02   1.7468264e+02
   8.0706095e+01   1.3014767e+02   1.6497483e+02   2.0190644e+02   1.5061955e+02   1.7543254e+02
   8.0270681e+01   1.3078475e+02   1.6555656e+02   2.0276599e+02   1.5134759e+02   1.7604987e+02
   8.0481866e+01   1.3073116e+02   1.6557948e+02   2.0215182e+02   1.5079513e+02   1.7571846e+02
   8.0817858e+01   1.3053337e+02   1.6509083e+02   2.0137548e+02   1.5045773e+02   1.7520831e+02
   8.0349302e+01   1.2982931e+02   1.6543881e+02   2.0114208e+02   1.5052330e+02   1.7389889e+02
   8.0565423e+01   1.2979793e+02   1.6439311e+02   2.0147103e+02   1.5046584e+02   1.7384354e+02
   7.9852190e+01   1.2973482e+02   1.6391045e+02   2.0177705e+02   1.5067984e+02   1.7453350e+02
   8.0173726e+01   1.3011453e+02   1.6459618e+02   2.0206932e+02   1.5018731e+02   1.7525520e+02
   8.0345424e+01   1.3085703e+02   1.6532211e+02   2.0207955e+02   1.5047359e+02   1.7474398e+02
   8.0331674e+01   1.3100722e+02   1.6548182e+02   2.0193182e+02   1.5028885e+02   1.7390524e+02
   8.0109207e+01   1.3078087e+02   1.6525477e+02   2.0068411e+02   1.5040555e+02   1.7369617e+02
   8.0156451e+01   1.3101462e+02   1.6491102e+02   2.0025574e+02   1.4979526e+02   1.7399902e+02
   7.9871580e+01   1.3063879e+02   1.6457785e+02   2.0016443e+02   1.4973321e+02   1.7331787e+02
   8.0017541e+01   1.3031020e+02   1.6468926e+02   2.0026985e+02   1.4973956e+02   1.7407552e+02
   7.9919529e+01   1.3105481e+02   1.6561332e+02   2.0134199e+02   1.5052295e+02   1.7394649e+02
   8.0496673e+01   1.3070648e+02   1.6505063e+02   2.0079763e+02   1.5034491e+02   1.7319905e+02
   7.9932221e+01   1.2975456e+02   1.6355436e+02   2.0015315e+02   1.4981818e+02   1.7276399e+02
   8.0112381e+01   1.2950495e+02   1.6285840e+02   1.9983267e+02   1.4956680e+02   1.7311655e+02
   8.0591865e+01   1.3044523e+02   1.6370737e+02   2.0025328e+02   1.5021869e+02   1.7439812e+02
   8.0667314e+01   1.3105235e+02   1.6475483e+02   2.0054097e+02   1.4972052e+02   1.7436604e+02
   8.0414526e+01   1.3131113e+02   1.6569829e+02   2.0097109e+02   1.4977658e+02   1.7415626e+02
   8.1601604e+01   1.3160234e+02   1.6588832e+02   2.0067847e+02   1.4999799e+02   1.7453421e+02
   8.1299810e+01   1.3148952e+02   1.6538522e+02   2.0087378e+02   1.4972299e+02   1.7371697e+02
   7.9929401e+01   1.3089405e+02   1.6444775e+02   2.0046693e+02   1.4967856e+02   1.7335489e+02
   7.9903664e+01   1.3074562e+02   1.6413468e+02   2.0079975e+02   1.4942472e+02   1.7325405e+02
   8.0219559e+01   1.3116869e+02   1.6432118e+02   2.0162439e+02   1.5037205e+02   1.7372754e+02
   8.0314751e+01   1.3060071e+02   1.6452919e+02   2.0085686e+02   1.5038651e+02   1.7360662e+02
   8.0866864e+01   1.3032219e+02   1.6384205e+02   1.9960632e+02   1.5022539e+02   1.7326005e+02
   8.0065842e+01   1.3159036e+02   1.6479996e+02   2.0108744e+02   1.5054622e+02   1.7358581e+02
   8.0134945e+01   1.3133475e+02   1.6483134e+02   2.0208801e+02   1.5028709e+02   1.7411501e+02
   8.1191221e+01   1.3095856e+02   1.6430320e+02   2.0120449e+02   1.5020529e+02   1.7413299e+02
   8.1130580e+01   1.3094235e+02   1.6418086e+02   1.9986898e+02   1.4958690e+02   1.7395142e+02
   8.1005421e+01   1.3206420e+02   1.6487576e+02   2.0007241e+02   1.5006497e+02   1.7332527e+02
   8.1758141e+01   1.3240548e+02   1.6518672e+02   2.0145869e+02   1.5035689e+02   1.7327838e+02
   8.1955929e+01   1.3187875e+02   1.6552941e+02   2.0128452e+02   1.5038263e+02   1.7484905e+02
   8.1780000e+01   1.3211779e+02   1.6488070e+02   2.0089494e+02   1.5010446e+02   1.7455501e+02
   8.1133401e+01   1.3240407e+02   1.6513736e+02   2.0095946e+02   1.5004347e+02   1.7409068e+02
   8.1699616e+01   1.3237833e+02   1.6497448e+02   2.0088965e+02   1.4997860e+02   1.7341941e+02
   8.0948658e+01   1.3196125e+02   1.6393231e+02   2.0031497e+02   1.4953648e+02   1.7336300e+02
   8.0849588e+01   1.3095363e+02   1.6309462e+02   1.9977168e+02   1.4951674e+02   1.7300021e+02
   8.0800582e+01   1.3082001e+02   1.6299907e+02   2.0005231e+02   1.4908661e+02   1.7391264e+02
   8.0433212e+01   1.3114436e+02   1.6373593e+02   2.0025751e+02   1.4992571e+02   1.7373495e+02
   8.1522982e+01   1.3150257e+02   1.6432929e+02   2.0055084e+02   1.4999481e+02   1.7362389e+02
   8.1217311e+01   1.3102308e+02   1.6384029e+02   2.0032132e+02   1.5005581e+02   1.7408645e+02
   8.0338373e+01   1.3130161e+02   1.6324869e+02   2.0033295e+02   1.4974943e+02   1.7388338e+02
   8.0729365e+01   1.3052174e+02   1.6306959e+02   2.0019299e+02   1.4990138e+02   1.7394508e+02
   8.0501609e+01   1.2966678e+02   1.6212613e+02   1.9947200e+02   1.4966799e+02   1.7370780e+02
   8.1400643e+01   1.3013533e+02   1.6322965e+02   1.9974594e+02   1.4985379e+02   1.7372331e+02
   8.0687057e+01   1.3009514e+02   1.6315878e+02   2.0038478e+02   1.4971417e+02   1.7373213e+02
   8.1095677e+01   1.2982790e+02   1.6269411e+02   1.9929360e+02   1.4880492e+02   1.7323114e+02
   8.0700454e+01   1.3085280e+02   1.6264545e+02   1.9995642e+02   1.4885639e+02   1.7316168e+02
   8.1171125e+01   1.3110770e+02   1.6189027e+02   1.9985241e+02   1.4827642e+02   1.7289444e+02
   8.1850513e+01   1.3046850e+02   1.6247305e+02   2.0019616e+02   1.4880985e+02   1.7353998e+02
   8.0253405e+01   1.3066453e+02   1.6242228e+02   1.9894633e+02   1.4906581e+02   1.7371767e+02
   8.0798114e+01   1.2978488e+02   1.6217267e+02   1.9889133e+02   1.4942648e+02   1.7307037e+02
   8.0289367e+01   1.3035533e+02   1.6231510e+02   1.9910427e+02   1.4956751e+02   1.7255810e+02
   8.0635583e+01   1.2964527e+02   1.6099652e+02   1.9881694e+02   1.4946844e+02   1.7246925e+02
   8.1003306e+01   1.2940976e+02   1.6101168e+02   1.9925834e+02   1.4933869e+02   1.7213537e+02
   8.1109779e+01   1.3064126e+02   1.6257036e+02   1.9991623e+02   1.4962180e+02   1.7356819e+02
   8.0961351e+01   1.3062116e+02   1.6331356e+02   2.0050183e+02   1.4917969e+02   1.7370956e+02
   8.0608436e+01   1.3011418e+02   1.6244379e+02   1.9992857e+02   1.4874427e+02   1.7418270e+02
   8.0931383e+01   1.3056616e+02   1.6256084e+02   1.9919030e+02   1.4920754e+02   1.7293886e+02
   8.1650962e+01   1.3112180e+02   1.6322260e+02   1.9987850e+02   1.4930837e+02   1.7363024e+02
   8.1650257e+01   1.3093071e+02   1.6320497e+02   2.0017078e+02   1.4916805e+02   1.7521324e+02
   8.1995063e+01   1.3105975e+02   1.6347257e+02   1.9969834e+02   1.4850277e+02   1.7482824e+02
   8.1477149e+01   1.3115318e+02   1.6366683e+02   1.9954462e+02   1.4892549e+02   1.7414110e+02
   8.1507822e+01   1.3085139e+02   1.6310167e+02   1.9932463e+02   1.4958161e+02   1.7331223e+02
   8.1244458e+01   1.3060459e+02   1.6219030e+02   1.9944027e+02   1.4914196e+02   1.7287752e+02
   8.0733595e+01   1.3027706e+02   1.6204575e+02   1.9895902e+02   1.4922305e+02   1.7343104e+02
   8.0459302e+01   1.3062645e+02   1.6217831e+02   1.9912931e+02   1.4964507e+02   1.7332210e+02
   8.2393811e+01   1.3035886e+02   1.6188110e+02   1.9970046e+02   1.4923645e+02   1.7390770e+02
   8.1521572e+01   1.3005530e+02   1.6184196e+02   1.9873514e+02   1.4844142e+02   1.7362565e+02
   8.1398175e+01   1.3077276e+02   1.6212719e+02   1.9956155e+02   1.4949488e+02   1.7328473e+02
   8.1172183e+01   1.3060142e+02   1.6173443e+02   1.9867873e+02   1.4868575e+02   1.7327485e+02
   8.1647789e+01   1.3036344e+02   1.6148975e+02   1.9854828e+02   1.4909719e+02   1.7358229e+02
   8.1313208e+01   1.3009479e+02   1.6152713e+02   1.9904363e+02   1.4903443e+02   1.7394508e+02
   8.1084747e+01   1.3033171e+02   1.6264052e+02   1.9989049e+02   1.4967504e+02   1.7400536e+02
   8.0821031e+01   1.3049142e+02   1.6294196e+02   2.0000014e+02   1.4963238e+02   1.7327415e+02
   8.0742762e+01   1.3055700e+02   1.6246001e+02   2.0006430e+02   1.4958866e+02   1.7405084e+02
   8.1058658e+01   1.2985892e+02   1.6216632e+02   2.0014574e+02   1.4925373e+02   1.7424440e+02
   8.1400291e+01   1.3046251e+02   1.6290000e+02   2.0111388e+02   1.4922623e+02   1.7459591e+02
   8.1844167e+01   1.3094975e+02   1.6349266e+02   2.0033472e+02   1.4933693e+02   1.7306014e+02
   8.1483848e+01   1.3020937e+02   1.6294936e+02   1.9944697e+02   1.4955341e+02   1.7266351e+02
   8.1052664e+01   1.3042796e+02   1.6235036e+02   1.9971950e+02   1.4946667e+02   1.7307037e+02
   8.0450135e+01   1.3009761e+02   1.6170975e+02   1.9976921e+02   1.4912998e+02   1.7287575e+02
   8.1413688e+01   1.2988466e+02   1.6145556e+02   1.9913248e+02   1.4924315e+02   1.7374200e+02
   8.1511700e+01   1.3076642e+02   1.6211591e+02   1.9886524e+02   1.4924139e+02   1.7248582e+02
   8.1203913e+01   1.3082247e+02   1.6224671e+02   1.9912931e+02   1.4928616e+02   1.7273543e+02
   8.1715834e+01   1.3149622e+02   1.6222661e+02   2.0034388e+02   1.4962850e+02   1.7258348e+02
   8.1172888e+01   1.3160411e+02   1.6268741e+02   1.9997052e+02   1.4983158e+02   1.7323466e+02
   8.1549072e+01   1.3108584e+02   1.6295923e+02   2.0000049e+02   1.4918886e+02   1.7342998e+02
   8.0880966e+01   1.3090356e+02   1.6231898e+02   1.9973254e+02   1.4841674e+02   1.7297659e+02
   8.2072627e+01   1.3083411e+02   1.6243145e+02   1.9928232e+02   1.4828136e+02   1.7332280e+02
   8.1719007e+01   1.3157343e+02   1.6328747e+02   2.0034741e+02   1.4819251e+02   1.7445206e+02
   8.1973910e+01   1.3117892e+02   1.6334282e+02   2.0025363e+02   1.4760233e+02   1.7547978e+02
   8.2062755e+01   1.3046462e+02   1.6255061e+02   1.9993280e+02   1.4816995e+02   1.7440164e+02
   8.2130095e+01   1.3019985e+02   1.6180706e+02   1.9872739e+02   1.4892443e+02   1.7313101e+02
   8.1697501e+01   1.3018187e+02   1.6136601e+02   1.9952559e+02   1.4856306e+02   1.7372684e+02
   8.1885064e+01   1.3059754e+02   1.6255661e+02   1.9976286e+02   1.4930767e+02   1.7334008e+02
   8.1924198e+01   1.3075655e+02   1.6215328e+02   1.9900908e+02   1.4939510e+02   1.7315780e+02
   8.1920320e+01   1.2910796e+02   1.5996915e+02   1.9817034e+02   1.4868011e+02   1.7253201e+02
   8.1102728e+01   1.2963928e+02   1.5992896e+02   1.9826623e+02   1.4829370e+02   1.7187095e+02
   8.1469393e+01   1.2982437e+02   1.6086960e+02   1.9914517e+02   1.4828242e+02   1.7293569e+02
   8.1546251e+01   1.2943021e+02   1.6069790e+02   1.9913142e+02   1.4822001e+02   1.7349133e+02
   8.0572827e+01   1.3017799e+02   1.6010207e+02   1.9806245e+02   1.4821755e+02   1.7173804e+02
   8.0974748e+01   1.3019738e+02   1.5938919e+02   1.9756605e+02   1.4777508e+02   1.7231024e+02
   8.0972633e+01   1.2960896e+02   1.5979569e+02   1.9805505e+02   1.4819498e+02   1.7319800e+02
   8.0258694e+01   1.2954761e+02   1.5988101e+02   1.9918113e+02   1.4805078e+02   1.7356114e+02
   8.1992595e+01   1.2939460e+02   1.6068697e+02   1.9967155e+02   1.4794784e+02   1.7371767e+02
   8.1774007e+01   1.2949508e+02   1.6135543e+02   1.9981363e+02   1.4774864e+02   1.7410831e+02
   8.0922569e+01   1.2954867e+02   1.6131700e+02   1.9970116e+02   1.4786322e+02   1.7422043e+02
   8.1398175e+01   1.3077911e+02   1.6107091e+02   2.0035904e+02   1.4782761e+02   1.7256656e+02
   8.1848750e+01   1.3079251e+02   1.6071412e+02   2.0025222e+02   1.4772008e+02   1.7411572e+02
   8.2044775e+01   1.3088241e+02   1.6203341e+02   2.0077718e+02   1.4863710e+02   1.7510219e+02
   8.2044069e+01   1.3090427e+02   1.6245084e+02   2.0167128e+02   1.4847633e+02   1.7509760e+02
   8.1298048e+01   1.3049177e+02   1.6181094e+02   2.0038901e+02   1.4853344e+02   1.7432091e+02
   8.2508747e+01   1.3008491e+02   1.6124226e+02   1.9938773e+02   1.4857046e+02   1.7368876e+02
   8.1428143e+01   1.2994318e+02   1.6095562e+02   1.9926998e+02   1.4874251e+02   1.7348322e+02
   8.1399938e+01   1.2927085e+02   1.6029281e+02   1.9933027e+02   1.4816466e+02   1.7391440e+02
   8.1245163e+01   1.3109888e+02   1.6147565e+02   1.9933450e+02   1.4864274e+02   1.7326816e+02
   8.1655546e+01   1.3078757e+02   1.6175700e+02   1.9965639e+02   1.4883911e+02   1.7383085e+02
   8.1631219e+01   1.3079251e+02   1.6207466e+02   1.9966344e+02   1.4810226e+02   1.7425427e+02
   8.2243972e+01   1.3050376e+02   1.6185148e+02   1.9995113e+02   1.4819146e+02   1.7434241e+02
   8.1791635e+01   1.2955114e+02   1.6050117e+02   1.9930594e+02   1.4780117e+02   1.7445030e+02
   8.1713366e+01   1.2943726e+02   1.6065171e+02   1.9921604e+02   1.4830604e+02   1.7398774e+02
   8.1604424e+01   1.3028693e+02   1.6126764e+02   2.0030122e+02   1.4826902e+02   1.7463504e+02
   8.1542021e+01   1.3019456e+02   1.6182962e+02   2.0096369e+02   1.4820098e+02   1.7464174e+02
   8.1788462e+01   1.3014943e+02   1.6189837e+02   1.9976885e+02   1.4871008e+02   1.7413440e+02
   8.2867655e+01   1.3028517e+02   1.6222344e+02   1.9948469e+02   1.4898754e+02   1.7342610e+02
   8.1832885e+01   1.3026719e+02   1.6206831e+02   1.9963277e+02   1.4936796e+02   1.7329777e+02
   8.1424617e+01   1.3010431e+02   1.6228796e+02   1.9936517e+02   1.4901751e+02   1.7292265e+02
   8.1036799e+01   1.2990793e+02   1.6156344e+02   1.9845485e+02   1.4821050e+02   1.7350649e+02
   8.2000704e+01   1.2929517e+02   1.6081918e+02   1.9787736e+02   1.4834376e+02   1.7452927e+02
   8.2326472e+01   1.2989665e+02   1.6180354e+02   1.9926504e+02   1.4844636e+02   1.7429975e+02
   8.3200826e+01   1.3008139e+02   1.6270609e+02   1.9995994e+02   1.4870972e+02   1.7436004e+02
   8.2388875e+01   1.2912136e+02   1.6138998e+02   1.9951818e+02   1.4791258e+02   1.7398950e+02
   8.1583623e+01   1.2907024e+02   1.6052620e+02   1.9806668e+02   1.4769152e+02   1.7351707e+02
   8.0407475e+01   1.2945912e+02   1.6005870e+02   1.9724627e+02   1.4821755e+02   1.7227287e+02
   8.0585872e+01   1.2925251e+02   1.6154546e+02   1.9760730e+02   1.4766297e+02   1.7285108e+02
   8.0447667e+01   1.2887880e+02   1.6201260e+02   1.9874184e+02   1.4811707e+02   1.7338344e+02
   8.0658852e+01   1.2961001e+02   1.6143758e+02   1.9750153e+02   1.4762031e+02   1.7154272e+02
   8.0838306e+01   1.2897011e+02   1.5951435e+02   1.9679711e+02   1.4732768e+02   1.7163720e+02
   7.9972766e+01   1.2956277e+02   1.5936698e+02   1.9709185e+02   1.4714752e+02   1.7164990e+02
   8.0732538e+01   1.2968088e+02   1.6062034e+02   1.9751669e+02   1.4803774e+02   1.7210082e+02
   8.2173460e+01   1.2978383e+02   1.6206972e+02   1.9869213e+02   1.4809662e+02   1.7344902e+02
   8.0872505e+01   1.2925886e+02   1.6220017e+02   1.9844745e+02   1.4779377e+02   1.7406318e+02
   8.0931030e+01   1.2958216e+02   1.6184126e+02   1.9815623e+02   1.4794079e+02   1.7386469e+02
   8.1393239e+01   1.2962271e+02   1.6221004e+02   1.9830643e+02   1.4828559e+02   1.7279502e+02
   8.2262306e+01   1.3045722e+02   1.6273465e+02   1.9953652e+02   1.4856517e+02   1.7375293e+02
   8.1894583e+01   1.3124097e+02   1.6392808e+02   2.0086003e+02   1.4903831e+02   1.7387280e+02
   8.1147856e+01   1.3091731e+02   1.6282209e+02   2.0024904e+02   1.4888600e+02   1.7325405e+02
   8.0194880e+01   1.3009620e+02   1.6150068e+02   1.9897488e+02   1.4845905e+02   1.7233669e+02
   8.1696443e+01   1.3073010e+02   1.6251395e+02   1.9866040e+02   1.4763723e+02   1.7371732e+02
   8.1723238e+01   1.3082424e+02   1.6320638e+02   1.9901931e+02   1.4788226e+02   1.7389889e+02
   8.0952889e+01   1.3047273e+02   1.6234190e+02   1.9900274e+02   1.4841110e+02   1.7376809e+02
   8.0793883e+01   1.2982190e+02   1.6065594e+02   1.9819325e+02   1.4800636e+02   1.7249992e+02
   8.1321317e+01   1.2996434e+02   1.6117104e+02   1.9861915e+02   1.4816748e+02   1.7302277e+02
   8.1751443e+01   1.2985258e+02   1.6154440e+02   1.9860011e+02   1.4814809e+02   1.7231483e+02
   8.0292187e+01   1.2954408e+02   1.6141536e+02   1.9861033e+02   1.4821755e+02   1.7250521e+02
   8.0822441e+01   1.3032607e+02   1.6129161e+02   1.9831982e+02   1.4823447e+02   1.7257044e+02
   8.1446476e+01   1.3047414e+02   1.6129972e+02   1.9793906e+02   1.4741335e+02   1.7257995e+02
   8.1931955e+01   1.3082036e+02   1.6196536e+02   1.9945613e+02   1.4842803e+02   1.7382238e+02
   8.1986602e+01   1.3063280e+02   1.6331885e+02   1.9997087e+02   1.4878376e+02   1.7418623e+02
   8.1463047e+01   1.3130302e+02   1.6422952e+02   1.9963241e+02   1.4874639e+02   1.7430081e+02
   8.1511700e+01   1.3124308e+02   1.6400987e+02   1.9988520e+02   1.4857998e+02   1.7410373e+02
   8.0837601e+01   1.3039164e+02   1.6351734e+02   1.9946777e+02   1.4873899e+02   1.7441645e+02
   8.1641443e+01   1.3071494e+02   1.6333789e+02   1.9966520e+02   1.4837021e+02   1.7349415e+02
   8.1087920e+01   1.3001334e+02   1.6192869e+02   1.9885854e+02   1.4807300e+02   1.7365492e+02
   8.0971575e+01   1.2927649e+02   1.6128174e+02   1.9849928e+02   1.4820133e+02   1.7342152e+02
   8.0941255e+01   1.2955255e+02   1.6216280e+02   1.9905738e+02   1.4835223e+02   1.7300162e+02
   8.1007184e+01   1.2971966e+02   1.6144674e+02   1.9883104e+02   1.4836457e+02   1.7293216e+02
   8.0705038e+01   1.2901841e+02   1.5986127e+02   1.9806034e+02   1.4764393e+02   1.7325687e+02
   8.1115068e+01   1.2990546e+02   1.6123027e+02   1.9855992e+02   1.4786745e+02   1.7368488e+02
   8.1522277e+01   1.3048296e+02   1.6172174e+02   1.9804976e+02   1.4782902e+02   1.7304957e+02
   8.1034331e+01   1.2921091e+02   1.6147107e+02   1.9839880e+02   1.4810649e+02   1.7391546e+02
   8.1378784e+01   1.2851672e+02   1.6105857e+02   1.9850210e+02   1.4761220e+02   1.7374306e+02
   8.1665770e+01   1.2989911e+02   1.6112379e+02   1.9830184e+02   1.4794889e+02   1.7335912e+02
   8.1789519e+01   1.3003908e+02   1.6122181e+02   1.9877745e+02   1.4823412e+02   1.7344796e+02
   8.1332246e+01   1.3013004e+02   1.6205174e+02   2.0009533e+02   1.4843684e+02   1.7420527e+02
   8.1147503e+01   1.3040011e+02   1.6281292e+02   2.0048773e+02   1.4885639e+02   1.7434735e+02
   8.1624520e+01   1.3042619e+02   1.6283654e+02   1.9927033e+02   1.4832085e+02   1.7360521e+02
   8.0836544e+01   1.2941434e+02   1.6145661e+02   1.9766512e+02   1.4813646e+02   1.7364187e+02
   8.0092990e+01   1.2919293e+02   1.6099194e+02   1.9831665e+02   1.4768130e+02   1.7285249e+02
   8.1373496e+01   1.2935158e+02   1.6189379e+02   1.9948927e+02   1.4813716e+02   1.7397187e+02
   8.1606892e+01   1.2945312e+02   1.6263558e+02   2.0017924e+02   1.4799931e+02   1.7518151e+02
   8.1007536e+01   1.3090427e+02   1.6382936e+02   1.9944943e+02   1.4773313e+02   1.7407623e+02
   8.0995902e+01   1.3051046e+02   1.6322718e+02   1.9875277e+02   1.4768870e+02   1.7362671e+02
   8.0163855e+01   1.3051434e+02   1.6303010e+02   1.9806492e+02   1.4783678e+02   1.7286059e+02
   8.0466706e+01   1.3067228e+02   1.6315314e+02   1.9917620e+02   1.4847069e+02   1.7384777e+02
   8.1190516e+01   1.3019985e+02   1.6248151e+02   1.9843370e+02   1.4842521e+02   1.7402828e+02
   8.0589397e+01   1.2944572e+02   1.6139562e+02   1.9828139e+02   1.4819146e+02   1.7339261e+02
   8.0674365e+01   1.2911854e+02   1.6080050e+02   1.9855251e+02   1.4809944e+02   1.7230919e+02
   8.0498436e+01   1.2956700e+02   1.6228337e+02   1.9979353e+02   1.4823200e+02   1.7320434e+02
   8.0759685e+01   1.2929623e+02   1.6253122e+02   1.9881130e+02   1.4754592e+02   1.7344338e+02
   8.0547795e+01   1.2985434e+02   1.6227773e+02   1.9920440e+02   1.4804832e+02   1.7403357e+02
   8.0035522e+01   1.2974504e+02   1.6160116e+02   1.9919594e+02   1.4815268e+02   1.7290361e+02
   8.0346834e+01   1.3027882e+02   1.6288061e+02   1.9959363e+02   1.4834130e+02   1.7341553e+02
   8.0522058e+01   1.3037437e+02   1.6325257e+02   1.9904822e+02   1.4859162e+02   1.7362354e+02
   7.9858183e+01   1.2988889e+02   1.6288978e+02   1.9876687e+02   1.4865472e+02   1.7387597e+02
   8.0580583e+01   1.3016036e+02   1.6211132e+02   1.9827575e+02   1.4811037e+02   1.7313312e+02
   7.9809882e+01   1.2996927e+02   1.6221357e+02   1.9791156e+02   1.4814985e+02   1.7249922e+02
   7.9726677e+01   1.2987408e+02   1.6171222e+02   1.9795633e+02   1.4774723e+02   1.7194852e+02
   8.0387732e+01   1.2940729e+02   1.6185889e+02   1.9841114e+02   1.4807370e+02   1.7291207e+02
   8.1405227e+01   1.2986703e+02   1.6259610e+02   1.9844005e+02   1.4813857e+02   1.7406565e+02
   8.1198978e+01   1.2924899e+02   1.6144709e+02   1.9830466e+02   1.4784700e+02   1.7382591e+02
   8.0924332e+01   1.2922043e+02   1.6158248e+02   1.9931652e+02   1.4887613e+02   1.7351037e+02
   8.1299105e+01   1.2933325e+02   1.6344859e+02   2.0069468e+02   1.4915078e+02   1.7371027e+02
   8.0382091e+01   1.2924934e+02   1.6342567e+02   1.9935812e+02   1.4849678e+02   1.7255210e+02
   7.9630428e+01   1.2955396e+02   1.6253475e+02   1.9860364e+02   1.4822284e+02   1.7339966e+02
   8.0695519e+01   1.2968476e+02   1.6260244e+02   1.9938915e+02   1.4816572e+02   1.7331646e+02
   8.1149971e+01   1.2870181e+02   1.6148094e+02   1.9876969e+02   1.4760515e+02   1.7314405e+02
   8.0318629e+01   1.2868066e+02   1.6097008e+02   1.9786149e+02   1.4685031e+02   1.7426555e+02
   8.0603500e+01   1.2932021e+02   1.6168437e+02   1.9808149e+02   1.4683374e+02   1.7401418e+02
   8.0906703e+01   1.2891018e+02   1.6176722e+02   1.9850492e+02   1.4739749e+02   1.7384248e+02
   8.0841479e+01   1.2933995e+02   1.6261161e+02   1.9995465e+02   1.4794325e+02   1.7449684e+02
   8.0095105e+01   1.2972847e+02   1.6356564e+02   2.0014469e+02   1.4855354e+02   1.7455642e+02
   8.0778723e+01   1.2907518e+02   1.6349865e+02   1.9990177e+02   1.4854155e+02   1.7486597e+02
   8.0161034e+01   1.2987161e+02   1.6316619e+02   1.9907431e+02   1.4764005e+02   1.7432020e+02
   8.0790710e+01   1.3029680e+02   1.6316196e+02   1.9953863e+02   1.4787944e+02   1.7439812e+02
   8.1164426e+01   1.3070648e+02   1.6420801e+02   2.0016443e+02   1.4884052e+02   1.7515049e+02
   8.0632057e+01   1.3037543e+02   1.6475166e+02   2.0012741e+02   1.4954001e+02   1.7489065e+02
   8.0739941e+01   1.2991357e+02   1.6431801e+02   1.9931299e+02   1.4960206e+02   1.7460825e+02
   8.1714071e+01   1.2986738e+02   1.6409166e+02   1.9954886e+02   1.4911235e+02   1.7426203e+02
   8.0595743e+01   1.3059225e+02   1.6332061e+02   1.9974946e+02   1.4903690e+02   1.7262790e+02
   8.0241418e+01   1.3045969e+02   1.6313199e+02   1.9935706e+02   1.4883841e+02   1.7361049e+02
   8.0699044e+01   1.3066347e+02   1.6382125e+02   2.0051911e+02   1.4936267e+02   1.7433642e+02
   8.1390419e+01   1.3117856e+02   1.6521951e+02   2.0160112e+02   1.4960840e+02   1.7529750e+02
   8.0292187e+01   1.2965021e+02   1.6384875e+02   1.9935882e+02   1.4907286e+02   1.7387703e+02
   8.0260457e+01   1.2893415e+02   1.6218007e+02   1.9749694e+02   1.4841921e+02   1.7279008e+02
   8.0444142e+01   1.2885095e+02   1.6114883e+02   1.9689864e+02   1.4779447e+02   1.7230284e+02
   8.0303469e+01   1.2971120e+02   1.6158107e+02   1.9786467e+02   1.4829687e+02   1.7215723e+02
   8.0655679e+01   1.3019245e+02   1.6286933e+02   1.9896783e+02   1.4815867e+02   1.7335594e+02
   8.0338020e+01   1.3007504e+02   1.6319228e+02   2.0014222e+02   1.4893219e+02   1.7413863e+02
   8.0059144e+01   1.2939530e+02   1.6255238e+02   2.0034670e+02   1.4881584e+02   1.7373953e+02
   8.0768852e+01   1.2994142e+02   1.6301282e+02   1.9971738e+02   1.4884722e+02   1.7457581e+02
   8.0935966e+01   1.2948803e+02   1.6299379e+02   1.9911873e+02   1.4864767e+02   1.7428530e+02
   8.0557314e+01   1.2973447e+02   1.6359631e+02   1.9892341e+02   1.4808040e+02   1.7381004e+02
   8.0534398e+01   1.2934912e+02   1.6339535e+02   1.9896960e+02   1.4796405e+02   1.7385799e+02
   7.9797190e+01   1.2991886e+02   1.6314539e+02   1.9879614e+02   1.4860360e+02   1.7335876e+02
   7.9862414e+01   1.2942633e+02   1.6318875e+02   1.9913460e+02   1.4834094e+02   1.7356043e+02
   8.0267508e+01   1.2884954e+02   1.6314821e+02   1.9923437e+02   1.4880809e+02   1.7394085e+02
   8.0802698e+01   1.2869018e+02   1.6216914e+02   1.9836495e+02   1.4863533e+02   1.7325018e+02
   7.9565556e+01   1.2809117e+02   1.6155498e+02   1.9824332e+02   1.4851687e+02   1.7206310e+02
   8.0193470e+01   1.2876774e+02   1.6245119e+02   1.9883668e+02   1.4821155e+02   1.7315745e+02
   7.9881100e+01   1.2884495e+02   1.6231828e+02   1.9942511e+02   1.4832543e+02   1.7357947e+02
   7.9901901e+01   1.2828015e+02   1.6231757e+02   1.9899956e+02   1.4867270e+02   1.7354421e+02
   7.9963952e+01   1.2795050e+02   1.6223578e+02   1.9856450e+02   1.4766755e+02   1.7307813e+02
   8.0720551e+01   1.2857207e+02   1.6210991e+02   1.9792249e+02   1.4824117e+02   1.7169925e+02
   8.1189811e+01   1.2894402e+02   1.6274805e+02   1.9871364e+02   1.4805184e+02   1.7380476e+02
   8.1410868e+01   1.2916402e+02   1.6370913e+02   2.0060831e+02   1.4875309e+02   1.7485469e+02
   8.0928915e+01   1.2925075e+02   1.6414702e+02   2.0067635e+02   1.4932318e+02   1.7467770e+02
   8.0960293e+01   1.2916050e+02   1.6483557e+02   2.0016020e+02   1.4885322e+02   1.7540010e+02
   8.0505840e+01   1.2881005e+02   1.6332590e+02   1.9882258e+02   1.4798732e+02   1.7380158e+02
   8.0839011e+01   1.2840002e+02   1.6217725e+02   1.9705589e+02   1.4794184e+02   1.7356255e+02
   8.0144816e+01   1.2791701e+02   1.6160822e+02   1.9822886e+02   1.4831521e+02   1.7456453e+02
   8.0765679e+01   1.2892957e+02   1.6355119e+02   1.9939056e+02   1.4850488e+02   1.7455853e+02
   8.0736768e+01   1.2924969e+02   1.6358891e+02   1.9951854e+02   1.4869456e+02   1.7530138e+02
   8.0639814e+01   1.2974998e+02   1.6449535e+02   1.9908770e+02   1.4860466e+02   1.7486667e+02
   8.0413821e+01   1.2923841e+02   1.6393019e+02   1.9901649e+02   1.4832825e+02   1.7423312e+02
   7.9704113e+01   1.2864117e+02   1.6257882e+02   1.9790063e+02   1.4798203e+02   1.7272098e+02
   7.9544403e+01   1.2741708e+02   1.6155322e+02   1.9652563e+02   1.4781069e+02   1.7254505e+02
   8.0076419e+01   1.2642955e+02   1.6098771e+02   1.9682179e+02   1.4769047e+02   1.7321562e+02
   8.0397603e+01   1.2789233e+02   1.6164100e+02   1.9834486e+02   1.4805361e+02   1.7345995e+02
   8.0281610e+01   1.2887809e+02   1.6274100e+02   1.9891777e+02   1.4873158e+02   1.7327344e+02
   8.0574942e+01   1.2823749e+02   1.6192764e+02   1.9982350e+02   1.4883418e+02   1.7330941e+02
   7.9850779e+01   1.2730990e+02   1.6172844e+02   1.9984712e+02   1.4932036e+02   1.7360521e+02
   7.9875811e+01   1.2751474e+02   1.6149751e+02   2.0002094e+02   1.4891421e+02   1.7334643e+02
   7.9346615e+01   1.2795685e+02   1.6164312e+02   1.9896501e+02   1.4912892e+02   1.7395742e+02
   8.0439558e+01   1.2919469e+02   1.6293173e+02   1.9956437e+02   1.4923398e+02   1.7443091e+02
   8.0906703e+01   1.3008844e+02   1.6433070e+02   1.9918536e+02   1.4877389e+02   1.7470626e+02
   8.0254111e+01   1.2947146e+02   1.6351135e+02   1.9844957e+02   1.4855178e+02   1.7526859e+02
   8.0456834e+01   1.2871909e+02   1.6302939e+02   1.9936023e+02   1.4871572e+02   1.7461107e+02
   8.0645102e+01   1.2934982e+02   1.6453871e+02   2.0063968e+02   1.4979103e+02   1.7539375e+02
   8.0604558e+01   1.2970979e+02   1.6542999e+02   2.0138253e+02   1.4943847e+02   1.7602308e+02
   8.1281830e+01   1.2943444e+02   1.6529390e+02   2.0095628e+02   1.4869386e+02   1.7560952e+02
   8.1010004e+01   1.2927014e+02   1.6401128e+02   2.0012318e+02   1.4841745e+02   1.7398985e+02
   8.0429334e+01   1.2864611e+02   1.6284218e+02   2.0024975e+02   1.4896498e+02   1.7413581e+02
   8.0049272e+01   1.2807531e+02   1.6214905e+02   2.0067670e+02   1.4932600e+02   1.7394790e+02
   8.0849941e+01   1.2839579e+02   1.6210780e+02   2.0074334e+02   1.5016052e+02   1.7359886e+02
   8.0277732e+01   1.2861226e+02   1.6249949e+02   2.0108356e+02   1.5057795e+02   1.7359956e+02
   8.0175489e+01   1.2796813e+02   1.6276920e+02   2.0079622e+02   1.5028215e+02   1.7396517e+02
   8.0260809e+01   1.2841729e+02   1.6296311e+02   2.0007100e+02   1.4941132e+02   1.7414251e+02
   8.0617602e+01   1.2934066e+02   1.6326279e+02   1.9890085e+02   1.4896956e+02   1.7409879e+02
   7.9961484e+01   1.2882239e+02   1.6264158e+02   1.9832441e+02   1.4880597e+02   1.7355444e+02
   7.9781325e+01   1.2852201e+02   1.6236305e+02   1.9874713e+02   1.4872841e+02   1.7345290e+02
   7.9836677e+01   1.2820188e+02   1.6247587e+02   1.9872915e+02   1.4857963e+02   1.7363976e+02
   7.9176328e+01   1.2759547e+02   1.6228055e+02   1.9903658e+02   1.4868152e+02   1.7303476e+02
   8.0184303e+01   1.2777986e+02   1.6283795e+02   2.0015879e+02   1.4957844e+02   1.7494212e+02
   8.0414174e+01   1.2721647e+02   1.6267472e+02   2.0067106e+02   1.4894735e+02   1.7526366e+02
   7.9644178e+01   1.2850156e+02   1.6351064e+02   2.0032626e+02   1.4899741e+02   1.7441504e+02
   8.0062669e+01   1.2873460e+02   1.6342673e+02   1.9965357e+02   1.4880915e+02   1.7406142e+02
   7.8897451e+01   1.2762897e+02   1.6277308e+02   1.9848130e+02   1.4857258e+02   1.7306367e+02
   7.9054694e+01   1.2824665e+02   1.6270292e+02   1.9973219e+02   1.4906652e+02   1.7386293e+02
   7.9481294e+01   1.2884425e+02   1.6403243e+02   2.0105853e+02   1.4953507e+02   1.7495799e+02
   8.0867216e+01   1.2860909e+02   1.6456692e+02   2.0047433e+02   1.4925972e+02   1.7517622e+02
   8.0782249e+01   1.2826428e+02   1.6410189e+02   1.9986440e+02   1.4877389e+02   1.7373142e+02
   8.0425456e+01   1.2838063e+02   1.6381843e+02   1.9987815e+02   1.4898331e+02   1.7343915e+02
   8.0817858e+01   1.2847723e+02   1.6322824e+02   2.0106593e+02   1.4968385e+02   1.7438120e+02
   8.0557314e+01   1.2738288e+02   1.6365907e+02   2.0219237e+02   1.5015946e+02   1.7430680e+02
   8.0598917e+01   1.2787823e+02   1.6506932e+02   2.0222657e+02   1.5055680e+02   1.7485680e+02
   7.9582127e+01   1.2765223e+02   1.6341157e+02   2.0043273e+02   1.4933270e+02   1.7390559e+02
   8.0444847e+01   1.2684205e+02   1.6246741e+02   1.9808114e+02   1.4866036e+02   1.7390629e+02
   7.9875106e+01   1.2762932e+02   1.6278718e+02   1.9913777e+02   1.4902562e+02   1.7386927e+02
   8.0336963e+01   1.2755563e+02   1.6251677e+02   1.9909229e+02   1.4780611e+02   1.7481661e+02
   8.0186771e+01   1.2761416e+02   1.6097713e+02   1.9837659e+02   1.4701355e+02   1.7393415e+02
   7.9969945e+01   1.2705288e+02   1.6101979e+02   1.9795563e+02   1.4780223e+02   1.7342963e+02
   7.8891457e+01   1.2736490e+02   1.6138399e+02   1.9830925e+02   1.4824223e+02   1.7309364e+02
   7.9309244e+01   1.2757256e+02   1.6274382e+02   1.9900309e+02   1.4843120e+02   1.7346207e+02
   7.9260237e+01   1.2731871e+02   1.6321802e+02   2.0001706e+02   1.4882219e+02   1.7490546e+02
   7.9663569e+01   1.2859252e+02   1.6316654e+02   1.9927033e+02   1.4831908e+02   1.7398562e+02
   7.9381166e+01   1.2876986e+02   1.6353426e+02   1.9897312e+02   1.4862828e+02   1.7421091e+02
   7.9789433e+01   1.2798329e+02   1.6286722e+02   1.9889767e+02   1.4886908e+02   1.7448203e+02
   7.9623729e+01   1.2712128e+02   1.6240501e+02   1.9874466e+02   1.4897097e+02   1.7435123e+02
   8.0079592e+01   1.2756445e+02   1.6288167e+02   1.9954780e+02   1.5001068e+02   1.7416966e+02
   8.0054913e+01   1.2782675e+02   1.6338125e+02   2.0006747e+02   1.4997049e+02   1.7428036e+02
   7.9951260e+01   1.2707403e+02   1.6306782e+02   1.9945155e+02   1.4918604e+02   1.7343457e+02
   7.9609979e+01   1.2778268e+02   1.6246036e+02   1.9831348e+02   1.4859091e+02   1.7349626e+02
   7.9577896e+01   1.2791771e+02   1.6263029e+02   1.9912825e+02   1.4870867e+02   1.7323995e+02
   7.8758541e+01   1.2734127e+02   1.6238879e+02   1.9938632e+02   1.4924527e+02   1.7300797e+02
   8.0179015e+01   1.2739451e+02   1.6288238e+02   1.9917867e+02   1.4944482e+02   1.7308236e+02
   8.0342251e+01   1.2809858e+02   1.6332449e+02   1.9995642e+02   1.4889306e+02   1.7432866e+02
   7.9858888e+01   1.2840143e+02   1.6288202e+02   1.9863114e+02   1.4941379e+02   1.7346876e+02
   7.9574018e+01   1.2806509e+02   1.6284359e+02   1.9931440e+02   1.4926043e+02   1.7431068e+02
   8.0226611e+01   1.2790291e+02   1.6384804e+02   2.0036222e+02   1.4937712e+02   1.7521183e+02
   8.0645102e+01   1.2745762e+02   1.6310943e+02   2.0016831e+02   1.4909754e+02   1.7453914e+02
   8.0315809e+01   1.2731695e+02   1.6279247e+02   1.9967895e+02   1.4879610e+02   1.7430539e+02
   8.0866511e+01   1.2809400e+02   1.6286193e+02   2.0118545e+02   1.4928616e+02   1.7417001e+02
   8.1598431e+01   1.2813207e+02   1.6357551e+02   2.0210599e+02   1.4995533e+02   1.7502462e+02
   8.0721961e+01   1.2844338e+02   1.6356212e+02   2.0218919e+02   1.5031917e+02   1.7412277e+02
   7.9785203e+01   1.2846524e+02   1.6374580e+02   2.0231048e+02   1.5017004e+02   1.7403568e+02
   8.0271034e+01   1.2920280e+02   1.6458137e+02   2.0167551e+02   1.4946773e+02   1.7472212e+02
   8.0045746e+01   1.2886258e+02   1.6393301e+02   1.9974982e+02   1.4844248e+02   1.7486914e+02
   7.9870170e+01   1.2827239e+02   1.6266343e+02   1.9816329e+02   1.4881761e+02   1.7460543e+02
   7.9957606e+01   1.2834114e+02   1.6350183e+02   1.9891988e+02   1.4905100e+02   1.7529645e+02
   8.0321803e+01   1.2844762e+02   1.6383394e+02   2.0054978e+02   1.4925796e+02   1.7507010e+02
   8.0906351e+01   1.2933466e+02   1.6514477e+02   2.0111987e+02   1.4969514e+02   1.7553619e+02
   8.0884845e+01   1.2889643e+02   1.6493499e+02   2.0154718e+02   1.4943248e+02   1.7573221e+02
   7.9672735e+01   1.2833656e+02   1.6483910e+02   2.0146186e+02   1.4944094e+02   1.7481943e+02
   7.9565204e+01   1.2830941e+02   1.6388436e+02   2.0096404e+02   1.4892690e+02   1.7505001e+02
   7.9827158e+01   1.2780137e+02   1.6409237e+02   2.0094465e+02   1.4923610e+02   1.7458498e+02
   8.0296771e+01   1.2772839e+02   1.6396721e+02   2.0078846e+02   1.4911411e+02   1.7481661e+02
   8.0565423e+01   1.2783592e+02   1.6398484e+02   2.0021449e+02   1.4910354e+02   1.7391546e+02
   8.0473052e+01   1.2765752e+02   1.6347468e+02   2.0067776e+02   1.4920684e+02   1.7395530e+02
   8.0884139e+01   1.2762826e+02   1.6399189e+02   2.0134093e+02   1.4936161e+02   1.7413934e+02
   8.0581288e+01   1.2824172e+02   1.6426125e+02   2.0199705e+02   1.4954565e+02   1.7468616e+02
   8.0894011e+01   1.2865668e+02   1.6442554e+02   2.0111882e+02   1.5000363e+02   1.7514520e+02
   8.0037990e+01   1.2857383e+02   1.6316513e+02   2.0044965e+02   1.4895722e+02   1.7472001e+02
