   1.0759102e+02   1.0018851e+02   1.3567739e+02   1.8536230e+02   9.3086774e+01   1.0416731e+02
   1.0866804e+02   1.0018882e+02   1.3570495e+02   1.8573029e+02   9.3560389e+01   1.0460375e+02
   1.0927237e+02   1.0047813e+02   1.3642203e+02   1.8550076e+02   9.4055686e+01   1.0489430e+02
   1.0957283e+02   1.0079687e+02   1.3646354e+02   1.8578636e+02   9.4161932e+01   1.0586693e+02
   1.0938171e+02   1.0068691e+02   1.3688419e+02   1.8599048e+02   9.4746438e+01   1.0640126e+02
   1.1012543e+02   1.0105025e+02   1.3739033e+02   1.8634267e+02   9.4492440e+01   1.0607416e+02
   1.0930242e+02   1.0079625e+02   1.3667944e+02   1.8664654e+02   9.4872508e+01   1.0564205e+02
   1.0945482e+02   1.0097994e+02   1.3687985e+02   1.8667256e+02   9.4674265e+01   1.0516379e+02
   1.0835271e+02   1.0029259e+02   1.3665125e+02   1.8637365e+02   9.4557798e+01   1.0568727e+02
   1.0960009e+02   9.9943498e+01   1.3706756e+02   1.8543385e+02   9.4435445e+01   1.0597535e+02
   1.1045161e+02   1.0054814e+02   1.3698083e+02   1.8470376e+02   9.4625634e+01   1.0627426e+02
   1.0988661e+02   1.0090652e+02   1.3702234e+02   1.8517366e+02   9.4639573e+01   1.0655985e+02
   1.0954743e+02   1.0073430e+02   1.3678755e+02   1.8570179e+02   9.4188261e+01   1.0552217e+02
   1.0945079e+02   1.0096476e+02   1.3713850e+02   1.8692811e+02   9.4706790e+01   1.0558629e+02
   1.0992657e+02   1.0066554e+02   1.3713230e+02   1.8683518e+02   9.4664044e+01   1.0611350e+02
   1.0959483e+02   1.0105211e+02   1.3690339e+02   1.8593287e+02   9.3953157e+01   1.0574582e+02
   1.0924697e+02   1.0077519e+02   1.3643907e+02   1.8582786e+02   9.4062501e+01   1.0531061e+02
   1.0997830e+02   1.0077581e+02   1.3643381e+02   1.8605058e+02   9.4276851e+01   1.0559435e+02
   1.0982188e+02   1.0107317e+02   1.3634615e+02   1.8644489e+02   9.3863019e+01   1.0558598e+02
   1.0944676e+02   1.0092480e+02   1.3651062e+02   1.8593597e+02   9.4111132e+01   1.0561324e+02
   1.0878203e+02   1.0098179e+02   1.3625570e+02   1.8564046e+02   9.3897711e+01   1.0559652e+02
   1.0904160e+02   1.0041959e+02   1.3660293e+02   1.8591614e+02   9.4043296e+01   1.0583100e+02
   1.0941300e+02   1.0010488e+02   1.3645425e+02   1.8586875e+02   9.4466420e+01   1.0596760e+02
   1.0935786e+02   1.0098241e+02   1.3698207e+02   1.8640803e+02   9.4145515e+01   1.0620209e+02
   1.0949292e+02   1.0011510e+02   1.3695110e+02   1.8462478e+02   9.4110203e+01   1.0582976e+02
   1.0952978e+02   9.9827030e+01   1.3707035e+02   1.8403810e+02   9.4056615e+01   1.0635325e+02
   1.0940495e+02   1.0005749e+02   1.3671042e+02   1.8463221e+02   9.3419141e+01   1.0583998e+02
   1.0835798e+02   9.9823003e+01   1.3593789e+02   1.8562869e+02   9.3895853e+01   1.0515759e+02
   1.0824182e+02   9.9421871e+01   1.3618352e+02   1.8576127e+02   9.4243707e+01   1.0538557e+02
   1.0923272e+02   1.0027555e+02   1.3682255e+02   1.8537717e+02   9.4557798e+01   1.0589202e+02
   1.0978192e+02   1.0059987e+02   1.3773756e+02   1.8500175e+02   9.5089956e+01   1.0610142e+02
   1.1063033e+02   1.0029662e+02   1.3669648e+02   1.8495621e+02   9.4664353e+01   1.0683491e+02
   1.1019513e+02   1.0001257e+02   1.3667727e+02   1.8475487e+02   9.4465801e+01   1.0681912e+02
   1.1016725e+02   1.0055000e+02   1.3661253e+02   1.8494568e+02   9.4810557e+01   1.0642356e+02
   1.0963974e+02   1.0048154e+02   1.3684702e+02   1.8543200e+02   9.4305658e+01   1.0637214e+02
   1.0932193e+02   1.0049269e+02   1.3668626e+02   1.8551594e+02   9.4196005e+01   1.0635603e+02
   1.0936468e+02   1.0006988e+02   1.3658930e+02   1.8587742e+02   9.4420577e+01   1.0671101e+02
   1.1016725e+02   1.0055805e+02   1.3695017e+02   1.8579596e+02   9.4510405e+01   1.0653228e+02
   1.0993029e+02   1.0116145e+02   1.3688698e+02   1.8532761e+02   9.4797857e+01   1.0641829e+02
   1.1044603e+02   1.0119924e+02   1.3738320e+02   1.8602208e+02   9.4898528e+01   1.0686806e+02
   1.1070220e+02   1.0125562e+02   1.3695110e+02   1.8648423e+02   9.4571427e+01   1.0739619e+02
   1.1165067e+02   1.0118159e+02   1.3694676e+02   1.8611469e+02   9.4651034e+01   1.0724689e+02
   1.1108722e+02   1.0131602e+02   1.3660603e+02   1.8523592e+02   9.3762039e+01   1.0714095e+02
   1.1032461e+02   1.0151085e+02   1.3677051e+02   1.8553576e+02   9.3990328e+01   1.0692381e+02
   1.0950097e+02   1.0040131e+02   1.3606799e+02   1.8540629e+02   9.3457550e+01   1.0638670e+02
   1.0903665e+02   1.0055681e+02   1.3562225e+02   1.8471646e+02   9.2942429e+01   1.0611752e+02
   1.0888518e+02   1.0028980e+02   1.3556866e+02   1.8431905e+02   9.3569681e+01   1.0545651e+02
   1.0906143e+02   1.0023498e+02   1.3629132e+02   1.8491502e+02   9.3954086e+01   1.0582140e+02
   1.0960102e+02   1.0058934e+02   1.3683215e+02   1.8628072e+02   9.4257956e+01   1.0666950e+02
   1.1010437e+02   1.0056115e+02   1.3669431e+02   1.8650994e+02   9.3969574e+01   1.0633745e+02
   1.0936127e+02   1.0113295e+02   1.3635265e+02   1.8715299e+02   9.4314331e+01   1.0658432e+02
   1.0905461e+02   1.0086626e+02   1.3613768e+02   1.8627794e+02   9.4316809e+01   1.0618505e+02
   1.0885792e+02   1.0056610e+02   1.3561017e+02   1.8553855e+02   9.4001479e+01   1.0565444e+02
   1.0775612e+02   9.9827650e+01   1.3564982e+02   1.8554722e+02   9.4141798e+01   1.0599052e+02
   1.0856334e+02   9.9522851e+01   1.3525705e+02   1.8573432e+02   9.4142417e+01   1.0605495e+02
   1.0847351e+02   1.0019006e+02   1.3524032e+02   1.8608434e+02   9.3739117e+01   1.0614013e+02
   1.0879473e+02   1.0030064e+02   1.3589886e+02   1.8624572e+02   9.4274992e+01   1.0591432e+02
   1.0941703e+02   1.0007174e+02   1.3634769e+02   1.8696652e+02   9.4744889e+01   1.0663884e+02
   1.1028403e+02   1.0047999e+02   1.3654408e+02   1.8693771e+02   9.5024907e+01   1.0671752e+02
   1.0995972e+02   1.0004138e+02   1.3661718e+02   1.8594495e+02   9.4889545e+01   1.0663512e+02
   1.0989126e+02   1.0064385e+02   1.3655089e+02   1.8562807e+02   9.4483147e+01   1.0636347e+02
   1.1005326e+02   1.0019781e+02   1.3592829e+02   1.8526194e+02   9.4080776e+01   1.0623771e+02
   1.0898213e+02   1.0042145e+02   1.3603391e+02   1.8509436e+02   9.3992186e+01   1.0602119e+02
   1.0927950e+02   1.0058593e+02   1.3597506e+02   1.8451295e+02   9.3577425e+01   1.0594809e+02
   1.0855033e+02   1.0012285e+02   1.3588988e+02   1.8471677e+02   9.3542733e+01   1.0592857e+02
   1.0839360e+02   9.9262657e+01   1.3541378e+02   1.8385844e+02   9.2895346e+01   1.0566280e+02
   1.0820403e+02   9.9285889e+01   1.3507305e+02   1.8385163e+02   9.2968448e+01   1.0554386e+02
   1.0872596e+02   9.9496832e+01   1.3563929e+02   1.8461115e+02   9.3289663e+01   1.0531557e+02
   1.0837904e+02   9.9564978e+01   1.3568327e+02   1.8401735e+02   9.3506491e+01   1.0612558e+02
   1.0858131e+02   9.9661311e+01   1.3560552e+02   1.8418585e+02   9.3454762e+01   1.0630214e+02
   1.0808384e+02   9.9320891e+01   1.3558725e+02   1.8485740e+02   9.3495650e+01   1.0591463e+02
   1.0748199e+02   9.9341335e+01   1.3571425e+02   1.8517025e+02   9.4158215e+01   1.0586755e+02
   1.0830501e+02   9.9554136e+01   1.3585611e+02   1.8552121e+02   9.4247114e+01   1.0549368e+02
   1.0921228e+02   1.0029321e+02   1.3596298e+02   1.8594216e+02   9.4343448e+01   1.0606734e+02
   1.0945482e+02   1.0050756e+02   1.3588709e+02   1.8632595e+02   9.4356767e+01   1.0691793e+02
   1.0984511e+02   1.0014019e+02   1.3620861e+02   1.8501847e+02   9.4555320e+01   1.0682593e+02
   1.0996653e+02   1.0077302e+02   1.3619251e+02   1.8430418e+02   9.4479120e+01   1.0711865e+02
   1.0944150e+02   1.0060792e+02   1.3592054e+02   1.8406753e+02   9.4623466e+01   1.0688509e+02
   1.0913794e+02   9.9962702e+01   1.3590908e+02   1.8468239e+02   9.4079847e+01   1.0688912e+02
   1.0903975e+02   1.0033472e+02   1.3549587e+02   1.8571418e+02   9.4060023e+01   1.0689903e+02
   1.0959080e+02   1.0012625e+02   1.3584527e+02   1.8542642e+02   9.4461154e+01   1.0633745e+02
   1.0949323e+02   1.0000421e+02   1.3597940e+02   1.8619895e+02   9.4781750e+01   1.0721529e+02
   1.0846670e+02   9.9823313e+01   1.3558136e+02   1.8573184e+02   9.4432038e+01   1.0664875e+02
   1.0812163e+02   9.9508912e+01   1.3566716e+02   1.8599048e+02   9.4843082e+01   1.0623089e+02
   1.0758824e+02   9.8797716e+01   1.3568451e+02   1.8585202e+02   9.4292958e+01   1.0623554e+02
   1.0730202e+02   9.7882082e+01   1.3580284e+02   1.8521703e+02   9.3785580e+01   1.0613270e+02
   1.0729428e+02   9.7992045e+01   1.3531869e+02   1.8495250e+02   9.4378450e+01   1.0511949e+02
   1.0744885e+02   9.7574806e+01   1.3555999e+02   1.8498657e+02   9.4090378e+01   1.0574922e+02
   1.0759102e+02   9.7786678e+01   1.3536918e+02   1.8488776e+02   9.4642671e+01   1.0607261e+02
   1.0779515e+02   9.8010940e+01   1.3560304e+02   1.8504697e+02   9.4672097e+01   1.0607199e+02
   1.0887805e+02   9.8584915e+01   1.3569442e+02   1.8541000e+02   9.4631519e+01   1.0585733e+02
   1.0954248e+02   9.8778821e+01   1.3676029e+02   1.8536664e+02   9.4798167e+01   1.0599610e+02
   1.1045439e+02   9.9563739e+01   1.3647407e+02   1.8527185e+02   9.4641432e+01   1.0630585e+02
   1.1106709e+02   1.0004819e+02   1.3659952e+02   1.8513990e+02   9.5085000e+01   1.0619465e+02
   1.1086234e+02   1.0014360e+02   1.3619963e+02   1.8619275e+02   9.4520627e+01   1.0689470e+02
   1.1030138e+02   1.0060266e+02   1.3629256e+02   1.8613359e+02   9.5073539e+01   1.0681106e+02
   1.1148061e+02   1.0059367e+02   1.3651155e+02   1.8651954e+02   9.4829762e+01   1.0653290e+02
   1.1226243e+02   1.0165923e+02   1.3660727e+02   1.8616673e+02   9.4836577e+01   1.0722397e+02
   1.1202392e+02   1.0184322e+02   1.3695667e+02   1.8614784e+02   9.5183192e+01   1.0755571e+02
   1.1156827e+02   1.0153564e+02   1.3647593e+02   1.8624107e+02   9.4924857e+01   1.0754146e+02
   1.0994826e+02   1.0087772e+02   1.3612250e+02   1.8640308e+02   9.4620678e+01   1.0718772e+02
   1.0988538e+02   1.0013802e+02   1.3578549e+02   1.8598615e+02   9.4492130e+01   1.0656976e+02
   1.0918254e+02   9.9697862e+01   1.3537321e+02   1.8534991e+02   9.3559769e+01   1.0637988e+02
   1.0758514e+02   9.8212900e+01   1.3538219e+02   1.8389809e+02   9.2983626e+01   1.0441047e+02
   1.0720290e+02   9.7620340e+01   1.3553056e+02   1.8344306e+02   9.2559262e+01   1.0567581e+02
   1.0553797e+02   9.7440682e+01   1.3518209e+02   1.8385999e+02   9.2794676e+01   1.0483700e+02
   1.0559744e+02   9.6924321e+01   1.3467347e+02   1.8452039e+02   9.3542113e+01   1.0420975e+02
   1.0660136e+02   9.7153849e+01   1.3465613e+02   1.8437914e+02   9.3502465e+01   1.0465362e+02
   1.0733455e+02   9.6803208e+01   1.3493243e+02   1.8418307e+02   9.3420689e+01   1.0445476e+02
   1.0856706e+02   9.7486835e+01   1.3605683e+02   1.8399536e+02   9.3557601e+01   1.0575139e+02
   1.0855591e+02   9.7567062e+01   1.3551445e+02   1.8384543e+02   9.3292451e+01   1.0520096e+02
   1.0810119e+02   9.7253590e+01   1.3520718e+02   1.8385906e+02   9.3018938e+01   1.0487045e+02
   1.0749252e+02   9.7605781e+01   1.3472675e+02   1.8434383e+02   9.3648359e+01   1.0511609e+02
   1.0714777e+02   9.8010320e+01   1.3474131e+02   1.8389716e+02   9.3165452e+01   1.0463008e+02
   1.0767528e+02   9.7663086e+01   1.3477941e+02   1.8441383e+02   9.3329002e+01   1.0456256e+02
   1.0809190e+02   9.7832212e+01   1.3464807e+02   1.8521176e+02   9.4134054e+01   1.0509471e+02
   1.0747982e+02   9.7503252e+01   1.3468927e+02   1.8422643e+02   9.3349756e+01   1.0485744e+02
   1.0655675e+02   9.6849361e+01   1.3461369e+02   1.8404337e+02   9.3316922e+01   1.0466446e+02
   1.0709666e+02   9.6873212e+01   1.3493707e+02   1.8509065e+02   9.3434938e+01   1.0449286e+02
   1.0618660e+02   9.7565823e+01   1.3439872e+02   1.8420227e+02   9.3308558e+01   1.0422523e+02
   1.0628789e+02   9.6578326e+01   1.3417508e+02   1.8269284e+02   9.3031018e+01   1.0444113e+02
   1.0626868e+02   9.6331761e+01   1.3491973e+02   1.8282046e+02   9.3054869e+01   1.0451268e+02
   1.0694178e+02   9.6431502e+01   1.3515824e+02   1.8406939e+02   9.2980219e+01   1.0467190e+02
   1.0712330e+02   9.6900161e+01   1.3516350e+02   1.8471894e+02   9.3661678e+01   1.0438476e+02
   1.0812876e+02   9.7161284e+01   1.3539954e+02   1.8525606e+02   9.4377521e+01   1.0515728e+02
   1.0887062e+02   9.7476923e+01   1.3576009e+02   1.8469106e+02   9.4156356e+01   1.0593105e+02
   1.0969983e+02   9.8020852e+01   1.3632880e+02   1.8421125e+02   9.4226361e+01   1.0615469e+02
   1.0993679e+02   9.8565400e+01   1.3589669e+02   1.8414992e+02   9.3763278e+01   1.0677358e+02
   1.0806526e+02   9.7935670e+01   1.3461679e+02   1.8386774e+02   9.3710620e+01   1.0623926e+02
   1.0733393e+02   9.7421477e+01   1.3501916e+02   1.8323739e+02   9.3557291e+01   1.0476823e+02
   1.0708241e+02   9.7016938e+01   1.3469515e+02   1.8308901e+02   9.3269529e+01   1.0493674e+02
   1.0664441e+02   9.6827678e+01   1.3467409e+02   1.8404585e+02   9.3991567e+01   1.0464712e+02
   1.0696873e+02   9.7224474e+01   1.3456196e+02   1.8470221e+02   9.4078298e+01   1.0467562e+02
   1.0654313e+02   9.7366961e+01   1.3453036e+02   1.8407682e+02   9.3801997e+01   1.0469358e+02
   1.0758824e+02   9.7814865e+01   1.3435969e+02   1.8328416e+02   9.3753056e+01   1.0529915e+02
   1.0817863e+02   9.8582437e+01   1.3510961e+02   1.8326433e+02   9.3641235e+01   1.0591432e+02
   1.0949044e+02   9.8998437e+01   1.3551972e+02   1.8391296e+02   9.4434206e+01   1.0637028e+02
   1.1092708e+02   9.9970137e+01   1.3582793e+02   1.8440857e+02   9.4950566e+01   1.0709697e+02
   1.1054515e+02   1.0027308e+02   1.3649297e+02   1.8466969e+02   9.5081283e+01   1.0750646e+02
   1.1091035e+02   1.0089754e+02   1.3612529e+02   1.8451079e+02   9.5093983e+01   1.0748013e+02
   1.1067246e+02   1.0114875e+02   1.3591590e+02   1.8465203e+02   9.5261250e+01   1.0725928e+02
   1.1108722e+02   1.0106481e+02   1.3581708e+02   1.8504294e+02   9.5270543e+01   1.0705050e+02
   1.1093606e+02   1.0102578e+02   1.3607821e+02   1.8608930e+02   9.5689021e+01   1.0744792e+02
   1.1087783e+02   1.0128133e+02   1.3614357e+02   1.8624262e+02   9.5480866e+01   1.0762727e+02
   1.0996684e+02   1.0151767e+02   1.3583536e+02   1.8573865e+02   9.5305235e+01   1.0726145e+02
   1.1012760e+02   1.0112552e+02   1.3543980e+02   1.8591397e+02   9.4846179e+01   1.0717688e+02
   1.0960350e+02   9.9732245e+01   1.3530072e+02   1.8552678e+02   9.5154385e+01   1.0726919e+02
   1.0945296e+02   1.0003054e+02   1.3558694e+02   1.8612801e+02   9.4274063e+01   1.0722273e+02
   1.0925069e+02   9.9887122e+01   1.3487636e+02   1.8588795e+02   9.4398894e+01   1.0637183e+02
   1.0909333e+02   9.9045829e+01   1.3542308e+02   1.8578759e+02   9.4831930e+01   1.0686558e+02
   1.0906515e+02   9.9774991e+01   1.3545034e+02   1.8534960e+02   9.4721968e+01   1.0698329e+02
   1.0934826e+02   9.9923673e+01   1.3558663e+02   1.8565657e+02   9.4794450e+01   1.0690244e+02
   1.0970479e+02   9.9661002e+01   1.3581616e+02   1.8516344e+02   9.5255365e+01   1.0772794e+02
   1.0918688e+02   9.9674941e+01   1.3572633e+02   1.8527650e+02   9.5721545e+01   1.0835116e+02
   1.1013194e+02   1.0024241e+02   1.3600356e+02   1.8586008e+02   9.5201158e+01   1.0782117e+02
   1.1050117e+02   1.0051623e+02   1.3592922e+02   1.8660566e+02   9.5141375e+01   1.0720476e+02
   1.0947309e+02   1.0041587e+02   1.3601564e+02   1.8697271e+02   9.4551912e+01   1.0701550e+02
   1.0891182e+02   9.9622282e+01   1.3524404e+02   1.8664654e+02   9.4602712e+01   1.0681788e+02
   1.0925410e+02   9.9788311e+01   1.3530041e+02   1.8667256e+02   9.4398584e+01   1.0630802e+02
   1.0933556e+02   9.9431474e+01   1.3552530e+02   1.8684107e+02   9.4504210e+01   1.0576471e+02
   1.0917697e+02   9.9605556e+01   1.3575575e+02   1.8765510e+02   9.5125578e+01   1.0648737e+02
   1.0931326e+02   9.9290845e+01   1.3626778e+02   1.8731221e+02   9.5476529e+01   1.0726578e+02
   1.0916396e+02   1.0011015e+02   1.3602772e+02   1.8658335e+02   9.5521134e+01   1.0734415e+02
   1.1012822e+02   9.9657285e+01   1.3572849e+02   1.8578078e+02   9.5412410e+01   1.0706661e+02
   1.1021217e+02   9.9933276e+01   1.3597847e+02   1.8476850e+02   9.5106373e+01   1.0757244e+02
   1.0917263e+02   9.9363947e+01   1.3647036e+02   1.8391141e+02   9.5334352e+01   1.0729800e+02
   1.0911440e+02   9.9445413e+01   1.3547914e+02   1.8389530e+02   9.5062078e+01   1.0705608e+02
   1.0965182e+02   9.9122958e+01   1.3495721e+02   1.8393526e+02   9.4841223e+01   1.0658246e+02
   1.0994206e+02   9.9062246e+01   1.3588554e+02   1.8434631e+02   9.4762855e+01   1.0743646e+02
   1.0917418e+02   9.9004322e+01   1.3524590e+02   1.8362117e+02   9.4212422e+01   1.0647281e+02
   1.0926525e+02   9.8589251e+01   1.3478808e+02   1.8339041e+02   9.4209324e+01   1.0574179e+02
   1.0870087e+02   9.8558895e+01   1.3485932e+02   1.8405824e+02   9.3834831e+01   1.0565630e+02
   1.0805628e+02   9.8916352e+01   1.3447306e+02   1.8404987e+02   9.4089139e+01   1.0537473e+02
   1.0847166e+02   9.8733597e+01   1.3471157e+02   1.8458668e+02   9.4151400e+01   1.0581458e+02
   1.0833877e+02   9.8326889e+01   1.3530506e+02   1.8445255e+02   9.4227909e+01   1.0634798e+02
   1.0943964e+02   9.9271950e+01   1.3534688e+02   1.8342138e+02   9.4230387e+01   1.0632444e+02
   1.0942756e+02   9.9596263e+01   1.3593355e+02   1.8274302e+02   9.4824187e+01   1.0680053e+02
   1.0920670e+02   9.9354655e+01   1.3538126e+02   1.8389840e+02   9.4655370e+01   1.0706103e+02
   1.0964036e+02   9.9712731e+01   1.3535059e+02   1.8405235e+02   9.4553152e+01   1.0697430e+02
   1.1021495e+02   9.9599670e+01   1.3560707e+02   1.8313362e+02   9.4705241e+01   1.0657069e+02
   1.0992564e+02   9.9950932e+01   1.3574708e+02   1.8363418e+02   9.4615412e+01   1.0691886e+02
   1.0961992e+02   1.0000266e+02   1.3573438e+02   1.8420878e+02   9.5204875e+01   1.0659361e+02
   1.1005016e+02   9.9729457e+01   1.3512633e+02   1.8484377e+02   9.5143543e+01   1.0665711e+02
   1.1027598e+02   9.9569934e+01   1.3512385e+02   1.8508414e+02   9.4873438e+01   1.0689717e+02
   1.1022889e+02   9.9138756e+01   1.3560459e+02   1.8491037e+02   9.4706790e+01   1.0709232e+02
   1.0943344e+02   9.9615158e+01   1.3500026e+02   1.8446773e+02   9.4711746e+01   1.0672309e+02
   1.0942136e+02   9.9749282e+01   1.3531033e+02   1.8457398e+02   9.5049068e+01   1.0716852e+02
   1.0893474e+02   9.9223628e+01   1.3543175e+02   1.8495002e+02   9.5311430e+01   1.0738473e+02
   1.0948517e+02   9.9383152e+01   1.3537011e+02   1.8485647e+02   9.4824187e+01   1.0716728e+02
   1.0990334e+02   9.9351557e+01   1.3504363e+02   1.8382809e+02   9.5175448e+01   1.0691731e+02
   1.1040855e+02   9.9468334e+01   1.3545653e+02   1.8413536e+02   9.4773077e+01   1.0705670e+02
   1.0956540e+02   9.8357865e+01   1.3537445e+02   1.8432184e+02   9.4497086e+01   1.0656822e+02
   1.0953349e+02   9.9088576e+01   1.3531404e+02   1.8422302e+02   9.4319597e+01   1.0598185e+02
   1.0910510e+02   9.8646246e+01   1.3481441e+02   1.8378101e+02   9.4032145e+01   1.0570741e+02
   1.0922498e+02   9.8570666e+01   1.3519758e+02   1.8412700e+02   9.4316189e+01   1.0574334e+02
   1.0985843e+02   9.8960957e+01   1.3498044e+02   1.8539637e+02   9.3955635e+01   1.0596203e+02
   1.0951522e+02   9.9053573e+01   1.3512262e+02   1.8624820e+02   9.3921562e+01   1.0560364e+02
   1.0924728e+02   9.8427869e+01   1.3520935e+02   1.8589477e+02   9.3923111e+01   1.0544536e+02
   1.0974227e+02   9.9163846e+01   1.3541533e+02   1.8581176e+02   9.4134983e+01   1.0540478e+02
   1.1028929e+02   9.9668436e+01   1.3590505e+02   1.8458730e+02   9.4393938e+01   1.0584742e+02
   1.1036209e+02   9.9509532e+01   1.3632880e+02   1.8452256e+02   9.4967603e+01   1.0695107e+02
   1.1033452e+02   9.9444483e+01   1.3653479e+02   1.8436551e+02   9.4923308e+01   1.0701891e+02
   1.1049931e+02   9.9705297e+01   1.3641832e+02   1.8458203e+02   9.5485822e+01   1.0683522e+02
   1.1053152e+02   9.9938232e+01   1.3687459e+02   1.8498874e+02   9.5735174e+01   1.0668189e+02
   1.1079017e+02   9.9553827e+01   1.3645053e+02   1.8543695e+02   9.5459493e+01   1.0727198e+02
   1.1049683e+02   9.9677728e+01   1.3604135e+02   1.8565006e+02   9.5849164e+01   1.0722489e+02
   1.1125263e+02   1.0078324e+02   1.3636566e+02   1.8520742e+02   9.5951073e+01   1.0774064e+02
   1.1147906e+02   1.0054287e+02   1.3662802e+02   1.8603757e+02   9.6005900e+01   1.0766382e+02
   1.1064056e+02   1.0011015e+02   1.3560955e+02   1.8518481e+02   9.5194343e+01   1.0733765e+02
   1.0958182e+02   9.9008039e+01   1.3518797e+02   1.8414621e+02   9.4208395e+01   1.0678783e+02
   1.0941919e+02   9.8438091e+01   1.3522824e+02   1.8376428e+02   9.4483147e+01   1.0682624e+02
   1.0858100e+02   9.7437585e+01   1.3479582e+02   1.8262934e+02   9.3663537e+01   1.0550731e+02
   1.0631608e+02   9.5999705e+01   1.3421751e+02   1.8105857e+02   9.2374339e+01   1.0325260e+02
   1.0451640e+02   9.5459183e+01   1.3377147e+02   1.8136120e+02   9.1710845e+01   1.0123486e+02
   1.0400593e+02   9.4191668e+01   1.3360946e+02   1.8159631e+02   9.1436712e+01   1.0153285e+02
   1.0411434e+02   9.4394557e+01   1.3329568e+02   1.8180787e+02   9.1499593e+01   1.0110012e+02
   1.0437484e+02   9.4160693e+01   1.3370146e+02   1.8222201e+02   9.1440430e+01   1.0141235e+02
   1.0562068e+02   9.4806840e+01   1.3410352e+02   1.8229635e+02   9.1961436e+01   1.0246738e+02
   1.0678380e+02   9.5625212e+01   1.3446748e+02   1.8254632e+02   9.1834747e+01   1.0368533e+02
   1.0746372e+02   9.6223038e+01   1.3443031e+02   1.8341488e+02   9.2236189e+01   1.0339137e+02
   1.0820805e+02   9.6963660e+01   1.3446067e+02   1.8469974e+02   9.2795295e+01   1.0382906e+02
   1.0931264e+02   9.7725346e+01   1.3477135e+02   1.8506277e+02   9.2899373e+01   1.0433922e+02
   1.0975156e+02   9.8637263e+01   1.3494203e+02   1.8557015e+02   9.3147796e+01   1.0423360e+02
   1.1034970e+02   9.9810923e+01   1.3476795e+02   1.8581826e+02   9.3399936e+01   1.0424939e+02
   1.1026451e+02   9.9543914e+01   1.3471591e+02   1.8563489e+02   9.3443921e+01   1.0511454e+02
   1.1103890e+02   1.0005780e+02   1.3504549e+02   1.8446587e+02   9.3315373e+01   1.0485775e+02
   1.1182227e+02   1.0048743e+02   1.3547295e+02   1.8479917e+02   9.4171844e+01   1.0599982e+02
   1.1217415e+02   1.0139439e+02   1.3611352e+02   1.8514392e+02   9.4270965e+01   1.0614230e+02
   1.1170704e+02   1.0119460e+02   1.3672126e+02   1.8522973e+02   9.4757280e+01   1.0671442e+02
   1.1111510e+02   1.0057973e+02   1.3570588e+02   1.8540071e+02   9.3898021e+01   1.0704245e+02
   1.1089951e+02   1.0001660e+02   1.3515979e+02   1.8539606e+02   9.4209634e+01   1.0569068e+02
   1.0996343e+02   1.0013678e+02   1.3527935e+02   1.8512162e+02   9.4258265e+01   1.0559621e+02
   1.0981971e+02   9.9450678e+01   1.3519293e+02   1.8505503e+02   9.3895543e+01   1.0603544e+02
   1.1037727e+02   9.9889600e+01   1.3521182e+02   1.8516437e+02   9.3802617e+01   1.0608562e+02
   1.1051944e+02   9.9705297e+01   1.3544724e+02   1.8513742e+02   9.4510405e+01   1.0600787e+02
   1.1132759e+02   1.0066430e+02   1.3591156e+02   1.8545027e+02   9.5299969e+01   1.0622532e+02
   1.1192728e+02   1.0089599e+02   1.3668068e+02   1.8581950e+02   9.5429756e+01   1.0677575e+02
   1.1215216e+02   1.0078789e+02   1.3677237e+02   1.8541620e+02   9.5112568e+01   1.0667725e+02
   1.1143136e+02   1.0091117e+02   1.3628853e+02   1.8496024e+02   9.4885828e+01   1.0660972e+02
   1.1116869e+02   1.0042362e+02   1.3616091e+02   1.8414063e+02   9.4436684e+01   1.0620549e+02
   1.1068950e+02   9.9779328e+01   1.3565849e+02   1.8492926e+02   9.4327341e+01   1.0590689e+02
   1.1058015e+02   9.9838181e+01   1.3582018e+02   1.8504728e+02   9.4610766e+01   1.0629470e+02
   1.1060803e+02   9.9509532e+01   1.3603546e+02   1.8530778e+02   9.3809741e+01   1.0613022e+02
   1.1067308e+02   9.9752379e+01   1.3591311e+02   1.8495714e+02   9.4284285e+01   1.0627054e+02
   1.1077778e+02   9.9590687e+01   1.3558074e+02   1.8505843e+02   9.4173083e+01   1.0589481e+02
   1.1054825e+02   9.9790479e+01   1.3540883e+02   1.8464429e+02   9.4207156e+01   1.0562997e+02
   1.0994485e+02   9.9665958e+01   1.3616525e+02   1.8486484e+02   9.4618200e+01   1.0589450e+02
   1.1042125e+02   9.9188626e+01   1.3603082e+02   1.8500175e+02   9.4649795e+01   1.0633931e+02
   1.1114793e+02   1.0008815e+02   1.3616215e+02   1.8525141e+02   9.3958423e+01   1.0614137e+02
   1.1044882e+02   9.9935754e+01   1.3538250e+02   1.8505533e+02   9.4095335e+01   1.0568201e+02
   1.1034908e+02   9.9945976e+01   1.3577434e+02   1.8578852e+02   9.3912579e+01   1.0645763e+02
   1.1080442e+02   1.0026595e+02   1.3567955e+02   1.8567732e+02   9.4030596e+01   1.0605340e+02
   1.1064211e+02   1.0062248e+02   1.3562813e+02   1.8522136e+02   9.4231007e+01   1.0559466e+02
   1.1128330e+02   1.0113512e+02   1.3581708e+02   1.8560918e+02   9.4100600e+01   1.0538743e+02
   1.1163115e+02   1.0064168e+02   1.3585983e+02   1.8519008e+02   9.3993735e+01   1.0559868e+02
   1.1161969e+02   1.0075908e+02   1.3582762e+02   1.8484532e+02   9.3563796e+01   1.0605495e+02
   1.1185727e+02   1.0091272e+02   1.3630340e+02   1.8527836e+02   9.4220166e+01   1.0591185e+02
   1.1178107e+02   1.0060513e+02   1.3656173e+02   1.8562621e+02   9.4449074e+01   1.0666455e+02
   1.1208060e+02   1.0128102e+02   1.3667634e+02   1.8553050e+02   9.4657849e+01   1.0663295e+02
   1.1162589e+02   1.0099635e+02   1.3619127e+02   1.8531894e+02   9.4760687e+01   1.0627581e+02
   1.1125449e+02   1.0047256e+02   1.3617578e+02   1.8572812e+02   9.5454847e+01   1.0738597e+02
   1.1188794e+02   1.0078851e+02   1.3643071e+02   1.8588672e+02   9.4637095e+01   1.0738535e+02
   1.1165717e+02   1.0106945e+02   1.3643350e+02   1.8525110e+02   9.4872199e+01   1.0746650e+02
   1.1190652e+02   1.0092108e+02   1.3647222e+02   1.8469509e+02   9.4720109e+01   1.0677451e+02
   1.1099863e+02   1.0068412e+02   1.3650784e+02   1.8466133e+02   9.5099868e+01   1.0644493e+02
   1.1113585e+02   9.9925842e+01   1.3620490e+02   1.8487072e+02   9.4676434e+01   1.0640776e+02
   1.1126502e+02   1.0028516e+02   1.3628419e+02   1.8532079e+02   9.4522796e+01   1.0632537e+02
   1.1117488e+02   1.0019130e+02   1.3600170e+02   1.8486793e+02   9.4613863e+01   1.0656574e+02
   1.1110457e+02   1.0021701e+02   1.3665900e+02   1.8521672e+02   9.4626254e+01   1.0697306e+02
   1.1213264e+02   1.0020865e+02   1.3660851e+02   1.8568816e+02   9.5123719e+01   1.0653693e+02
   1.1172934e+02   1.0003178e+02   1.3658249e+02   1.8596849e+02   9.5046900e+01   1.0593322e+02
   1.1101350e+02   1.0030870e+02   1.3637650e+02   1.8565750e+02   9.4402611e+01   1.0633311e+02
   1.1100142e+02   1.0007236e+02   1.3566283e+02   1.8575042e+02   9.3594771e+01   1.0614447e+02
   1.0976147e+02   1.0000545e+02   1.3505726e+02   1.8527464e+02   9.3241032e+01   1.0480200e+02
   1.1006039e+02   9.9222389e+01   1.3450063e+02   1.8508879e+02   9.3253422e+01   1.0440427e+02
   1.0923644e+02   9.8691161e+01   1.3472303e+02   1.8475580e+02   9.2660862e+01   1.0407098e+02
   1.0907041e+02   9.8792141e+01   1.3485530e+02   1.8437480e+02   9.3285017e+01   1.0422616e+02
   1.0957314e+02   9.9318104e+01   1.3546025e+02   1.8381818e+02   9.3358119e+01   1.0504980e+02
   1.0930923e+02   9.9564978e+01   1.3511797e+02   1.8273094e+02   9.2763081e+01   1.0434666e+02
   1.0957005e+02   9.9341335e+01   1.3453594e+02   1.8205536e+02   9.2459212e+01   1.0393933e+02
   1.0861662e+02   9.8908608e+01   1.3484322e+02   1.8180229e+02   9.2486470e+01   1.0433674e+02
   1.0891213e+02   9.8755899e+01   1.3468369e+02   1.8200921e+02   9.2570104e+01   1.0375998e+02
   1.0943623e+02   9.9646443e+01   1.3503372e+02   1.8238215e+02   9.2516516e+01   1.0348399e+02
   1.1041691e+02   1.0001567e+02   1.3504920e+02   1.8248159e+02   9.2646923e+01   1.0439684e+02
   1.1013101e+02   1.0042888e+02   1.3525519e+02   1.8234251e+02   9.2759054e+01   1.0506838e+02
   1.1016137e+02   1.0021144e+02   1.3529887e+02   1.8301034e+02   9.3184657e+01   1.0420169e+02
   1.1071397e+02   1.0065407e+02   1.3558322e+02   1.8315251e+02   9.3086774e+01   1.0407717e+02
   1.1042249e+02   1.0054349e+02   1.3556432e+02   1.8379030e+02   9.3694512e+01   1.0507830e+02
   1.1106833e+02   1.0068815e+02   1.3616029e+02   1.8370666e+02   9.3547998e+01   1.0534778e+02
   1.1113121e+02   1.0134978e+02   1.3606334e+02   1.8427971e+02   9.4105866e+01   1.0551350e+02
   1.1091748e+02   1.0101246e+02   1.3555008e+02   1.8445689e+02   9.3973911e+01   1.0590844e+02
   1.0984294e+02   1.0043818e+02   1.3523134e+02   1.8446804e+02   9.3594771e+01   1.0503741e+02
   1.0912493e+02   1.0042671e+02   1.3502473e+02   1.8497852e+02   9.3625127e+01   1.0439126e+02
   1.0925812e+02   9.9638080e+01   1.3495349e+02   1.8477841e+02   9.3482950e+01   1.0475553e+02
   1.0927237e+02   9.9738130e+01   1.3495008e+02   1.8519225e+02   9.3420999e+01   1.0485930e+02
   1.0913546e+02   1.0046017e+02   1.3523846e+02   1.8557293e+02   9.4094095e+01   1.0457030e+02
   1.0894868e+02   1.0065841e+02   1.3493119e+02   1.8556364e+02   9.4147683e+01   1.0498227e+02
   1.0862684e+02   1.0056239e+02   1.3502845e+02   1.8527557e+02   9.3642783e+01   1.0498878e+02
   1.0832112e+02   1.0047968e+02   1.3490796e+02   1.8490851e+02   9.3640615e+01   1.0488904e+02
   1.0826567e+02   9.9822384e+01   1.3461369e+02   1.8437202e+02   9.3338914e+01   1.0426829e+02
   1.0873433e+02   9.9667506e+01   1.3497022e+02   1.8401890e+02   9.3392502e+01   1.0451795e+02
   1.0868570e+02   1.0031706e+02   1.3517156e+02   1.8450893e+02   9.4077059e+01   1.0480974e+02
   1.0910913e+02   1.0058438e+02   1.3571239e+02   1.8519534e+02   9.3842885e+01   1.0580436e+02
   1.0865534e+02   9.9631885e+01   1.3526851e+02   1.8500546e+02   9.3899570e+01   1.0560767e+02
   1.0767714e+02   9.9260489e+01   1.3513779e+02   1.8406753e+02   9.4020684e+01   1.0494448e+02
   1.0756872e+02   9.9362398e+01   1.3535090e+02   1.8426515e+02   9.3822131e+01   1.0466570e+02
   1.0815540e+02   9.9132870e+01   1.3543299e+02   1.8518915e+02   9.4272204e+01   1.0507582e+02
   1.0846918e+02   9.8758377e+01   1.3559065e+02   1.8524862e+02   9.3992186e+01   1.0447087e+02
   1.0878110e+02   9.8574383e+01   1.3575668e+02   1.8488094e+02   9.3586718e+01   1.0461490e+02
   1.0843294e+02   9.8823426e+01   1.3544042e+02   1.8369582e+02   9.3788678e+01   1.0423422e+02
   1.0805751e+02   9.8443977e+01   1.3545126e+02   1.8364688e+02   9.3748410e+01   1.0438600e+02
   1.0835581e+02   9.8585844e+01   1.3535896e+02   1.8331049e+02   9.4009223e+01   1.0442843e+02
   1.0876809e+02   9.8661424e+01   1.3562504e+02   1.8333155e+02   9.3619242e+01   1.0381976e+02
   1.0902705e+02   9.8766431e+01   1.3545436e+02   1.8331049e+02   9.3939528e+01   1.0494851e+02
   1.0830005e+02   9.8750943e+01   1.3565818e+02   1.8348178e+02   9.3940148e+01   1.0475708e+02
   1.0842210e+02   9.8494776e+01   1.3545684e+02   1.8335292e+02   9.4110822e+01   1.0442812e+02
   1.0868012e+02   9.9126366e+01   1.3542308e+02   1.8347683e+02   9.3897401e+01   1.0501232e+02
   1.0927268e+02   9.8719039e+01   1.3534967e+02   1.8272041e+02   9.3965857e+01   1.0479239e+02
   1.0891832e+02   9.9245931e+01   1.3535493e+02   1.8259650e+02   9.3704424e+01   1.0489120e+02
   1.0885358e+02   9.9347220e+01   1.3479366e+02   1.8269779e+02   9.3435867e+01   1.0378972e+02
   1.0859277e+02   9.8979542e+01   1.3546954e+02   1.8277275e+02   9.4068386e+01   1.0437639e+02
   1.0982404e+02   9.9710253e+01   1.3606272e+02   1.8271483e+02   9.4007055e+01   1.0519879e+02
   1.0999565e+02   1.0045149e+02   1.3631145e+02   1.8314880e+02   9.4213041e+01   1.0564639e+02
   1.1035930e+02   1.0079842e+02   1.3622317e+02   1.8370759e+02   9.4514122e+01   1.0569192e+02
   1.1000649e+02   1.0052553e+02   1.3601471e+02   1.8443707e+02   9.4758519e+01   1.0630957e+02
   1.0995383e+02   1.0050694e+02   1.3639818e+02   1.8490975e+02   9.4673646e+01   1.0616987e+02
   1.1072450e+02   1.0075877e+02   1.3639633e+02   1.8489055e+02   9.5133012e+01   1.0615098e+02
   1.1134649e+02   1.0094555e+02   1.3652704e+02   1.8514021e+02   9.4717941e+01   1.0708612e+02
   1.1094752e+02   1.0048154e+02   1.3650350e+02   1.8482271e+02   9.4926096e+01   1.0651370e+02
   1.1037076e+02   1.0041649e+02   1.3611352e+02   1.8485492e+02   9.4627183e+01   1.0646662e+02
   1.0978749e+02   9.9865130e+01   1.3593510e+02   1.8433887e+02   9.4146134e+01   1.0566776e+02
   1.0954557e+02   9.9767557e+01   1.3554264e+02   1.8432246e+02   9.4363892e+01   1.0531371e+02
   1.0900010e+02   9.9487229e+01   1.3572044e+02   1.8409572e+02   9.3857443e+01   1.0464929e+02
   1.0854228e+02   9.9432093e+01   1.3501854e+02   1.8380021e+02   9.3688937e+01   1.0471403e+02
   1.0808044e+02   9.9215575e+01   1.3538467e+02   1.8445317e+02   9.3848150e+01   1.0551164e+02
   1.0869994e+02   9.9738440e+01   1.3496464e+02   1.8430790e+02   9.3852177e+01   1.0467438e+02
   1.0880062e+02   9.9712421e+01   1.3468865e+02   1.8485152e+02   9.3867046e+01   1.0421687e+02
   1.0935322e+02   1.0010178e+02   1.3543206e+02   1.8552802e+02   9.4764094e+01   1.0572847e+02
   1.0924356e+02   1.0000359e+02   1.3553366e+02   1.8518450e+02   9.4162551e+01   1.0543916e+02
   1.0882540e+02   1.0064106e+02   1.3495442e+02   1.8374786e+02   9.4001479e+01   1.0479487e+02
   1.0970851e+02   1.0046760e+02   1.3540108e+02   1.8347373e+02   9.3926209e+01   1.0666238e+02
   1.0929127e+02   1.0057447e+02   1.3545498e+02   1.8314725e+02   9.4134054e+01   1.0660941e+02
   1.0930861e+02   1.0052150e+02   1.3524992e+02   1.8332381e+02   9.3801997e+01   1.0627488e+02
   1.0976860e+02   1.0107038e+02   1.3512664e+02   1.8356882e+02   9.3875099e+01   1.0641953e+02
   1.0954217e+02   1.0108773e+02   1.3493181e+02   1.8304968e+02   9.3685220e+01   1.0569223e+02
   1.0897625e+02   1.0059584e+02   1.3498446e+02   1.8305773e+02   9.3938599e+01   1.0576285e+02
   1.0954588e+02   1.0068505e+02   1.3570340e+02   1.8298339e+02   9.4338801e+01   1.0641736e+02
   1.0969673e+02   1.0071045e+02   1.3570805e+02   1.8336408e+02   9.4177729e+01   1.0711029e+02
   1.1057210e+02   1.0104065e+02   1.3557795e+02   1.8310295e+02   9.4152639e+01   1.0696036e+02
   1.1099151e+02   1.0168834e+02   1.3577806e+02   1.8296170e+02   9.4122283e+01   1.0572661e+02
   1.0985688e+02   1.0081701e+02   1.3576690e+02   1.8321106e+02   9.4467040e+01   1.0608624e+02
   1.0943282e+02   1.0059646e+02   1.3579323e+02   1.8351245e+02   9.4033074e+01   1.0647188e+02
   1.0884367e+02   1.0040875e+02   1.3507615e+02   1.8337616e+02   9.3928067e+01   1.0572723e+02
   1.0895983e+02   1.0036786e+02   1.3545003e+02   1.8379185e+02   9.4533947e+01   1.0591030e+02
   1.0857233e+02   1.0052584e+02   1.3518642e+02   1.8352174e+02   9.3944174e+01   1.0566125e+02
   1.0890252e+02   1.0044685e+02   1.3505540e+02   1.8307415e+02   9.3724868e+01   1.0611907e+02
   1.0839793e+02   1.0014236e+02   1.3498044e+02   1.8246517e+02   9.3762968e+01   1.0625381e+02
   1.0862839e+02   1.0110446e+02   1.3502628e+02   1.8315933e+02   9.3815936e+01   1.0570710e+02
   1.0865379e+02   1.0084426e+02   1.3502597e+02   1.8363015e+02   9.3977008e+01   1.0590503e+02
   1.0816066e+02   1.0024148e+02   1.3513439e+02   1.8320424e+02   9.3704424e+01   1.0569997e+02
   1.0827217e+02   1.0022011e+02   1.3514863e+02   1.8345205e+02   9.4370087e+01   1.0536389e+02
   1.0887093e+02   1.0127420e+02   1.3571734e+02   1.8446246e+02   9.4428320e+01   1.0589512e+02
