   1.1693202e+02   1.1637453e+02   1.3550983e+02   1.9647398e+02   1.1865178e+02   1.2710114e+02
   1.1704312e+02   1.1615960e+02   1.3583454e+02   1.9619193e+02   1.1908594e+02   1.2650232e+02
   1.1728384e+02   1.1669891e+02   1.3706162e+02   1.9533916e+02   1.2002898e+02   1.2655060e+02
   1.1748257e+02   1.1785291e+02   1.3854397e+02   1.9586887e+02   1.1982001e+02   1.2623382e+02
   1.1628690e+02   1.1833799e+02   1.3953794e+02   1.9831906e+02   1.1939742e+02   1.2690837e+02
   1.1655275e+02   1.2010735e+02   1.3859522e+02   1.9829393e+02   1.1986564e+02   1.2750554e+02
   1.1636461e+02   1.1778281e+02   1.3720777e+02   1.9631758e+02   1.1914778e+02   1.2656547e+02
   1.1643603e+02   1.1659607e+02   1.3684603e+02   1.9478662e+02   1.1905817e+02   1.2576495e+02
   1.1560574e+02   1.1590664e+02   1.3666119e+02   1.9545456e+02   1.1910578e+02   1.2522597e+02
   1.1677529e+02   1.1771734e+02   1.3781024e+02   1.9635031e+02   1.2048265e+02   1.2752604e+02
   1.1745314e+02   1.1742008e+02   1.3767070e+02   1.9625508e+02   1.1928566e+02   1.2709519e+02
   1.1694326e+02   1.1756722e+02   1.3805162e+02   1.9687441e+02   1.1968774e+02   1.2669642e+02
   1.1711521e+02   1.1829897e+02   1.3814387e+02   1.9707578e+02   1.1959086e+02   1.2670171e+02
   1.1674222e+02   1.1878736e+02   1.3858762e+02   1.9687937e+02   1.1931575e+02   1.2692788e+02
   1.1669957e+02   1.1825202e+02   1.3867855e+02   1.9686681e+02   1.1964939e+02   1.2751017e+02
   1.1676504e+02   1.1839982e+02   1.3950818e+02   1.9720408e+02   1.1976446e+02   1.2763450e+02
   1.1729972e+02   1.1828839e+02   1.3952107e+02   1.9650506e+02   1.1994533e+02   1.2765533e+02
   1.1760789e+02   1.1725276e+02   1.3946288e+02   1.9571445e+02   1.1971486e+02   1.2738088e+02
   1.1701270e+02   1.1767303e+02   1.3828936e+02   1.9537553e+02   1.2017547e+02   1.2726912e+02
   1.1697435e+02   1.1647736e+02   1.3833632e+02   1.9593600e+02   1.1965203e+02   1.2689746e+02
   1.1709801e+02   1.1658582e+02   1.3716313e+02   1.9491723e+02   1.1953101e+02   1.2659160e+02
   1.1718035e+02   1.1722598e+02   1.3747660e+02   1.9547770e+02   1.1951084e+02   1.2656151e+02
   1.1682621e+02   1.1757416e+02   1.3798449e+02   1.9527765e+02   1.1905883e+02   1.2711900e+02
   1.1628558e+02   1.1778810e+02   1.3841898e+02   1.9500486e+02   1.1935444e+02   1.2643784e+02
   1.1678256e+02   1.1766576e+02   1.3870368e+02   1.9517250e+02   1.2004519e+02   1.2717753e+02
   1.1658780e+02   1.1701171e+02   1.3856712e+02   1.9541289e+02   1.1977603e+02   1.2756043e+02
   1.1717836e+02   1.1700741e+02   1.3859456e+02   1.9675835e+02   1.2035667e+02   1.2713586e+02
   1.1721077e+02   1.1732220e+02   1.3868153e+02   1.9663766e+02   1.1996682e+02   1.2687762e+02
   1.1656234e+02   1.1695451e+02   1.3840939e+02   1.9557392e+02   1.1926318e+02   1.2741692e+02
   1.1663542e+02   1.1681662e+02   1.3865805e+02   1.9600973e+02   1.2007032e+02   1.2741759e+02
   1.1651208e+02   1.1762740e+02   1.3851256e+02   1.9653648e+02   1.1980513e+02   1.2724829e+02
   1.1617349e+02   1.1770841e+02   1.3821529e+02   1.9604644e+02   1.2008090e+02   1.2696094e+02
   1.1651737e+02   1.1786184e+02   1.3906278e+02   1.9642141e+02   1.1953299e+02   1.2664252e+02
   1.1662583e+02   1.1835783e+02   1.3868351e+02   1.9770371e+02   1.1933096e+02   1.2742817e+02
   1.1636891e+02   1.1937858e+02   1.3765449e+02   1.9711579e+02   1.1877644e+02   1.2683529e+02
   1.1681860e+02   1.1939709e+02   1.3840410e+02   1.9544232e+02   1.1903469e+02   1.2744867e+02
   1.1621581e+02   1.1871031e+02   1.3829002e+02   1.9493939e+02   1.1998964e+02   1.2676850e+02
   1.1636196e+02   1.1762839e+02   1.3881677e+02   1.9593600e+02   1.2015596e+02   1.2706609e+02
   1.1616787e+02   1.1689135e+02   1.3925654e+02   1.9647101e+02   1.2032625e+02   1.2729590e+02
   1.1654879e+02   1.1687316e+02   1.3893779e+02   1.9604082e+02   1.1996252e+02   1.2748669e+02
   1.1517291e+02   1.1656565e+02   1.3761515e+02   1.9505181e+02   1.1893086e+02   1.2712528e+02
   1.1547679e+02   1.1610802e+02   1.3690423e+02   1.9460278e+02   1.1938155e+02   1.2794301e+02
   1.1734568e+02   1.1601642e+02   1.3765383e+02   1.9596212e+02   1.2061095e+02   1.2889167e+02
   1.1607991e+02   1.1707751e+02   1.3840344e+02   1.9671834e+02   1.2070585e+02   1.2803857e+02
   1.1630476e+02   1.1733807e+02   1.3851454e+02   1.9719978e+02   1.2039172e+02   1.2719274e+02
   1.1572743e+02   1.1720118e+02   1.3783272e+02   1.9643364e+02   1.1974825e+02   1.2755150e+02
   1.1676901e+02   1.1613116e+02   1.3878138e+02   1.9614861e+02   1.1887531e+02   1.2807097e+02
   1.1687812e+02   1.1689829e+02   1.3764987e+02   1.9582060e+02   1.1898145e+02   1.2821150e+02
   1.1660864e+02   1.1635006e+02   1.3642146e+02   1.9546348e+02   1.1815216e+02   1.2756341e+02
   1.1602965e+02   1.1630046e+02   1.3668037e+02   1.9550548e+02   1.1803080e+02   1.2708461e+02
   1.1621647e+02   1.1612091e+02   1.3656034e+02   1.9508355e+02   1.1837172e+02   1.2644082e+02
   1.1604519e+02   1.1586663e+02   1.3639732e+02   1.9456277e+02   1.1887101e+02   1.2658168e+02
   1.1616191e+02   1.1656036e+02   1.3746569e+02   1.9625806e+02   1.1971453e+02   1.2734517e+02
   1.1608851e+02   1.1700278e+02   1.3800764e+02   1.9708240e+02   1.2013546e+02   1.2786927e+02
   1.1541198e+02   1.1692276e+02   1.3807906e+02   1.9726062e+02   1.2074057e+02   1.2792449e+02
   1.1640263e+02   1.1748092e+02   1.3822191e+02   1.9699973e+02   1.2088771e+02   1.2822175e+02
   1.1635006e+02   1.1702428e+02   1.3763631e+02   1.9656359e+02   1.2034543e+02   1.2762855e+02
   1.1797790e+02   1.1705304e+02   1.3785686e+02   1.9709397e+02   1.2071907e+02   1.2734649e+02
   1.1808900e+02   1.1747133e+02   1.3803079e+02   1.9640322e+02   1.2096971e+02   1.2793970e+02
   1.1759995e+02   1.1750109e+02   1.3820769e+02   1.9738793e+02   1.2034543e+02   1.2740800e+02
   1.1751927e+02   1.1726334e+02   1.3784033e+02   1.9714952e+02   1.2114033e+02   1.2782760e+02
   1.1738469e+02   1.1755895e+02   1.3719554e+02   1.9750333e+02   1.2076768e+02   1.2815595e+02
   1.1752159e+02   1.1723358e+02   1.3702260e+02   1.9656227e+02   1.2028293e+02   1.2757333e+02
   1.1741875e+02   1.1754110e+02   1.3700111e+02   1.9642108e+02   1.2013678e+02   1.2707767e+02
   1.1740090e+02   1.1852084e+02   1.3729738e+02   1.9688334e+02   1.2018572e+02   1.2765963e+02
   1.1747860e+02   1.1878008e+02   1.3674022e+02   1.9742066e+02   1.1909751e+02   1.2766558e+02
   1.1733840e+02   1.1863757e+02   1.3718330e+02   1.9628947e+02   1.1961632e+02   1.2721721e+02
   1.1739693e+02   1.1830591e+02   1.3707253e+02   1.9570354e+02   1.1998203e+02   1.2702939e+02
   1.1659309e+02   1.1821366e+02   1.3678486e+02   1.9611422e+02   1.1954159e+02   1.2772543e+02
   1.1631799e+02   1.1793657e+02   1.3745081e+02   1.9574686e+02   1.2073263e+02   1.2755084e+02
   1.1737874e+02   1.1806619e+02   1.3769583e+02   1.9547869e+02   1.2109602e+02   1.2774825e+02
   1.1681563e+02   1.1694822e+02   1.3762837e+02   1.9587879e+02   1.2113339e+02   1.2763714e+02
   1.1721044e+02   1.1706594e+02   1.3749611e+02   1.9600676e+02   1.2101038e+02   1.2773667e+02
   1.1769981e+02   1.1699485e+02   1.3749412e+02   1.9632551e+02   1.2115885e+02   1.2751215e+02
   1.1806652e+02   1.1748224e+02   1.3722100e+02   1.9606595e+02   1.2038147e+02   1.2744206e+02
   1.1775933e+02   1.1722201e+02   1.3713470e+02   1.9670743e+02   1.2066749e+02   1.2776213e+02
   1.1778413e+02   1.1760359e+02   1.3737079e+02   1.9748779e+02   1.2158309e+02   1.2764971e+02
   1.1721573e+02   1.1768758e+02   1.3679511e+02   1.9606363e+02   1.2075015e+02   1.2709618e+02
   1.1690954e+02   1.1727194e+02   1.3507733e+02   1.9456839e+02   1.2015364e+02   1.2765004e+02
   1.1640958e+02   1.1633286e+02   1.3512957e+02   1.9454954e+02   1.1969766e+02   1.2714644e+02
   1.1645653e+02   1.1655110e+02   1.3615826e+02   1.9449101e+02   1.1998170e+02   1.2716595e+02
   1.1606867e+02   1.1761219e+02   1.3656133e+02   1.9517680e+02   1.2049819e+02   1.2729227e+02
   1.1626310e+02   1.1813364e+02   1.3626704e+02   1.9637974e+02   1.2018142e+02   1.2776709e+02
   1.1604221e+02   1.1858664e+02   1.3656993e+02   1.9614663e+02   1.2025416e+02   1.2760970e+02
   1.1761979e+02   1.1833633e+02   1.3684768e+02   1.9629741e+02   1.2069030e+02   1.2752307e+02
   1.1759367e+02   1.1788565e+02   1.3737972e+02   1.9568040e+02   1.2077958e+02   1.2797971e+02
   1.1774015e+02   1.1795575e+02   1.3740948e+02   1.9744149e+02   1.2170345e+02   1.2808916e+02
   1.1718465e+02   1.1876553e+02   1.3738997e+02   1.9849398e+02   1.2225763e+02   1.2874155e+02
   1.1760657e+02   1.1830029e+02   1.3670285e+02   1.9817159e+02   1.2203973e+02   1.2874122e+02
   1.1739131e+02   1.1849175e+02   1.3637914e+02   1.9681489e+02   1.2190317e+02   1.2808519e+02
   1.1737544e+02   1.1842958e+02   1.3713404e+02   1.9739983e+02   1.2175040e+02   1.2809147e+02
   1.1707057e+02   1.1837932e+02   1.3699185e+02   1.9771859e+02   1.2029384e+02   1.2792846e+02
   1.1725971e+02   1.1832774e+02   1.3669128e+02   1.9685126e+02   1.2125276e+02   1.2861921e+02
   1.1768923e+02   1.1855854e+02   1.3659308e+02   1.9709529e+02   1.2169683e+02   1.2824027e+02
   1.1697203e+02   1.1925326e+02   1.3684768e+02   1.9697592e+02   1.2170345e+02   1.2829350e+02
   1.1693268e+02   1.1916993e+02   1.3690720e+02   1.9700667e+02   1.2170775e+02   1.2780082e+02
   1.1692541e+02   1.1944471e+02   1.3708741e+02   1.9664956e+02   1.2155366e+02   1.2805510e+02
   1.1717406e+02   1.1963186e+02   1.3686587e+02   1.9639396e+02   1.2104080e+02   1.2738981e+02
   1.1673363e+02   1.1904362e+02   1.3666549e+02   1.9721433e+02   1.2131691e+02   1.2724829e+02
   1.1720581e+02   1.1945826e+02   1.3668037e+02   1.9803867e+02   1.2152820e+02   1.2834575e+02
   1.1783472e+02   1.2012455e+02   1.3674849e+02   1.9801122e+02   1.2161285e+02   1.2753133e+02
   1.1819580e+02   1.2103915e+02   1.3720976e+02   1.9904685e+02   1.2169287e+02   1.2693548e+02
   1.1820109e+02   1.2092573e+02   1.3701897e+02   1.9855449e+02   1.2143958e+02   1.2814901e+02
   1.1779934e+02   1.1951547e+02   1.3656563e+02   1.9707049e+02   1.2117373e+02   1.2775321e+02
   1.1752357e+02   1.1838693e+02   1.3601673e+02   1.9608678e+02   1.2062384e+02   1.2741858e+02
   1.1721837e+02   1.1775999e+02   1.3500029e+02   1.9561526e+02   1.1977537e+02   1.2689514e+02
   1.1698956e+02   1.1754837e+02   1.3443089e+02   1.9460013e+02   1.1958987e+02   1.2653505e+02
   1.1721540e+02   1.1735130e+02   1.3479627e+02   1.9520987e+02   1.1999393e+02   1.2662599e+02
   1.1677066e+02   1.1826194e+02   1.3513982e+02   1.9584143e+02   1.2011231e+02   1.2762689e+02
   1.1665493e+02   1.1826260e+02   1.3502244e+02   1.9542248e+02   1.2031368e+02   1.2719009e+02
   1.1635601e+02   1.1803907e+02   1.3437368e+02   1.9546084e+02   1.2024557e+02   1.2640444e+02
   1.1556276e+02   1.1784332e+02   1.3431813e+02   1.9465270e+02   1.2005577e+02   1.2661243e+02
   1.1656631e+02   1.1734667e+02   1.3473278e+02   1.9437760e+02   1.2095384e+02   1.2656878e+02
   1.1738403e+02   1.1722069e+02   1.3547611e+02   1.9481407e+02   1.2108313e+02   1.2707006e+02
   1.1761219e+02   1.1807941e+02   1.3596681e+02   1.9661451e+02   1.2146769e+02   1.2733128e+02
   1.1788069e+02   1.1858532e+02   1.3650512e+02   1.9760649e+02   1.2163070e+02   1.2763185e+02
   1.1720052e+02   1.1865972e+02   1.3618835e+02   1.9749704e+02   1.2144156e+02   1.2771518e+02
   1.1607396e+02   1.1912661e+02   1.3627101e+02   1.9746034e+02   1.2114695e+02   1.2772477e+02
   1.1669891e+02   1.1965534e+02   1.3665722e+02   1.9669056e+02   1.2132286e+02   1.2734220e+02
   1.1685861e+02   1.1967915e+02   1.3600285e+02   1.9649151e+02   1.2059739e+02   1.2752307e+02
   1.1691152e+02   1.1985936e+02   1.3511205e+02   1.9557855e+02   1.2051439e+02   1.2743974e+02
   1.1671213e+02   1.1982960e+02   1.3593142e+02   1.9629443e+02   1.2172263e+02   1.2756539e+02
   1.1685961e+02   1.1907172e+02   1.3617016e+02   1.9693657e+02   1.2178512e+02   1.2759581e+02
   1.1706296e+02   1.1891664e+02   1.3625316e+02   1.9669519e+02   1.2107255e+02   1.2735410e+02
   1.1806784e+02   1.1894607e+02   1.3621844e+02   1.9604677e+02   1.2117307e+02   1.2678801e+02
   1.1808569e+02   1.1904196e+02   1.3561035e+02   1.9599783e+02   1.2064831e+02   1.2766426e+02
   1.1794053e+02   1.1913356e+02   1.3616719e+02   1.9630534e+02   1.2041123e+02   1.2742486e+02
   1.1846463e+02   1.1991259e+02   1.3656894e+02   1.9698750e+02   1.2115885e+02   1.2761036e+02
   1.1782381e+02   1.1989209e+02   1.3609543e+02   1.9788623e+02   1.2135758e+02   1.2806502e+02
   1.1811215e+02   1.1899005e+02   1.3651570e+02   1.9709066e+02   1.2116414e+02   1.2805807e+02
   1.1813199e+02   1.1931608e+02   1.3631797e+02   1.9686185e+02   1.2158342e+02   1.2833550e+02
   1.1809363e+02   1.1974429e+02   1.3606005e+02   1.9710025e+02   1.2033352e+02   1.2786431e+02
   1.1758012e+02   1.2018737e+02   1.3511370e+02   1.9585234e+02   1.2066848e+02   1.2745197e+02
   1.1765418e+02   1.2019101e+02   1.3431946e+02   1.9520425e+02   1.2080868e+02   1.2740932e+02
   1.1669031e+02   1.1942156e+02   1.3492357e+02   1.9493575e+02   1.2020390e+02   1.2701286e+02
   1.1668469e+02   1.1888225e+02   1.3484686e+02   1.9431543e+02   1.2028624e+02   1.2720563e+02
   1.1677165e+02   1.1803742e+02   1.3510808e+02   1.9424665e+02   1.2058780e+02   1.2700426e+02
   1.1612719e+02   1.1769122e+02   1.3478470e+02   1.9544397e+02   1.2034179e+02   1.2663657e+02
   1.1684539e+02   1.1824606e+02   1.3468550e+02   1.9539900e+02   1.2057424e+02   1.2635716e+02
   1.1648398e+02   1.1861012e+02   1.3459622e+02   1.9569759e+02   1.2027797e+02   1.2608635e+02
   1.1589342e+02   1.1896161e+02   1.3471162e+02   1.9586689e+02   1.1984944e+02   1.2624374e+02
   1.1741346e+02   1.1871097e+02   1.3477411e+02   1.9612646e+02   1.2035898e+02   1.2642759e+02
   1.1800402e+02   1.1913719e+02   1.3518182e+02   1.9593368e+02   1.2037320e+02   1.2681281e+02
   1.1822358e+02   1.1981372e+02   1.3581602e+02   1.9671173e+02   1.2151828e+02   1.2703799e+02
   1.1747662e+02   1.1975718e+02   1.3598863e+02   1.9761476e+02   1.2117472e+02   1.2722117e+02
   1.1739131e+02   1.1972841e+02   1.3632293e+02   1.9759128e+02   1.2159102e+02   1.2750455e+02
   1.1673693e+02   1.1881348e+02   1.3691117e+02   1.9794839e+02   1.2203179e+02   1.2767054e+02
   1.1652399e+02   1.1958226e+02   1.3650314e+02   1.9720276e+02   1.2119787e+02   1.2770989e+02
   1.1710859e+02   1.2024226e+02   1.3523505e+02   1.9721995e+02   1.2044727e+02   1.2736270e+02
   1.1720449e+02   1.2090160e+02   1.3473377e+02   1.9791103e+02   1.2006370e+02   1.2767186e+02
   1.1693930e+02   1.2066385e+02   1.3524762e+02   1.9790805e+02   1.2051737e+02   1.2747611e+02
   1.1698360e+02   1.2063046e+02   1.3566855e+02   1.9758897e+02   1.2131029e+02   1.2725093e+02
   1.1645124e+02   1.1971254e+02   1.3624191e+02   1.9740314e+02   1.2171337e+02   1.2801311e+02
   1.1640594e+02   1.1804006e+02   1.3569335e+02   1.9719945e+02   1.2136650e+02   1.2812057e+02
   1.1615894e+02   1.1788664e+02   1.3530515e+02   1.9535933e+02   1.2139064e+02   1.2703600e+02
   1.1633022e+02   1.1740288e+02   1.3473774e+02   1.9458227e+02   1.2110925e+02   1.2706874e+02
   1.1654647e+02   1.1756292e+02   1.3439716e+02   1.9581200e+02   1.2060929e+02   1.2693019e+02
   1.1706164e+02   1.1783274e+02   1.3491861e+02   1.9521615e+02   1.2052729e+02   1.2545479e+02
   1.1672767e+02   1.1840379e+02   1.3493349e+02   1.9422450e+02   1.2015728e+02   1.2669939e+02
   1.1716580e+02   1.1802816e+02   1.3517719e+02   1.9558649e+02   1.2021680e+02   1.2684554e+02
   1.1752787e+02   1.1860979e+02   1.3571220e+02   1.9603619e+02   1.2082257e+02   1.2701749e+02
   1.1716910e+02   1.1841305e+02   1.3577238e+02   1.9611125e+02   1.2103485e+02   1.2748570e+02
   1.1617845e+02   1.1822391e+02   1.3600285e+02   1.9694947e+02   1.2115224e+02   1.2673014e+02
   1.1599559e+02   1.1889019e+02   1.3603823e+02   1.9582919e+02   1.2141577e+02   1.2672816e+02
   1.1571850e+02   1.1887597e+02   1.3527936e+02   1.9598956e+02   1.2164955e+02   1.2665541e+02
   1.1559880e+02   1.1866071e+02   1.3520827e+02   1.9538446e+02   1.2160425e+02   1.2655787e+02
   1.1757383e+02   1.1880521e+02   1.3509915e+02   1.9585036e+02   1.2175470e+02   1.2745991e+02
   1.1697005e+02   1.1878074e+02   1.3479230e+02   1.9585763e+02   1.2054316e+02   1.2744470e+02
   1.1773288e+02   1.1875594e+02   1.3459258e+02   1.9475885e+02   1.1996120e+02   1.2710974e+02
   1.1716018e+02   1.1864352e+02   1.3377817e+02   1.9441562e+02   1.1950357e+02   1.2722547e+02
   1.1695285e+02   1.1883199e+02   1.3401227e+02   1.9410282e+02   1.2008950e+02   1.2687696e+02
   1.1761252e+02   1.1929624e+02   1.3399309e+02   1.9393054e+02   1.2051274e+02   1.2687828e+02
   1.1719291e+02   1.1946058e+02   1.3452810e+02   1.9424831e+02   1.2053324e+02   1.2688390e+02
   1.1701568e+02   1.1910909e+02   1.3485380e+02   1.9496518e+02   1.2032922e+02   1.2702079e+02
   1.1744223e+02   1.1922548e+02   1.3480189e+02   1.9459319e+02   1.2016158e+02   1.2649405e+02
   1.1674586e+02   1.1855093e+02   1.3443882e+02   1.9468081e+02   1.1963814e+02   1.2639419e+02
   1.1670949e+02   1.1790416e+02   1.3458994e+02   1.9470230e+02   1.1943082e+02   1.2654630e+02
   1.1652366e+02   1.1793789e+02   1.3466433e+02   1.9462361e+02   1.2007693e+02   1.2733657e+02
   1.1584713e+02   1.1770973e+02   1.3497185e+02   1.9454061e+02   1.1974726e+02   1.2709784e+02
   1.1609181e+02   1.1752952e+02   1.3498706e+02   1.9429328e+02   1.2034278e+02   1.2687563e+02
   1.1640925e+02   1.1868485e+02   1.3494473e+02   1.9496452e+02   1.2022011e+02   1.2675131e+02
   1.1556937e+02   1.1781158e+02   1.3368856e+02   1.9469040e+02   1.1990201e+02   1.2723903e+02
   1.1566063e+02   1.1730534e+02   1.3363400e+02   1.9382308e+02   1.1992185e+02   1.2697053e+02
   1.1562095e+02   1.1758508e+02   1.3347594e+02   1.9419672e+02   1.2069593e+02   1.2703667e+02
   1.1550026e+02   1.1865840e+02   1.3397325e+02   1.9519565e+02   1.2038841e+02   1.2634988e+02
   1.1557135e+02   1.1949133e+02   1.3404732e+02   1.9493575e+02   1.2047703e+02   1.2597789e+02
   1.1648530e+02   1.1971155e+02   1.3336219e+02   1.9463452e+02   1.2054052e+02   1.2600071e+02
   1.1658615e+02   1.1855920e+02   1.3364127e+02   1.9464047e+02   1.2027268e+02   1.2600997e+02
   1.1664071e+02   1.1778248e+02   1.3364491e+02   1.9462559e+02   1.2026508e+02   1.2617860e+02
   1.1669725e+02   1.1763071e+02   1.3380726e+02   1.9543968e+02   1.2064335e+02   1.2682438e+02
   1.1654581e+02   1.1815183e+02   1.3334368e+02   1.9571346e+02   1.2131691e+02   1.2706907e+02
   1.1654350e+02   1.1859987e+02   1.3371402e+02   1.9549721e+02   1.2111190e+02   1.2729888e+02
   1.1602370e+02   1.1850133e+02   1.3350702e+02   1.9492451e+02   1.2056366e+02   1.2699831e+02
   1.1567915e+02   1.1790912e+02   1.3327887e+02   1.9500750e+02   1.2107982e+02   1.2682967e+02
   1.1586928e+02   1.1816803e+02   1.3424142e+02   1.9548729e+02   1.2101303e+02   1.2679991e+02
   1.1522019e+02   1.1858168e+02   1.3447454e+02   1.9621540e+02   1.2045521e+02   1.2714843e+02
   1.1542818e+02   1.1954589e+02   1.3368095e+02   1.9673123e+02   1.2110297e+02   1.2675197e+02
   1.1508628e+02   1.1978099e+02   1.3374874e+02   1.9655235e+02   1.2067013e+02   1.2631616e+02
   1.1523772e+02   1.2009644e+02   1.3377585e+02   1.9695079e+02   1.2000948e+02   1.2698574e+02
   1.1486771e+02   1.1996748e+02   1.3402451e+02   1.9638140e+02   1.2013480e+02   1.2657870e+02
   1.1583754e+02   1.2047108e+02   1.3386579e+02   1.9617341e+02   1.2038246e+02   1.2666401e+02
   1.1523706e+02   1.2052630e+02   1.3416967e+02   1.9632419e+02   1.2016224e+02   1.2722646e+02
   1.1533659e+02   1.2024623e+02   1.3473939e+02   1.9580737e+02   1.2037023e+02   1.2644412e+02
   1.1618737e+02   1.1896194e+02   1.3440973e+02   1.9464411e+02   1.2015265e+02   1.2551894e+02
   1.1591227e+02   1.1808834e+02   1.3379668e+02   1.9428237e+02   1.1974660e+02   1.2551398e+02
   1.1642446e+02   1.1831815e+02   1.3458630e+02   1.9470396e+02   1.2048265e+02   1.2509602e+02
   1.1613943e+02   1.1906742e+02   1.3498012e+02   1.9492980e+02   1.2018043e+02   1.2697384e+02
   1.1596286e+02   1.1913389e+02   1.3341378e+02   1.9599849e+02   1.2015728e+02   1.2676784e+02
   1.1632361e+02   1.1926582e+02   1.3289464e+02   1.9617606e+02   1.1989837e+02   1.2670964e+02
   1.1591193e+02   1.1939808e+02   1.3373485e+02   1.9609008e+02   1.1975123e+02   1.2656514e+02
   1.1555614e+02   1.2023763e+02   1.3426556e+02   1.9542248e+02   1.1988548e+02   1.2650199e+02
   1.1574694e+02   1.2030509e+02   1.3478436e+02   1.9489706e+02   1.2044859e+02   1.2690804e+02
   1.1536370e+02   1.1945694e+02   1.3486703e+02   1.9370470e+02   1.2094260e+02   1.2701848e+02
   1.1524202e+02   1.1717307e+02   1.3448677e+02   1.9343488e+02   1.2061425e+02   1.2602319e+02
   1.1473445e+02   1.1699220e+02   1.3387009e+02   1.9390211e+02   1.2049455e+02   1.2573949e+02
   1.1468816e+02   1.1738172e+02   1.3396962e+02   1.9452540e+02   1.2084109e+02   1.2645206e+02
   1.1364195e+02   1.1610339e+02   1.3369286e+02   1.9426517e+02   1.2002204e+02   1.2680785e+02
   1.1565766e+02   1.1761021e+02   1.3637583e+02   1.9539041e+02   1.2039800e+02   1.2841089e+02
   1.1555218e+02   1.1677793e+02   1.3439352e+02   1.9460939e+02   1.2053423e+02   1.2741362e+02
   1.1560740e+02   1.1626144e+02   1.3384893e+02   1.9401056e+02   1.2002072e+02   1.2666765e+02
   1.1523573e+02   1.1598038e+02   1.3415413e+02   1.9385648e+02   1.2010305e+02   1.2690804e+02
   1.1517754e+02   1.1618969e+02   1.3460283e+02   1.9350631e+02   1.2039833e+02   1.2663557e+02
   1.1545628e+02   1.1743297e+02   1.3483231e+02   1.9363328e+02   1.2046017e+02   1.2668584e+02
   1.1486044e+02   1.1808371e+02   1.3468153e+02   1.9540562e+02   1.1986432e+02   1.2694276e+02
   1.1537891e+02   1.1918349e+02   1.3447421e+02   1.9618895e+02   1.1989705e+02   1.2671030e+02
   1.1499766e+02   1.2026210e+02   1.3477411e+02   1.9732444e+02   1.2025549e+02   1.2774924e+02
   1.1528699e+02   1.2021978e+02   1.3513354e+02   1.9770040e+02   1.2019200e+02   1.2735674e+02
   1.1493583e+02   1.1905486e+02   1.3429400e+02   1.9630997e+02   1.1990962e+02   1.2701187e+02
   1.1512430e+02   1.1793260e+02   1.3388761e+02   1.9427608e+02   1.2012256e+02   1.2666996e+02
   1.1480224e+02   1.1731526e+02   1.3436112e+02   1.9411307e+02   1.2088275e+02   1.2642660e+02
   1.1544306e+02   1.1801758e+02   1.3465871e+02   1.9415969e+02   1.2096740e+02   1.2633434e+02
   1.1534452e+02   1.1725276e+02   1.3393060e+02   1.9373975e+02   1.1970428e+02   1.2614190e+02
   1.1554490e+02   1.1700377e+02   1.3395275e+02   1.9266742e+02   1.1959317e+02   1.2607808e+02
   1.1573371e+02   1.1749018e+02   1.3375304e+02   1.9416035e+02   1.2058350e+02   1.2650728e+02
   1.1548571e+02   1.1749646e+02   1.3398648e+02   1.9396460e+02   1.2068138e+02   1.2688456e+02
   1.1586267e+02   1.1748488e+02   1.3461639e+02   1.9485606e+02   1.2045983e+02   1.2723308e+02
   1.1580844e+02   1.1856813e+02   1.3538848e+02   1.9597237e+02   1.2081893e+02   1.2795888e+02
   1.1547315e+02   1.1914744e+02   1.3553430e+02   1.9629576e+02   1.2109768e+02   1.2699434e+02
   1.1498046e+02   1.1837668e+02   1.3476982e+02   1.9443612e+02   1.2043900e+02   1.2658069e+02
   1.1480488e+02   1.1787143e+02   1.3352058e+02   1.9321400e+02   1.1994599e+02   1.2631847e+02
   1.1397856e+02   1.1740619e+02   1.3351364e+02   1.9308504e+02   1.2056532e+02   1.2620770e+02
   1.1473115e+02   1.1774082e+02   1.3493415e+02   1.9421061e+02   1.2081133e+02   1.2676982e+02
   1.1565270e+02   1.1807544e+02   1.3519703e+02   1.9521317e+02   1.2038610e+02   1.2666467e+02
   1.1621284e+02   1.1847488e+02   1.3459159e+02   1.9554648e+02   1.2099484e+02   1.2606849e+02
   1.1574760e+02   1.1953266e+02   1.3525589e+02   1.9457764e+02   1.2082025e+02   1.2672981e+02
   1.1543678e+02   1.1911868e+02   1.3450330e+02   1.9294022e+02   1.1933890e+02   1.2650662e+02
   1.1597311e+02   1.1862632e+02   1.3459787e+02   1.9373611e+02   1.1965865e+02   1.2627317e+02
   1.1589937e+02   1.1833700e+02   1.3508956e+02   1.9451945e+02   1.2031401e+02   1.2695929e+02
   1.1560905e+02   1.1851952e+02   1.3529490e+02   1.9533651e+02   1.2087614e+02   1.2751381e+02
   1.1553399e+02   1.1880025e+02   1.3479594e+02   1.9562385e+02   1.2098889e+02   1.2685249e+02
   1.1537064e+02   1.1819184e+02   1.3455224e+02   1.9417622e+02   1.2037188e+02   1.2617067e+02
   1.1463559e+02   1.1683183e+02   1.3462895e+02   1.9391136e+02   1.2034642e+02   1.2627251e+02
   1.1462963e+02   1.1701766e+02   1.3437203e+02   1.9295972e+02   1.2047835e+02   1.2593887e+02
   1.1475859e+02   1.1804139e+02   1.3404435e+02   1.9366469e+02   1.2049555e+02   1.2589457e+02
   1.1543049e+02   1.1859888e+02   1.3438526e+02   1.9418813e+02   1.2040197e+02   1.2607312e+02
   1.1577504e+02   1.1863624e+02   1.3427184e+02   1.9542248e+02   1.2039701e+02   1.2600831e+02
   1.1560674e+02   1.1885679e+02   1.3471790e+02   1.9587681e+02   1.2110793e+02   1.2630624e+02
   1.1489945e+02   1.1833171e+02   1.3437798e+02   1.9503528e+02   1.1983456e+02   1.2606816e+02
   1.1550688e+02   1.1796269e+02   1.3464549e+02   1.9498370e+02   1.2035006e+02   1.2621960e+02
   1.1477314e+02   1.1827781e+02   1.3547743e+02   1.9586457e+02   1.2098129e+02   1.2706312e+02
   1.1513455e+02   1.1884787e+02   1.3505253e+02   1.9602362e+02   1.2135129e+02   1.2642395e+02
   1.1514844e+02   1.1922449e+02   1.3519967e+02   1.9583548e+02   1.2205858e+02   1.2634988e+02
   1.1451721e+02   1.1915240e+02   1.3422257e+02   1.9515266e+02   1.2150604e+02   1.2600302e+02
   1.1597112e+02   1.1835584e+02   1.3441799e+02   1.9497973e+02   1.2125606e+02   1.2587076e+02
   1.1644661e+02   1.1906445e+02   1.3517520e+02   1.9537090e+02   1.2035964e+02   1.2668054e+02
   1.1687680e+02   1.1950522e+02   1.3482041e+02   1.9592740e+02   1.2130930e+02   1.2695532e+02
   1.1610306e+02   1.1952870e+02   1.3466996e+02   1.9613869e+02   1.2112380e+02   1.2731111e+02
   1.1586531e+02   1.1878471e+02   1.3427217e+02   1.9661021e+02   1.2068634e+02   1.2689746e+02
   1.1569370e+02   1.1872354e+02   1.3486273e+02   1.9688499e+02   1.2122002e+02   1.2710677e+02
   1.1556706e+02   1.1902543e+02   1.3498871e+02   1.9695344e+02   1.2125573e+02   1.2686836e+02
   1.1529823e+02   1.1840776e+02   1.3542882e+02   1.9492120e+02   1.2119919e+02   1.2599013e+02
   1.1632526e+02   1.1917489e+02   1.3351066e+02   1.9474132e+02   1.2011925e+02   1.2607544e+02
   1.1629186e+02   1.1916199e+02   1.3322332e+02   1.9499891e+02   1.1973040e+02   1.2582810e+02
   1.1669725e+02   1.1950720e+02   1.3287976e+02   1.9481109e+02   1.2011959e+02   1.2574544e+02
   1.1599592e+02   1.1889912e+02   1.3281098e+02   1.9411075e+02   1.1958590e+02   1.2651290e+02
   1.1601576e+02   1.1793723e+02   1.3299946e+02   1.9277588e+02   1.2045950e+02   1.2649372e+02
   1.1570659e+02   1.1716481e+02   1.3326696e+02   1.9289227e+02   1.2027929e+02   1.2674072e+02
   1.1562757e+02   1.1717373e+02   1.3393688e+02   1.9256326e+02   1.1981406e+02   1.2642197e+02
   1.1549133e+02   1.1694492e+02   1.3431549e+02   1.9295609e+02   1.1993904e+02   1.2663524e+02
   1.1531774e+02   1.1795178e+02   1.3430524e+02   1.9309860e+02   1.2025218e+02   1.2616835e+02
   1.1681464e+02   1.1858929e+02   1.3398119e+02   1.9434585e+02   1.2052332e+02   1.2638163e+02
   1.1636891e+02   1.1936799e+02   1.3312280e+02   1.9482002e+02   1.2086159e+02   1.2657672e+02
   1.1732881e+02   1.1943214e+02   1.3393225e+02   1.9531932e+02   1.2108247e+02   1.2632707e+02
   1.1694227e+02   1.1933427e+02   1.3524299e+02   1.9487326e+02   1.2004023e+02   1.2670501e+02
   1.1746703e+02   1.1942255e+02   1.3447520e+02   1.9529584e+02   1.2097600e+02   1.2650100e+02
   1.1666055e+02   1.1942851e+02   1.3413726e+02   1.9470363e+02   1.2054680e+02   1.2621035e+02
   1.1595558e+02   1.1908793e+02   1.3400301e+02   1.9509910e+02   1.2064699e+02   1.2661904e+02
   1.1581505e+02   1.1950886e+02   1.3394680e+02   1.9536991e+02   1.2089631e+02   1.2675759e+02
   1.1607925e+02   1.1903733e+02   1.3446263e+02   1.9563245e+02   1.2091251e+02   1.2623019e+02
   1.1696410e+02   1.1997575e+02   1.3411213e+02   1.9638536e+02   1.2075082e+02   1.2595276e+02
   1.1644430e+02   1.1998104e+02   1.3354935e+02   1.9525087e+02   1.2018241e+02   1.2670105e+02
   1.1708115e+02   1.2044760e+02   1.3332318e+02   1.9509480e+02   1.1973073e+02   1.2663458e+02
   1.1709107e+02   1.2034014e+02   1.3342700e+02   1.9564733e+02   1.1993144e+02   1.2684224e+02
   1.1719754e+02   1.2027566e+02   1.3397491e+02   1.9562088e+02   1.2037783e+02   1.2697946e+02
   1.1673396e+02   1.1938750e+02   1.3422786e+02   1.9454028e+02   1.2039106e+02   1.2756572e+02
   1.1704312e+02   1.1836014e+02   1.3499863e+02   1.9462195e+02   1.2058350e+02   1.2770129e+02
   1.1686622e+02   1.1917357e+02   1.3537823e+02   1.9531105e+02   1.2071808e+02   1.2765235e+02
   1.1653424e+02   1.1990300e+02   1.3475097e+02   1.9622433e+02   1.2028260e+02   1.2727011e+02
   1.1711620e+02   1.2049455e+02   1.3431549e+02   1.9530444e+02   1.2047571e+02   1.2763648e+02
   1.1577537e+02   1.2029814e+02   1.3359961e+02   1.9399138e+02   1.2005907e+02   1.2748504e+02
   1.1607462e+02   1.2109073e+02   1.3411511e+02   1.9431179e+02   1.2045884e+02   1.2708329e+02
   1.1601345e+02   1.2071411e+02   1.3396201e+02   1.9482663e+02   1.2062913e+02   1.2786001e+02
   1.1520664e+02   1.1928930e+02   1.3408832e+02   1.9606033e+02   1.2111454e+02   1.2717885e+02
   1.1596451e+02   1.1971287e+02   1.3495102e+02   1.9735751e+02   1.2154473e+02   1.2715967e+02
   1.1533923e+02   1.1976049e+02   1.3445536e+02   1.9691144e+02   1.2085200e+02   1.2674568e+02
   1.1590400e+02   1.1985175e+02   1.3446230e+02   1.9587747e+02   1.2021713e+02   1.2707105e+02
   1.1695186e+02   1.2016323e+02   1.3394217e+02   1.9588441e+02   1.2025879e+02   1.2670038e+02
   1.1631997e+02   1.2017646e+02   1.3425928e+02   1.9576042e+02   1.1998600e+02   1.2648612e+02
   1.1619167e+02   1.2082951e+02   1.3490406e+02   1.9648721e+02   1.2050249e+02   1.2651984e+02
   1.1667510e+02   1.2075611e+02   1.3482702e+02   1.9681390e+02   1.2022705e+02   1.2701352e+02
   1.1660434e+02   1.2105106e+02   1.3359961e+02   1.9622103e+02   1.2007991e+02   1.2710610e+02
   1.1713901e+02   1.1993607e+02   1.3434492e+02   1.9531535e+02   1.2040065e+02   1.2681545e+02
   1.1686159e+02   1.1907338e+02   1.3447817e+02   1.9553061e+02   1.2012223e+02   1.2718943e+02
   1.1701965e+02   1.1894475e+02   1.3460812e+02   1.9630766e+02   1.2088738e+02   1.2708924e+02
   1.1696244e+02   1.1865410e+02   1.3426887e+02   1.9653912e+02   1.2070849e+02   1.2734120e+02
   1.1655738e+02   1.1915869e+02   1.3415776e+02   1.9623392e+02   1.2081364e+02   1.2730715e+02
   1.1640693e+02   1.1993012e+02   1.3323754e+02   1.9581134e+02   1.2093103e+02   1.2753497e+02
   1.1604023e+02   1.1928268e+02   1.3366111e+02   1.9594030e+02   1.2072139e+02   1.2748240e+02
   1.1634312e+02   1.1900262e+02   1.3498045e+02   1.9620449e+02   1.2133972e+02   1.2744470e+02
   1.1695451e+02   1.1961401e+02   1.3540303e+02   1.9629410e+02   1.2151034e+02   1.2769931e+02
   1.1698989e+02   1.1876388e+02   1.3477643e+02   1.9518507e+02   1.2100443e+02   1.2703700e+02
   1.1748191e+02   1.1863228e+02   1.3558886e+02   1.9429890e+02   1.2089035e+02   1.2643486e+02
   1.1753184e+02   1.1880587e+02   1.3517157e+02   1.9464444e+02   1.2020456e+02   1.2734782e+02
   1.1757912e+02   1.1913752e+02   1.3527506e+02   1.9502205e+02   1.2102526e+02   1.2744999e+02
   1.1789391e+02   1.1966195e+02   1.3523373e+02   1.9602660e+02   1.2166145e+02   1.2754225e+02
   1.1719622e+02   1.2000551e+02   1.3479131e+02   1.9553821e+02   1.2080802e+02   1.2702112e+02
   1.1688474e+02   1.1986630e+02   1.3450033e+02   1.9577166e+02   1.2056399e+02   1.2715074e+02
   1.1674652e+02   1.2096508e+02   1.3491861e+02   1.9601767e+02   1.2065823e+02   1.2790729e+02
   1.1640131e+02   1.2035303e+02   1.3503699e+02   1.9586325e+02   1.2064996e+02   1.2746024e+02
   1.1796104e+02   1.2045025e+02   1.3547941e+02   1.9563906e+02   1.2103386e+02   1.2742718e+02
   1.1775537e+02   1.1982894e+02   1.3505551e+02   1.9523004e+02   1.2026375e+02   1.2771386e+02
   1.1779537e+02   1.1921258e+02   1.3492853e+02   1.9520392e+02   1.2062814e+02   1.2743610e+02
   1.1781224e+02   1.1924499e+02   1.3538220e+02   1.9620648e+02   1.2100906e+02   1.2761896e+02
   1.1736651e+02   1.1986332e+02   1.3515966e+02   1.9687210e+02   1.2013413e+02   1.2758391e+02
   1.1683084e+02   1.2044066e+02   1.3481842e+02   1.9614927e+02   1.2024292e+02   1.2751480e+02
   1.1688738e+02   1.2033418e+02   1.3481115e+02   1.9527203e+02   1.2048530e+02   1.2772675e+02
   1.1646678e+02   1.2018836e+02   1.3485777e+02   1.9671768e+02   1.2050183e+02   1.2794565e+02
   1.1769915e+02   1.2049786e+02   1.3562722e+02   1.9667833e+02   1.2100013e+02   1.2768608e+02
   1.1790945e+02   1.2015926e+02   1.3571484e+02   1.9583746e+02   1.2057160e+02   1.2735774e+02
   1.1741611e+02   1.1982398e+02   1.3548569e+02   1.9559409e+02   1.2117638e+02   1.2746090e+02
   1.1769651e+02   1.1983356e+02   1.3568641e+02   1.9544431e+02   1.2051505e+02   1.2764739e+02
   1.1780067e+02   1.2001510e+02   1.3477808e+02   1.9468081e+02   1.1971585e+02   1.2778528e+02
   1.1743297e+02   1.1935378e+02   1.3418488e+02   1.9548762e+02   1.2020523e+02   1.2803493e+02
   1.1688176e+02   1.1913719e+02   1.3429201e+02   1.9683572e+02   1.2075974e+02   1.2850480e+02
   1.1654614e+02   1.1907635e+02   1.3436839e+02   1.9748448e+02   1.2088572e+02   1.2819629e+02
   1.1659640e+02   1.1897385e+02   1.3503038e+02   1.9715283e+02   1.2085960e+02   1.2768079e+02
   1.1639172e+02   1.1944835e+02   1.3501781e+02   1.9637644e+02   1.2054085e+02   1.2751844e+02
   1.1590532e+02   1.1881579e+02   1.3470765e+02   1.9542546e+02   1.2010735e+02   1.2773700e+02
   1.1653093e+02   1.1910810e+02   1.3501946e+02   1.9579183e+02   1.2047240e+02   1.2757234e+02
   1.1751993e+02   1.1940834e+02   1.3547313e+02   1.9659566e+02   1.2076239e+02   1.2693515e+02
   1.1796666e+02   1.1938420e+02   1.3553529e+02   1.9646109e+02   1.2067212e+02   1.2763714e+02
   1.1808140e+02   1.2025714e+02   1.3559713e+02   1.9756053e+02   1.2103452e+02   1.2782959e+02
   1.1784497e+02   1.2017778e+02   1.3551479e+02   1.9811472e+02   1.2100410e+02   1.2843833e+02
   1.1788002e+02   1.2080736e+02   1.3488885e+02   1.9833758e+02   1.2117571e+02   1.2820026e+02
   1.1740024e+02   1.2001609e+02   1.3461077e+02   1.9814877e+02   1.2106527e+02   1.2836460e+02
   1.1721837e+02   1.1965798e+02   1.3488621e+02   1.9820664e+02   1.2147860e+02   1.2780281e+02
   1.1710959e+02   1.2024557e+02   1.3482570e+02   1.9820829e+02   1.2111620e+02   1.2727110e+02
   1.1720449e+02   1.1916034e+02   1.3446429e+02   1.9776852e+02   1.2110098e+02   1.2749066e+02
   1.1622672e+02   1.1862897e+02   1.3497780e+02   1.9744612e+02   1.2137047e+02   1.2717124e+02
   1.1735791e+02   1.1884687e+02   1.3485116e+02   1.9682514e+02   1.2122994e+02   1.2713818e+02
   1.1723954e+02   1.1857904e+02   1.3514611e+02   1.9667039e+02   1.2059078e+02   1.2706477e+02
   1.1784993e+02   1.1931674e+02   1.3540270e+02   1.9700634e+02   1.2084935e+02   1.2766393e+02
