   9.0606598e+01   1.1409036e+02   1.2654782e+02   1.6776214e+02   7.9348747e+01   1.5302805e+02
   9.0768339e+01   1.1416119e+02   1.2689173e+02   1.6802807e+02   7.9263961e+01   1.5423004e+02
   9.0864362e+01   1.1570403e+02   1.3226494e+02   1.6891475e+02   8.0051554e+01   1.5526348e+02
   9.0497976e+01   1.1518169e+02   1.3313085e+02   1.6895800e+02   8.0292633e+01   1.5542965e+02
   9.1016909e+01   1.1513504e+02   1.3244847e+02   1.6886402e+02   8.0232023e+01   1.5536427e+02
   9.1035637e+01   1.1525217e+02   1.3243145e+02   1.6843328e+02   7.9800600e+01   1.5500061e+02
   9.0995798e+01   1.1505195e+02   1.3157984e+02   1.6851364e+02   7.9944294e+01   1.5447691e+02
   9.1725845e+01   1.1593046e+02   1.3195133e+02   1.6893450e+02   7.9667121e+01   1.5507007e+02
   9.1706096e+01   1.1639015e+02   1.3462261e+02   1.7041265e+02   8.0775132e+01   1.5558424e+02
   9.2034004e+01   1.1690704e+02   1.3374206e+02   1.6994683e+02   8.0800670e+01   1.5577424e+02
   9.1848428e+01   1.1559098e+02   1.3225915e+02   1.6861954e+02   7.9896623e+01   1.5486338e+02
   9.1461952e+01   1.1500394e+02   1.3021372e+02   1.6838697e+02   7.9585059e+01   1.5432232e+02
   9.1163327e+01   1.1510235e+02   1.3180287e+02   1.6900737e+02   7.9820350e+01   1.5446805e+02
   9.0448603e+01   1.1474550e+02   1.3379211e+02   1.6899511e+02   7.9732839e+01   1.5455352e+02
   9.1429945e+01   1.1558076e+02   1.3353469e+02   1.6928148e+02   8.0959006e+01   1.5552533e+02
   9.1147324e+01   1.1592195e+02   1.3411253e+02   1.6931792e+02   8.0253475e+01   1.5545246e+02
   9.1705074e+01   1.1578405e+02   1.3458618e+02   1.6931519e+02   8.0087988e+01   1.5508335e+02
   9.2747708e+01   1.1608880e+02   1.3235858e+02   1.6896787e+02   7.9901731e+01   1.5409962e+02
   9.1948878e+01   1.1580686e+02   1.3254177e+02   1.6914119e+02   8.0096501e+01   1.5511025e+02
   9.1982247e+01   1.1663906e+02   1.3362901e+02   1.6942858e+02   8.0649485e+01   1.5518176e+02
   9.0965493e+01   1.1588449e+02   1.3266946e+02   1.6867946e+02   7.9562586e+01   1.5445784e+02
   9.1611775e+01   1.1556714e+02   1.3222203e+02   1.6840399e+02   7.9539091e+01   1.5364369e+02
   9.2043539e+01   1.1508703e+02   1.3218049e+02   1.6779006e+02   7.9581654e+01   1.5364743e+02
   9.1194995e+01   1.1410603e+02   1.3326569e+02   1.6875574e+02   7.9125034e+01   1.5427328e+02
   9.1287272e+01   1.1574114e+02   1.3335524e+02   1.6975240e+02   7.9800600e+01   1.5491344e+02
   9.2283256e+01   1.1628187e+02   1.3370801e+02   1.6889330e+02   7.9766890e+01   1.5529004e+02
   9.0933825e+01   1.1492971e+02   1.3287172e+02   1.6904994e+02   7.9811156e+01   1.5413402e+02
   9.1124850e+01   1.1539961e+02   1.3258229e+02   1.6859910e+02   7.9768592e+01   1.5426647e+02
   9.1822549e+01   1.1500394e+02   1.3406009e+02   1.6889432e+02   7.9474054e+01   1.5450074e+02
   9.1853195e+01   1.1506115e+02   1.3443499e+02   1.6933392e+02   7.9748162e+01   1.5440744e+02
   9.2013233e+01   1.1627812e+02   1.3361198e+02   1.6948579e+02   8.0141107e+01   1.5516814e+02
   9.2116407e+01   1.1573603e+02   1.3290509e+02   1.6925288e+02   8.0111143e+01   1.5474591e+02
   9.1025422e+01   1.1502199e+02   1.3324696e+02   1.6907207e+02   7.9728072e+01   1.5387625e+02
   9.1111911e+01   1.1496819e+02   1.3249682e+02   1.6833998e+02   7.9425021e+01   1.5424400e+02
   9.1834808e+01   1.1467127e+02   1.3281826e+02   1.6764637e+02   7.9062721e+01   1.5422323e+02
   9.0723732e+01   1.1438728e+02   1.3260987e+02   1.6813601e+02   7.9066466e+01   1.5400837e+02
   9.0797963e+01   1.1532742e+02   1.3209468e+02   1.6841285e+02   7.9256810e+01   1.5442345e+02
   9.1913124e+01   1.1614192e+02   1.3532984e+02   1.6969860e+02   8.0458120e+01   1.5551001e+02
   9.3198199e+01   1.1693258e+02   1.3450582e+02   1.6928012e+02   7.9993668e+01   1.5490526e+02
   9.2033664e+01   1.1422350e+02   1.3287751e+02   1.6832227e+02   7.9345682e+01   1.5370055e+02
   9.1348563e+01   1.1449761e+02   1.3225642e+02   1.6873633e+02   7.9199945e+01   1.5381837e+02
   9.1750362e+01   1.1472609e+02   1.3124103e+02   1.6830967e+02   7.9769273e+01   1.5426613e+02
   9.1239941e+01   1.1425210e+02   1.3249171e+02   1.6861170e+02   7.9597998e+01   1.5442719e+02
   9.1753086e+01   1.1481939e+02   1.3184748e+02   1.6822216e+02   7.9880960e+01   1.5414049e+02
   9.1734358e+01   1.1477819e+02   1.3125159e+02   1.6834985e+02   7.9071234e+01   1.5342985e+02
   9.0977751e+01   1.1408696e+02   1.3073368e+02   1.6886640e+02   7.9443408e+01   1.5479800e+02
   9.2169186e+01   1.1524809e+02   1.3260578e+02   1.6852079e+02   7.9745097e+01   1.5452083e+02
   9.1689752e+01   1.1543196e+02   1.3377679e+02   1.6935265e+02   8.0443818e+01   1.5501491e+02
   9.2707528e+01   1.1701225e+02   1.3433726e+02   1.6903495e+02   7.9816944e+01   1.5483069e+02
   9.1704734e+01   1.1495014e+02   1.3265312e+02   1.6818369e+02   7.8860119e+01   1.5356060e+02
   9.1837532e+01   1.1451157e+02   1.3152570e+02   1.6842681e+02   7.9083151e+01   1.5389226e+02
   9.2250227e+01   1.1449591e+02   1.3068839e+02   1.6799743e+02   7.8878506e+01   1.5420212e+02
   9.1445948e+01   1.1379310e+02   1.3131458e+02   1.6864065e+02   7.9035821e+01   1.5469177e+02
   9.1375123e+01   1.1380297e+02   1.3177937e+02   1.6822216e+02   7.8258102e+01   1.5418101e+02
   9.2204258e+01   1.1474958e+02   1.3166564e+02   1.6871420e+02   7.9058635e+01   1.5436556e+02
   9.2225029e+01   1.1484833e+02   1.3098054e+02   1.6768655e+02   7.9282348e+01   1.5418169e+02
   9.2988446e+01   1.1510371e+02   1.3241817e+02   1.6840059e+02   7.9602084e+01   1.5467610e+02
   9.2408903e+01   1.1537271e+02   1.3349723e+02   1.6864065e+02   7.9118905e+01   1.5400667e+02
   9.3508401e+01   1.1686277e+02   1.3510613e+02   1.6987975e+02   7.9851336e+01   1.5485453e+02
   9.2975847e+01   1.1622364e+02   1.3312948e+02   1.6885721e+02   7.9235018e+01   1.5479085e+02
   9.2926814e+01   1.1535807e+02   1.3166156e+02   1.6871964e+02   7.8852968e+01   1.5428793e+02
   9.2404476e+01   1.1510848e+02   1.3100778e+02   1.6810911e+02   7.9463498e+01   1.5494204e+02
   9.2557705e+01   1.1518884e+02   1.3147666e+02   1.6884767e+02   8.0047468e+01   1.5572759e+02
   9.1949218e+01   1.1550313e+02   1.3170787e+02   1.6925186e+02   7.9361346e+01   1.5461958e+02
   9.2392218e+01   1.1516875e+02   1.3163534e+02   1.6869240e+02   7.8836965e+01   1.5394606e+02
   9.2186211e+01   1.1362216e+02   1.3078509e+02   1.6804340e+02   7.8947970e+01   1.5432198e+02
   9.2623763e+01   1.1457422e+02   1.3097033e+02   1.6830729e+02   7.9750886e+01   1.5467474e+02
   9.3292179e+01   1.1489362e+02   1.3036763e+02   1.6817347e+02   7.9434555e+01   1.5389192e+02
   9.1824933e+01   1.1450340e+02   1.2963792e+02   1.6809652e+02   7.8500203e+01   1.5411359e+02
   9.2555321e+01   1.1424665e+02   1.3139937e+02   1.6904449e+02   7.8461726e+01   1.5526654e+02
   9.1871582e+01   1.1468250e+02   1.3040781e+02   1.6868627e+02   7.8977594e+01   1.5409077e+02
   9.2512077e+01   1.1427185e+02   1.3008944e+02   1.6766884e+02   7.8955121e+01   1.5402812e+02
   9.2824662e+01   1.1443427e+02   1.3026616e+02   1.6862566e+02   7.9567353e+01   1.5499278e+02
   9.3300010e+01   1.1650286e+02   1.3256799e+02   1.6935333e+02   8.0176861e+01   1.5472990e+02
   9.4193842e+01   1.1657164e+02   1.3378632e+02   1.6931179e+02   7.9885046e+01   1.5465567e+02
   9.3452217e+01   1.1570573e+02   1.3419425e+02   1.6912280e+02   8.0530648e+01   1.5561658e+02
   9.2706847e+01   1.1524230e+02   1.3330927e+02   1.6891714e+02   7.9585059e+01   1.5532579e+02
   9.2355103e+01   1.1514832e+02   1.3264835e+02   1.6945616e+02   7.9815923e+01   1.5506224e+02
   9.2993894e+01   1.1627063e+02   1.3295310e+02   1.7069459e+02   8.1197361e+01   1.5673243e+02
   9.3089236e+01   1.1697820e+02   1.3391742e+02   1.6988724e+02   8.0211592e+01   1.5578684e+02
   9.2469513e+01   1.1585828e+02   1.3293199e+02   1.6937921e+02   7.9048760e+01   1.5338490e+02
   9.2980274e+01   1.1614941e+02   1.3345978e+02   1.6944595e+02   7.9468946e+01   1.5403629e+02
   9.4045040e+01   1.1690942e+02   1.3299022e+02   1.6975581e+02   8.0163921e+01   1.5544224e+02
   9.3890791e+01   1.1671942e+02   1.3422490e+02   1.6996352e+02   7.9958596e+01   1.5511910e+02
   9.2684714e+01   1.1556135e+02   1.3280158e+02   1.6929067e+02   7.9565650e+01   1.5381053e+02
   9.3214543e+01   1.1620287e+02   1.3216789e+02   1.6952018e+02   8.0311361e+01   1.5554474e+02
   9.3633367e+01   1.1650899e+02   1.3212635e+02   1.6968532e+02   7.9497549e+01   1.5523692e+02
   9.3234293e+01   1.1576600e+02   1.3145044e+02   1.6943743e+02   7.9213906e+01   1.5470096e+02
   9.3082426e+01   1.1573978e+02   1.3100029e+02   1.6848163e+02   7.9420594e+01   1.5389430e+02
   9.1797692e+01   1.1478091e+02   1.3029476e+02   1.6813806e+02   7.8889062e+01   1.5432674e+02
   9.3339850e+01   1.1508192e+02   1.3176984e+02   1.6838254e+02   7.8532551e+01   1.5430189e+02
   9.1920275e+01   1.1427356e+02   1.3147700e+02   1.6897332e+02   7.8466493e+01   1.5396410e+02
   9.2024130e+01   1.1503425e+02   1.3034856e+02   1.6852351e+02   7.8175699e+01   1.5394027e+02
   9.2213792e+01   1.1470600e+02   1.2929469e+02   1.6783330e+02   7.7929172e+01   1.5400462e+02
   9.1011121e+01   1.1412067e+02   1.2915168e+02   1.6839480e+02   7.9254767e+01   1.5382552e+02
   9.2778353e+01   1.1573808e+02   1.3140039e+02   1.6906322e+02   7.9474735e+01   1.5434138e+02
   9.2972102e+01   1.1508294e+02   1.3149028e+02   1.6902338e+02   7.9164873e+01   1.5374924e+02
   9.3415442e+01   1.1505161e+02   1.3118553e+02   1.6860149e+02   7.9090983e+01   1.5423719e+02
   9.2986403e+01   1.1451327e+02   1.3277774e+02   1.6869002e+02   8.0044403e+01   1.5497030e+02
   9.3486608e+01   1.1488647e+02   1.3231635e+02   1.6816666e+02   7.9020839e+01   1.5459268e+02
   9.2753496e+01   1.1449761e+02   1.3270181e+02   1.6914596e+02   7.9427404e+01   1.5475919e+02
   9.3510784e+01   1.1526103e+02   1.3300758e+02   1.6926616e+02   8.0081178e+01   1.5491276e+02
   9.3305799e+01   1.1620559e+02   1.3297455e+02   1.6858174e+02   7.9389608e+01   1.5451504e+02
   9.2146031e+01   1.1477138e+02   1.3147053e+02   1.6794329e+02   7.8532892e+01   1.5348126e+02
   9.3002067e+01   1.1483607e+02   1.3065025e+02   1.6823442e+02   7.9817625e+01   1.5510753e+02
   9.2787547e+01   1.1559677e+02   1.3389937e+02   1.6958249e+02   8.0368566e+01   1.5509050e+02
   9.3081745e+01   1.1615384e+02   1.3388439e+02   1.7005171e+02   8.0352562e+01   1.5469619e+02
   9.4336855e+01   1.1726389e+02   1.3488139e+02   1.6975547e+02   8.0847319e+01   1.5574393e+02
   9.3120563e+01   1.1626246e+02   1.3462499e+02   1.6911259e+02   7.9209139e+01   1.5510923e+02
   9.3124990e+01   1.1542958e+02   1.3331234e+02   1.6876357e+02   7.9893218e+01   1.5456476e+02
   9.3684443e+01   1.1581980e+02   1.3245119e+02   1.6834100e+02   7.8657517e+01   1.5397874e+02
   9.2078270e+01   1.1467774e+02   1.3079088e+02   1.6769778e+02   7.8729024e+01   1.5385378e+02
   9.2163738e+01   1.1592604e+02   1.3184748e+02   1.6901623e+02   7.9449878e+01   1.5373494e+02
   9.3740967e+01   1.1625973e+02   1.3265516e+02   1.6773966e+02   7.8768523e+01   1.5391609e+02
   9.2928517e+01   1.1517862e+02   1.3132343e+02   1.6820071e+02   7.8695995e+01   1.5389226e+02
   9.2165440e+01   1.1484561e+02   1.3105069e+02   1.6859229e+02   7.9717516e+01   1.5479528e+02
   9.2389835e+01   1.1385405e+02   1.3328884e+02   1.6881941e+02   7.9419913e+01   1.5518414e+02
   9.3052462e+01   1.1477444e+02   1.3378564e+02   1.6866006e+02   7.9698107e+01   1.5478949e+02
   9.2218559e+01   1.1506387e+02   1.3276378e+02   1.6827120e+02   7.9052846e+01   1.5463456e+02
   9.2813766e+01   1.1567985e+02   1.3253564e+02   1.6882384e+02   7.9797536e+01   1.5567992e+02
   9.2886294e+01   1.1583444e+02   1.3179231e+02   1.6802841e+02   7.8679650e+01   1.5488688e+02
   9.1664214e+01   1.1421567e+02   1.3190298e+02   1.6811150e+02   7.9337851e+01   1.5491548e+02
   9.1648550e+01   1.1449999e+02   1.3196972e+02   1.6883269e+02   7.9723986e+01   1.5520151e+02
   9.3194794e+01   1.1664893e+02   1.3371652e+02   1.7025874e+02   8.1014849e+01   1.5594279e+02
   9.4060363e+01   1.1775456e+02   1.3423137e+02   1.6960939e+02   8.0799648e+01   1.5562782e+02
   9.3061315e+01   1.1662169e+02   1.3353401e+02   1.6943062e+02   8.0033848e+01   1.5523862e+02
   9.3998731e+01   1.1694109e+02   1.3326092e+02   1.6906322e+02   7.9537729e+01   1.5462639e+02
   9.2762349e+01   1.1502846e+02   1.3231703e+02   1.6753808e+02   7.8419162e+01   1.5381496e+02
   9.1706096e+01   1.1373862e+02   1.3078918e+02   1.6864133e+02   7.9410038e+01   1.5460630e+02
   9.3542792e+01   1.1613000e+02   1.3314685e+02   1.6967749e+02   8.0135659e+01   1.5580693e+02
   9.3338488e+01   1.1622092e+02   1.3349485e+02   1.6910169e+02   8.0222829e+01   1.5542147e+02
   9.2868588e+01   1.1587734e+02   1.3225404e+02   1.6909931e+02   7.9714111e+01   1.5447214e+02
   9.3719515e+01   1.1715254e+02   1.3054674e+02   1.6871454e+02   7.8898596e+01   1.5436590e+02
   9.2238309e+01   1.1605032e+02   1.3066115e+02   1.6950383e+02   7.9479502e+01   1.5477655e+02
   9.3095025e+01   1.1655529e+02   1.3208345e+02   1.6821059e+02   7.8930264e+01   1.5388681e+02
   9.1240623e+01   1.1471281e+02   1.2982861e+02   1.6778699e+02   7.9062040e+01   1.5359874e+02
   9.1410195e+01   1.1499203e+02   1.3041871e+02   1.6861375e+02   7.9294266e+01   1.5409384e+02
   9.2916940e+01   1.1519599e+02   1.3219684e+02   1.6825655e+02   7.9391310e+01   1.5503227e+02
   9.1927426e+01   1.1464437e+02   1.3238548e+02   1.6834543e+02   8.0091053e+01   1.5538913e+02
   9.1659106e+01   1.1480032e+02   1.3104592e+02   1.6792899e+02   7.9474394e+01   1.5416262e+02
   9.2120153e+01   1.1459363e+02   1.3137587e+02   1.6834815e+02   7.9646010e+01   1.5445682e+02
   9.2347612e+01   1.1462360e+02   1.3257276e+02   1.6910169e+02   8.0356648e+01   1.5559615e+02
   9.3005472e+01   1.1597541e+02   1.3323879e+02   1.6940815e+02   8.1099295e+01   1.5621826e+02
   9.2611505e+01   1.1584704e+02   1.3364569e+02   1.6959883e+02   8.1177271e+01   1.5589614e+02
   9.3382073e+01   1.1665336e+02   1.3349247e+02   1.6938704e+02   8.1014849e+01   1.5552839e+02
   9.2452147e+01   1.1604453e+02   1.3319861e+02   1.6968464e+02   8.0618499e+01   1.5547800e+02
   9.3612256e+01   1.1628119e+02   1.3312472e+02   1.6937444e+02   8.0260625e+01   1.5580454e+02
   9.2997299e+01   1.1549495e+02   1.3345467e+02   1.6977896e+02   7.9950083e+01   1.5578173e+02
   9.2721489e+01   1.1631796e+02   1.3406792e+02   1.6948749e+02   7.9734882e+01   1.5462401e+02
   9.2394942e+01   1.1576191e+02   1.3172013e+02   1.6821774e+02   7.8892808e+01   1.5395423e+02
   9.1982247e+01   1.1567610e+02   1.3195031e+02   1.6847618e+02   7.9549646e+01   1.5467747e+02
   9.3037820e+01   1.1710930e+02   1.3211750e+02   1.6846494e+02   7.9960979e+01   1.5483989e+02
   9.3052121e+01   1.1752268e+02   1.3289317e+02   1.6966694e+02   7.9658949e+01   1.5500265e+02
   9.4181243e+01   1.1801232e+02   1.3261804e+02   1.6914664e+02   7.9458731e+01   1.5464410e+02
   9.2312199e+01   1.1672623e+02   1.3230648e+02   1.6858208e+02   7.9580292e+01   1.5455590e+02
   9.2783461e+01   1.1626144e+02   1.3219173e+02   1.6830933e+02   7.9599360e+01   1.5473195e+02
   9.3036117e+01   1.1608301e+02   1.3213112e+02   1.6891101e+02   7.9725689e+01   1.5405434e+02
   9.2358508e+01   1.1581060e+02   1.3227924e+02   1.6869002e+02   7.8722895e+01   1.5437612e+02
   9.2516503e+01   1.1547623e+02   1.3144363e+02   1.6837403e+02   7.9223440e+01   1.5511672e+02
   9.2839645e+01   1.1601627e+02   1.3134182e+02   1.6851909e+02   7.9229229e+01   1.5449053e+02
   9.1300552e+01   1.1467127e+02   1.3199968e+02   1.6810673e+02   7.9240466e+01   1.5481912e+02
   9.2090529e+01   1.1545886e+02   1.3222714e+02   1.6868559e+02   7.9841120e+01   1.5507245e+02
   9.2591074e+01   1.1628357e+02   1.3193499e+02   1.6890624e+02   7.9722283e+01   1.5456408e+02
   9.2988787e+01   1.1624101e+02   1.3100438e+02   1.6849627e+02   7.9467925e+01   1.5446465e+02
   9.1830381e+01   1.1604079e+02   1.3180117e+02   1.6884461e+02   7.9569396e+01   1.5458008e+02
   9.1681920e+01   1.1651716e+02   1.3205655e+02   1.6827733e+02   7.9270771e+01   1.5464103e+02
   9.1956709e+01   1.1521097e+02   1.3134931e+02   1.6772979e+02   7.9195178e+01   1.5402505e+02
   9.1803481e+01   1.1524638e+02   1.3010476e+02   1.6783739e+02   7.8747071e+01   1.5424604e+02
   9.2099382e+01   1.1527362e+02   1.3241238e+02   1.6805259e+02   7.8885317e+01   1.5443026e+02
   9.1684984e+01   1.1511665e+02   1.3130981e+02   1.6873224e+02   7.9562926e+01   1.5369783e+02
   9.1621650e+01   1.1456775e+02   1.2961409e+02   1.6745296e+02   7.9047058e+01   1.5371519e+02
   9.1984971e+01   1.1426709e+02   1.2970058e+02   1.6723231e+02   7.9116862e+01   1.5407613e+02
   9.1084670e+01   1.1535228e+02   1.3118042e+02   1.6892395e+02   7.9499592e+01   1.5428248e+02
   9.1264458e+01   1.1479964e+02   1.3164828e+02   1.6849934e+02   7.9924204e+01   1.5460766e+02
   9.2058521e+01   1.1578370e+02   1.3078884e+02   1.6872918e+02   7.9711728e+01   1.5448406e+02
   9.2216857e+01   1.1583512e+02   1.3196563e+02   1.6869955e+02   7.9511509e+01   1.5481809e+02
   9.2340461e+01   1.1557429e+02   1.3127849e+02   1.6814248e+02   7.9505380e+01   1.5545212e+02
   9.1735720e+01   1.1532266e+02   1.3127440e+02   1.6921236e+02   8.0053597e+01   1.5568026e+02
   9.1370015e+01   1.1587156e+02   1.3192579e+02   1.6879796e+02   8.0361075e+01   1.5594347e+02
   9.2193702e+01   1.1661386e+02   1.3363616e+02   1.6931587e+02   8.0443818e+01   1.5602077e+02
   9.2399028e+01   1.1663055e+02   1.3304776e+02   1.6864065e+02   8.0831997e+01   1.5603132e+02
   9.1905293e+01   1.1582491e+02   1.3254994e+02   1.6871045e+02   7.8945927e+01   1.5413333e+02
   9.1375804e+01   1.1457797e+02   1.3066523e+02   1.6804033e+02   7.8526081e+01   1.5298276e+02
   9.1511326e+01   1.1477546e+02   1.2969785e+02   1.6773456e+02   7.8766480e+01   1.5307334e+02
   9.1710523e+01   1.1454051e+02   1.3100029e+02   1.6779687e+02   7.9103582e+01   1.5356571e+02
   9.0799666e+01   1.1376824e+02   1.2960149e+02   1.6730824e+02   7.8325182e+01   1.5361542e+02
   9.0563354e+01   1.1358403e+02   1.2900390e+02   1.6772060e+02   7.8466833e+01   1.5321975e+02
   9.1842980e+01   1.1397221e+02   1.2946631e+02   1.6780981e+02   7.8602696e+01   1.5413231e+02
   9.1436074e+01   1.1472507e+02   1.2989262e+02   1.6815883e+02   7.9126055e+01   1.5443162e+02
   9.1759215e+01   1.1595668e+02   1.3198504e+02   1.6879932e+02   7.8873058e+01   1.5440608e+02
   9.1034616e+01   1.1487285e+02   1.3075581e+02   1.6852487e+02   7.8614273e+01   1.5326198e+02
   9.1729931e+01   1.1444449e+02   1.2988990e+02   1.6756396e+02   7.8444019e+01   1.5330931e+02
   9.1055046e+01   1.1387789e+02   1.2890651e+02   1.6740256e+02   7.8584308e+01   1.5295075e+02
   9.1342094e+01   1.1441316e+02   1.3012451e+02   1.6793171e+02   7.9200286e+01   1.5415036e+02
   9.1296806e+01   1.1492767e+02   1.3220807e+02   1.6842034e+02   8.0139064e+01   1.5565949e+02
   9.1288975e+01   1.1472745e+02   1.3219275e+02   1.6861272e+02   7.9803665e+01   1.5404616e+02
   9.2546468e+01   1.1493993e+02   1.3163159e+02   1.6848878e+02   8.0134638e+01   1.5384288e+02
   9.2056818e+01   1.1538872e+02   1.3070065e+02   1.6798517e+02   7.9649415e+01   1.5371723e+02
   9.2156247e+01   1.1657572e+02   1.3164419e+02   1.6897639e+02   7.9401185e+01   1.5483614e+02
   9.2785844e+01   1.1729760e+02   1.3264188e+02   1.6968975e+02   8.0867750e+01   1.5626082e+02
   9.3541430e+01   1.1787748e+02   1.3202760e+02   1.6927297e+02   8.1686329e+01   1.5506054e+02
   9.3845503e+01   1.1755298e+02   1.3289556e+02   1.6941087e+02   8.0983522e+01   1.5522398e+02
   9.3779785e+01   1.1786795e+02   1.3362424e+02   1.6930872e+02   8.0643015e+01   1.5526586e+02
   9.4170687e+01   1.1836952e+02   1.3541769e+02   1.7015182e+02   8.0990673e+01   1.5547357e+02
   9.2683011e+01   1.1712020e+02   1.3419153e+02   1.6929204e+02   8.0637567e+01   1.5471356e+02
   9.2890040e+01   1.1694517e+02   1.3210592e+02   1.6879932e+02   8.0031124e+01   1.5411256e+02
   9.2433419e+01   1.1654338e+02   1.3053005e+02   1.6792762e+02   7.9110732e+01   1.5356094e+02
   9.2230818e+01   1.1548099e+02   1.3032064e+02   1.6813772e+02   7.9802303e+01   1.5412346e+02
   9.1992463e+01   1.1525490e+02   1.3024777e+02   1.6811695e+02   7.9171343e+01   1.5422425e+02
   9.1495322e+01   1.1568496e+02   1.3049328e+02   1.6890352e+02   7.8858417e+01   1.5424604e+02
   9.2372128e+01   1.1633703e+02   1.3156111e+02   1.6835973e+02   7.8996322e+01   1.5451538e+02
   9.1266842e+01   1.1493244e+02   1.3175690e+02   1.6827767e+02   7.8756605e+01   1.5339001e+02
   9.0975027e+01   1.1419456e+02   1.3062097e+02   1.6862907e+02   7.9423999e+01   1.5359738e+02
   9.1259691e+01   1.1451055e+02   1.3084196e+02   1.6849355e+02   7.9085194e+01   1.5361134e+02
   9.2310837e+01   1.1589846e+02   1.3168029e+02   1.6873292e+02   7.9312994e+01   1.5420212e+02
   9.2944861e+01   1.1637789e+02   1.3323538e+02   1.6918784e+02   8.0281737e+01   1.5572418e+02
   9.2016979e+01   1.1588756e+02   1.3091483e+02   1.6862158e+02   7.9789023e+01   1.5490765e+02
   9.1844682e+01   1.1554263e+02   1.3077522e+02   1.6807200e+02   7.9587443e+01   1.5452900e+02
   9.2516503e+01   1.1677356e+02   1.3138064e+02   1.6836484e+02   7.9842142e+01   1.5441493e+02
   9.3376625e+01   1.1760678e+02   1.3101425e+02   1.6919125e+02   7.9881981e+01   1.5495600e+02
   9.3194113e+01   1.1771540e+02   1.3247673e+02   1.6927637e+02   7.9943954e+01   1.5464818e+02
   9.2017660e+01   1.1552220e+02   1.3058590e+02   1.6798755e+02   7.8505651e+01   1.5312986e+02
   9.2613888e+01   1.1542856e+02   1.2927358e+02   1.6777031e+02   7.8625169e+01   1.5353200e+02
   9.3194794e+01   1.1632613e+02   1.3021474e+02   1.6909454e+02   7.9919778e+01   1.5447589e+02
   9.3409994e+01   1.1756320e+02   1.3226902e+02   1.6902236e+02   8.0385251e+01   1.5508744e+02
   9.2690502e+01   1.1676471e+02   1.3291531e+02   1.6903563e+02   8.0116591e+01   1.5458893e+02
   9.1407471e+01   1.1502301e+02   1.3241987e+02   1.6822999e+02   7.9362708e+01   1.5391200e+02
   9.1835148e+01   1.1505945e+02   1.3200922e+02   1.6857425e+02   7.9507083e+01   1.5492740e+02
   9.3090598e+01   1.1624339e+02   1.3224144e+02   1.6895528e+02   8.0954920e+01   1.5526518e+02
   9.3539047e+01   1.1680489e+02   1.3241817e+02   1.6838084e+02   8.0572871e+01   1.5531455e+02
   9.2008807e+01   1.1579426e+02   1.3273211e+02   1.6871420e+02   8.0880689e+01   1.5546710e+02
   9.2396645e+01   1.1629719e+02   1.3170106e+02   1.6817858e+02   7.9974599e+01   1.5488756e+02
   9.2849519e+01   1.1639560e+02   1.3185769e+02   1.6860762e+02   8.0129190e+01   1.5483989e+02
   9.3014325e+01   1.1702656e+02   1.3339031e+02   1.6849865e+02   7.9654182e+01   1.5420791e+02
   9.3036117e+01   1.1691521e+02   1.3313732e+02   1.6931621e+02   7.9519682e+01   1.5408532e+02
   9.3335764e+01   1.1619368e+02   1.3346386e+02   1.6827562e+02   7.9027308e+01   1.5401995e+02
   9.2629892e+01   1.1568394e+02   1.3159788e+02   1.6844724e+02   7.9439662e+01   1.5396546e+02
   9.2827727e+01   1.1562707e+02   1.3027297e+02   1.6904279e+02   7.9521044e+01   1.5412959e+02
   9.2836240e+01   1.1558076e+02   1.3100812e+02   1.6875880e+02   7.9364070e+01   1.5430938e+02
   9.2061926e+01   1.1626654e+02   1.3360313e+02   1.6941258e+02   8.0587172e+01   1.5545008e+02
   9.3535641e+01   1.1770859e+02   1.3385102e+02   1.6926548e+02   8.1187827e+01   1.5589921e+02
   9.3047354e+01   1.1796533e+02   1.3327931e+02   1.6918886e+02   8.0791476e+01   1.5594245e+02
   9.2928517e+01   1.1716753e+02   1.3118962e+02   1.6854326e+02   8.0565379e+01   1.5588286e+02
   9.1892694e+01   1.1639083e+02   1.3211273e+02   1.6838016e+02   8.0412151e+01   1.5557300e+02
   9.2487220e+01   1.1686754e+02   1.3312846e+02   1.6861988e+02   8.0400233e+01   1.5513000e+02
   9.3856399e+01   1.1770893e+02   1.3260238e+02   1.6779857e+02   7.9543517e+01   1.5529072e+02
   9.1450715e+01   1.1511188e+02   1.3194758e+02   1.6762900e+02   7.9115159e+01   1.5407136e+02
   9.2403114e+01   1.1521029e+02   1.3028421e+02   1.6830048e+02   7.9121969e+01   1.5357150e+02
   9.2812404e+01   1.1673031e+02   1.3244132e+02   1.6857220e+02   8.0394445e+01   1.5548787e+02
   9.1789520e+01   1.1578847e+02   1.3392968e+02   1.6875097e+02   8.0518730e+01   1.5651348e+02
   9.3028626e+01   1.1663770e+02   1.3400391e+02   1.6867061e+02   7.9933398e+01   1.5483546e+02
   9.2751453e+01   1.1672691e+02   1.3328373e+02   1.6939930e+02   8.0258582e+01   1.5449427e+02
   9.3946634e+01   1.1806238e+02   1.3278387e+02   1.6810537e+02   7.9636135e+01   1.5401620e+02
   9.3567990e+01   1.1783867e+02   1.3246550e+02   1.6812035e+02   7.9492101e+01   1.5393209e+02
   9.2195064e+01   1.1665302e+02   1.3215019e+02   1.6878775e+02   7.9866999e+01   1.5420110e+02
   9.2930901e+01   1.1717604e+02   1.3278898e+02   1.6897196e+02   8.0735633e+01   1.5419395e+02
   9.3600338e+01   1.1786386e+02   1.3341245e+02   1.6946910e+02   8.0973988e+01   1.5500537e+02
   9.3292179e+01   1.1689069e+02   1.3258093e+02   1.6891714e+02   8.0851746e+01   1.5487939e+02
   9.2959844e+01   1.1652431e+02   1.3301507e+02   1.6890284e+02   8.0788752e+01   1.5560977e+02
   9.3381051e+01   1.1678003e+02   1.3410368e+02   1.6946501e+02   8.1112575e+01   1.5606537e+02
   9.3923139e+01   1.1728909e+02   1.3380641e+02   1.6986068e+02   8.1425841e+01   1.5543816e+02
   9.4649441e+01   1.1722167e+02   1.3337397e+02   1.6969247e+02   8.1690756e+01   1.5572521e+02
   9.4746145e+01   1.1750735e+02   1.3200547e+02   1.6851364e+02   8.0080838e+01   1.5445205e+02
   9.4508471e+01   1.1714505e+02   1.3291394e+02   1.6832023e+02   7.9572801e+01   1.5449495e+02
   9.2566217e+01   1.1707491e+02   1.3174907e+02   1.6803625e+02   7.9149550e+01   1.5369578e+02
   9.3595571e+01   1.1657368e+02   1.3213623e+02   1.6819424e+02   7.9853038e+01   1.5390009e+02
   9.3459708e+01   1.1696152e+02   1.3298545e+02   1.6857901e+02   8.0178563e+01   1.5364130e+02
   9.4624924e+01   1.1845294e+02   1.3391674e+02   1.6932541e+02   8.0738017e+01   1.5458961e+02
   9.4573848e+01   1.1842298e+02   1.3454123e+02   1.6925118e+02   8.0718267e+01   1.5396887e+02
   9.3530874e+01   1.1751144e+02   1.3178755e+02   1.6857255e+02   7.9412081e+01   1.5350782e+02
   9.3564244e+01   1.1718047e+02   1.3126725e+02   1.6751186e+02   7.8902682e+01   1.5275462e+02
   9.3332018e+01   1.1668741e+02   1.2939718e+02   1.6822421e+02   7.9425361e+01   1.5303690e+02
   9.4846594e+01   1.1772936e+02   1.3157030e+02   1.6810196e+02   7.8899958e+01   1.5254998e+02
   9.2974826e+01   1.1585181e+02   1.3105137e+02   1.6766441e+02   7.8741623e+01   1.5195136e+02
   9.3376284e+01   1.1647119e+02   1.3192749e+02   1.6803284e+02   7.9482226e+01   1.5281830e+02
   9.4145830e+01   1.1762074e+02   1.3314174e+02   1.6738111e+02   7.9061359e+01   1.5336821e+02
   9.4275904e+01   1.1670273e+02   1.3349894e+02   1.6769131e+02   7.9670186e+01   1.5310228e+02
   9.3231228e+01   1.1670171e+02   1.3072993e+02   1.6700383e+02   7.8756945e+01   1.5266711e+02
   9.3222034e+01   1.1616780e+02   1.3097237e+02   1.6825043e+02   7.9030373e+01   1.5361713e+02
   9.4055937e+01   1.1687197e+02   1.3196870e+02   1.6820480e+02   8.0263009e+01   1.5428827e+02
   9.3372198e+01   1.1640615e+02   1.3205450e+02   1.6812444e+02   7.9252724e+01   1.5277846e+02
   9.2688459e+01   1.1613443e+02   1.3004687e+02   1.6798006e+02   7.9310951e+01   1.5241139e+02
   9.3740967e+01   1.1736093e+02   1.3153659e+02   1.6857595e+02   7.9852017e+01   1.5368863e+02
   9.4548310e+01   1.1853841e+02   1.3250125e+02   1.6844622e+02   8.0666170e+01   1.5372370e+02
   9.4353880e+01   1.1804876e+02   1.3194077e+02   1.6862635e+02   8.0399212e+01   1.5337809e+02
   9.3848227e+01   1.1702417e+02   1.3101255e+02   1.6855382e+02   8.0410789e+01   1.5360248e+02
   9.3504655e+01   1.1689921e+02   1.3280839e+02   1.6868968e+02   7.9789363e+01   1.5318911e+02
   9.4705284e+01   1.1745117e+02   1.3232146e+02   1.6808902e+02   7.9929652e+01   1.5230345e+02
   9.4833655e+01   1.1762449e+02   1.3279749e+02   1.6828311e+02   7.9855422e+01   1.5288231e+02
   9.3913604e+01   1.1673031e+02   1.3124682e+02   1.6762832e+02   7.9691297e+01   1.5294599e+02
   9.3197177e+01   1.1540404e+02   1.3168710e+02   1.6748462e+02   7.8894851e+01   1.5274134e+02
   9.2579497e+01   1.1467978e+02   1.3074491e+02   1.6793273e+02   7.9010623e+01   1.5246894e+02
   9.2842028e+01   1.1460657e+02   1.3016435e+02   1.6741891e+02   7.9190411e+01   1.5255236e+02
   9.3271067e+01   1.1596281e+02   1.3088112e+02   1.6799266e+02   7.8684077e+01   1.5139429e+02
   9.2823300e+01   1.1556476e+02   1.3053414e+02   1.6768961e+02   7.8772268e+01   1.5216214e+02
   9.3059953e+01   1.1529303e+02   1.3183351e+02   1.6813261e+02   7.9415827e+01   1.5415683e+02
   9.3725644e+01   1.1626144e+02   1.3345467e+02   1.6868559e+02   7.9698107e+01   1.5374345e+02
   9.3847206e+01   1.1721622e+02   1.3312233e+02   1.6815849e+02   7.9272473e+01   1.5291670e+02
   9.3192070e+01   1.1540744e+02   1.3159380e+02   1.6724831e+02   7.8783505e+01   1.5265792e+02
   9.2467811e+01   1.1508873e+02   1.3024913e+02   1.6770119e+02   7.9305503e+01   1.5342304e+02
   9.3353470e+01   1.1631728e+02   1.3210796e+02   1.6842681e+02   8.0068579e+01   1.5372370e+02
   9.3833926e+01   1.1629719e+02   1.3246584e+02   1.6816019e+02   7.9962001e+01   1.5335459e+02
   9.3730412e+01   1.1678650e+02   1.3285606e+02   1.6847584e+02   7.9849633e+01   1.5310568e+02
   9.3808047e+01   1.1627812e+02   1.3191524e+02   1.6885857e+02   8.0012055e+01   1.5369510e+02
   9.2838964e+01   1.1503663e+02   1.3168301e+02   1.6744478e+02   7.8593161e+01   1.5215601e+02
   9.3737222e+01   1.1684098e+02   1.3194588e+02   1.6874723e+02   7.9149210e+01   1.5312373e+02
   9.3367771e+01   1.1759793e+02   1.3222067e+02   1.6893178e+02   7.9432852e+01   1.5323712e+02
   9.3090939e+01   1.1617563e+02   1.3191115e+02   1.6804033e+02   7.8437890e+01   1.5218870e+02
   9.2724213e+01   1.1509792e+02   1.3118212e+02   1.6892259e+02   7.9183260e+01   1.5346696e+02
   9.4321532e+01   1.1760746e+02   1.3300179e+02   1.6939725e+02   8.0347114e+01   1.5319490e+02
   9.3976939e+01   1.1798440e+02   1.3285163e+02   1.6956376e+02   8.0433944e+01   1.5285269e+02
   9.4778493e+01   1.1865486e+02   1.3353435e+02   1.6879796e+02   7.9882322e+01   1.5304167e+02
   9.3677633e+01   1.1702588e+02   1.3312302e+02   1.6781764e+02   7.9122650e+01   1.5336856e+02
   9.3852994e+01   1.1625156e+02   1.3142729e+02   1.6827290e+02   7.9922161e+01   1.5323065e+02
   9.3597954e+01   1.1662646e+02   1.3118076e+02   1.6795725e+02   8.0048489e+01   1.5396683e+02
   9.3716791e+01   1.1656415e+02   1.3122264e+02   1.6758712e+02   7.9633752e+01   1.5272193e+02
   9.2787206e+01   1.1629923e+02   1.3091619e+02   1.6748633e+02   7.8945586e+01   1.5103131e+02
   9.2690162e+01   1.1555625e+02   1.3023892e+02   1.6740324e+02   7.7882863e+01   1.5152539e+02
   9.1781348e+01   1.1469783e+02   1.2869131e+02   1.6706240e+02   7.8518931e+01   1.5180256e+02
   9.2105851e+01   1.1527703e+02   1.2955893e+02   1.6763138e+02   7.8445381e+01   1.5191765e+02
   9.2660197e+01   1.1509826e+02   1.2920991e+02   1.6777167e+02   7.9418210e+01   1.5284860e+02
   9.2531826e+01   1.1660501e+02   1.3211341e+02   1.6828618e+02   7.9381436e+01   1.5343700e+02
   9.1972032e+01   1.1578949e+02   1.3316354e+02   1.6865835e+02   7.9741352e+01   1.5281421e+02
   9.1926745e+01   1.1544184e+02   1.3334230e+02   1.6838288e+02   7.9709344e+01   1.5291568e+02
   9.2319009e+01   1.1603432e+02   1.3189242e+02   1.6847414e+02   8.0040998e+01   1.5307231e+02
   9.3688529e+01   1.1750974e+02   1.3294493e+02   1.6897605e+02   8.0163581e+01   1.5347275e+02
   9.4560909e+01   1.1833036e+02   1.3398007e+02   1.6920589e+02   8.0526902e+01   1.5344551e+02
   9.4254793e+01   1.1757307e+02   1.3333719e+02   1.6811899e+02   7.9769614e+01   1.5328922e+02
   9.2726596e+01   1.1525694e+02   1.3217981e+02   1.6875506e+02   7.9709685e+01   1.5314246e+02
   9.2798784e+01   1.1580311e+02   1.3271407e+02   1.6927944e+02   7.9693681e+01   1.5316527e+02
   9.3013303e+01   1.1594511e+02   1.3345092e+02   1.6906730e+02   7.9679039e+01   1.5355549e+02
   9.3662991e+01   1.1642556e+02   1.3344003e+02   1.6888547e+02   8.0453012e+01   1.5394674e+02
   9.3689551e+01   1.1698059e+02   1.3398893e+02   1.6959917e+02   8.0682854e+01   1.5386604e+02
   9.4289184e+01   1.1680216e+02   1.3408120e+02   1.6917490e+02   8.0458801e+01   1.5412516e+02
   9.3438256e+01   1.1561958e+02   1.3376181e+02   1.6846767e+02   7.9672910e+01   1.5327458e+02
   9.3601700e+01   1.1590356e+02   1.3316524e+02   1.6901180e+02   8.0042360e+01   1.5335664e+02
   9.3479117e+01   1.1617495e+02   1.3296979e+02   1.6852147e+02   7.8813810e+01   1.5306278e+02
   9.2847136e+01   1.1589948e+02   1.3293846e+02   1.6890658e+02   7.9243530e+01   1.5241582e+02
   9.3443364e+01   1.1704665e+02   1.3343186e+02   1.6907650e+02   8.0108078e+01   1.5256087e+02
   9.3428382e+01   1.1703984e+02   1.3324458e+02   1.6850104e+02   7.9964044e+01   1.5234125e+02
   9.2827727e+01   1.1615111e+02   1.3201432e+02   1.6818709e+02   7.9643626e+01   1.5305733e+02
   9.2979934e+01   1.1675858e+02   1.3166667e+02   1.6870909e+02   7.9936122e+01   1.5402233e+02
   9.2142286e+01   1.1513163e+02   1.3091993e+02   1.6869445e+02   7.9985496e+01   1.5279548e+02
   9.2051030e+01   1.1559030e+02   1.3211001e+02   1.6881703e+02   8.0010693e+01   1.5315710e+02
   9.3091960e+01   1.1658492e+02   1.3323368e+02   1.6945786e+02   8.1004974e+01   1.5453241e+02
   9.3540749e+01   1.1741780e+02   1.3358202e+02   1.6874144e+02   8.1348887e+01   1.5464307e+02
   9.2279510e+01   1.1583546e+02   1.3238037e+02   1.6802433e+02   8.0091393e+01   1.5288435e+02
   9.2575751e+01   1.1607586e+02   1.3209026e+02   1.6863758e+02   7.9579270e+01   1.5225816e+02
   9.2851562e+01   1.1687912e+02   1.3210115e+02   1.6831478e+02   7.9683466e+01   1.5132585e+02
   9.4021545e+01   1.1751110e+02   1.3402298e+02   1.6886981e+02   8.0396147e+01   1.5293918e+02
   9.4289525e+01   1.1759691e+02   1.3288330e+02   1.6904653e+02   7.9723645e+01   1.5249039e+02
   9.4023588e+01   1.1798577e+02   1.3208140e+02   1.6898660e+02   8.0424069e+01   1.5224182e+02
   9.3685124e+01   1.1747194e+02   1.3437744e+02   1.6951166e+02   7.9602425e+01   1.5204568e+02
   9.3429063e+01   1.1675381e+02   1.3407473e+02   1.6827052e+02   7.8822663e+01   1.5246349e+02
   9.1751383e+01   1.1463381e+02   1.3065808e+02   1.6744240e+02   7.8740942e+01   1.5145763e+02
   9.1272971e+01   1.1397221e+02   1.2923987e+02   1.6757077e+02   7.7815443e+01   1.5035609e+02
   9.1323025e+01   1.1461372e+02   1.3000874e+02   1.6839208e+02   7.9285753e+01   1.5247030e+02
   9.2231839e+01   1.1608097e+02   1.3261634e+02   1.6982459e+02   8.1236860e+01   1.5419326e+02
   9.3221013e+01   1.1755536e+02   1.3404204e+02   1.6951507e+02   8.1160246e+01   1.5390009e+02
   9.3519978e+01   1.1779678e+02   1.3354593e+02   1.6956308e+02   8.1086356e+01   1.5237836e+02
   9.3963659e+01   1.1813286e+02   1.3406179e+02   1.6856812e+02   8.0473442e+01   1.5242126e+02
   9.3953103e+01   1.1789587e+02   1.3292756e+02   1.6919159e+02   8.0573552e+01   1.5263374e+02
