   8.3077889e+01   1.2650164e+02   1.1171338e+02   2.0724874e+02   1.1398574e+02   1.4299700e+02
   8.3827164e+01   1.2692906e+02   1.1507786e+02   2.0863107e+02   1.1518826e+02   1.4300120e+02
   8.3763568e+01   1.2755696e+02   1.1847849e+02   2.0857555e+02   1.1666777e+02   1.4283688e+02
   8.5177216e+01   1.2775711e+02   1.2194853e+02   2.0969639e+02   1.1949635e+02   1.4387605e+02
   8.4819204e+01   1.2851219e+02   1.2189074e+02   2.0843964e+02   1.1837034e+02   1.4344637e+02
   8.3960491e+01   1.2816096e+02   1.2093099e+02   2.0868499e+02   1.1661192e+02   1.4259605e+02
   8.4231018e+01   1.2779068e+02   1.1992732e+02   2.0701372e+02   1.1481120e+02   1.4196881e+02
   8.4847935e+01   1.2772224e+02   1.1906183e+02   2.0746729e+02   1.1380754e+02   1.4150136e+02
   8.3463018e+01   1.2827201e+02   1.1748871e+02   2.0686071e+02   1.1432309e+02   1.4149974e+02
   8.3785520e+01   1.2754017e+02   1.1843136e+02   2.0742113e+02   1.1468885e+02   1.4221577e+02
   8.4305590e+01   1.2732452e+02   1.1832030e+02   2.0668380e+02   1.1498585e+02   1.4303154e+02
   8.3818448e+01   1.2697523e+02   1.1726628e+02   2.0819236e+02   1.1503072e+02   1.4388541e+02
   8.3457853e+01   1.2750756e+02   1.1817633e+02   2.0939681e+02   1.1685210e+02   1.4393319e+02
   8.3338408e+01   1.2753985e+02   1.1832192e+02   2.0829501e+02   1.1600501e+02   1.4148877e+02
   8.4094140e+01   1.2784782e+02   1.1777053e+02   2.0797058e+02   1.1649118e+02   1.4253956e+02
   8.4217782e+01   1.2746495e+02   1.1893819e+02   2.0670769e+02   1.1488739e+02   1.4142323e+02
   8.3954034e+01   1.2791561e+02   1.1855790e+02   2.0759126e+02   1.1560729e+02   1.4142226e+02
   8.4563527e+01   1.2742137e+02   1.1825671e+02   2.0780981e+02   1.1575062e+02   1.4358164e+02
   8.3797464e+01   1.2673117e+02   1.1863022e+02   2.0638454e+02   1.1442220e+02   1.4195880e+02
   8.3847825e+01   1.2734906e+02   1.1809368e+02   2.0605623e+02   1.1330168e+02   1.4051706e+02
   8.3271906e+01   1.2740620e+02   1.1698801e+02   2.0879410e+02   1.1586845e+02   1.4071818e+02
   8.4219719e+01   1.2752209e+02   1.1908637e+02   2.0737238e+02   1.1580389e+02   1.4071334e+02
   8.4133847e+01   1.2778390e+02   1.1763979e+02   2.0672706e+02   1.1448257e+02   1.4248888e+02
   8.3949515e+01   1.2775323e+02   1.1820990e+02   2.0655886e+02   1.1421075e+02   1.4131573e+02
   8.4658114e+01   1.2803441e+02   1.1770339e+02   2.0747020e+02   1.1522732e+02   1.4171829e+02
   8.4561267e+01   1.2834045e+02   1.1845040e+02   2.0653853e+02   1.1504783e+02   1.4312129e+02
   8.3999552e+01   1.2720669e+02   1.1885458e+02   2.0773588e+02   1.1354896e+02   1.4251083e+02
   8.3542756e+01   1.2728256e+02   1.1844459e+02   2.0616889e+02   1.1353476e+02   1.4161402e+02
   8.4909917e+01   1.2834658e+02   1.1911381e+02   2.0899264e+02   1.1548591e+02   1.4299603e+02
   8.4809196e+01   1.2792724e+02   1.2063689e+02   2.0838734e+02   1.1453906e+02   1.4062876e+02
   8.4856328e+01   1.2781231e+02   1.1834807e+02   2.0925187e+02   1.1434440e+02   1.4094222e+02
   8.3895926e+01   1.2773386e+02   1.1831966e+02   2.0862204e+02   1.1651733e+02   1.4174767e+02
   8.4943168e+01   1.2827104e+02   1.1878485e+02   2.0788890e+02   1.1619580e+02   1.4293018e+02
   8.4295260e+01   1.2735939e+02   1.1926327e+02   2.0612919e+02   1.1507108e+02   1.4199302e+02
   8.3336148e+01   1.2677734e+02   1.1803590e+02   2.0541833e+02   1.1220246e+02   1.4130960e+02
   8.3624108e+01   1.2680155e+02   1.1571447e+02   2.0600167e+02   1.1191773e+02   1.4244465e+02
   8.3742584e+01   1.2682640e+02   1.1762752e+02   2.0837604e+02   1.1369585e+02   1.4380697e+02
   8.4247804e+01   1.2744913e+02   1.1816632e+02   2.0851195e+02   1.1506139e+02   1.4364330e+02
   8.5019032e+01   1.2787591e+02   1.1976656e+02   2.0690429e+02   1.1651184e+02   1.4239300e+02
   8.5830612e+01   1.2826523e+02   1.2085222e+02   2.0691623e+02   1.1493936e+02   1.4282881e+02
   8.4096077e+01   1.2643062e+02   1.1805430e+02   2.0696207e+02   1.1369488e+02   1.4264319e+02
   8.3303543e+01   1.2623144e+02   1.1636270e+02   2.0560492e+02   1.1315221e+02   1.4348350e+02
   8.3264804e+01   1.2642481e+02   1.1606473e+02   2.0677290e+02   1.1402674e+02   1.4406329e+02
   8.2870636e+01   1.2624823e+02   1.1679496e+02   2.0891806e+02   1.1577580e+02   1.4371173e+02
   8.3472703e+01   1.2680316e+02   1.1814146e+02   2.0728780e+02   1.1520505e+02   1.4302218e+02
   8.3002348e+01   1.2634152e+02   1.1813178e+02   2.0540606e+02   1.1300210e+02   1.4173605e+02
   8.2995246e+01   1.2619141e+02   1.1677946e+02   2.0666895e+02   1.1356994e+02   1.4240785e+02
   8.4955113e+01   1.2729741e+02   1.1700318e+02   2.0697950e+02   1.1554208e+02   1.4248371e+02
   8.5016449e+01   1.2824038e+02   1.1839294e+02   2.0675740e+02   1.1563118e+02   1.4381020e+02
   8.4528016e+01   1.2755437e+02   1.1874934e+02   2.0640520e+02   1.1288071e+02   1.4235361e+02
   8.4527370e+01   1.2687870e+02   1.1849754e+02   2.0529727e+02   1.1369003e+02   1.4256700e+02
   8.3209924e+01   1.2632474e+02   1.1745320e+02   2.0429199e+02   1.1230544e+02   1.4182709e+02
   8.3807472e+01   1.2653780e+02   1.1764883e+02   2.0584994e+02   1.1353863e+02   1.4191263e+02
   8.3845888e+01   1.2690840e+02   1.1756425e+02   2.0620343e+02   1.1409550e+02   1.4220931e+02
   8.3537914e+01   1.2728126e+02   1.1738541e+02   2.0679162e+02   1.1463300e+02   1.4284043e+02
   8.4584510e+01   1.2746592e+02   1.1873610e+02   2.0859621e+02   1.1524895e+02   1.4381504e+02
   8.5067456e+01   1.2759505e+02   1.1904020e+02   2.0647396e+02   1.1556177e+02   1.4361844e+02
   8.4821463e+01   1.2782200e+02   1.1882327e+02   2.0573598e+02   1.1568089e+02   1.4273196e+02
   8.5157524e+01   1.2769706e+02   1.1887169e+02   2.0549354e+02   1.1535516e+02   1.4388961e+02
   8.4027961e+01   1.2717150e+02   1.1921808e+02   2.0532664e+02   1.1452389e+02   1.4336115e+02
   8.5351218e+01   1.2816839e+02   1.1973234e+02   2.0691171e+02   1.1591849e+02   1.4342345e+02
   8.4975773e+01   1.2753985e+02   1.1928878e+02   2.0701695e+02   1.1424239e+02   1.4264738e+02
   8.3724829e+01   1.2711630e+02   1.1822087e+02   2.0801900e+02   1.1484155e+02   1.4318811e+02
   8.3931759e+01   1.2700751e+02   1.1703966e+02   2.0547224e+02   1.1304083e+02   1.4282590e+02
   8.4478301e+01   1.2632764e+02   1.1615577e+02   2.0429038e+02   1.1225702e+02   1.4284850e+02
   8.3468829e+01   1.2681123e+02   1.1629942e+02   2.0627026e+02   1.1296626e+02   1.4223352e+02
   8.3924980e+01   1.2697523e+02   1.1687631e+02   2.0753993e+02   1.1367325e+02   1.4324396e+02
   8.3554055e+01   1.2660688e+02   1.1703546e+02   2.0680712e+02   1.1342822e+02   1.4351869e+02
   8.3936924e+01   1.2738909e+02   1.1828157e+02   2.0696207e+02   1.1556274e+02   1.4328528e+02
   8.4464742e+01   1.2738618e+02   1.2094390e+02   2.0713252e+02   1.1618159e+02   1.4344573e+02
   8.4318180e+01   1.2690356e+02   1.1987212e+02   2.0557586e+02   1.1434279e+02   1.4219446e+02
   8.3956294e+01   1.2696812e+02   1.1883101e+02   2.0561008e+02   1.1295496e+02   1.4205209e+02
   8.4423744e+01   1.2720024e+02   1.1867315e+02   2.0657888e+02   1.1352539e+02   1.4121630e+02
   8.5219829e+01   1.2840824e+02   1.1998479e+02   2.0722937e+02   1.1505913e+02   1.4251147e+02
   8.5716978e+01   1.2873462e+02   1.2072954e+02   2.0820398e+02   1.1708615e+02   1.4225773e+02
   8.5892595e+01   1.2905486e+02   1.2199857e+02   2.0849710e+02   1.1830481e+02   1.4334694e+02
   8.6477875e+01   1.2917172e+02   1.2217902e+02   2.0791021e+02   1.1838810e+02   1.4314098e+02
   8.4746891e+01   1.2838952e+02   1.2088708e+02   2.0714931e+02   1.1822346e+02   1.4212408e+02
   8.5518118e+01   1.2903485e+02   1.2003805e+02   2.0918504e+02   1.1820570e+02   1.4335986e+02
   8.5632075e+01   1.2873204e+02   1.2125252e+02   2.0982359e+02   1.1759234e+02   1.4361521e+02
   8.6079510e+01   1.2877982e+02   1.2105366e+02   2.0814522e+02   1.1702707e+02   1.4257378e+02
   8.5762174e+01   1.2851478e+02   1.2097392e+02   2.0873018e+02   1.1727823e+02   1.4289079e+02
   8.5855470e+01   1.2872300e+02   1.2120248e+02   2.0890031e+02   1.1707323e+02   1.4436513e+02
   8.5931656e+01   1.2806153e+02   1.2177808e+02   2.0631126e+02   1.1615286e+02   1.4326365e+02
   8.5948120e+01   1.2801472e+02   1.2221195e+02   2.0733267e+02   1.1682789e+02   1.4205371e+02
   8.5597533e+01   1.2817452e+02   1.2122766e+02   2.0859750e+02   1.1766013e+02   1.4262446e+02
   8.5595919e+01   1.2810640e+02   1.2024983e+02   2.0811004e+02   1.1762656e+02   1.4253633e+02
   8.5165271e+01   1.2751531e+02   1.1794357e+02   2.0655725e+02   1.1535290e+02   1.4315228e+02
   8.4162256e+01   1.2747012e+02   1.1811499e+02   2.0445857e+02   1.1285295e+02   1.4218316e+02
   8.4997080e+01   1.2816580e+02   1.1970974e+02   2.0522173e+02   1.1429178e+02   1.4178673e+02
   8.4508324e+01   1.2806282e+02   1.2019204e+02   2.0508872e+02   1.1470564e+02   1.4272712e+02
   8.4157091e+01   1.2808251e+02   1.1915674e+02   2.0557102e+02   1.1566927e+02   1.4224030e+02
   8.5409327e+01   1.2781522e+02   1.1776602e+02   2.0351043e+02   1.1385468e+02   1.4146778e+02
   8.5475506e+01   1.2816903e+02   1.1880777e+02   2.0581605e+02   1.1479797e+02   1.4228162e+02
   8.5653382e+01   1.2894058e+02   1.1998769e+02   2.0738529e+02   1.1545588e+02   1.4310612e+02
   8.5818022e+01   1.2887763e+02   1.2158471e+02   2.0746148e+02   1.1680432e+02   1.4405135e+02
   8.5703742e+01   1.2841890e+02   1.2179809e+02   2.0593194e+02   1.1678721e+02   1.4344282e+02
   8.5675979e+01   1.2834852e+02   1.2203634e+02   2.0623701e+02   1.1500974e+02   1.4187357e+02
   8.4451507e+01   1.2683996e+02   1.1963291e+02   2.0545771e+02   1.1329199e+02   1.4123018e+02
   8.5642083e+01   1.2816677e+02   1.1779765e+02   2.0707893e+02   1.1460137e+02   1.4160498e+02
   8.5383178e+01   1.2745624e+02   1.1858212e+02   2.0715448e+02   1.1579872e+02   1.4346477e+02
   8.5085856e+01   1.2760958e+02   1.1910477e+02   2.0581572e+02   1.1461460e+02   1.4246240e+02
   8.4202609e+01   1.2719572e+02   1.1782057e+02   2.0631061e+02   1.1484252e+02   1.4190392e+02
   8.5415783e+01   1.2807251e+02   1.2026726e+02   2.0881702e+02   1.1822701e+02   1.4337890e+02
   8.4262977e+01   1.2733033e+02   1.2065594e+02   2.0717191e+02   1.1682692e+02   1.4241527e+02
   8.5240489e+01   1.2776324e+02   1.1919322e+02   2.0564333e+02   1.1552755e+02   1.4111752e+02
   8.4644233e+01   1.2800149e+02   1.1852691e+02   2.0459835e+02   1.1476762e+02   1.4247338e+02
   8.5286330e+01   1.2773645e+02   1.1885038e+02   2.0562171e+02   1.1511982e+02   1.4312355e+02
   8.4780142e+01   1.2810350e+02   1.1915029e+02   2.0607495e+02   1.1519181e+02   1.4194427e+02
   8.5795102e+01   1.2871880e+02   1.2089257e+02   2.0692914e+02   1.1571479e+02   1.4360682e+02
   8.4104793e+01   1.2763928e+02   1.2070146e+02   2.0578344e+02   1.1495131e+02   1.4379179e+02
   8.4499607e+01   1.2724769e+02   1.1906409e+02   2.0440240e+02   1.1338141e+02   1.4155753e+02
   8.5367682e+01   1.2759860e+02   1.1853305e+02   2.0548192e+02   1.1400769e+02   1.4261510e+02
   8.5557503e+01   1.2796791e+02   1.1871738e+02   2.0459286e+02   1.1450355e+02   1.4194104e+02
   8.5480994e+01   1.2818065e+02   1.2048161e+02   2.0717417e+02   1.1667164e+02   1.4277619e+02
   8.5675979e+01   1.2776776e+02   1.2168639e+02   2.0701534e+02   1.1644244e+02   1.4299636e+02
   8.5980080e+01   1.2809575e+02   1.2046354e+02   2.0502157e+02   1.1640047e+02   1.4394643e+02
   8.5789614e+01   1.2809575e+02   1.2078765e+02   2.0602136e+02   1.1620645e+02   1.4328980e+02
   8.6222844e+01   1.2887053e+02   1.2189494e+02   2.0901782e+02   1.1772631e+02   1.4382569e+02
   8.6544377e+01   1.2957945e+02   1.2168349e+02   2.0849710e+02   1.1707646e+02   1.4382827e+02
   8.5758300e+01   1.2834303e+02   1.1948796e+02   2.0482239e+02   1.1394926e+02   1.4345122e+02
   8.4525433e+01   1.2698782e+02   1.1800071e+02   2.0522366e+02   1.1369811e+02   1.4389155e+02
   8.5117493e+01   1.2708660e+02   1.1937562e+02   2.0512552e+02   1.1427790e+02   1.4286432e+02
   8.5038724e+01   1.2759925e+02   1.2018914e+02   2.0435623e+02   1.1328844e+02   1.4207889e+02
   8.5105549e+01   1.2739167e+02   1.1808012e+02   2.0489793e+02   1.1364193e+02   1.4216218e+02
   8.6393941e+01   1.2875625e+02   1.1974654e+02   2.0733171e+02   1.1506559e+02   1.4324364e+02
   8.6032378e+01   1.2921401e+02   1.2281919e+02   2.0843641e+02   1.1719784e+02   1.4556797e+02
   8.5637241e+01   1.2857837e+02   1.2206249e+02   2.0732945e+02   1.1535097e+02   1.4453332e+02
   8.5751198e+01   1.2792239e+02   1.2036249e+02   2.0506257e+02   1.1561697e+02   1.4291145e+02
   8.5874194e+01   1.2771675e+02   1.2039542e+02   2.0800802e+02   1.1539035e+02   1.4213022e+02
   8.6480458e+01   1.2847410e+02   1.2111435e+02   2.0819817e+02   1.1551754e+02   1.4191683e+02
   8.5978789e+01   1.2824683e+02   1.2015814e+02   2.0715351e+02   1.1533224e+02   1.4209826e+02
   8.5864186e+01   1.2869879e+02   1.1869801e+02   2.0692204e+02   1.1597337e+02   1.4241172e+02
   8.4945105e+01   1.2794305e+02   1.2025015e+02   2.0736108e+02   1.1601598e+02   1.4276102e+02
   8.5526835e+01   1.2754372e+02   1.1966907e+02   2.0754606e+02   1.1513952e+02   1.4270388e+02
   8.4610982e+01   1.2696780e+02   1.1865378e+02   2.0623733e+02   1.1410034e+02   1.4190973e+02
   8.4335613e+01   1.2694811e+02   1.1794744e+02   2.0608786e+02   1.1440703e+02   1.4183257e+02
   8.5372202e+01   1.2727223e+02   1.1888557e+02   2.0651141e+02   1.1471984e+02   1.4161015e+02
   8.5571062e+01   1.2809252e+02   1.1919129e+02   2.0542833e+02   1.1574513e+02   1.4216121e+02
   8.5454199e+01   1.2763056e+02   1.1956382e+02   2.0733687e+02   1.1627812e+02   1.4209890e+02
   8.5889366e+01   1.2812351e+02   1.2163603e+02   2.0736819e+02   1.1454229e+02   1.4088896e+02
   8.5333786e+01   1.2808251e+02   1.2011876e+02   2.0508356e+02   1.1444157e+02   1.4127312e+02
   8.5082305e+01   1.2721799e+02   1.1894981e+02   2.0573728e+02   1.1481992e+02   1.4163630e+02
   8.5818022e+01   1.2838403e+02   1.1924423e+02   2.0780497e+02   1.1666357e+02   1.4235813e+02
   8.6280307e+01   1.2910425e+02   1.2155210e+02   2.0833408e+02   1.1691053e+02   1.4373917e+02
   8.5373493e+01   1.2711824e+02   1.2217612e+02   2.0653110e+02   1.1566152e+02   1.4287078e+02
   8.5042598e+01   1.2779456e+02   1.2052390e+02   2.0644006e+02   1.1546815e+02   1.4296052e+02
   8.5117816e+01   1.2721509e+02   1.1897467e+02   2.0493732e+02   1.1318288e+02   1.4212667e+02
   8.4751733e+01   1.2753759e+02   1.1864668e+02   2.0628575e+02   1.1495777e+02   1.4343217e+02
   8.5016449e+01   1.2722057e+02   1.1900824e+02   2.0556005e+02   1.1470435e+02   1.4230939e+02
   8.4750119e+01   1.2752500e+02   1.1813629e+02   2.0466259e+02   1.1491838e+02   1.4340215e+02
   8.6050456e+01   1.2807993e+02   1.2023207e+02   2.0662149e+02   1.1632945e+02   1.4332273e+02
   8.6156665e+01   1.2877368e+02   1.2268263e+02   2.0726198e+02   1.1670909e+02   1.4258572e+02
   8.5622391e+01   1.2863099e+02   1.2197016e+02   2.0608270e+02   1.1641790e+02   1.4385927e+02
   8.4347557e+01   1.2731129e+02   1.2175968e+02   2.0613629e+02   1.1598144e+02   1.4254828e+02
   8.4867304e+01   1.2690162e+02   1.1884263e+02   2.0607043e+02   1.1462978e+02   1.4266094e+02
   8.4045393e+01   1.2711985e+02   1.1736700e+02   2.0673158e+02   1.1497423e+02   1.4273164e+02
   8.4709766e+01   1.2660140e+02   1.1837454e+02   2.0751830e+02   1.1417233e+02   1.4285625e+02
   8.3675437e+01   1.2691292e+02   1.1824089e+02   2.0535086e+02   1.1317707e+02   1.4076047e+02
   8.4787567e+01   1.2705529e+02   1.1822184e+02   2.0469165e+02   1.1316093e+02   1.4117175e+02
   8.4456026e+01   1.2680090e+02   1.1814340e+02   2.0379387e+02   1.1417782e+02   1.4121566e+02
   8.4558039e+01   1.2726674e+02   1.1794421e+02   2.0510745e+02   1.1406290e+02   1.4072884e+02
   8.5630784e+01   1.2819131e+02   1.1905667e+02   2.0741370e+02   1.1453713e+02   1.4221835e+02
   8.5430633e+01   1.2746721e+02   1.2098457e+02   2.0549613e+02   1.1424755e+02   1.4210471e+02
   8.4474104e+01   1.2722703e+02   1.2002385e+02   2.0539089e+02   1.1368681e+02   1.4126666e+02
   8.4291386e+01   1.2677895e+02   1.2098264e+02   2.0617987e+02   1.1279839e+02   1.4032628e+02
   8.4033449e+01   1.2676087e+02   1.1772114e+02   2.0465678e+02   1.1255563e+02   1.4096579e+02
   8.4705247e+01   1.2676152e+02   1.1764173e+02   2.0527144e+02   1.1340369e+02   1.4167955e+02
   8.4612273e+01   1.2671116e+02   1.1879712e+02   2.0586770e+02   1.1524443e+02   1.4246531e+02
   8.3153753e+01   1.2550799e+02   1.1758911e+02   2.0496024e+02   1.1307247e+02   1.4251793e+02
   8.3958877e+01   1.2655846e+02   1.1672878e+02   2.0387393e+02   1.1219148e+02   1.4065620e+02
   8.3684799e+01   1.2659462e+02   1.1687244e+02   2.0481109e+02   1.1276191e+02   1.4072174e+02
   8.4334967e+01   1.2719087e+02   1.1713070e+02   2.0526046e+02   1.1408646e+02   1.4048123e+02
   8.4681035e+01   1.2752306e+02   1.1857404e+02   2.0680453e+02   1.1452034e+02   1.4104811e+02
   8.4516394e+01   1.2762475e+02   1.1845202e+02   2.0625380e+02   1.1348407e+02   1.4152686e+02
   8.4120612e+01   1.2648034e+02   1.1861892e+02   2.0439239e+02   1.1444092e+02   1.4257830e+02
   8.3907547e+01   1.2597544e+02   1.1794615e+02   2.0502319e+02   1.1334752e+02   1.4232004e+02
   8.4307527e+01   1.2679380e+02   1.1719268e+02   2.0679872e+02   1.1544039e+02   1.4264867e+02
   8.5191743e+01   1.2804668e+02   1.2076183e+02   2.0568336e+02   1.1679205e+02   1.4359713e+02
   8.5146870e+01   1.2753436e+02   1.2201180e+02   2.0380905e+02   1.1489837e+02   1.4276199e+02
   8.4705247e+01   1.2700719e+02   1.1902987e+02   2.0392268e+02   1.1187608e+02   1.4322718e+02
   8.4367249e+01   1.2680122e+02   1.1848656e+02   2.0281765e+02   1.1176084e+02   1.4305576e+02
   8.4988364e+01   1.2717118e+02   1.1855403e+02   2.0483756e+02   1.1532869e+02   1.4307190e+02
   8.4158382e+01   1.2718506e+02   1.1971361e+02   2.0471295e+02   1.1636722e+02   1.4244239e+02
   8.4524142e+01   1.2691131e+02   1.1928684e+02   2.0635258e+02   1.1443705e+02   1.4355484e+02
   8.4118997e+01   1.2676733e+02   1.1874224e+02   2.0816201e+02   1.1546202e+02   1.4395224e+02
   8.4819526e+01   1.2714503e+02   1.1847332e+02   2.0937809e+02   1.1673459e+02   1.4455495e+02
   8.4150957e+01   1.2697458e+02   1.1967843e+02   2.0826435e+02   1.1456198e+02   1.4238331e+02
   8.4081227e+01   1.2714406e+02   1.1844362e+02   2.0467454e+02   1.1436990e+02   1.4089477e+02
   8.4133847e+01   1.2615106e+02   1.1774471e+02   2.0560427e+02   1.1518568e+02   1.4241269e+02
   8.3422342e+01   1.2605873e+02   1.1703320e+02   2.0512617e+02   1.1463268e+02   1.4242560e+02
   8.4034740e+01   1.2665434e+02   1.1724627e+02   2.0496540e+02   1.1481249e+02   1.4099355e+02
   8.4367249e+01   1.2697232e+02   1.1728920e+02   2.0468003e+02   1.1515017e+02   1.4145842e+02
   8.4043134e+01   1.2676571e+02   1.1761300e+02   2.0530889e+02   1.1618966e+02   1.4180417e+02
   8.4216813e+01   1.2703915e+02   1.2003612e+02   2.0585704e+02   1.1736313e+02   1.4137771e+02
   8.4132556e+01   1.2691228e+02   1.2007356e+02   2.0419902e+02   1.1490127e+02   1.4120145e+02
   8.3832652e+01   1.2691486e+02   1.1837874e+02   2.0420644e+02   1.1395669e+02   1.4155462e+02
   8.4202932e+01   1.2690388e+02   1.1896854e+02   2.0480367e+02   1.1503331e+02   1.4096644e+02
   8.4529953e+01   1.2768092e+02   1.1850431e+02   2.0674029e+02   1.1607377e+02   1.4191360e+02
   8.5257276e+01   1.2744332e+02   1.1841070e+02   2.0694270e+02   1.1604827e+02   1.4175122e+02
   8.5113619e+01   1.2787236e+02   1.1957964e+02   2.0602524e+02   1.1641564e+02   1.4238267e+02
   8.4976419e+01   1.2811092e+02   1.2075020e+02   2.0786792e+02   1.1848850e+02   1.4301734e+02
   8.6392327e+01   1.2833077e+02   1.2345257e+02   2.0764678e+02   1.1902374e+02   1.4456367e+02
   8.5044858e+01   1.2704399e+02   1.2173256e+02   2.0547450e+02   1.1573125e+02   1.4241301e+02
   8.4180334e+01   1.2636218e+02   1.1972814e+02   2.0371284e+02   1.1299822e+02   1.4198333e+02
   8.5207238e+01   1.2701687e+02   1.1897306e+02   2.0486662e+02   1.1388244e+02   1.4161886e+02
   8.5089408e+01   1.2791755e+02   1.1998253e+02   2.0666733e+02   1.1594884e+02   1.4251664e+02
   8.4979324e+01   1.2821261e+02   1.1949765e+02   2.0828242e+02   1.1625778e+02   1.4209212e+02
   8.5474860e+01   1.2759344e+02   1.2027178e+02   2.0631771e+02   1.1550173e+02   1.4146940e+02
   8.4589675e+01   1.2769609e+02   1.2008745e+02   2.0548321e+02   1.1654800e+02   1.4256474e+02
   8.4451184e+01   1.2743880e+02   1.1922583e+02   2.0546772e+02   1.1723723e+02   1.4218187e+02
   8.4694271e+01   1.2792724e+02   1.1984985e+02   2.0477074e+02   1.1609701e+02   1.4250792e+02
   8.3914972e+01   1.2707272e+02   1.2025370e+02   2.0594001e+02   1.1550592e+02   1.4374563e+02
   8.4017953e+01   1.2661495e+02   1.1949022e+02   2.0625476e+02   1.1521732e+02   1.4344314e+02
   8.4280410e+01   1.2656718e+02   1.1841683e+02   2.0539315e+02   1.1383886e+02   1.4239655e+02
   8.4248127e+01   1.2686611e+02   1.1877064e+02   2.0528274e+02   1.1382401e+02   1.4119467e+02
   8.3754852e+01   1.2659623e+02   1.1821539e+02   2.0592451e+02   1.1440896e+02   1.4260057e+02
   8.3684153e+01   1.2683060e+02   1.1826155e+02   2.0561008e+02   1.1426143e+02   1.4230648e+02
   8.4355305e+01   1.2668436e+02   1.1911671e+02   2.0269369e+02   1.1200554e+02   1.4121307e+02
   8.3728703e+01   1.2596446e+02   1.1788481e+02   2.0485306e+02   1.1285457e+02   1.4232617e+02
   8.3390383e+01   1.2705335e+02   1.1844911e+02   2.0633547e+02   1.1361837e+02   1.4290145e+02
   8.4544803e+01   1.2746011e+02   1.1944018e+02   2.0546255e+02   1.1477602e+02   1.4208115e+02
   8.4845029e+01   1.2722090e+02   1.1954187e+02   2.0491956e+02   1.1578000e+02   1.4230842e+02
   8.4997080e+01   1.2772386e+02   1.2067757e+02   2.0612047e+02   1.1639111e+02   1.4256151e+02
   8.5261150e+01   1.2799729e+02   1.2158115e+02   2.0554907e+02   1.1764237e+02   1.4287594e+02
   8.4602911e+01   1.2724769e+02   1.2159536e+02   2.0521882e+02   1.1771049e+02   1.4404586e+02
   8.5673074e+01   1.2753888e+02   1.2151175e+02   2.0570693e+02   1.1611380e+02   1.4345509e+02
   8.5438704e+01   1.2769448e+02   1.2136777e+02   2.0588319e+02   1.1639950e+02   1.4270872e+02
   8.5251143e+01   1.2790206e+02   1.2106108e+02   2.0556812e+02   1.1706742e+02   1.4275327e+02
   8.5992670e+01   1.2737230e+02   1.2124897e+02   2.0434267e+02   1.1695476e+02   1.4194040e+02
   8.5524252e+01   1.2774032e+02   1.2078281e+02   2.0561331e+02   1.1747676e+02   1.4332209e+02
   8.4982553e+01   1.2717893e+02   1.2046160e+02   2.0599747e+02   1.1636496e+02   1.4311451e+02
   8.5597856e+01   1.2721638e+02   1.2241630e+02   2.0514328e+02   1.1641919e+02   1.4290726e+02
   8.4636808e+01   1.2700170e+02   1.2186718e+02   2.0467615e+02   1.1572867e+02   1.4315906e+02
   8.4285575e+01   1.2632829e+02   1.1980982e+02   2.0432557e+02   1.1526380e+02   1.4289596e+02
   8.5497135e+01   1.2707885e+02   1.1947279e+02   2.0481755e+02   1.1409518e+02   1.4173153e+02
   8.5216278e+01   1.2719475e+02   1.1832030e+02   2.0438141e+02   1.1464075e+02   1.4182353e+02
   8.5395122e+01   1.2726609e+02   1.2051099e+02   2.0472651e+02   1.1560826e+02   1.4205371e+02
   8.5293110e+01   1.2697071e+02   1.2113469e+02   2.0498703e+02   1.1556920e+02   1.4297505e+02
   8.4840187e+01   1.2744235e+02   1.2026984e+02   2.0637615e+02   1.1711617e+02   1.4277877e+02
   8.5825447e+01   1.2827137e+02   1.2165637e+02   2.0703471e+02   1.1783897e+02   1.4275682e+02
   8.6373280e+01   1.2902742e+02   1.2221228e+02   2.0872437e+02   1.1897564e+02   1.4315196e+02
   8.6284181e+01   1.2892283e+02   1.2163571e+02   2.0946558e+02   1.1883715e+02   1.4289273e+02
   8.6328085e+01   1.2903162e+02   1.2314136e+02   2.0796315e+02   1.1930718e+02   1.4219188e+02
   8.5516181e+01   1.2803829e+02   1.2304226e+02   2.0707635e+02   1.1755005e+02   1.4291436e+02
   8.5091345e+01   1.2820454e+02   1.2191076e+02   2.0653691e+02   1.1792226e+02   1.4249856e+02
   8.5663389e+01   1.2792239e+02   1.2184038e+02   2.0445566e+02   1.1692796e+02   1.4035081e+02
   8.4321408e+01   1.2730322e+02   1.2035442e+02   2.0427133e+02   1.1680755e+02   1.4115367e+02
   8.4667153e+01   1.2787591e+02   1.2102848e+02   2.0425551e+02   1.1456683e+02   1.4246402e+02
   8.4462160e+01   1.2679509e+02   1.2013877e+02   2.0460513e+02   1.1394474e+02   1.4214797e+02
   8.4978356e+01   1.2699363e+02   1.2026016e+02   2.0589126e+02   1.1567896e+02   1.4145907e+02
   8.6268362e+01   1.2805669e+02   1.2111467e+02   2.0562235e+02   1.1646600e+02   1.4223417e+02
   8.5957805e+01   1.2789689e+02   1.2098199e+02   2.0478979e+02   1.1626327e+02   1.4168698e+02
   8.5339274e+01   1.2784104e+02   1.1886265e+02   2.0540477e+02   1.1596724e+02   1.4153299e+02
   8.6137618e+01   1.2827524e+02   1.2018236e+02   2.0690170e+02   1.1699705e+02   1.4031885e+02
   8.6147949e+01   1.2831592e+02   1.2094261e+02   2.0748150e+02   1.1734828e+02   1.4176736e+02
   8.6004615e+01   1.2823327e+02   1.2178615e+02   2.0581185e+02   1.1629781e+02   1.4159046e+02
   8.5840620e+01   1.2811835e+02   1.2029276e+02   2.0630738e+02   1.1665227e+02   1.4101163e+02
   8.5774764e+01   1.2798115e+02   1.2085480e+02   2.0691655e+02   1.1599468e+02   1.4127280e+02
   8.5381886e+01   1.2682221e+02   1.1961935e+02   2.0493570e+02   1.1363128e+02   1.4179609e+02
   8.4965120e+01   1.2700041e+02   1.1984371e+02   2.0479108e+02   1.1509949e+02   1.4172443e+02
   8.5605604e+01   1.2689355e+02   1.2063818e+02   2.0653659e+02   1.1564538e+02   1.4281751e+02
   8.6328085e+01   1.2696651e+02   1.2013200e+02   2.0582638e+02   1.1686727e+02   1.4334113e+02
   8.6354234e+01   1.2836305e+02   1.2243858e+02   2.0658243e+02   1.1846138e+02   1.4353483e+02
   8.6162153e+01   1.2797082e+02   1.2465799e+02   2.0708410e+02   1.1820183e+02   1.4321523e+02
   8.5573321e+01   1.2702559e+02   1.2399717e+02   2.0661116e+02   1.1623260e+02   1.4254182e+02
   8.5125887e+01   1.2717893e+02   1.2199953e+02   2.0767874e+02   1.1751615e+02   1.4327883e+02
   8.4641327e+01   1.2708208e+02   1.2109433e+02   2.0794314e+02   1.1726015e+02   1.4299700e+02
   8.5207238e+01   1.2677120e+02   1.2036830e+02   2.0578473e+02   1.1578161e+02   1.4082698e+02
   8.5290850e+01   1.2726932e+02   1.1970942e+02   2.0516523e+02   1.1566604e+02   1.4272518e+02
   8.4829857e+01   1.2632054e+02   1.1958739e+02   2.0364182e+02   1.1351958e+02   1.4219317e+02
   8.4392107e+01   1.2587924e+02   1.1937400e+02   2.0441563e+02   1.1288685e+02   1.4111461e+02
   8.4929609e+01   1.2642417e+02   1.1818504e+02   2.0628898e+02   1.1473695e+02   1.4278232e+02
   8.3880430e+01   1.2573720e+02   1.1841199e+02   2.0682326e+02   1.1413295e+02   1.4310482e+02
   8.4021827e+01   1.2628406e+02   1.1880616e+02   2.0572695e+02   1.1438120e+02   1.4332564e+02
   8.3568259e+01   1.2482360e+02   1.1773341e+02   2.0283315e+02   1.1220956e+02   1.4053385e+02
   8.3585692e+01   1.2588957e+02   1.1562698e+02   2.0336904e+02   1.1249106e+02   1.4045540e+02
   8.3708688e+01   1.2577141e+02   1.1760396e+02   2.0277988e+02   1.1256757e+02   1.4102487e+02
   8.2633037e+01   1.2469350e+02   1.1711940e+02   2.0141918e+02   1.1054734e+02   1.3915701e+02
   8.2805425e+01   1.2539984e+02   1.1586813e+02   2.0148374e+02   1.1110873e+02   1.3964964e+02
   8.3525969e+01   1.2579014e+02   1.1501103e+02   2.0309657e+02   1.1261116e+02   1.4054031e+02
   8.4074125e+01   1.2687967e+02   1.1613220e+02   2.0521010e+02   1.1402028e+02   1.4113334e+02
   8.5751198e+01   1.2824102e+02   1.1961483e+02   2.0666959e+02   1.1713134e+02   1.4178221e+02
   8.5717301e+01   1.2815063e+02   1.2221389e+02   2.0606268e+02   1.1721818e+02   1.4201626e+02
   8.6565361e+01   1.2847539e+02   1.2140554e+02   2.0665636e+02   1.1669133e+02   1.4261994e+02
   8.5286330e+01   1.2773386e+02   1.2093034e+02   2.0765098e+02   1.1609960e+02   1.4393448e+02
   8.4426649e+01   1.2682963e+02   1.2040607e+02   2.0726617e+02   1.1664872e+02   1.4409751e+02
   8.4830180e+01   1.2668436e+02   1.2007486e+02   2.0565044e+02   1.1545944e+02   1.4232908e+02
   8.5136540e+01   1.2773967e+02   1.2032440e+02   2.0599198e+02   1.1607894e+02   1.4242141e+02
   8.5345407e+01   1.2714310e+02   1.1985759e+02   2.0652045e+02   1.1702836e+02   1.4125246e+02
   8.5777346e+01   1.2727578e+02   1.1977205e+02   2.0649882e+02   1.1768273e+02   1.4127376e+02
   8.5319259e+01   1.2818485e+02   1.2021012e+02   2.0632223e+02   1.1732439e+02   1.4276231e+02
   8.6059495e+01   1.2807638e+02   1.2068596e+02   2.0746568e+02   1.1776860e+02   1.4304220e+02
   8.6664145e+01   1.2910458e+02   1.2145396e+02   2.0674061e+02   1.1671038e+02   1.4291662e+02
   8.5896469e+01   1.2809026e+02   1.2106334e+02   2.0626413e+02   1.1785705e+02   1.4227969e+02
   8.6301290e+01   1.2811899e+02   1.2310263e+02   2.0602394e+02   1.1757361e+02   1.4266772e+02
   8.6690939e+01   1.2803409e+02   1.2353521e+02   2.0474750e+02   1.1691925e+02   1.4362102e+02
   8.5283748e+01   1.2702946e+02   1.2254091e+02   2.0447600e+02   1.1666518e+02   1.4301153e+02
   8.4650366e+01   1.2708208e+02   1.2098361e+02   2.0606688e+02   1.1561956e+02   1.4291307e+02
   8.5018063e+01   1.2688322e+02   1.2095778e+02   2.0575923e+02   1.1525702e+02   1.4317326e+02
   8.4687168e+01   1.2643159e+02   1.2105818e+02   2.0376740e+02   1.1465625e+02   1.4245466e+02
   8.4273308e+01   1.2623725e+02   1.1931267e+02   2.0536635e+02   1.1488836e+02   1.4292211e+02
   8.4869241e+01   1.2683899e+02   1.2043029e+02   2.0641295e+02   1.1694636e+02   1.4294212e+02
   8.5799298e+01   1.2749013e+02   1.2261968e+02   2.0769940e+02   1.1894303e+02   1.4371238e+02
   8.5959742e+01   1.2818743e+02   1.2335088e+02   2.0883607e+02   1.2014491e+02   1.4411268e+02
   8.6245119e+01   1.2845021e+02   1.2171771e+02   2.0882380e+02   1.1890881e+02   1.4383731e+02
   8.6597643e+01   1.2795274e+02   1.2256900e+02   2.0725035e+02   1.1779701e+02   1.4282849e+02
   8.6391681e+01   1.2871977e+02   1.2292765e+02   2.0763581e+02   1.1898500e+02   1.4339343e+02
   8.7060573e+01   1.2856740e+02   1.2425188e+02   2.0805096e+02   1.2015298e+02   1.4325978e+02
   8.6881406e+01   1.2898901e+02   1.2404430e+02   2.0842221e+02   1.1870802e+02   1.4246176e+02
   8.5519087e+01   1.2793563e+02   1.2115083e+02   2.0847418e+02   1.1932074e+02   1.4163468e+02
   8.6767449e+01   1.2855384e+02   1.2209219e+02   2.0776235e+02   1.1854144e+02   1.4265287e+02
   8.6243828e+01   1.2842955e+02   1.2245633e+02   2.0738852e+02   1.1887169e+02   1.4326398e+02
   8.6364241e+01   1.2844601e+02   1.2314201e+02   2.0793958e+02   1.1913608e+02   1.4310289e+02
   8.6134713e+01   1.2843375e+02   1.2277754e+02   2.0716997e+02   1.1862602e+02   1.4308029e+02
   8.5696317e+01   1.2835272e+02   1.2156792e+02   2.0612467e+02   1.1715168e+02   1.4228550e+02
   8.5724726e+01   1.2783814e+02   1.2035119e+02   2.0556198e+02   1.1634688e+02   1.4135221e+02
   8.5456459e+01   1.2804668e+02   1.2063592e+02   2.0550065e+02   1.1618611e+02   1.4168117e+02
   8.5846754e+01   1.2888473e+02   1.2068403e+02   2.0612337e+02   1.1713974e+02   1.4392609e+02
   8.6476907e+01   1.2887505e+02   1.2249023e+02   2.0786792e+02   1.1815373e+02   1.4482612e+02
   8.6405563e+01   1.2874915e+02   1.2451724e+02   2.0596810e+02   1.1789579e+02   1.4393061e+02
   8.6770354e+01   1.2834368e+02   1.2442072e+02   2.0527015e+02   1.1671522e+02   1.4288014e+02
   8.5597210e+01   1.2780198e+02   1.2371438e+02   2.0509841e+02   1.1450484e+02   1.4272680e+02
   8.6704498e+01   1.2829784e+02   1.2346225e+02   2.0607560e+02   1.1627231e+02   1.4200109e+02
   8.6025598e+01   1.2792530e+02   1.2262259e+02   2.0587093e+02   1.1674363e+02   1.4287562e+02
   8.5835778e+01   1.2806314e+02   1.2175838e+02   2.0581831e+02   1.1665970e+02   1.4255150e+02
   8.6753890e+01   1.2801537e+02   1.2196693e+02   2.0540993e+02   1.1590978e+02   1.4310192e+02
   8.5332494e+01   1.2691098e+02   1.2105334e+02   2.0515619e+02   1.1529060e+02   1.4227355e+02
   8.5712781e+01   1.2743880e+02   1.2211091e+02   2.0585511e+02   1.1512822e+02   1.4279104e+02
   8.5731828e+01   1.2724769e+02   1.2007324e+02   2.0631739e+02   1.1538486e+02   1.4329368e+02
   8.5223380e+01   1.2631699e+02   1.2115599e+02   2.0545480e+02   1.1483219e+02   1.4217186e+02
   8.4942845e+01   1.2715375e+02   1.2165992e+02   2.0684941e+02   1.1662645e+02   1.4327657e+02
   8.6413956e+01   1.2785977e+02   1.2276721e+02   2.0726133e+02   1.1763979e+02   1.4283042e+02
   8.6697396e+01   1.2819098e+02   1.2298835e+02   2.0569951e+02   1.1487383e+02   1.4295277e+02
   8.5895177e+01   1.2692745e+02   1.2237240e+02   2.0411637e+02   1.1481927e+02   1.4295762e+02
   8.6055298e+01   1.2791465e+02   1.2161085e+02   2.0565496e+02   1.1598984e+02   1.4331660e+02
   8.6248024e+01   1.2779649e+02   1.2123186e+02   2.0598133e+02   1.1693571e+02   1.4354709e+02
   8.5950703e+01   1.2760732e+02   1.2253833e+02   2.0524787e+02   1.1698865e+02   1.4305027e+02
   8.5590431e+01   1.2735196e+02   1.2333926e+02   2.0454121e+02   1.1526994e+02   1.4315938e+02
   8.6007197e+01   1.2723026e+02   1.2244794e+02   2.0679065e+02   1.1701513e+02   1.4324138e+02
   8.5792842e+01   1.2682318e+02   1.2225618e+02   2.0680034e+02   1.1618353e+02   1.4311064e+02
   8.5121044e+01   1.2695747e+02   1.2236981e+02   2.0567303e+02   1.1648924e+02   1.4345735e+02
   8.5507788e+01   1.2695101e+02   1.2221454e+02   2.0683778e+02   1.1741640e+02   1.4382505e+02
   8.5151390e+01   1.2671923e+02   1.2152175e+02   2.0693657e+02   1.1624713e+02   1.4308642e+02
   8.4671350e+01   1.2637155e+02   1.2035248e+02   2.0556812e+02   1.1616287e+02   1.4279911e+02
   8.5339596e+01   1.2685707e+02   1.2100201e+02   2.0552260e+02   1.1653347e+02   1.4396903e+02
   8.5110714e+01   1.2682382e+02   1.2130449e+02   2.0528984e+02   1.1487125e+02   1.4397322e+02
   8.4886351e+01   1.2660140e+02   1.1945826e+02   2.0363569e+02   1.1312057e+02   1.4109815e+02
   8.5510371e+01   1.2704560e+02   1.2071405e+02   2.0469681e+02   1.1501587e+02   1.4243626e+02
   8.5802849e+01   1.2759796e+02   1.2146913e+02   2.0646525e+02   1.1742511e+02   1.4264254e+02
   8.6397169e+01   1.2808800e+02   1.2292572e+02   2.0736076e+02   1.1778538e+02   1.4284205e+02
   8.5916806e+01   1.2828073e+02   1.2260289e+02   2.0810971e+02   1.1855790e+02   1.4329432e+02
   8.6632831e+01   1.2846894e+02   1.2356620e+02   2.0815459e+02   1.1909863e+02   1.4323718e+02
   8.6067243e+01   1.2713890e+02   1.2474290e+02   2.0649398e+02   1.1741478e+02   1.4321362e+02
   8.4688782e+01   1.2671890e+02   1.2130837e+02   2.0465162e+02   1.1609572e+02   1.4333177e+02
   8.4788535e+01   1.2633668e+02   1.2051809e+02   2.0576665e+02   1.1395055e+02   1.4257055e+02
   8.4962860e+01   1.2700751e+02   1.1912866e+02   2.0720032e+02   1.1660417e+02   1.4276392e+02
   8.5797684e+01   1.2767931e+02   1.2185394e+02   2.0722905e+02   1.1764270e+02   1.4406232e+02
   8.5332172e+01   1.2710081e+02   1.2275301e+02   2.0802610e+02   1.1570026e+02   1.4382182e+02
   8.5492292e+01   1.2667435e+02   1.2199986e+02   2.0784629e+02   1.1546202e+02   1.4261639e+02
   8.4625509e+01   1.2647162e+02   1.1980045e+02   2.0570661e+02   1.1524347e+02   1.4314098e+02
   8.5522638e+01   1.2721315e+02   1.2119441e+02   2.0519622e+02   1.1594851e+02   1.4178964e+02
