   1.2779142e+02   1.2171452e+02   1.5300053e+02   1.6060227e+02   1.4608096e+02   1.6337139e+02
   1.2816141e+02   1.2202670e+02   1.5321443e+02   1.6193531e+02   1.4734667e+02   1.6367575e+02
   1.2993347e+02   1.2305709e+02   1.5514836e+02   1.6412973e+02   1.4966963e+02   1.6641325e+02
   1.2969577e+02   1.2373313e+02   1.5565267e+02   1.6420965e+02   1.4885076e+02   1.6654451e+02
   1.2949989e+02   1.2317713e+02   1.5503988e+02   1.6350844e+02   1.4883104e+02   1.6660096e+02
   1.2881909e+02   1.2267996e+02   1.5489162e+02   1.6361114e+02   1.4915342e+02   1.6621975e+02
   1.2987056e+02   1.2374027e+02   1.5467364e+02   1.6394576e+02   1.4873616e+02   1.6679411e+02
   1.2931728e+02   1.2351379e+02   1.5520175e+02   1.6449462e+02   1.4877323e+02   1.6668767e+02
   1.2963422e+02   1.2346142e+02   1.5463759e+02   1.6436505e+02   1.4886981e+02   1.6603680e+02
   1.3020008e+02   1.2362601e+02   1.5543504e+02   1.6439056e+02   1.4904188e+02   1.6643229e+02
   1.2944276e+02   1.2250381e+02   1.5536600e+02   1.6341288e+02   1.4851886e+02   1.6511081e+02
   1.2936625e+02   1.2358588e+02   1.5420945e+02   1.6352442e+02   1.4776631e+02   1.6513767e+02
   1.2941964e+02   1.2294963e+02   1.5444648e+02   1.6392909e+02   1.4826246e+02   1.6595892e+02
   1.2883337e+02   1.2279592e+02   1.5399215e+02   1.6313675e+02   1.4878411e+02   1.6504824e+02
   1.2963830e+02   1.2343728e+02   1.5549625e+02   1.6400085e+02   1.4768061e+02   1.6529682e+02
   1.2919248e+02   1.2254257e+02   1.5447368e+02   1.6350436e+02   1.4743917e+02   1.6645201e+02
   1.2910134e+02   1.2279898e+02   1.5381668e+02   1.6297080e+02   1.4774930e+02   1.6466601e+02
   1.2955532e+02   1.2281768e+02   1.5416661e+02   1.6397228e+02   1.4639824e+02   1.6384986e+02
   1.2911971e+02   1.2273539e+02   1.5389320e+02   1.6237569e+02   1.4754629e+02   1.6448578e+02
   1.2930334e+02   1.2298941e+02   1.5444580e+02   1.6353428e+02   1.4771496e+02   1.6463404e+02
   1.2955804e+02   1.2287991e+02   1.5497527e+02   1.6413687e+02   1.4804107e+02   1.6577665e+02
   1.2972569e+02   1.2245926e+02   1.5498887e+02   1.6314355e+02   1.4814105e+02   1.6546685e+02
   1.2990117e+02   1.2321555e+02   1.5472805e+02   1.6363596e+02   1.4669749e+02   1.6600755e+02
   1.2980425e+02   1.2258304e+02   1.5413260e+02   1.6266849e+02   1.4726982e+02   1.6483944e+02
   1.3015349e+02   1.2302682e+02   1.5407479e+02   1.6395664e+02   1.4814615e+02   1.6510061e+02
   1.3073228e+02   1.2408747e+02   1.5449476e+02   1.6406682e+02   1.4787478e+02   1.6651866e+02
   1.2978589e+02   1.2299928e+02   1.5505927e+02   1.6391651e+02   1.4831618e+02   1.6648228e+02
   1.2971889e+02   1.2293024e+02   1.5407717e+02   1.6331698e+02   1.4699164e+02   1.6569231e+02
   1.2973352e+02   1.2264459e+02   1.5468146e+02   1.6369479e+02   1.4817438e+02   1.6645949e+02
   1.2999536e+02   1.2354439e+02   1.5525514e+02   1.6454359e+02   1.4834747e+02   1.6547536e+02
   1.2941964e+02   1.2310469e+02   1.5444512e+02   1.6319524e+02   1.4622038e+02   1.6437696e+02
   1.2876162e+02   1.2252387e+02   1.5329877e+02   1.6280723e+02   1.4730790e+02   1.6465071e+02
   1.2918738e+02   1.2269594e+02   1.5375989e+02   1.6208460e+02   1.4782990e+02   1.6460922e+02
   1.2804647e+02   1.2207329e+02   1.5379254e+02   1.6257293e+02   1.4577286e+02   1.6346763e+02
   1.2830424e+02   1.2196617e+02   1.5285295e+02   1.6196354e+02   1.4552938e+02   1.6215499e+02
   1.2837395e+02   1.2278606e+02   1.5272474e+02   1.6270657e+02   1.4558787e+02   1.6352374e+02
   1.2923635e+02   1.2264969e+02   1.5436894e+02   1.6307282e+02   1.4816452e+02   1.6472144e+02
   1.3004535e+02   1.2322950e+02   1.5495827e+02   1.6402805e+02   1.4912655e+02   1.6638808e+02
   1.3027796e+02   1.2310367e+02   1.5540409e+02   1.6518970e+02   1.4769727e+02   1.6759496e+02
   1.2989403e+02   1.2279660e+02   1.5494331e+02   1.6413755e+02   1.4838726e+02   1.6624117e+02
   1.2936421e+02   1.2302376e+02   1.5434378e+02   1.6301875e+02   1.4786628e+02   1.6577257e+02
   1.2932340e+02   1.2275953e+02   1.5385103e+02   1.6345573e+02   1.4720996e+02   1.6535225e+02
   1.2878440e+02   1.2267146e+02   1.5416491e+02   1.6364854e+02   1.4706884e+02   1.6508394e+02
   1.2977908e+02   1.2303226e+02   1.5418565e+02   1.6378355e+02   1.4780235e+02   1.6581746e+02
   1.2853038e+02   1.2174037e+02   1.5370922e+02   1.6283444e+02   1.4796218e+02   1.6555119e+02
   1.2877114e+02   1.2293160e+02   1.5361128e+02   1.6307724e+02   1.4775746e+02   1.6476667e+02
   1.2886024e+02   1.2217293e+02   1.5381872e+02   1.6330508e+02   1.4711883e+02   1.6422427e+02
   1.2901191e+02   1.2304450e+02   1.5332087e+02   1.6292931e+02   1.4672470e+02   1.6448612e+02
   1.2936625e+02   1.2324480e+02   1.5384389e+02   1.6350096e+02   1.4659615e+02   1.6528492e+02
   1.2972093e+02   1.2326588e+02   1.5396529e+02   1.6296876e+02   1.4692703e+02   1.6506864e+02
   1.2966040e+02   1.2279660e+02   1.5400270e+02   1.6259469e+02   1.4657507e+02   1.6492854e+02
   1.2948255e+02   1.2301662e+02   1.5404180e+02   1.6346049e+02   1.4738884e+02   1.6616058e+02
   1.2960191e+02   1.2256094e+02   1.5499262e+02   1.6376042e+02   1.4822029e+02   1.6563484e+02
   1.2956723e+02   1.2308225e+02   1.5464813e+02   1.6360570e+02   1.4809208e+02   1.6692368e+02
   1.2942134e+02   1.2272349e+02   1.5409281e+02   1.6402431e+02   1.4801489e+02   1.6580283e+02
   1.2927239e+02   1.2289964e+02   1.5418701e+02   1.6368493e+02   1.4738442e+02   1.6571782e+02
   1.2926729e+02   1.2256434e+02   1.5367760e+02   1.6391243e+02   1.4716644e+02   1.6645031e+02
   1.2941420e+02   1.2251163e+02   1.5437676e+02   1.6388047e+02   1.4701069e+02   1.6511829e+02
   1.2935367e+02   1.2296187e+02   1.5364563e+02   1.6287014e+02   1.4528862e+02   1.6315818e+02
   1.2957301e+02   1.2266363e+02   1.5390952e+02   1.6312859e+02   1.4663322e+02   1.6400255e+02
   1.3024531e+02   1.2312884e+02   1.5389864e+02   1.6387162e+02   1.4771088e+02   1.6528322e+02
   1.2880481e+02   1.2262691e+02   1.5303726e+02   1.6300515e+02   1.4585686e+02   1.6361352e+02
   1.2806653e+02   1.2159482e+02   1.5184977e+02   1.6201863e+02   1.4514239e+02   1.6192205e+02
   1.2819236e+02   1.2157578e+02   1.5190350e+02   1.6191457e+02   1.4604049e+02   1.6252056e+02
   1.2877012e+02   1.2247320e+02   1.5209631e+02   1.6175168e+02   1.4577150e+02   1.6316192e+02
   1.2879835e+02   1.2226338e+02   1.5286315e+02   1.6158777e+02   1.4600037e+02   1.6314797e+02
   1.2914963e+02   1.2216817e+02   1.5337154e+02   1.6211079e+02   1.4640028e+02   1.6348395e+02
   1.2956213e+02   1.2239091e+02   1.5388503e+02   1.6230700e+02   1.4631118e+02   1.6460446e+02
   1.2867933e+02   1.2209369e+02   1.5296279e+02   1.6178195e+02   1.4611565e+02   1.6340234e+02
   1.2853276e+02   1.2208383e+02   1.5349430e+02   1.6099130e+02   1.4586876e+02   1.6311193e+02
   1.2866402e+02   1.2230147e+02   1.5388333e+02   1.6363868e+02   1.4607756e+02   1.6550392e+02
   1.2877216e+02   1.2271464e+02   1.5320865e+02   1.6354347e+02   1.4619964e+02   1.6512169e+02
   1.2928089e+02   1.2276667e+02   1.5352321e+02   1.6355843e+02   1.4630030e+02   1.6490507e+02
   1.2995796e+02   1.2255856e+02   1.5432915e+02   1.6344315e+02   1.4688112e+02   1.6583038e+02
   1.2992769e+02   1.2284489e+02   1.5405473e+02   1.6344145e+02   1.4693383e+02   1.6522065e+02
   1.3007086e+02   1.2307477e+02   1.5421591e+02   1.6350742e+02   1.4748711e+02   1.6460038e+02
   1.3004569e+02   1.2377632e+02   1.5373099e+02   1.6289599e+02   1.4810467e+02   1.6538524e+02
   1.2957471e+02   1.2319073e+02   1.5444954e+02   1.6503906e+02   1.4802135e+02   1.6551480e+02
   1.2932476e+02   1.2281156e+02   1.5405268e+02   1.6370329e+02   1.4784860e+02   1.6566511e+02
   1.2965122e+02   1.2289318e+02   1.5386871e+02   1.6379001e+02   1.4688691e+02   1.6599769e+02
   1.2942474e+02   1.2274627e+02   1.5458284e+02   1.6373764e+02   1.4695424e+02   1.6542197e+02
   1.2990695e+02   1.2332642e+02   1.5432269e+02   1.6395358e+02   1.4748575e+02   1.6647072e+02
   1.3016301e+02   1.2291460e+02   1.5446756e+02   1.6416578e+02   1.4622175e+02   1.6444667e+02
   1.3003209e+02   1.2300880e+02   1.5435126e+02   1.6341186e+02   1.4617992e+02   1.6345947e+02
   1.3001679e+02   1.2287175e+02   1.5469336e+02   1.6341832e+02   1.4724499e+02   1.6574162e+02
   1.3013819e+02   1.2276803e+02   1.5405370e+02   1.6362440e+02   1.4685732e+02   1.6479353e+02
   1.3050172e+02   1.2303838e+02   1.5467330e+02   1.6405628e+02   1.4696852e+02   1.6453849e+02
   1.3074010e+02   1.2327167e+02   1.5471580e+02   1.6369683e+02   1.4719194e+02   1.6488739e+02
   1.3047213e+02   1.2300268e+02   1.5394250e+02   1.6295040e+02   1.4622821e+02   1.6466941e+02
   1.2978929e+02   1.2278334e+02   1.5395509e+02   1.6298168e+02   1.4659547e+02   1.6476905e+02
   1.2968319e+02   1.2279796e+02   1.5319063e+02   1.6233217e+02   1.4575382e+02   1.6449054e+02
   1.2906019e+02   1.2180668e+02   1.5288695e+02   1.6220362e+02   1.4679067e+02   1.6359821e+02
   1.2915371e+02   1.2249905e+02   1.5360176e+02   1.6169931e+02   1.4637953e+02   1.6420897e+02
   1.2917650e+02   1.2262963e+02   1.5318791e+02   1.6327618e+02   1.4595752e+02   1.6459596e+02
   1.2960327e+02   1.2293364e+02   1.5310493e+02   1.6353292e+02   1.4647509e+02   1.6533083e+02
   1.3006134e+02   1.2266023e+02   1.5409111e+02   1.6424127e+02   1.4701783e+02   1.6546957e+02
   1.3050920e+02   1.2333968e+02   1.5405302e+02   1.6383592e+02   1.4716848e+02   1.6542775e+02
   1.3032216e+02   1.2287345e+02   1.5433834e+02   1.6355741e+02   1.4770101e+02   1.6537402e+02
   1.3078159e+02   1.2302240e+02   1.5446484e+02   1.6366589e+02   1.4778229e+02   1.6522813e+02
   1.3085810e+02   1.2438775e+02   1.5477089e+02   1.6369615e+02   1.4804346e+02   1.6649384e+02
   1.3155353e+02   1.2384535e+02   1.5583971e+02   1.6570218e+02   1.4895482e+02   1.6727802e+02
   1.3089687e+02   1.2389636e+02   1.5554045e+02   1.6493160e+02   1.4733409e+02   1.6633775e+02
   1.3036671e+02   1.2321249e+02   1.5435806e+02   1.6381245e+02   1.4780541e+02   1.6442524e+02
   1.3084586e+02   1.2350699e+02   1.5459100e+02   1.6347647e+02   1.4751772e+02   1.6504722e+02
   1.3062074e+02   1.2381848e+02   1.5536736e+02   1.6415252e+02   1.4714093e+02   1.6526486e+02
   1.3108526e+02   1.2370252e+02   1.5517659e+02   1.6487651e+02   1.4863516e+02   1.6562770e+02
   1.3090571e+02   1.2363621e+02   1.5471512e+02   1.6487923e+02   1.4810569e+02   1.6521487e+02
   1.3122027e+02   1.2332233e+02   1.5508511e+02   1.6355435e+02   1.4812745e+02   1.6590995e+02
   1.3102881e+02   1.2302920e+02   1.5466854e+02   1.6302589e+02   1.4659751e+02   1.6512441e+02
   1.3115395e+02   1.2311082e+02   1.5393570e+02   1.6277050e+02   1.4741536e+02   1.6504076e+02
   1.2995966e+02   1.2220931e+02   1.5363679e+02   1.6195606e+02   1.4574124e+02   1.6443749e+02
   1.2894287e+02   1.2172472e+02   1.5287165e+02   1.6199925e+02   1.4570417e+02   1.6261782e+02
   1.2878644e+02   1.2179852e+02   1.5210651e+02   1.6135449e+02   1.4529984e+02   1.6307248e+02
   1.2896158e+02   1.2195767e+02   1.5267544e+02   1.6246377e+02   1.4548415e+02   1.6378593e+02
   1.2904931e+02   1.2229399e+02   1.5271896e+02   1.6259571e+02   1.4591433e+02   1.6463710e+02
   1.2934551e+02   1.2187843e+02   1.5278698e+02   1.6295992e+02   1.4593303e+02   1.6389475e+02
   1.2983213e+02   1.2270784e+02   1.5344431e+02   1.6332004e+02   1.4664750e+02   1.6495676e+02
   1.3063536e+02   1.2234942e+02   1.5467296e+02   1.6395732e+02   1.4804618e+02   1.6507714e+02
   1.3168241e+02   1.2406163e+02   1.5457332e+02   1.6398555e+02   1.4819172e+02   1.6548386e+02
   1.3144607e+02   1.2360561e+02   1.5481646e+02   1.6322245e+02   1.4755037e+02   1.6458269e+02
   1.3046091e+02   1.2362703e+02   1.5398535e+02   1.6223287e+02   1.4677571e+02   1.6609291e+02
   1.3076050e+02   1.2323324e+02   1.5468656e+02   1.6457623e+02   1.4772448e+02   1.6666217e+02
   1.3027966e+02   1.2301390e+02   1.5480218e+02   1.6428786e+02   1.4639348e+02   1.6480951e+02
   1.3031366e+02   1.2271634e+02   1.5293592e+02   1.6316702e+02   1.4559773e+02   1.6435485e+02
   1.2961109e+02   1.2254903e+02   1.5309575e+02   1.6314151e+02   1.4579259e+02   1.6350606e+02
   1.3080267e+02   1.2322304e+02   1.5407853e+02   1.6384476e+02   1.4726607e+02   1.6559982e+02
   1.3092747e+02   1.2365695e+02   1.5491474e+02   1.6437118e+02   1.4707802e+02   1.6514073e+02
   1.3035141e+02   1.2288263e+02   1.5396903e+02   1.6294972e+02   1.4637579e+02   1.6436981e+02
   1.2974134e+02   1.2274185e+02   1.5301720e+02   1.6248383e+02   1.4600887e+02   1.6437662e+02
   1.2999400e+02   1.2240587e+02   1.5276385e+02   1.6187954e+02   1.4558345e+02   1.6317518e+02
   1.2928532e+02   1.2275001e+02   1.5211705e+02   1.6243486e+02   1.4570213e+02   1.6429194e+02
   1.2953560e+02   1.2227018e+02   1.5299475e+02   1.6205229e+02   1.4676278e+02   1.6432119e+02
   1.3037045e+02   1.2349339e+02   1.5343105e+02   1.6372574e+02   1.4629996e+02   1.6494350e+02
   1.3045547e+02   1.2285407e+02   1.5354633e+02   1.6388965e+02   1.4636389e+02   1.6537368e+02
   1.3070711e+02   1.2345462e+02   1.5401256e+02   1.6421373e+02   1.4698994e+02   1.6531519e+02
   1.3071731e+02   1.2318563e+02   1.5400338e+02   1.6378083e+02   1.4604287e+02   1.6493398e+02
   1.3025109e+02   1.2255073e+02   1.5348614e+02   1.6399881e+02   1.4554672e+02   1.6357543e+02
   1.3040378e+02   1.2286937e+02   1.5458624e+02   1.6366691e+02   1.4697498e+02   1.6476463e+02
   1.2996544e+02   1.2254869e+02   1.5367114e+02   1.6228184e+02   1.4558141e+02   1.6414537e+02
   1.2958389e+02   1.2202058e+02   1.5260402e+02   1.6257497e+02   1.4445070e+02   1.6338840e+02
   1.2955940e+02   1.2200221e+02   1.5206434e+02   1.6270487e+02   1.4525631e+02   1.6340812e+02
   1.2872999e+02   1.2177641e+02   1.5261490e+02   1.6293305e+02   1.4535935e+02   1.6378083e+02
   1.2972604e+02   1.2250449e+02   1.5260028e+02   1.6266407e+02   1.4640300e+02   1.6390835e+02
   1.3047757e+02   1.2306797e+02   1.5420945e+02   1.6372710e+02   1.4737217e+02   1.6489555e+02
   1.3082035e+02   1.2311626e+02   1.5521706e+02   1.6457521e+02   1.4860864e+02   1.6496798e+02
   1.3149164e+02   1.2351685e+02   1.5555304e+02   1.6348429e+02   1.4768537e+02   1.6620173e+02
   1.3125597e+02   1.2301390e+02   1.5533574e+02   1.6474150e+02   1.4857633e+02   1.6558928e+02
   1.3138146e+02   1.2320569e+02   1.5501200e+02   1.6472076e+02   1.4827232e+02   1.6607488e+02
   1.3104071e+02   1.2309211e+02   1.5421591e+02   1.6433037e+02   1.4756261e+02   1.6574570e+02
   1.3030074e+02   1.2313598e+02   1.5338106e+02   1.6379545e+02   1.4595854e+02   1.6568585e+02
   1.3066631e+02   1.2255379e+02   1.5367488e+02   1.6381313e+02   1.4630914e+02   1.6479149e+02
   1.3058571e+02   1.2242321e+02   1.5378200e+02   1.6278275e+02   1.4622175e+02   1.6466465e+02
   1.3043336e+02   1.2229195e+02   1.5385341e+02   1.6294768e+02   1.4628704e+02   1.6480645e+02
   1.3050206e+02   1.2225658e+02   1.5434412e+02   1.6321190e+02   1.4710216e+02   1.6475783e+02
   1.3076628e+02   1.2304416e+02   1.5506403e+02   1.6383184e+02   1.4735891e+02   1.6438478e+02
   1.3069181e+02   1.2315400e+02   1.5488448e+02   1.6424535e+02   1.4847839e+02   1.6462316e+02
   1.3100943e+02   1.2370218e+02   1.5410777e+02   1.6367439e+02   1.4775440e+02   1.6461092e+02
   1.3007426e+02   1.2267520e+02   1.5229185e+02   1.6120690e+02   1.4527025e+02   1.6319830e+02
   1.2931694e+02   1.2275069e+02   1.5200653e+02   1.6241446e+02   1.4382295e+02   1.6260353e+02
   1.2954580e+02   1.2154823e+02   1.5254111e+02   1.6255525e+02   1.4498426e+02   1.6298712e+02
   1.2949513e+02   1.2191754e+02   1.5240611e+02   1.6288817e+02   1.4425517e+02   1.6325237e+02
   1.2994571e+02   1.2206207e+02   1.5317669e+02   1.6372132e+02   1.4580415e+02   1.6334113e+02
   1.3074214e+02   1.2245246e+02   1.5391326e+02   1.6360094e+02   1.4644789e+02   1.6459528e+02
   1.3058095e+02   1.2230657e+02   1.5387959e+02   1.6368527e+02   1.4574770e+02   1.6425215e+02
   1.3022491e+02   1.2230181e+02   1.5305868e+02   1.6377879e+02   1.4621936e+02   1.6532199e+02
   1.2953288e+02   1.2271124e+02   1.5242991e+02   1.6342648e+02   1.4561848e+02   1.6504790e+02
   1.3008446e+02   1.2240281e+02   1.5276147e+02   1.6374784e+02   1.4549911e+02   1.6396378e+02
   1.2972535e+02   1.2192774e+02   1.5333277e+02   1.6355129e+02   1.4529814e+02   1.6417870e+02
   1.2954104e+02   1.2207635e+02   1.5255437e+02   1.6243214e+02   1.4557631e+02   1.6274636e+02
   1.2891193e+02   1.2172540e+02   1.5164029e+02   1.6246819e+02   1.4578953e+02   1.6286300e+02
   1.2921016e+02   1.2166147e+02   1.5263871e+02   1.6276710e+02   1.4573886e+02   1.6351150e+02
   1.2865076e+02   1.2184069e+02   1.5174945e+02   1.6242058e+02   1.4549265e+02   1.6256749e+02
   1.2979405e+02   1.2167882e+02   1.5151991e+02   1.6114297e+02   1.4441160e+02   1.6231380e+02
   1.2871265e+02   1.2196855e+02   1.5182154e+02   1.6215703e+02   1.4491455e+02   1.6371486e+02
   1.2928770e+02   1.2174309e+02   1.5216534e+02   1.6135755e+02   1.4505737e+02   1.6378525e+02
   1.2964850e+02   1.2208009e+02   1.5235238e+02   1.6192851e+02   1.4501215e+02   1.6340506e+02
   1.2968557e+02   1.2260957e+02   1.5313724e+02   1.6458609e+02   1.4581401e+02   1.6541278e+02
   1.2990219e+02   1.2260752e+02   1.5378370e+02   1.6483332e+02   1.4742488e+02   1.6531927e+02
   1.3092509e+02   1.2290542e+02   1.5388503e+02   1.6479523e+02   1.4744053e+02   1.6593342e+02
   1.3066597e+02   1.2219231e+02   1.5455326e+02   1.6466975e+02   1.4621426e+02   1.6400799e+02
   1.2984880e+02   1.2272043e+02   1.5329333e+02   1.6412837e+02   1.4498936e+02   1.6222097e+02
   1.3006882e+02   1.2242287e+02   1.5282812e+02   1.6353768e+02   1.4617448e+02   1.6285688e+02
   1.3027591e+02   1.2255005e+02   1.5317431e+02   1.6327686e+02   1.4721915e+02   1.6482788e+02
   1.3013071e+02   1.2248918e+02   1.5358850e+02   1.6356625e+02   1.4748031e+02   1.6581746e+02
   1.2988518e+02   1.2180430e+02   1.5278425e+02   1.6354040e+02   1.4709400e+02   1.6541652e+02
   1.3002257e+02   1.2190054e+02   1.5326714e+02   1.6324217e+02   1.4684780e+02   1.6572802e+02
   1.3025959e+02   1.2201956e+02   1.5317465e+02   1.6345369e+02   1.4619692e+02   1.6446163e+02
   1.3022423e+02   1.2249802e+02   1.5249792e+02   1.6372098e+02   1.4570315e+02   1.6362882e+02
   1.2977976e+02   1.2176213e+02   1.5272338e+02   1.6363426e+02   1.4590073e+02   1.6331630e+02
   1.3063944e+02   1.2240961e+02   1.5285567e+02   1.6358053e+02   1.4629486e+02   1.6347273e+02
   1.3001815e+02   1.2242491e+02   1.5315050e+02   1.6327992e+02   1.4525155e+02   1.6273956e+02
   1.2921730e+02   1.2246198e+02   1.5184670e+02   1.6230734e+02   1.4513423e+02   1.6197408e+02
   1.2938121e+02   1.2217191e+02   1.5109687e+02   1.6152316e+02   1.4502983e+02   1.6210058e+02
   1.2867490e+02   1.2162917e+02   1.5096322e+02   1.6077366e+02   1.4449763e+02   1.6273582e+02
   1.2876094e+02   1.2212974e+02   1.5228606e+02   1.6291367e+02   1.4453912e+02   1.6282968e+02
   1.2886466e+02   1.2148226e+02   1.5172224e+02   1.6236413e+02   1.4503731e+02   1.6334011e+02
   1.2918466e+02   1.2203248e+02   1.5167973e+02   1.6229986e+02   1.4518320e+02   1.6323163e+02
   1.2967809e+02   1.2175533e+02   1.5287063e+02   1.6294258e+02   1.4599356e+02   1.6427902e+02
   1.3002359e+02   1.2252523e+02   1.5250268e+02   1.6359447e+02   1.4642442e+02   1.6382504e+02
   1.2990559e+02   1.2232187e+02   1.5258464e+02   1.6321088e+02   1.4595616e+02   1.6259027e+02
   1.3028272e+02   1.2274899e+02   1.5300325e+02   1.6313913e+02   1.4641558e+02   1.6401037e+02
   1.3079893e+02   1.2292684e+02   1.5405779e+02   1.6409709e+02   1.4751806e+02   1.6429874e+02
   1.3124033e+02   1.2353725e+02   1.5449987e+02   1.6383694e+02   1.4866917e+02   1.6572088e+02
   1.3114987e+02   1.2308497e+02   1.5549999e+02   1.6467077e+02   1.4795776e+02   1.6553453e+02
   1.3056361e+02   1.2241811e+02   1.5304304e+02   1.6344689e+02   1.4641966e+02   1.6416442e+02
   1.2968319e+02   1.2193624e+02   1.5186507e+02   1.6251206e+02   1.4497100e+02   1.6337377e+02
   1.2930708e+02   1.2135066e+02   1.5162702e+02   1.6194177e+02   1.4512131e+02   1.6328638e+02
   1.2888608e+02   1.2179172e+02   1.5104348e+02   1.6130314e+02   1.4472819e+02   1.6327312e+02
   1.2913807e+02   1.2191074e+02   1.5160866e+02   1.6187342e+02   1.4557019e+02   1.6306704e+02
   1.3019056e+02   1.2220863e+02   1.5308419e+02   1.6342648e+02   1.4747929e+02   1.6518630e+02
   1.3013411e+02   1.2290644e+02   1.5298863e+02   1.6319218e+02   1.4753064e+02   1.6466397e+02
   1.2982669e+02   1.2162543e+02   1.5287811e+02   1.6285926e+02   1.4747827e+02   1.6461296e+02
   1.2979099e+02   1.2267452e+02   1.5351811e+02   1.6417258e+02   1.4747725e+02   1.6526214e+02
   1.2905781e+02   1.2151355e+02   1.5128764e+02   1.6199006e+02   1.4540900e+02   1.6215125e+02
   1.2927409e+02   1.2123334e+02   1.5123799e+02   1.6170271e+02   1.4496148e+02   1.6145515e+02
   1.2914657e+02   1.2187809e+02   1.5180522e+02   1.6097192e+02   1.4418988e+02   1.6275146e+02
   1.2974338e+02   1.2149960e+02   1.5222451e+02   1.6269433e+02   1.4557257e+02   1.6389917e+02
   1.3003583e+02   1.2227154e+02   1.5251119e+02   1.6266679e+02   1.4559093e+02   1.6468947e+02
   1.3052518e+02   1.2267962e+02   1.5346370e+02   1.6414741e+02   1.4609218e+02   1.6527676e+02
   1.3016505e+02   1.2271294e+02   1.5275705e+02   1.6388693e+02   1.4756771e+02   1.6535497e+02
   1.3030142e+02   1.2248850e+02   1.5291042e+02   1.6375430e+02   1.4738034e+02   1.6514243e+02
   1.2977874e+02   1.2225148e+02   1.5291484e+02   1.6301501e+02   1.4712563e+02   1.6613610e+02
   1.2998822e+02   1.2260106e+02   1.5307875e+02   1.6501661e+02   1.4703993e+02   1.6623267e+02
   1.2988212e+02   1.2222189e+02   1.5323212e+02   1.6454223e+02   1.4740176e+02   1.6506082e+02
   1.3064352e+02   1.2278980e+02   1.5328279e+02   1.6414877e+02   1.4712767e+02   1.6485882e+02
   1.3050648e+02   1.2212736e+02   1.5281656e+02   1.6317382e+02   1.4667233e+02   1.6429466e+02
   1.3073398e+02   1.2247422e+02   1.5321749e+02   1.6302997e+02   1.4717188e+02   1.6592356e+02
   1.3090911e+02   1.2236982e+02   1.5354191e+02   1.6320442e+02   1.4706000e+02   1.6564335e+02
   1.3049457e+02   1.2297105e+02   1.5379424e+02   1.6426236e+02   1.4620814e+02   1.6504484e+02
   1.3124475e+02   1.2249360e+02   1.5394965e+02   1.6458541e+02   1.4694234e+02   1.6501287e+02
   1.3104819e+02   1.2324140e+02   1.5379458e+02   1.6441028e+02   1.4804618e+02   1.6471872e+02
   1.3190889e+02   1.2341551e+02   1.5400202e+02   1.6370465e+02   1.4813357e+02   1.6469695e+02
   1.3149300e+02   1.2282550e+02   1.5361469e+02   1.6372166e+02   1.4835529e+02   1.6438648e+02
   1.3174566e+02   1.2352909e+02   1.5392652e+02   1.6332311e+02   1.4738068e+02   1.6539170e+02
   1.3107744e+02   1.2290678e+02   1.5408397e+02   1.6376825e+02   1.4570485e+02   1.6482618e+02
   1.3026945e+02   1.2215592e+02   1.5265741e+02   1.6294938e+02   1.4551136e+02   1.6471974e+02
   1.2982193e+02   1.2195971e+02   1.5162362e+02   1.6172448e+02   1.4579089e+02   1.6421611e+02
   1.2982295e+02   1.2228821e+02   1.5239760e+02   1.6265760e+02   1.4556781e+02   1.6388659e+02
   1.2942100e+02   1.2215048e+02   1.5191234e+02   1.6240154e+02   1.4504003e+02   1.6255253e+02
   1.2924893e+02   1.2245994e+02   1.5182868e+02   1.6146773e+02   1.4528352e+02   1.6359311e+02
   1.2963184e+02   1.2189986e+02   1.5223744e+02   1.6282525e+02   1.4514919e+02   1.6396412e+02
   1.3008242e+02   1.2285781e+02   1.5315696e+02   1.6358665e+02   1.4666893e+02   1.6416170e+02
   1.3083362e+02   1.2276089e+02   1.5344295e+02   1.6330304e+02   1.4710182e+02   1.6385020e+02
   1.3072344e+02   1.2306559e+02   1.5362353e+02   1.6345369e+02   1.4765034e+02   1.6523221e+02
   1.3132194e+02   1.2290304e+02   1.5385511e+02   1.6470784e+02   1.4770135e+02   1.6580862e+02
   1.3164500e+02   1.2351719e+02   1.5453863e+02   1.6555595e+02   1.4842024e+02   1.6640678e+02
   1.3092135e+02   1.2328595e+02   1.5448116e+02   1.6468097e+02   1.4792477e+02   1.6654485e+02
   1.2968183e+02   1.2165059e+02   1.5303148e+02   1.6348191e+02   1.4728002e+02   1.6510945e+02
   1.2966652e+02   1.2231133e+02   1.5291450e+02   1.6330440e+02   1.4582795e+02   1.6564811e+02
   1.2984370e+02   1.2226508e+02   1.5254621e+02   1.6340132e+02   1.4568445e+02   1.6478503e+02
   1.3045581e+02   1.2254563e+02   1.5284819e+02   1.6370737e+02   1.4616666e+02   1.6517916e+02
   1.3102507e+02   1.2243749e+02   1.5396461e+02   1.6397432e+02   1.4760682e+02   1.6518188e+02
   1.3149708e+02   1.2283843e+02   1.5422476e+02   1.6451570e+02   1.4858891e+02   1.6555119e+02
   1.3061462e+02   1.2308157e+02   1.5311275e+02   1.6355809e+02   1.4775236e+02   1.6336833e+02
   1.3096352e+02   1.2303668e+02   1.5397719e+02   1.6434805e+02   1.4743747e+02   1.6468131e+02
   1.3136513e+02   1.2346788e+02   1.5461549e+02   1.6483706e+02   1.4815160e+02   1.6638842e+02
   1.3078057e+02   1.2281394e+02   1.5393128e+02   1.6458031e+02   1.4870488e+02   1.6596062e+02
   1.3181741e+02   1.2347264e+02   1.5412138e+02   1.6405560e+02   1.4836821e+02   1.6649146e+02
   1.3161814e+02   1.2351039e+02   1.5444716e+02   1.6381109e+02   1.4854573e+02   1.6617112e+02
   1.3209592e+02   1.2338729e+02   1.5519665e+02   1.6434805e+02   1.4866169e+02   1.6673460e+02
   1.3201465e+02   1.2315842e+02   1.5515414e+02   1.6555629e+02   1.4937208e+02   1.6676011e+02
   1.3168955e+02   1.2391608e+02   1.5423258e+02   1.6509483e+02   1.4969547e+02   1.6612385e+02
   1.3229520e+02   1.2284897e+02   1.5420265e+02   1.6410525e+02   1.4847329e+02   1.6549746e+02
   1.3187624e+02   1.2312068e+02   1.5423734e+02   1.6305820e+02   1.4819376e+02   1.6494690e+02
   1.3160284e+02   1.2271702e+02   1.5406153e+02   1.6429534e+02   1.4764116e+02   1.6529716e+02
   1.3130630e+02   1.2300778e+02   1.5379152e+02   1.6398725e+02   1.4830394e+02   1.6483944e+02
   1.3159671e+02   1.2265377e+02   1.5380104e+02   1.6346151e+02   1.4722697e+02   1.6515842e+02
   1.3114477e+02   1.2288331e+02   1.5329605e+02   1.6313097e+02   1.4654616e+02   1.6541618e+02
   1.3186604e+02   1.2300608e+02   1.5419789e+02   1.6470308e+02   1.4718616e+02   1.6662680e+02
   1.3191399e+02   1.2378754e+02   1.5448320e+02   1.6502749e+02   1.4904358e+02   1.6640338e+02
   1.3175620e+02   1.2331791e+02   1.5419483e+02   1.6363256e+02   1.4854573e+02   1.6502341e+02
   1.3086218e+02   1.2231235e+02   1.5274243e+02   1.6256001e+02   1.4648869e+02   1.6362644e+02
   1.2997258e+02   1.2259562e+02   1.5176067e+02   1.6227776e+02   1.4577218e+02   1.6366079e+02
   1.3009534e+02   1.2209539e+02   1.5207659e+02   1.6329726e+02   1.4545491e+02   1.6410083e+02
   1.3081015e+02   1.2308565e+02   1.5329095e+02   1.6437015e+02   1.4634519e+02   1.6499927e+02
   1.3080913e+02   1.2287889e+02   1.5395067e+02   1.6383796e+02   1.4696138e+02   1.6437730e+02
   1.3070677e+02   1.2309517e+02   1.5309167e+02   1.6294768e+02   1.4565690e+02   1.6403996e+02
   1.3075778e+02   1.2213586e+02   1.5335454e+02   1.6205365e+02   1.4666927e+02   1.6360536e+02
   1.3019396e+02   1.2242729e+02   1.5353953e+02   1.6239440e+02   1.4660227e+02   1.6475578e+02
   1.3050002e+02   1.2234738e+02   1.5299135e+02   1.6232979e+02   1.4607994e+02   1.6491391e+02
   1.2992055e+02   1.2279150e+02   1.5329231e+02   1.6320578e+02   1.4616223e+02   1.6474796e+02
   1.2970359e+02   1.2207193e+02   1.5197457e+02   1.6333671e+02   1.4626221e+02   1.6424603e+02
   1.2959001e+02   1.2217361e+02   1.5159948e+02   1.6216520e+02   1.4624011e+02   1.6349178e+02
   1.2961075e+02   1.2223822e+02   1.5136212e+02   1.6218016e+02   1.4608742e+02   1.6373016e+02
   1.2962504e+02   1.2271022e+02   1.5260742e+02   1.6314967e+02   1.4705354e+02   1.6489011e+02
   1.3062584e+02   1.2314142e+02   1.5386973e+02   1.6366215e+02   1.4636253e+02   1.6583344e+02
   1.3110430e+02   1.2279898e+02   1.5352627e+02   1.6464322e+02   1.4645163e+02   1.6456739e+02
   1.3040684e+02   1.2268948e+02   1.5263055e+02   1.6456467e+02   1.4619658e+02   1.6438512e+02
   1.3022082e+02   1.2220557e+02   1.5255199e+02   1.6322143e+02   1.4621222e+02   1.6353088e+02
   1.2981955e+02   1.2225896e+02   1.5236190e+02   1.6317654e+02   1.4665022e+02   1.6466839e+02
   1.2988314e+02   1.2219401e+02   1.5317805e+02   1.6356183e+02   1.4766293e+02   1.6546345e+02
   1.3030448e+02   1.2254665e+02   1.5224764e+02   1.6314015e+02   1.4648665e+02   1.6544543e+02
   1.3031196e+02   1.2267112e+02   1.5279038e+02   1.6315716e+02   1.4738782e+02   1.6569878e+02
   1.3035141e+02   1.2395349e+02   1.5380954e+02   1.6508122e+02   1.4747079e+02   1.6536382e+02
   1.3101589e+02   1.2328799e+02   1.5432303e+02   1.6539306e+02   1.4787751e+02   1.6548760e+02
   1.3168547e+02   1.2339035e+02   1.5473757e+02   1.6450958e+02   1.4894530e+02   1.6677915e+02
   1.3147871e+02   1.2262181e+02   1.5483075e+02   1.6390937e+02   1.4837808e+02   1.6684784e+02
   1.3119612e+02   1.2285271e+02   1.5423836e+02   1.6481224e+02   1.4795878e+02   1.6607182e+02
   1.3131106e+02   1.2303022e+02   1.5405132e+02   1.6443001e+02   1.4746263e+02   1.6485882e+02
   1.3056191e+02   1.2232085e+02   1.5293966e+02   1.6325849e+02   1.4624215e+02   1.6421611e+02
   1.3102711e+02   1.2232221e+02   1.5329741e+02   1.6354857e+02   1.4770917e+02   1.6473096e+02
   1.3119340e+02   1.2271975e+02   1.5375887e+02   1.6357067e+02   1.4833761e+02   1.6610209e+02
   1.3164908e+02   1.2329989e+02   1.5484843e+02   1.6507034e+02   1.4886130e+02   1.6671522e+02
   1.3152734e+02   1.2324446e+02   1.5434344e+02   1.6419332e+02   1.4776358e+02   1.6545155e+02
   1.3006848e+02   1.2247252e+02   1.5340895e+02   1.6332923e+02   1.4671109e+02   1.6451060e+02
   1.3004535e+02   1.2260650e+02   1.5211297e+02   1.6355367e+02   1.4546613e+02   1.6438920e+02
   1.3045207e+02   1.2275885e+02   1.5255029e+02   1.6289293e+02   1.4668185e+02   1.6416952e+02
   1.3039630e+02   1.2253271e+02   1.5344772e+02   1.6338568e+02   1.4657779e+02   1.6567973e+02
   1.3011439e+02   1.2202670e+02   1.5324436e+02   1.6277323e+02   1.4623943e+02   1.6610889e+02
   1.3044084e+02   1.2238921e+02   1.5351165e+02   1.6385462e+02   1.4637511e+02   1.6552602e+02
   1.3004739e+02   1.2284965e+02   1.5276317e+02   1.6425113e+02   1.4662608e+02   1.6479761e+02
   1.3021640e+02   1.2279796e+02   1.5325116e+02   1.6410049e+02   1.4743679e+02   1.6538286e+02
   1.3032148e+02   1.2298023e+02   1.5295088e+02   1.6370703e+02   1.4619692e+02   1.6460650e+02
   1.2937577e+02   1.2257318e+02   1.5221159e+02   1.6308030e+02   1.4607484e+02   1.6520841e+02
   1.2988960e+02   1.2297649e+02   1.5246868e+02   1.6433241e+02   1.4662608e+02   1.6527268e+02
   1.3042010e+02   1.2201038e+02   1.5353375e+02   1.6389407e+02   1.4773230e+02   1.6471192e+02
   1.3090741e+02   1.2371817e+02   1.5392890e+02   1.6467247e+02   1.4754356e+02   1.6610277e+02
   1.3085436e+02   1.2192638e+02   1.5414178e+02   1.6358835e+02   1.4755241e+02   1.6666319e+02
   1.3031468e+02   1.2207873e+02   1.5318043e+02   1.6359345e+02   1.4692873e+02   1.6612657e+02
   1.3026843e+02   1.2201140e+02   1.5292606e+02   1.6298100e+02   1.4697804e+02   1.6486052e+02
   1.3042996e+02   1.2206377e+02   1.5273427e+02   1.6342308e+02   1.4742148e+02   1.6484556e+02
   1.3026061e+02   1.2256604e+02   1.5409519e+02   1.6393998e+02   1.4726471e+02   1.6551208e+02
   1.3030720e+02   1.2234534e+02   1.5343207e+02   1.6296944e+02   1.4722867e+02   1.6493534e+02
   1.2991103e+02   1.2208349e+02   1.5387721e+02   1.6358563e+02   1.4693996e+02   1.6492786e+02
   1.2991375e+02   1.2154585e+02   1.5339943e+02   1.6288715e+02   1.4678285e+02   1.6368323e+02
   1.2992701e+02   1.2276599e+02   1.5358680e+02   1.6419706e+02   1.4684984e+02   1.6433037e+02
   1.3187829e+02   1.2311252e+02   1.5451211e+02   1.6487923e+02   1.4822913e+02   1.6610923e+02
   1.3136513e+02   1.2270546e+02   1.5433358e+02   1.6402295e+02   1.4765885e+02   1.6645201e+02
   1.3095808e+02   1.2194781e+02   1.5400542e+02   1.6318844e+02   1.4633533e+02   1.6508598e+02
   1.3040106e+02   1.2192842e+02   1.5374391e+02   1.6341560e+02   1.4665226e+02   1.6475476e+02
   1.3051668e+02   1.2288910e+02   1.5367726e+02   1.6373288e+02   1.4754118e+02   1.6437594e+02
   1.3110192e+02   1.2334920e+02   1.5436316e+02   1.6447217e+02   1.4750310e+02   1.6574502e+02
   1.3114103e+02   1.2189748e+02   1.5379594e+02   1.6358971e+02   1.4704435e+02   1.6511863e+02
   1.3065270e+02   1.2274933e+02   1.5332223e+02   1.6325645e+02   1.4606192e+02   1.6434839e+02
   1.3117028e+02   1.2247184e+02   1.5358680e+02   1.6306228e+02   1.4619488e+02   1.6429330e+02
   1.3143961e+02   1.2236880e+02   1.5445022e+02   1.6322313e+02   1.4680665e+02   1.6462112e+02
   1.3088156e+02   1.2250551e+02   1.5317465e+02   1.6258755e+02   1.4520190e+02   1.6449496e+02
   1.3082307e+02   1.2243613e+02   1.5339433e+02   1.6415728e+02   1.4522366e+02   1.6499451e+02
   1.3080097e+02   1.2169922e+02   1.5401664e+02   1.6425453e+02   1.4564636e+02   1.6469117e+02
   1.3099038e+02   1.2264799e+02   1.5408125e+02   1.6458473e+02   1.4732457e+02   1.6595824e+02
   1.3114069e+02   1.2286767e+02   1.5391598e+02   1.6452148e+02   1.4689711e+02   1.6559268e+02
   1.3022899e+02   1.2196889e+02   1.5339297e+02   1.6371282e+02   1.4601295e+02   1.6455141e+02
   1.3095400e+02   1.2243171e+02   1.5215854e+02   1.6366385e+02   1.4553788e+02   1.6398282e+02
   1.3000251e+02   1.2236948e+02   1.5321443e+02   1.6358155e+02   1.4708006e+02   1.6397262e+02
   1.3025993e+02   1.2282380e+02   1.5389830e+02   1.6444633e+02   1.4706306e+02   1.6603578e+02
   1.3059591e+02   1.2281768e+02   1.5394761e+02   1.6501559e+02   1.4779045e+02   1.6583106e+02
   1.3065168e+02   1.2269492e+02   1.5383300e+02   1.6389577e+02   1.4699879e+02   1.6502715e+02
   1.3074826e+02   1.2236132e+02   1.5361298e+02   1.6382266e+02   1.4705830e+02   1.6526724e+02
   1.3103051e+02   1.2278028e+02   1.5355279e+02   1.6439158e+02   1.4732082e+02   1.6557091e+02
   1.3134643e+02   1.2385385e+02   1.5432269e+02   1.6523323e+02   1.4761804e+02   1.6674276e+02
   1.3115803e+02   1.2345972e+02   1.5477498e+02   1.6528288e+02   1.4855865e+02   1.6675263e+02
   1.3140866e+02   1.2317917e+02   1.5395611e+02   1.6520943e+02   1.4780643e+02   1.6586813e+02
   1.3097372e+02   1.2338389e+02   1.5425128e+02   1.6506150e+02   1.4780881e+02   1.6493670e+02
   1.3200003e+02   1.2283061e+02   1.5485047e+02   1.6481904e+02   1.4791117e+02   1.6536041e+02
   1.3094108e+02   1.2356310e+02   1.5439275e+02   1.6471464e+02   1.4755207e+02   1.6566511e+02
   1.3075438e+02   1.2261501e+02   1.5300563e+02   1.6359685e+02   1.4680563e+02   1.6601979e+02
   1.3009296e+02   1.2296085e+02   1.5316410e+02   1.6532199e+02   1.4631118e+02   1.6572156e+02
   1.3081763e+02   1.2200119e+02   1.5362183e+02   1.6485780e+02   1.4773604e+02   1.6492514e+02
   1.3117266e+02   1.2245858e+02   1.5380410e+02   1.6481836e+02   1.4745447e+02   1.6613099e+02
   1.3068059e+02   1.2285577e+02   1.5412580e+02   1.6486562e+02   1.4787512e+02   1.6602864e+02
   1.3064216e+02   1.2321215e+02   1.5442607e+02   1.6488467e+02   1.4821485e+02   1.6565423e+02
   1.3068603e+02   1.2249428e+02   1.5433834e+02   1.6406308e+02   1.4786084e+02   1.6504416e+02
