   1.0856350e+02   1.0032903e+02   1.4103199e+02   1.9766881e+02   1.3790643e+02   1.4355887e+02
   1.0882420e+02   1.0153976e+02   1.4184255e+02   1.9892030e+02   1.3858874e+02   1.4357679e+02
   1.1046041e+02   1.0257236e+02   1.4714118e+02   1.9942272e+02   1.3915581e+02   1.4470250e+02
   1.1091505e+02   1.0265844e+02   1.4987640e+02   1.9914516e+02   1.3842958e+02   1.4401772e+02
   1.1022817e+02   1.0167608e+02   1.4900120e+02   1.9934227e+02   1.3824337e+02   1.4444918e+02
   1.1047938e+02   1.0103593e+02   1.4951276e+02   1.9873514e+02   1.3870960e+02   1.4452471e+02
   1.1071795e+02   1.0196594e+02   1.4907288e+02   1.9895754e+02   1.3904725e+02   1.4481036e+02
   1.1051136e+02   1.0155733e+02   1.4855710e+02   1.9947261e+02   1.3896187e+02   1.4401491e+02
   1.1085146e+02   1.0126641e+02   1.4873313e+02   1.9993604e+02   1.3952999e+02   1.4448466e+02
   1.1112516e+02   1.0204851e+02   1.4917160e+02   2.0000209e+02   1.3945129e+02   1.4417056e+02
   1.1139429e+02   1.0220837e+02   1.5005945e+02   1.9995220e+02   1.3909503e+02   1.4396010e+02
   1.1260326e+02   1.0278317e+02   1.4786425e+02   1.9860901e+02   1.3907922e+02   1.4485498e+02
   1.1307055e+02   1.0320760e+02   1.4790219e+02   2.0015387e+02   1.3924716e+02   1.4537321e+02
   1.1178639e+02   1.0224632e+02   1.4806592e+02   1.9928078e+02   1.3873139e+02   1.4496284e+02
   1.1222768e+02   1.0336394e+02   1.4876088e+02   1.9917678e+02   1.3781086e+02   1.4530294e+02
   1.1259237e+02   9.9827657e+01   1.4683270e+02   1.9637094e+02   1.3743282e+02   1.4461255e+02
   1.1244340e+02   1.0304844e+02   1.4556575e+02   1.9705325e+02   1.3774130e+02   1.4443582e+02
   1.1198771e+02   1.0212826e+02   1.4513851e+02   1.9752160e+02   1.3813270e+02   1.4446745e+02
   1.1176179e+02   1.0239494e+02   1.4550989e+02   1.9815999e+02   1.3844328e+02   1.4436169e+02
   1.1112937e+02   1.0319635e+02   1.4619396e+02   1.9735998e+02   1.3794262e+02   1.4461044e+02
   1.1178463e+02   1.0244237e+02   1.4688892e+02   1.9861322e+02   1.3856625e+02   1.4522284e+02
   1.1178112e+02   1.0321146e+02   1.4640125e+02   1.9898249e+02   1.3837302e+02   1.4491963e+02
   1.1205165e+02   1.0348867e+02   1.4813760e+02   1.9944134e+02   1.3896082e+02   1.4441474e+02
   1.1140553e+02   1.0342157e+02   1.4767312e+02   1.9973296e+02   1.3932059e+02   1.4409151e+02
   1.1216373e+02   1.0341313e+02   1.4910415e+02   2.0030144e+02   1.3885787e+02   1.4509249e+02
   1.1141958e+02   1.0374937e+02   1.4751958e+02   1.9944556e+02   1.3924365e+02   1.4551164e+02
   1.1152464e+02   1.0326838e+02   1.4825073e+02   1.9969221e+02   1.3897100e+02   1.4509670e+02
   1.1174036e+02   1.0319916e+02   1.4831678e+02   1.9867295e+02   1.3821105e+02   1.4557313e+02
   1.1227581e+02   1.0435158e+02   1.4843659e+02   1.9961245e+02   1.3946113e+02   1.4447236e+02
   1.1293037e+02   1.0417450e+02   1.5138121e+02   2.0084743e+02   1.3991999e+02   1.4580712e+02
   1.1283691e+02   1.0390572e+02   1.5115249e+02   2.0170998e+02   1.3978156e+02   1.4575161e+02
   1.1220906e+02   1.0312573e+02   1.4980367e+02   2.0043354e+02   1.3930092e+02   1.4549091e+02
   1.1110267e+02   1.0260188e+02   1.4670165e+02   2.0012049e+02   1.3862177e+02   1.4548916e+02
   1.1160861e+02   1.0254918e+02   1.4761269e+02   1.9830755e+02   1.3761446e+02   1.4652984e+02
   1.1181801e+02   1.0277193e+02   1.4848262e+02   1.9774154e+02   1.3842291e+02   1.4581626e+02
   1.1132894e+02   1.0308041e+02   1.4894428e+02   1.9810940e+02   1.3849001e+02   1.4502889e+02
   1.1115502e+02   1.0293917e+02   1.4899347e+02   1.9972312e+02   1.3913649e+02   1.4489328e+02
   1.1224208e+02   1.0347075e+02   1.4910836e+02   1.9981588e+02   1.3861298e+02   1.4510479e+02
   1.1188301e+02   1.0292020e+02   1.4883747e+02   1.9939532e+02   1.3933816e+02   1.4511357e+02
   1.1197260e+02   1.0278352e+02   1.5001062e+02   2.0029582e+02   1.3953808e+02   1.4488801e+02
   1.1270445e+02   1.0366329e+02   1.4982475e+02   2.0071357e+02   1.3951945e+02   1.4444285e+02
   1.1149231e+02   1.0243042e+02   1.4878267e+02   2.0043354e+02   1.3928335e+02   1.4408553e+02
   1.1159350e+02   1.0356913e+02   1.4812108e+02   2.0027263e+02   1.3902054e+02   1.4417548e+02
   1.1195222e+02   1.0307549e+02   1.4924293e+02   1.9957099e+02   1.3891233e+02   1.4520492e+02
   1.1158823e+02   1.0455957e+02   1.4818151e+02   1.9962229e+02   1.3840780e+02   1.4508546e+02
   1.1162898e+02   1.0404064e+02   1.4898223e+02   1.9886549e+02   1.3840253e+02   1.4568942e+02
   1.1139499e+02   1.0299503e+02   1.4954052e+02   1.9933559e+02   1.3895238e+02   1.4520984e+02
   1.1275715e+02   1.0318125e+02   1.4937784e+02   1.9905768e+02   1.3846682e+02   1.4522178e+02
   1.1191779e+02   1.0279231e+02   1.4834313e+02   1.9879803e+02   1.3878268e+02   1.4552289e+02
   1.1173369e+02   1.0277650e+02   1.4688013e+02   1.9871160e+02   1.3902581e+02   1.4564726e+02
   1.1128186e+02   1.0215743e+02   1.4898785e+02   1.9830264e+02   1.3897838e+02   1.4594064e+02
   1.1099375e+02   1.0243288e+02   1.4894991e+02   1.9887111e+02   1.3904935e+02   1.4602531e+02
   1.1226141e+02   1.0292476e+02   1.5001062e+02   1.9945470e+02   1.3938559e+02   1.4648698e+02
   1.1188160e+02   1.0284571e+02   1.4985392e+02   1.9909949e+02   1.3973096e+02   1.4699713e+02
   1.1187563e+02   1.0355086e+02   1.5036758e+02   1.9920805e+02   1.3924505e+02   1.4663806e+02
   1.1249927e+02   1.0330703e+02   1.4920709e+02   1.9929343e+02   1.3939016e+02   1.4734285e+02
   1.1253018e+02   1.0349113e+02   1.4919725e+02   1.9935667e+02   1.3955705e+02   1.4767171e+02
   1.1261451e+02   1.0382807e+02   1.4985321e+02   1.9999085e+02   1.4017366e+02   1.4686643e+02
   1.1210646e+02   1.0365240e+02   1.4836386e+02   2.0005058e+02   1.3944040e+02   1.4552289e+02
   1.1255618e+02   1.0329754e+02   1.5008088e+02   1.9995571e+02   1.4000220e+02   1.4548529e+02
   1.1159701e+02   1.0392715e+02   1.5007632e+02   2.0028071e+02   1.4018771e+02   1.4451488e+02
   1.1119086e+02   1.0319987e+02   1.4938136e+02   2.0061554e+02   1.3968669e+02   1.4502608e+02
   1.1035325e+02   1.0350519e+02   1.4835683e+02   2.0082073e+02   1.3959499e+02   1.4348403e+02
   1.1140448e+02   1.0389518e+02   1.4827919e+02   2.0052349e+02   1.3961713e+02   1.4419023e+02
   1.1145507e+02   1.0391802e+02   1.4847489e+02   2.0002844e+02   1.3914527e+02   1.4421026e+02
   1.1107175e+02   1.0286363e+02   1.4840743e+02   2.0011733e+02   1.3965613e+02   1.4543154e+02
   1.1094175e+02   1.0330386e+02   1.4843764e+02   2.0041844e+02   1.3977137e+02   1.4456512e+02
   1.1165674e+02   1.0359653e+02   1.4920568e+02   1.9939075e+02   1.3865866e+02   1.4507106e+02
   1.1126429e+02   1.0297465e+02   1.4793803e+02   1.9843580e+02   1.3881957e+02   1.4502117e+02
   1.1122072e+02   1.0238510e+02   1.4969300e+02   1.9883106e+02   1.3891198e+02   1.4550145e+02
   1.1165463e+02   1.0301963e+02   1.5003978e+02   1.9845863e+02   1.3852304e+02   1.4563075e+02
   1.1181485e+02   1.0296341e+02   1.5050707e+02   1.9774470e+02   1.3934624e+02   1.4659097e+02
   1.1145366e+02   1.0375253e+02   1.4914209e+02   1.9844071e+02   1.3923803e+02   1.4588793e+02
   1.1174493e+02   1.0341138e+02   1.5106887e+02   1.9971188e+02   1.3911927e+02   1.4582329e+02
   1.1218797e+02   1.0435755e+02   1.5132043e+02   1.9913392e+02   1.3950540e+02   1.4582329e+02
   1.1304245e+02   1.0461403e+02   1.5179650e+02   2.0002950e+02   1.3958797e+02   1.4606361e+02
   1.1253264e+02   1.0416044e+02   1.5221671e+02   2.0062327e+02   1.4024077e+02   1.4606431e+02
   1.1247854e+02   1.0469870e+02   1.5128846e+02   2.0029652e+02   1.4052711e+02   1.4586229e+02
   1.1248135e+02   1.0367559e+02   1.5022740e+02   1.9891046e+02   1.3944427e+02   1.4676384e+02
   1.1166412e+02   1.0381296e+02   1.4835578e+02   1.9881068e+02   1.3900473e+02   1.4508089e+02
   1.1246765e+02   1.0342508e+02   1.5063566e+02   1.9875411e+02   1.3862774e+02   1.4661557e+02
   1.1277156e+02   1.0456238e+02   1.5163348e+02   1.9961175e+02   1.3950189e+02   1.4586826e+02
   1.1311763e+02   1.0442184e+02   1.5150348e+02   2.0000315e+02   1.3891584e+02   1.4590023e+02
   1.1273678e+02   1.0461192e+02   1.5225817e+02   2.0058532e+02   1.3934589e+02   1.4472498e+02
   1.1285167e+02   1.0433014e+02   1.5276903e+02   2.0106456e+02   1.3963645e+02   1.4523443e+02
   1.1318263e+02   1.0426901e+02   1.5231895e+02   2.0067070e+02   1.3908765e+02   1.4479103e+02
   1.1245886e+02   1.0374375e+02   1.5208004e+02   2.0064259e+02   1.3982864e+02   1.4503557e+02
   1.1357438e+02   1.0504127e+02   1.5224060e+02   2.0065840e+02   1.3895344e+02   1.4511041e+02
   1.1326625e+02   1.0415271e+02   1.5275111e+02   2.0125323e+02   1.4026255e+02   1.4602496e+02
   1.1301082e+02   1.0394542e+02   1.5346469e+02   2.0085270e+02   1.3954018e+02   1.4466279e+02
   1.1224138e+02   1.0395772e+02   1.5126246e+02   2.0054668e+02   1.3901000e+02   1.4441896e+02
   1.1184225e+02   1.0300417e+02   1.5176312e+02   2.0032990e+02   1.3855150e+02   1.4397872e+02
   1.1187036e+02   1.0311871e+02   1.5165421e+02   1.9897511e+02   1.3807543e+02   1.4363335e+02
   1.1224841e+02   1.0241742e+02   1.5078041e+02   1.9924038e+02   1.3847982e+02   1.4422713e+02
   1.1205903e+02   1.0292441e+02   1.5054290e+02   1.9812380e+02   1.3837231e+02   1.4391267e+02
   1.1277542e+02   1.0283868e+02   1.5203893e+02   1.9926602e+02   1.3880587e+02   1.4470671e+02
   1.1204744e+02   1.0233942e+02   1.5176769e+02   1.9924635e+02   1.3902792e+02   1.4427034e+02
   1.1344544e+02   1.0284431e+02   1.5316991e+02   1.9911003e+02   1.3873420e+02   1.4546878e+02
   1.1316261e+02   1.0386707e+02   1.5262322e+02   1.9925794e+02   1.3875704e+02   1.4601688e+02
   1.1313169e+02   1.0344827e+02   1.5457459e+02   2.0036398e+02   1.3967088e+02   1.4532473e+02
   1.1356033e+02   1.0361305e+02   1.5467261e+02   2.0126483e+02   1.3936521e+02   1.4438488e+02
   1.1382278e+02   1.0374726e+02   1.5419900e+02   2.0119104e+02   1.3903003e+02   1.4558016e+02
   1.1410913e+02   1.0425285e+02   1.5346258e+02   2.0081300e+02   1.3894887e+02   1.4432831e+02
   1.1321812e+02   1.0317422e+02   1.5305432e+02   2.0002036e+02   1.3886174e+02   1.4559983e+02
   1.1295531e+02   1.0305898e+02   1.5370536e+02   2.0003617e+02   1.3922468e+02   1.4460412e+02
   1.1355154e+02   1.0343913e+02   1.5209690e+02   1.9959945e+02   1.3925067e+02   1.4527905e+02
   1.1297955e+02   1.0244096e+02   1.5188574e+02   1.9903097e+02   1.3871206e+02   1.4475801e+02
   1.1305439e+02   1.0325468e+02   1.5201574e+02   1.9881911e+02   1.3838988e+02   1.4494984e+02
   1.1313871e+02   1.0340857e+02   1.5275919e+02   2.0022238e+02   1.3946570e+02   1.4496987e+02
   1.1362111e+02   1.0324835e+02   1.5431319e+02   2.0083478e+02   1.4000888e+02   1.4496846e+02
   1.1321636e+02   1.0362253e+02   1.5325318e+02   2.0049397e+02   1.3897452e+02   1.4524392e+02
   1.1294020e+02   1.0249296e+02   1.5267416e+02   1.9931662e+02   1.3817380e+02   1.4458585e+02
   1.1213457e+02   1.0233064e+02   1.5102952e+02   1.9847234e+02   1.3846226e+02   1.4457461e+02
   1.1240194e+02   1.0211175e+02   1.5082679e+02   1.9908824e+02   1.3882098e+02   1.4349317e+02
   1.1297428e+02   1.0213389e+02   1.5238957e+02   1.9982115e+02   1.3888001e+02   1.4424856e+02
   1.1316261e+02   1.0338151e+02   1.5273530e+02   2.0020587e+02   1.3928932e+02   1.4432304e+02
   1.1380767e+02   1.0260434e+02   1.5342464e+02   2.0069108e+02   1.3884944e+02   1.4486763e+02
   1.1354627e+02   1.0231131e+02   1.5291764e+02   2.0001896e+02   1.3872998e+02   1.4501273e+02
   1.1372546e+02   1.0224772e+02   1.5366777e+02   2.0007060e+02   1.3850863e+02   1.4548599e+02
   1.1431115e+02   1.0362921e+02   1.5392636e+02   2.0058849e+02   1.3995758e+02   1.4510584e+02
   1.1378905e+02   1.0275682e+02   1.5424222e+02   2.0083689e+02   1.3956372e+02   1.4587283e+02
   1.1325782e+02   1.0277966e+02   1.5349701e+02   2.0030706e+02   1.3969653e+02   1.4542767e+02
   1.1331404e+02   1.0274733e+02   1.5445724e+02   1.9961140e+02   1.3897909e+02   1.4492033e+02
   1.1366854e+02   1.0328841e+02   1.5382341e+02   1.9908719e+02   1.3833823e+02   1.4546913e+02
   1.1343771e+02   1.0311308e+02   1.5373909e+02   1.9997082e+02   1.3917760e+02   1.4536338e+02
   1.1338290e+02   1.0317914e+02   1.5224095e+02   2.0013174e+02   1.3887052e+02   1.4606255e+02
   1.1425002e+02   1.0303298e+02   1.5428051e+02   2.0037698e+02   1.3857574e+02   1.4648276e+02
   1.1338184e+02   1.0285766e+02   1.5507771e+02   2.0037417e+02   1.3942564e+02   1.4592588e+02
   1.1323674e+02   1.0225510e+02   1.5289621e+02   1.9984609e+02   1.3932270e+02   1.4544875e+02
   1.1284358e+02   1.0255128e+02   1.5133448e+02   1.9981693e+02   1.3914211e+02   1.4580888e+02
   1.1332071e+02   1.0237245e+02   1.5222093e+02   1.9921086e+02   1.3863301e+02   1.4506403e+02
   1.1254599e+02   1.0224351e+02   1.5153475e+02   2.0011593e+02   1.3918568e+02   1.4354411e+02
   1.1270199e+02   1.0284676e+02   1.5026253e+02   2.0028141e+02   1.3901352e+02   1.4411680e+02
   1.1257375e+02   1.0286503e+02   1.4933884e+02   2.0073956e+02   1.3848896e+02   1.4438031e+02
   1.1241670e+02   1.0270061e+02   1.5002397e+02   2.0058041e+02   1.3867412e+02   1.4353462e+02
   1.1182012e+02   1.0292511e+02   1.5115987e+02   2.0102486e+02   1.3911400e+02   1.4330449e+02
   1.1274486e+02   1.0319143e+02   1.5139562e+02   2.0060430e+02   1.3875212e+02   1.4405743e+02
   1.1185209e+02   1.0283271e+02   1.5172131e+02   2.0100342e+02   1.3919305e+02   1.4382624e+02
   1.1357438e+02   1.0371880e+02   1.5359363e+02   2.0134809e+02   1.3900684e+02   1.4544137e+02
   1.1291983e+02   1.0377642e+02   1.5267205e+02   2.0038435e+02   1.3928511e+02   1.4534581e+02
   1.1307161e+02   1.0332073e+02   1.5393514e+02   1.9973647e+02   1.3819453e+02   1.4601758e+02
   1.1246870e+02   1.0352732e+02   1.5347593e+02   1.9888200e+02   1.3842607e+02   1.4681092e+02
   1.1276453e+02   1.0304211e+02   1.5405881e+02   1.9975580e+02   1.3871136e+02   1.4651790e+02
   1.1336990e+02   1.0359513e+02   1.5348647e+02   1.9977688e+02   1.3888001e+02   1.4464101e+02
   1.1294828e+02   1.0285203e+02   1.5361050e+02   2.0068511e+02   1.3905287e+02   1.4546245e+02
   1.1278561e+02   1.0257588e+02   1.5249568e+02   2.0088924e+02   1.3930057e+02   1.4440491e+02
   1.1245429e+02   1.0173019e+02   1.5200661e+02   1.9958364e+02   1.3850372e+02   1.4483847e+02
   1.1208117e+02   1.0140906e+02   1.5171640e+02   1.9986366e+02   1.3906200e+02   1.4464382e+02
   1.1273607e+02   1.0204254e+02   1.5244438e+02   1.9996098e+02   1.3893482e+02   1.4436345e+02
   1.1231622e+02   1.0227056e+02   1.5198342e+02   2.0036503e+02   1.3955810e+02   1.4373103e+02
   1.1231586e+02   1.0248066e+02   1.5253398e+02   2.0083197e+02   1.3962837e+02   1.4446112e+02
   1.1307653e+02   1.0358389e+02   1.5247565e+02   1.9948280e+02   1.3843942e+02   1.4458971e+02
   1.1225649e+02   1.0232818e+02   1.5331958e+02   1.9985347e+02   1.3830942e+02   1.4409186e+02
   1.1250805e+02   1.0213951e+02   1.5247284e+02   1.9930397e+02   1.3889230e+02   1.4367587e+02
   1.1363341e+02   1.0291071e+02   1.5312529e+02   1.9960191e+02   1.3909398e+02   1.4495441e+02
   1.1385265e+02   1.0268901e+02   1.5270965e+02   2.0005023e+02   1.3939156e+02   1.4463152e+02
   1.1370614e+02   1.0297255e+02   1.5328550e+02   2.0117488e+02   1.4030049e+02   1.4428299e+02
   1.1405643e+02   1.0316860e+02   1.5472040e+02   2.0159650e+02   1.3924786e+02   1.4502292e+02
   1.1282040e+02   1.0311976e+02   1.5359188e+02   2.0049714e+02   1.3908765e+02   1.4408940e+02
   1.1295883e+02   1.0262858e+02   1.5240890e+02   1.9934121e+02   1.3805786e+02   1.4522776e+02
   1.1240335e+02   1.0288366e+02   1.5144200e+02   2.0070267e+02   1.3942916e+02   1.4399489e+02
   1.1272237e+02   1.0252318e+02   1.5246652e+02   2.0111445e+02   1.3916951e+02   1.4361895e+02
   1.1172279e+02   1.0293249e+02   1.5210147e+02   2.0068897e+02   1.3958516e+02   1.4315904e+02
   1.1255443e+02   1.0185105e+02   1.5191280e+02   1.9956853e+02   1.3908203e+02   1.4364706e+02
   1.1239211e+02   1.0152255e+02   1.5192088e+02   1.9801172e+02   1.3757441e+02   1.4465015e+02
   1.1224278e+02   1.0097199e+02   1.5198307e+02   1.9790737e+02   1.3796475e+02   1.4402616e+02
   1.1195574e+02   1.0116593e+02   1.5134713e+02   1.9812415e+02   1.3777432e+02   1.4539289e+02
   1.1166166e+02   1.0101626e+02   1.5109943e+02   1.9868455e+02   1.3785162e+02   1.4419550e+02
   1.1271956e+02   1.0228672e+02   1.5071401e+02   1.9899233e+02   1.3782211e+02   1.4447939e+02
   1.1194976e+02   1.0246942e+02   1.5103865e+02   1.9985699e+02   1.3776519e+02   1.4388140e+02
   1.1194520e+02   1.0219361e+02   1.4996529e+02   2.0000947e+02   1.3845980e+02   1.4422150e+02
   1.1179377e+02   1.0195646e+02   1.5064269e+02   1.9863185e+02   1.3780348e+02   1.4430548e+02
   1.1269321e+02   1.0271150e+02   1.5080466e+02   1.9839293e+02   1.3850196e+02   1.4459358e+02
   1.1251051e+02   1.0289455e+02   1.5104884e+02   1.9954042e+02   1.3829150e+02   1.4437996e+02
   1.1232113e+02   1.0279582e+02   1.4943055e+02   1.9907349e+02   1.3780630e+02   1.4460904e+02
   1.1362287e+02   1.0297887e+02   1.5061950e+02   1.9976353e+02   1.3892814e+02   1.4468458e+02
   1.1285412e+02   1.0346548e+02   1.5135275e+02   2.0046762e+02   1.3888317e+02   1.4373840e+02
   1.1314047e+02   1.0372232e+02   1.5226028e+02   1.9979199e+02   1.3896609e+02   1.4571156e+02
   1.1279475e+02   1.0346794e+02   1.5316042e+02   2.0036890e+02   1.3907149e+02   1.4454439e+02
   1.1273291e+02   1.0372513e+02   1.5360804e+02   2.0034711e+02   1.3861088e+02   1.4416705e+02
   1.1254389e+02   1.0332986e+02   1.5339864e+02   1.9882684e+02   1.3850582e+02   1.4459569e+02
   1.1197119e+02   1.0398091e+02   1.5085068e+02   1.9859812e+02   1.3859647e+02   1.4337090e+02
   1.1235627e+02   1.0254953e+02   1.5148556e+02   1.9937072e+02   1.3877039e+02   1.4370538e+02
   1.1136161e+02   1.0307057e+02   1.5056398e+02   1.9934473e+02   1.3836107e+02   1.4222200e+02
   1.1280458e+02   1.0271536e+02   1.5217279e+02   1.9991426e+02   1.3907887e+02   1.4390213e+02
   1.1233694e+02   1.0233169e+02   1.5163594e+02   1.9941886e+02   1.3818575e+02   1.4305082e+02
   1.1295496e+02   1.0217534e+02   1.5130321e+02   1.9982080e+02   1.3947729e+02   1.4323317e+02
   1.1158401e+02   1.0252564e+02   1.5119851e+02   1.9995642e+02   1.3952824e+02   1.4390248e+02
   1.1222451e+02   1.0282252e+02   1.5089952e+02   2.0067316e+02   1.3844645e+02   1.4316712e+02
   1.1262891e+02   1.0307303e+02   1.5180634e+02   2.0030917e+02   1.3902125e+02   1.4396572e+02
   1.1297218e+02   1.0188970e+02   1.5165245e+02   2.0019287e+02   1.3919200e+02   1.4463047e+02
   1.1244059e+02   1.0170173e+02   1.5192404e+02   2.0062292e+02   1.3971023e+02   1.4454474e+02
   1.1234011e+02   1.0196629e+02   1.5143637e+02   2.0065208e+02   1.3971410e+02   1.4372505e+02
   1.1263313e+02   1.0268198e+02   1.5001905e+02   1.9998628e+02   1.4018069e+02   1.4385821e+02
   1.1275645e+02   1.0245045e+02   1.5189734e+02   2.0041211e+02   1.3938313e+02   1.4395518e+02
   1.1259870e+02   1.0229410e+02   1.5242963e+02   2.0024557e+02   1.3987537e+02   1.4541643e+02
   1.1277472e+02   1.0286117e+02   1.5284281e+02   1.9967394e+02   1.3934132e+02   1.4472709e+02
   1.1237911e+02   1.0172281e+02   1.5164437e+02   1.9923862e+02   1.3925349e+02   1.4567045e+02
   1.1279264e+02   1.0244623e+02   1.5151543e+02   1.9943362e+02   1.3864812e+02   1.4529065e+02
   1.1245183e+02   1.0246029e+02   1.5213344e+02   2.0044760e+02   1.3912595e+02   1.4488765e+02
   1.1342647e+02   1.0269358e+02   1.5288392e+02   2.0165341e+02   1.3901844e+02   1.4458971e+02
   1.1379819e+02   1.0281620e+02   1.5387646e+02   2.0082986e+02   1.3951348e+02   1.4468352e+02
   1.1327468e+02   1.0258888e+02   1.5205474e+02   1.9979374e+02   1.3850828e+02   1.4378162e+02
   1.1268618e+02   1.0226599e+02   1.5116197e+02   1.9946418e+02   1.3864917e+02   1.4435080e+02
   1.1302488e+02   1.0227583e+02   1.5159588e+02   1.9944345e+02   1.3853850e+02   1.4477347e+02
   1.1263453e+02   1.0182365e+02   1.5323983e+02   2.0052841e+02   1.3911576e+02   1.4487079e+02
   1.1280072e+02   1.0243850e+02   1.5175399e+02   2.0002247e+02   1.3904127e+02   1.4493930e+02
   1.1227370e+02   1.0275471e+02   1.5123611e+02   2.0040790e+02   1.3917619e+02   1.4394640e+02
   1.1281688e+02   1.0297641e+02   1.5122205e+02   2.0033165e+02   1.3906657e+02   1.4441334e+02
   1.1296023e+02   1.0336043e+02   1.5181934e+02   2.0035344e+02   1.3887193e+02   1.4524251e+02
   1.1239667e+02   1.0284431e+02   1.5221812e+02   1.9972734e+02   1.3894465e+02   1.4501871e+02
   1.1390605e+02   1.0359197e+02   1.5365406e+02   2.0009625e+02   1.3889336e+02   1.4465506e+02
   1.1347109e+02   1.0343246e+02   1.5425662e+02   2.0060816e+02   1.3907852e+02   1.4471374e+02
   1.1293002e+02   1.0347392e+02   1.5318888e+02   2.0043179e+02   1.3847877e+02   1.4385997e+02
   1.1289242e+02   1.0224596e+02   1.5200801e+02   2.0011382e+02   1.3852480e+02   1.4430302e+02
   1.1235557e+02   1.0367313e+02   1.5117532e+02   1.9988615e+02   1.3816045e+02   1.4376089e+02
   1.1236962e+02   1.0247715e+02   1.5243314e+02   2.0039068e+02   1.3888352e+02   1.4385646e+02
   1.1364114e+02   1.0263912e+02   1.5256103e+02   2.0087062e+02   1.3873595e+02   1.4388667e+02
   1.1298447e+02   1.0255655e+02   1.5369341e+02   2.0078278e+02   1.3909187e+02   1.4397064e+02
   1.1285202e+02   1.0327330e+02   1.5281435e+02   2.0124866e+02   1.3864636e+02   1.4272196e+02
   1.1264226e+02   1.0219924e+02   1.5246863e+02   2.0045919e+02   1.3874228e+02   1.4381113e+02
   1.1258570e+02   1.0278493e+02   1.5106395e+02   2.0071427e+02   1.3859190e+02   1.4285618e+02
   1.1249751e+02   1.0141679e+02   1.5132711e+02   2.0079367e+02   1.3885541e+02   1.4420710e+02
   1.1252491e+02   1.0218940e+02   1.5053061e+02   1.9899724e+02   1.3759689e+02   1.4438839e+02
   1.1316998e+02   1.0219994e+02   1.5031593e+02   1.9976212e+02   1.3839585e+02   1.4486411e+02
   1.1282707e+02   1.0238966e+02   1.5230982e+02   1.9981974e+02   1.3878444e+02   1.4552324e+02
   1.1355260e+02   1.0244483e+02   1.5242400e+02   2.0029511e+02   1.3868852e+02   1.4478787e+02
   1.1346968e+02   1.0345002e+02   1.5180529e+02   1.9976599e+02   1.3907922e+02   1.4648381e+02
   1.1414110e+02   1.0357440e+02   1.5275989e+02   2.0088537e+02   1.3912314e+02   1.4573404e+02
   1.1406872e+02   1.0345810e+02   1.5338774e+02   2.0127853e+02   1.3931813e+02   1.4515714e+02
   1.1333406e+02   1.0310571e+02   1.5323456e+02   2.0114537e+02   1.3915054e+02   1.4440069e+02
   1.1360425e+02   1.0349254e+02   1.5138578e+02   1.9983977e+02   1.3846788e+02   1.4415545e+02
   1.1367346e+02   1.0277614e+02   1.5309191e+02   2.0061659e+02   1.4002644e+02   1.4463925e+02
   1.1383719e+02   1.0402026e+02   1.5276059e+02   2.0124093e+02   1.3903671e+02   1.4471444e+02
   1.1391940e+02   1.0236858e+02   1.5334699e+02   2.0067878e+02   1.3954686e+02   1.4539289e+02
   1.1317771e+02   1.0305546e+02   1.5217525e+02   2.0016406e+02   1.3795035e+02   1.4356273e+02
   1.1225508e+02   1.0302982e+02   1.4845064e+02   1.9976037e+02   1.3804099e+02   1.4362492e+02
   1.1307090e+02   1.0263525e+02   1.5143427e+02   1.9975264e+02   1.3892217e+02   1.4411259e+02
   1.1285869e+02   1.0291528e+02   1.4967122e+02   1.9935632e+02   1.3878549e+02   1.4334947e+02
   1.1311026e+02   1.0276385e+02   1.5139105e+02   2.0037171e+02   1.3880833e+02   1.4335649e+02
   1.1309234e+02   1.0278071e+02   1.5095187e+02   2.0023538e+02   1.3843169e+02   1.4325987e+02
   1.1187774e+02   1.0245150e+02   1.4944636e+02   2.0101994e+02   1.3872085e+02   1.4340814e+02
   1.1277648e+02   1.0297606e+02   1.5009002e+02   2.0014966e+02   1.3877320e+02   1.4333225e+02
   1.1203514e+02   1.0216129e+02   1.5115073e+02   1.9967042e+02   1.3823248e+02   1.4323106e+02
   1.1330314e+02   1.0254320e+02   1.5216401e+02   1.9906295e+02   1.3818680e+02   1.4479595e+02
   1.1281513e+02   1.0186194e+02   1.5113703e+02   1.9950740e+02   1.3802589e+02   1.4386981e+02
   1.1329928e+02   1.0309446e+02   1.5119886e+02   1.9958048e+02   1.3776589e+02   1.4344082e+02
   1.1273818e+02   1.0283974e+02   1.5267346e+02   1.9992585e+02   1.3883890e+02   1.4464769e+02
   1.1386670e+02   1.0333513e+02   1.5336772e+02   1.9970731e+02   1.3840850e+02   1.4376230e+02
   1.1270761e+02   1.0296622e+02   1.5186291e+02   1.9984118e+02   1.3816432e+02   1.4330414e+02
   1.1287696e+02   1.0183208e+02   1.5157586e+02   1.9918276e+02   1.3820753e+02   1.4445866e+02
   1.1246800e+02   1.0360181e+02   1.5037601e+02   1.9905838e+02   1.3881325e+02   1.4416705e+02
   1.1321320e+02   1.0274558e+02   1.5233757e+02   2.0001650e+02   1.3879744e+02   1.4468036e+02
   1.1313625e+02   1.0412039e+02   1.5234495e+02   1.9978496e+02   1.3871312e+02   1.4416388e+02
   1.1325852e+02   1.0338151e+02   1.5217104e+02   2.0052243e+02   1.3887017e+02   1.4471901e+02
   1.1389411e+02   1.0356210e+02   1.5188645e+02   2.0056811e+02   1.3837969e+02   1.4375211e+02
   1.1359511e+02   1.0351432e+02   1.5321348e+02   2.0159544e+02   1.3879498e+02   1.4437715e+02
   1.1365765e+02   1.0345986e+02   1.5389649e+02   2.0144015e+02   1.3975977e+02   1.4549478e+02
   1.1387162e+02   1.0464495e+02   1.5356166e+02   2.0140958e+02   1.3970215e+02   1.4527765e+02
   1.1412986e+02   1.0321497e+02   1.5345450e+02   2.0113342e+02   1.3987923e+02   1.4478190e+02
   1.1385370e+02   1.0328068e+02   1.5223428e+02   2.0077540e+02   1.3867096e+02   1.4339655e+02
   1.1339695e+02   1.0375745e+02   1.5169145e+02   2.0127607e+02   1.3951243e+02   1.4381254e+02
   1.1403359e+02   1.0351573e+02   1.5229998e+02   2.0079578e+02   1.3875493e+02   1.4495863e+02
   1.1386319e+02   1.0353118e+02   1.5428227e+02   2.0089802e+02   1.3924786e+02   1.4536689e+02
   1.1389867e+02   1.0331932e+02   1.5267662e+02   2.0094510e+02   1.3836212e+02   1.4463609e+02
   1.1315628e+02   1.0241215e+02   1.5098244e+02   2.0009168e+02   1.3847280e+02   1.4514976e+02
   1.1289066e+02   1.0272590e+02   1.5095925e+02   2.0024557e+02   1.3870574e+02   1.4436134e+02
   1.1368997e+02   1.0329895e+02   1.5175153e+02   2.0026209e+02   1.3944356e+02   1.4537848e+02
   1.1397737e+02   1.0305898e+02   1.5366882e+02   2.0138042e+02   1.3902054e+02   1.4502257e+02
   1.1354276e+02   1.0388885e+02   1.5214504e+02   2.0126623e+02   1.3984866e+02   1.4350406e+02
   1.1394013e+02   1.0342648e+02   1.5315796e+02   2.0119561e+02   1.3905954e+02   1.4499200e+02
   1.1374795e+02   1.0362148e+02   1.5200274e+02   2.0021079e+02   1.3820577e+02   1.4431777e+02
   1.1341241e+02   1.0402237e+02   1.5112789e+02   2.0102240e+02   1.3850231e+02   1.4458690e+02
   1.1372019e+02   1.0392575e+02   1.5375525e+02   2.0097988e+02   1.3887368e+02   1.4463925e+02
   1.1348936e+02   1.0358494e+02   1.5211342e+02   2.0048133e+02   1.3929354e+02   1.4351600e+02
   1.1365695e+02   1.0223402e+02   1.5194793e+02   1.9972418e+02   1.3843696e+02   1.4519227e+02
   1.1323358e+02   1.0250280e+02   1.5129092e+02   1.9900357e+02   1.3743176e+02   1.4358908e+02
   1.1295074e+02   1.0294620e+02   1.5049407e+02   1.9895579e+02   1.3752557e+02   1.4284037e+02
   1.1338922e+02   1.0315595e+02   1.5189453e+02   1.9880963e+02   1.3758460e+02   1.4423767e+02
   1.1329120e+02   1.0262998e+02   1.5208215e+02   1.9849728e+02   1.3777432e+02   1.4402791e+02
   1.1313134e+02   1.0271677e+02   1.5165913e+02   1.9952040e+02   1.3770370e+02   1.4408202e+02
   1.1313063e+02   1.0381331e+02   1.4785160e+02   1.9961526e+02   1.3777046e+02   1.4333260e+02
   1.1297007e+02   1.0348937e+02   1.4914525e+02   2.0017144e+02   1.3887017e+02   1.4465893e+02
   1.1317034e+02   1.0295884e+02   1.5214082e+02   2.0038190e+02   1.3808702e+02   1.4467228e+02
   1.1368716e+02   1.0334322e+02   1.5318291e+02   2.0077716e+02   1.3872928e+02   1.4535319e+02
   1.1342084e+02   1.0321146e+02   1.5126070e+02   1.9944697e+02   1.3814780e+02   1.4491190e+02
   1.1283340e+02   1.0219818e+02   1.4997513e+02   1.9911951e+02   1.3798337e+02   1.4442809e+02
   1.1287450e+02   1.0241742e+02   1.5071822e+02   1.9885600e+02   1.3772830e+02   1.4430196e+02
   1.1322444e+02   1.0264088e+02   1.5070909e+02   1.9972945e+02   1.3851636e+02   1.4448536e+02
   1.1308426e+02   1.0316719e+02   1.5100738e+02   2.0033727e+02   1.3854517e+02   1.4453244e+02
   1.1272764e+02   1.0294057e+02   1.4986235e+02   1.9991180e+02   1.3848369e+02   1.4404162e+02
   1.1284253e+02   1.0174424e+02   1.5081379e+02   1.9954569e+02   1.3871487e+02   1.4428685e+02
   1.1331368e+02   1.0305441e+02   1.4979138e+02   2.0070267e+02   1.3894852e+02   1.4373278e+02
   1.1338325e+02   1.0327892e+02   1.5083803e+02   2.0100307e+02   1.3904127e+02   1.4475906e+02
   1.1362849e+02   1.0429887e+02   1.5194266e+02   2.0080281e+02   1.3792259e+02   1.4436099e+02
   1.1363446e+02   1.0298063e+02   1.5181231e+02   1.9966550e+02   1.3856063e+02   1.4389335e+02
   1.1366116e+02   1.0312152e+02   1.5196620e+02   1.9955694e+02   1.3801921e+02   1.4445339e+02
   1.1389235e+02   1.0280460e+02   1.5206844e+02   2.0020166e+02   1.3833121e+02   1.4486833e+02
   1.1340257e+02   1.0269498e+02   1.5171183e+02   2.0104488e+02   1.3908308e+02   1.4424188e+02
   1.1348795e+02   1.0267952e+02   1.5149575e+02   1.9992550e+02   1.3839726e+02   1.4574669e+02
   1.1420118e+02   1.0261488e+02   1.5229401e+02   2.0009731e+02   1.3868501e+02   1.4518208e+02
   1.1363095e+02   1.0232923e+02   1.5067185e+02   1.9905732e+02   1.3755368e+02   1.4513324e+02
   1.1314328e+02   1.0207697e+02   1.5182145e+02   1.9946980e+02   1.3824267e+02   1.4522740e+02
   1.1339274e+02   1.0245958e+02   1.5277886e+02   2.0097461e+02   1.3894430e+02   1.4460236e+02
   1.1415164e+02   1.0320514e+02   1.5268681e+02   2.0102556e+02   1.3856555e+02   1.4549021e+02
   1.1362603e+02   1.0229023e+02   1.5068239e+02   2.0104664e+02   1.3820507e+02   1.4455071e+02
   1.1311412e+02   1.0251228e+02   1.5024848e+02   2.0004214e+02   1.3823459e+02   1.4376265e+02
   1.1385019e+02   1.0229726e+02   1.5267311e+02   2.0033833e+02   1.3810459e+02   1.4474747e+02
   1.1310534e+02   1.0315314e+02   1.5013359e+02   2.0022028e+02   1.3826937e+02   1.4387438e+02
   1.1378659e+02   1.0218202e+02   1.5103619e+02   2.0064224e+02   1.3823529e+02   1.4462098e+02
   1.1319282e+02   1.0272239e+02   1.5017961e+02   2.0026174e+02   1.3831504e+02   1.4287164e+02
   1.1264332e+02   1.0243956e+02   1.4978365e+02   2.0070970e+02   1.3867728e+02   1.4389721e+02
   1.1370719e+02   1.0259977e+02   1.5056750e+02   2.0035238e+02   1.3799989e+02   1.4466912e+02
   1.1382489e+02   1.0288717e+02   1.5058331e+02   2.0030741e+02   1.3808948e+02   1.4478612e+02
   1.1431361e+02   1.0286152e+02   1.5224622e+02   2.0069670e+02   1.3825672e+02   1.4554467e+02
   1.1390640e+02   1.0280039e+02   1.5188680e+02   1.9961175e+02   1.3848650e+02   1.4510162e+02
   1.1320231e+02   1.0221294e+02   1.5112930e+02   1.9942237e+02   1.3789975e+02   1.4484022e+02
   1.1391765e+02   1.0307092e+02   1.4974043e+02   1.9947999e+02   1.3756984e+02   1.4563215e+02
   1.1359757e+02   1.0248804e+02   1.5101019e+02   1.9917854e+02   1.3799321e+02   1.4475239e+02
   1.1350446e+02   1.0335024e+02   1.4970776e+02   2.0066543e+02   1.3813551e+02   1.4408132e+02
   1.1309269e+02   1.0267496e+02   1.5091322e+02   2.0127501e+02   1.3854447e+02   1.4465436e+02
   1.1256918e+02   1.0299538e+02   1.5154318e+02   2.0068159e+02   1.3824829e+02   1.4321490e+02
   1.1337130e+02   1.0242972e+02   1.5128951e+02   2.0021711e+02   1.3768860e+02   1.4441228e+02
   1.1297323e+02   1.0199862e+02   1.5152210e+02   1.9977020e+02   1.3790327e+02   1.4344679e+02
   1.1274134e+02   1.0220907e+02   1.4966876e+02   2.0056776e+02   1.3740119e+02   1.4295772e+02
   1.1257199e+02   1.0268585e+02   1.5022107e+02   2.0045111e+02   1.3841869e+02   1.4359716e+02
   1.1282637e+02   1.0132474e+02   1.5003732e+02   2.0111515e+02   1.3772162e+02   1.4340041e+02
   1.1335163e+02   1.0182259e+02   1.4949590e+02   2.0078664e+02   1.3708358e+02   1.4289904e+02
   1.1245359e+02   1.0043232e+02   1.4873207e+02   2.0022379e+02   1.3731441e+02   1.4220408e+02
   1.1244305e+02   1.0112728e+02   1.4783720e+02   1.9920454e+02   1.3676104e+02   1.4199679e+02
   1.1179517e+02   1.0067545e+02   1.4606677e+02   1.9892452e+02   1.3666337e+02   1.4188365e+02
   1.1192974e+02   9.9945709e+01   1.4748761e+02   1.9959980e+02   1.3731406e+02   1.4283791e+02
   1.1251262e+02   1.0168381e+02   1.4788287e+02   1.9948526e+02   1.3750063e+02   1.4278134e+02
   1.1248556e+02   1.0083145e+02   1.4816324e+02   1.9934332e+02   1.3715736e+02   1.4330414e+02
   1.1222100e+02   1.0165360e+02   1.4780276e+02   1.9906365e+02   1.3753330e+02   1.4264432e+02
   1.1292861e+02   1.0107072e+02   1.4814251e+02   1.9963880e+02   1.3721674e+02   1.4335333e+02
   1.1268548e+02   1.0172527e+02   1.4787690e+02   1.9967956e+02   1.3748903e+02   1.4229930e+02
   1.1306704e+02   1.0139782e+02   1.4917160e+02   2.0018233e+02   1.3745038e+02   1.4313479e+02
   1.1324236e+02   1.0186440e+02   1.4928403e+02   1.9979866e+02   1.3784565e+02   1.4348298e+02
   1.1355576e+02   1.0211772e+02   1.5113878e+02   2.0005269e+02   1.3787375e+02   1.4444145e+02
   1.1346511e+02   1.0270447e+02   1.5051023e+02   2.0052911e+02   1.3789835e+02   1.4383748e+02
   1.1345738e+02   1.0254250e+02   1.5210252e+02   2.0071111e+02   1.3804275e+02   1.4466314e+02
   1.1404343e+02   1.0277614e+02   1.5214925e+02   2.0030741e+02   1.3777362e+02   1.4495406e+02
   1.1376200e+02   1.0327646e+02   1.5067396e+02   1.9969853e+02   1.3800516e+02   1.4504014e+02
   1.1372441e+02   1.0296938e+02   1.5143497e+02   1.9978285e+02   1.3856555e+02   1.4523689e+02
   1.1407681e+02   1.0380242e+02   1.5238395e+02   1.9955623e+02   1.3889476e+02   1.4536548e+02
   1.1436034e+02   1.0347989e+02   1.5202312e+02   1.9988685e+02   1.3833366e+02   1.4569821e+02
   1.1327433e+02   1.0255199e+02   1.5211412e+02   2.0023293e+02   1.3878128e+02   1.4584893e+02
   1.1410526e+02   1.0413761e+02   1.5072947e+02   2.0035871e+02   1.3845312e+02   1.4495265e+02
   1.1439337e+02   1.0362359e+02   1.5213098e+02   2.0058708e+02   1.3890741e+02   1.4543224e+02
   1.1458661e+02   1.0321357e+02   1.5146940e+02   2.0043741e+02   1.3885366e+02   1.4455493e+02
   1.1376270e+02   1.0361270e+02   1.5160256e+02   2.0097532e+02   1.3959324e+02   1.4526254e+02
   1.1456026e+02   1.0380383e+02   1.5276340e+02   2.0155890e+02   1.3901387e+02   1.4505630e+02
   1.1452231e+02   1.0293003e+02   1.5250798e+02   2.0221557e+02   1.3954194e+02   1.4537638e+02
   1.1471415e+02   1.0340330e+02   1.5275427e+02   2.0122864e+02   1.3817099e+02   1.4488906e+02
   1.1381751e+02   1.0392469e+02   1.5087071e+02   2.0019252e+02   1.3884030e+02   1.4453561e+02
   1.1407048e+02   1.0164516e+02   1.5122522e+02   2.0027649e+02   1.3871979e+02   1.4502784e+02
   1.1374057e+02   1.0276982e+02   1.5159202e+02   1.9994482e+02   1.3824899e+02   1.4455036e+02
   1.1326625e+02   1.0258220e+02   1.5143181e+02   1.9976564e+02   1.3860455e+02   1.4449766e+02
   1.1424229e+02   1.0283482e+02   1.5135802e+02   1.9969221e+02   1.3809089e+02   1.4544524e+02
   1.1403183e+02   1.0213775e+02   1.5092236e+02   1.9979410e+02   1.3849493e+02   1.4466525e+02
   1.1391484e+02   1.0273996e+02   1.5136435e+02   2.0040930e+02   1.3890179e+02   1.4492736e+02
