   1.0138550e+02   9.3114529e+01   1.1634651e+02   2.1639266e+02   8.7974810e+01   1.2491980e+02
   1.0110437e+02   9.2670669e+01   1.1733748e+02   2.1657412e+02   8.7920957e+01   1.2486423e+02
   1.0130530e+02   9.2686791e+01   1.1873938e+02   2.1540718e+02   8.8517801e+01   1.2481209e+02
   1.0159395e+02   9.2359899e+01   1.2136823e+02   2.1572207e+02   8.8547986e+01   1.2633782e+02
   1.0214953e+02   9.2575654e+01   1.2304763e+02   2.1646195e+02   8.8385398e+01   1.2676247e+02
   1.0223600e+02   9.2323539e+01   1.2263807e+02   2.1555022e+02   8.8373392e+01   1.2563430e+02
   1.0156763e+02   9.2090290e+01   1.2032822e+02   2.1427078e+02   8.8011170e+01   1.2541271e+02
   1.0117246e+02   9.2016542e+01   1.1953517e+02   2.1452735e+02   8.8282493e+01   1.2528271e+02
   1.0173138e+02   9.2659350e+01   1.2019650e+02   2.1645303e+02   8.9117046e+01   1.2570942e+02
   1.0214535e+02   9.3029462e+01   1.2079300e+02   2.1730165e+02   8.8885169e+01   1.2677962e+02
   1.0260861e+02   9.3906548e+01   1.2225733e+02   2.1727558e+02   8.9213090e+01   1.2730272e+02
   1.0336262e+02   9.4118187e+01   1.2347228e+02   2.1779593e+02   8.9274489e+01   1.2786560e+02
   1.0256141e+02   9.4022830e+01   1.2526007e+02   2.1801752e+02   8.8742475e+01   1.2794278e+02
   1.0279701e+02   9.3841375e+01   1.2375252e+02   2.1692331e+02   8.8937650e+01   1.2695456e+02
   1.0237594e+02   9.3713088e+01   1.2238801e+02   2.1830497e+02   8.9399689e+01   1.2712709e+02
   1.0292317e+02   9.4060561e+01   1.2443032e+02   2.1826758e+02   8.9512198e+01   1.2799320e+02
   1.0329286e+02   9.3972407e+01   1.2490128e+02   2.1838695e+02   8.9090634e+01   1.2720770e+02
   1.0260444e+02   9.4255050e+01   1.2395113e+02   2.1949111e+02   8.9943366e+01   1.2728625e+02
   1.0315751e+02   9.4202569e+01   1.2376213e+02   2.1765290e+02   8.9112930e+01   1.2728934e+02
   1.0274145e+02   9.3875334e+01   1.2489236e+02   2.1762443e+02   8.8910895e+01   1.2717031e+02
   1.0201210e+02   9.3688048e+01   1.2263567e+02   2.1644137e+02   8.8511284e+01   1.2710068e+02
   1.0234461e+02   9.3244874e+01   1.2242472e+02   2.1577764e+02   8.8966120e+01   1.2726567e+02
   1.0196615e+02   9.3037008e+01   1.2101939e+02   2.1462031e+02   8.8297929e+01   1.2623697e+02
   1.0212196e+02   9.3578627e+01   1.2099915e+02   2.1596458e+02   8.8455029e+01   1.2615259e+02
   1.0323521e+02   9.3891798e+01   1.2358239e+02   2.1698196e+02   8.8532551e+01   1.2664859e+02
   1.0192521e+02   9.3073367e+01   1.2299515e+02   2.1668937e+02   8.8029349e+01   1.2613544e+02
   1.0239265e+02   9.2865158e+01   1.2128351e+02   2.1645578e+02   8.8716749e+01   1.2638961e+02
   1.0235923e+02   9.3351552e+01   1.2088630e+02   2.1537151e+02   8.7917527e+01   1.2619135e+02
   1.0178986e+02   9.2822967e+01   1.2081427e+02   2.1588500e+02   8.9055304e+01   1.2653539e+02
   1.0217042e+02   9.3244874e+01   1.2145364e+02   2.1549260e+02   8.8906779e+01   1.2678717e+02
   1.0289643e+02   9.3743273e+01   1.2183885e+02   2.1589118e+02   8.9208631e+01   1.2739053e+02
   1.0252256e+02   9.3976866e+01   1.2191191e+02   2.1696961e+02   8.8932848e+01   1.2762240e+02
   1.0273268e+02   9.3905176e+01   1.2306238e+02   2.1829502e+02   8.8927016e+01   1.2704305e+02
   1.0188469e+02   9.3469205e+01   1.2306581e+02   2.1601226e+02   8.8011856e+01   1.2579448e+02
   1.0170005e+02   9.3168039e+01   1.2204294e+02   2.1457846e+02   8.7743276e+01   1.2577184e+02
   1.0138007e+02   9.2634310e+01   1.2150578e+02   2.1570080e+02   8.8427588e+01   1.2663178e+02
   1.0175185e+02   9.3220863e+01   1.2249366e+02   2.1600815e+02   8.7427360e+01   1.2659954e+02
   1.0234252e+02   9.2663809e+01   1.2171536e+02   2.1698436e+02   8.7265458e+01   1.2613818e+02
   1.0182495e+02   9.2654891e+01   1.2079917e+02   2.1586648e+02   8.8198798e+01   1.2633953e+02
   1.0219590e+02   9.3254136e+01   1.2242643e+02   2.1638958e+02   8.8542841e+01   1.2671136e+02
   1.0244737e+02   9.3185876e+01   1.2391031e+02   2.1646813e+02   8.7366990e+01   1.2695250e+02
   1.0145276e+02   9.2704971e+01   1.2170096e+02   2.1447968e+02   8.6911467e+01   1.2574097e+02
   1.0185127e+02   9.4745903e+01   1.2073057e+02   2.1663449e+02   8.7676731e+01   1.2514482e+02
   1.0185670e+02   9.4430673e+01   1.2302739e+02   2.1669760e+02   8.8107213e+01   1.2574612e+02
   1.0190975e+02   9.3276089e+01   1.2220793e+02   2.1422550e+02   8.7548101e+01   1.2415625e+02
   1.0125183e+02   9.2100580e+01   1.2103688e+02   2.1436717e+02   8.7388599e+01   1.2561989e+02
   1.0134164e+02   9.2122533e+01   1.2039716e+02   2.1403376e+02   8.7473667e+01   1.2592723e+02
   1.0140263e+02   9.2083773e+01   1.2111578e+02   2.1589495e+02   8.7640029e+01   1.2619512e+02
   1.0231286e+02   9.1978810e+01   1.2203985e+02   2.1632578e+02   8.7824227e+01   1.2670724e+02
   1.0214911e+02   9.2165067e+01   1.2373812e+02   2.1810156e+02   8.8943481e+01   1.2725572e+02
   1.0197325e+02   9.2582858e+01   1.2344244e+02   2.1785116e+02   8.9741674e+01   1.2723891e+02
   1.0234503e+02   9.2731726e+01   1.2370827e+02   2.1557115e+02   8.8174444e+01   1.2697925e+02
   1.0241145e+02   9.2528318e+01   1.2361463e+02   2.1574300e+02   8.7455487e+01   1.2572828e+02
   1.0182119e+02   9.2166096e+01   1.2254683e+02   2.1672093e+02   8.7906207e+01   1.2647159e+02
   1.0225187e+02   9.2169526e+01   1.2170713e+02   2.1593886e+02   8.8119905e+01   1.2624898e+02
   1.0130530e+02   9.2028890e+01   1.2010491e+02   2.1464261e+02   8.7809134e+01   1.2565385e+02
   1.0133663e+02   9.2417868e+01   1.1926830e+02   2.1477467e+02   8.7750136e+01   1.2639544e+02
   1.0247369e+02   9.2956743e+01   1.2124441e+02   2.1605445e+02   8.8790840e+01   1.2605243e+02
   1.0214118e+02   9.2923470e+01   1.2222817e+02   2.1835676e+02   8.9340348e+01   1.2607953e+02
   1.0229824e+02   9.3038037e+01   1.2166391e+02   2.1891450e+02   8.9492989e+01   1.2628156e+02
   1.0232038e+02   9.3233898e+01   1.2271662e+02   2.1858418e+02   8.9512541e+01   1.2693363e+02
   1.0196239e+02   9.3560790e+01   1.2248028e+02   2.1763232e+02   8.9016886e+01   1.2678785e+02
   1.0215329e+02   9.3811876e+01   1.2252042e+02   2.1685745e+02   8.8084231e+01   1.2598520e+02
   1.0136754e+02   9.3283292e+01   1.2191020e+02   2.1648939e+02   8.7759054e+01   1.2589602e+02
   1.0127815e+02   9.3475380e+01   1.2050658e+02   2.1620949e+02   8.7513457e+01   1.2490059e+02
   1.0105007e+02   9.3032892e+01   1.2036835e+02   2.1562603e+02   8.8540440e+01   1.2518083e+02
   1.0086167e+02   9.3057932e+01   1.2111886e+02   2.1632303e+02   8.9239845e+01   1.2640814e+02
   1.0181075e+02   9.3499391e+01   1.2312824e+02   2.1559859e+02   8.9266257e+01   1.2618312e+02
   1.0141224e+02   9.2927930e+01   1.2150818e+02   2.1614912e+02   8.8843664e+01   1.2648669e+02
   1.0102542e+02   9.2954342e+01   1.2115968e+02   2.1578587e+02   8.8789468e+01   1.2612035e+02
   1.0132493e+02   9.3136139e+01   1.2176956e+02   2.1544286e+02   8.8585718e+01   1.2585040e+02
   1.0084788e+02   9.2726237e+01   1.2112675e+02   2.1472939e+02   8.8928731e+01   1.2638824e+02
   1.0112651e+02   9.2441536e+01   1.2108319e+02   2.1473831e+02   8.9487844e+01   1.2644141e+02
   1.0033282e+02   9.2297127e+01   1.2027916e+02   2.1545281e+02   8.8924272e+01   1.2592346e+02
   1.0084705e+02   9.2563649e+01   1.1861177e+02   2.1496092e+02   8.8741103e+01   1.2597560e+02
   1.0157432e+02   9.3022944e+01   1.2021571e+02   2.1784087e+02   8.9236758e+01   1.2670519e+02
   1.0155677e+02   9.3184161e+01   1.2220382e+02   2.1850872e+02   8.9586632e+01   1.2657896e+02
   1.0185754e+02   9.3559418e+01   1.2143375e+02   2.1602907e+02   8.9486815e+01   1.2580580e+02
   1.0129861e+02   9.3205085e+01   1.1977871e+02   2.1622493e+02   8.9504652e+01   1.2611760e+02
   1.0165828e+02   9.3214689e+01   1.2076007e+02   2.1830497e+02   9.0118989e+01   1.2606546e+02
   1.0165201e+02   9.3711030e+01   1.2360468e+02   2.1894503e+02   9.0204400e+01   1.2777162e+02
   1.0225981e+02   9.3522372e+01   1.2446942e+02   2.1873785e+02   8.9739273e+01   1.2727390e+02
   1.0164742e+02   9.3980296e+01   1.2353951e+02   2.1858041e+02   8.9143115e+01   1.2734834e+02
   1.0190098e+02   9.4318508e+01   1.2378031e+02   2.1804873e+02   8.9533808e+01   1.2699640e+02
   1.0285633e+02   9.4658091e+01   1.2668838e+02   2.1878175e+02   8.9005910e+01   1.2737715e+02
   1.0227610e+02   9.4174785e+01   1.2518323e+02   2.1869291e+02   8.9409980e+01   1.2701115e+02
   1.0231996e+02   9.4441306e+01   1.2478705e+02   2.1931823e+02   8.9565708e+01   1.2757747e+02
   1.0224561e+02   9.4331199e+01   1.2456649e+02   2.1891587e+02   8.9701199e+01   1.2701596e+02
   1.0269968e+02   9.4051643e+01   1.2375081e+02   2.1812934e+02   8.9070739e+01   1.2707633e+02
   1.0213616e+02   9.4201883e+01   1.2321708e+02   2.1640741e+02   8.8704057e+01   1.2659954e+02
   1.0154842e+02   9.3942221e+01   1.2240448e+02   2.1695109e+02   8.9154092e+01   1.2632067e+02
   1.0183957e+02   9.4504421e+01   1.2231015e+02   2.1796538e+02   8.8881053e+01   1.2687395e+02
   1.0132911e+02   9.4296212e+01   1.2299892e+02   2.1639918e+02   8.8143573e+01   1.2688733e+02
   1.0215412e+02   9.4133623e+01   1.2298383e+02   2.1638237e+02   8.8258139e+01   1.2708799e+02
   1.0176271e+02   9.4378192e+01   1.2320610e+02   2.1686842e+02   8.9077599e+01   1.2632135e+02
   1.0244445e+02   9.4704055e+01   1.2355666e+02   2.1530188e+02   8.8395345e+01   1.2648531e+02
   1.0195153e+02   9.4614185e+01   1.2296153e+02   2.1728896e+02   8.9605841e+01   1.2652236e+02
   1.0232372e+02   9.4420726e+01   1.2436652e+02   2.1592068e+02   8.9893629e+01   1.2739739e+02
   1.0236800e+02   9.4688276e+01   1.2532044e+02   2.1546413e+02   8.9143801e+01   1.2704683e+02
   1.0170548e+02   9.3862985e+01   1.2399606e+02   2.1634841e+02   8.8460861e+01   1.2618312e+02
   1.0197450e+02   9.3494931e+01   1.2202579e+02   2.1658750e+02   8.8839548e+01   1.2746290e+02
   1.0287972e+02   9.4289694e+01   1.2380569e+02   2.1799522e+02   8.8893744e+01   1.2724921e+02
   1.0250084e+02   9.4783977e+01   1.2507107e+02   2.1774757e+02   8.8572340e+01   1.2688835e+02
   1.0246617e+02   9.4489671e+01   1.2440288e+02   2.1675146e+02   8.7198227e+01   1.2634228e+02
   1.0155259e+02   9.3922670e+01   1.2176579e+02   2.1609150e+02   8.7864703e+01   1.2588607e+02
   1.0083535e+02   9.3250362e+01   1.2150578e+02   2.1669417e+02   8.7829029e+01   1.2588230e+02
   1.0115951e+02   9.2903576e+01   1.1989122e+02   2.1773831e+02   8.7682562e+01   1.2608262e+02
   1.0168543e+02   9.3341261e+01   1.2024315e+02   2.1627741e+02   8.8244762e+01   1.2594232e+02
   1.0160189e+02   9.2722121e+01   1.1987818e+02   2.1562020e+02   8.8623106e+01   1.2605174e+02
   1.0185085e+02   9.2652489e+01   1.1972177e+02   2.1653296e+02   8.8948283e+01   1.2657313e+02
   1.0109936e+02   9.2951597e+01   1.2053402e+02   2.1646607e+02   8.8361044e+01   1.2685302e+02
   1.0073927e+02   9.2697767e+01   1.1968678e+02   2.1605548e+02   8.7733328e+01   1.2588161e+02
   1.0109351e+02   9.2909750e+01   1.2088458e+02   2.1731674e+02   8.8795299e+01   1.2648257e+02
   1.0134456e+02   9.3464403e+01   1.2216334e+02   2.1701283e+02   8.9406893e+01   1.2660091e+02
   1.0144774e+02   9.3353953e+01   1.2214001e+02   2.1764329e+02   8.8805590e+01   1.2675321e+02
   1.0097696e+02   9.3201312e+01   1.2104580e+02   2.1788340e+02   8.9823655e+01   1.2740082e+02
   1.0148993e+02   9.3309018e+01   1.2253688e+02   2.1776986e+02   9.0597494e+01   1.2880786e+02
   1.0220216e+02   9.3619788e+01   1.2552522e+02   2.1837906e+02   9.0149175e+01   1.2944930e+02
   1.0201419e+02   9.4106182e+01   1.2549812e+02   2.1835985e+02   9.0627679e+01   1.2928122e+02
   1.0134039e+02   9.4453998e+01   1.2565625e+02   2.1888672e+02   9.0421185e+01   1.2852659e+02
   1.0235046e+02   9.5067307e+01   1.2617557e+02   2.1832212e+02   8.9752308e+01   1.2872485e+02
   1.0285257e+02   9.4717433e+01   1.2615053e+02   2.1778667e+02   8.9475152e+01   1.2884113e+02
   1.0224268e+02   9.4256765e+01   1.2476819e+02   2.1665850e+02   9.0093606e+01   1.2742757e+02
   1.0178109e+02   9.3733669e+01   1.2423343e+02   2.1657206e+02   8.9961889e+01   1.2797845e+02
   1.0139636e+02   9.4386081e+01   1.2543329e+02   2.1633058e+02   8.9243275e+01   1.2898760e+02
   1.0180574e+02   9.3996418e+01   1.2441077e+02   2.1823293e+02   8.9747162e+01   1.2825664e+02
   1.0145317e+02   9.3995045e+01   1.2438778e+02   2.1863735e+02   8.9950913e+01   1.2816197e+02
   1.0245949e+02   9.4331199e+01   1.2535920e+02   2.1915187e+02   9.0161866e+01   1.2801275e+02
   1.0257060e+02   9.4750362e+01   1.2550121e+02   2.1771978e+02   8.9663124e+01   1.2851733e+02
   1.0195988e+02   9.4433417e+01   1.2439567e+02   2.1689861e+02   8.9558162e+01   1.2754488e+02
   1.0213324e+02   9.4660835e+01   1.2332307e+02   2.1592136e+02   8.9706687e+01   1.2764401e+02
   1.0179905e+02   9.4494131e+01   1.2354809e+02   2.1622047e+02   8.8890314e+01   1.2704546e+02
   1.0208186e+02   9.4484526e+01   1.2326716e+02   2.1526037e+02   8.8538382e+01   1.2747045e+02
   1.0228404e+02   9.4704055e+01   1.2300612e+02   2.1450437e+02   8.7625622e+01   1.2596530e+02
   1.0152753e+02   9.4041009e+01   1.2198977e+02   2.1560373e+02   8.7890429e+01   1.2566174e+02
   1.0111064e+02   9.4291752e+01   1.2151093e+02   2.1740318e+02   8.8540097e+01   1.2657175e+02
   1.0181326e+02   9.4598407e+01   1.2375561e+02   2.1695178e+02   8.8907465e+01   1.2663521e+02
   1.0228529e+02   9.4771629e+01   1.2499629e+02   2.1679982e+02   8.9574627e+01   1.2659165e+02
   1.0149578e+02   9.4112356e+01   1.2415899e+02   2.1657720e+02   8.8017001e+01   1.2662492e+02
   1.0083326e+02   9.3906548e+01   1.2290082e+02   2.1537734e+02   8.8031064e+01   1.2657930e+02
   1.0142811e+02   9.3558046e+01   1.2173080e+02   2.1534544e+02   8.7881167e+01   1.2610525e+02
   1.0098949e+02   9.3865386e+01   1.2171159e+02   2.1504668e+02   8.8809363e+01   1.2703036e+02
   1.0168585e+02   9.4802157e+01   1.2361154e+02   2.1724745e+02   8.9793469e+01   1.2734628e+02
   1.0191101e+02   9.4316106e+01   1.2471125e+02   2.1766422e+02   8.8972294e+01   1.2661257e+02
   1.0209648e+02   9.4081828e+01   1.2320096e+02   2.1619509e+02   8.9179818e+01   1.2651893e+02
   1.0190098e+02   9.4186447e+01   1.2251699e+02   2.1680222e+02   8.9000421e+01   1.2620987e+02
   1.0158142e+02   9.4029690e+01   1.2325824e+02   2.1783778e+02   8.9927588e+01   1.2774589e+02
   1.0228111e+02   9.4865615e+01   1.2450921e+02   2.1623899e+02   8.8597723e+01   1.2761692e+02
   1.0187090e+02   9.4516426e+01   1.2363796e+02   2.1773007e+02   8.9467606e+01   1.2664241e+02
   1.0152962e+02   9.3921298e+01   1.2307027e+02   2.1688592e+02   8.9375335e+01   1.2681358e+02
   1.0154006e+02   9.4640597e+01   1.2270187e+02   2.1588054e+02   8.9330744e+01   1.2712915e+02
   1.0149202e+02   9.4011853e+01   1.2260789e+02   2.1548196e+02   8.8790840e+01   1.2814996e+02
   1.0129778e+02   9.4068793e+01   1.2260240e+02   2.1731640e+02   8.9721436e+01   1.2723480e+02
   1.0156638e+02   9.4585715e+01   1.2277013e+02   2.1705365e+02   9.0347780e+01   1.2742449e+02
   1.0256601e+02   9.4981896e+01   1.2492117e+02   2.1747830e+02   9.0634539e+01   1.2833484e+02
   1.0256141e+02   9.4962687e+01   1.2545833e+02   2.1966502e+02   9.0771402e+01   1.2833210e+02
   1.0318675e+02   9.5519056e+01   1.2396759e+02   2.1910487e+02   9.1252307e+01   1.2836949e+02
   1.0255306e+02   9.5417867e+01   1.2613407e+02   2.1871315e+02   9.0283636e+01   1.2846759e+02
   1.0202588e+02   9.4236870e+01   1.2680569e+02   2.1670000e+02   8.9088576e+01   1.2793592e+02
   1.0098281e+02   9.4061247e+01   1.2493078e+02   2.1500311e+02   8.8989445e+01   1.2737166e+02
   1.0126561e+02   9.3933646e+01   1.2399606e+02   2.1429102e+02   8.8845036e+01   1.2740459e+02
   1.0115324e+02   9.3523745e+01   1.2237910e+02   2.1515713e+02   8.9279978e+01   1.2746016e+02
   1.0158977e+02   9.3849951e+01   1.2279449e+02   2.1439529e+02   8.9144830e+01   1.2724200e+02
   1.0137088e+02   9.3397858e+01   1.2223263e+02   2.1420732e+02   8.9079658e+01   1.2783096e+02
   1.0098281e+02   9.2980754e+01   1.2152705e+02   2.1356108e+02   8.8452285e+01   1.2714047e+02
   1.0084914e+02   9.2726237e+01   1.2227653e+02   2.1451123e+02   8.8306847e+01   1.2690894e+02
   1.0105007e+02   9.3611899e+01   1.2199835e+02   2.1545418e+02   8.8380252e+01   1.2670313e+02
   1.0071922e+02   9.3272658e+01   1.2079609e+02   2.1373156e+02   8.9052559e+01   1.2586446e+02
   1.0150414e+02   9.3985784e+01   1.2195685e+02   2.1541507e+02   8.8325370e+01   1.2662149e+02
   1.0220342e+02   9.4123333e+01   1.2310560e+02   2.1649385e+02   8.8337376e+01   1.2649629e+02
   1.0188469e+02   9.3659235e+01   1.2240757e+02   2.1620435e+02   8.7985787e+01   1.2599412e+02
   1.0155385e+02   9.3317250e+01   1.2155003e+02   2.1500346e+02   8.8907122e+01   1.2571490e+02
   1.0096903e+02   9.3814620e+01   1.2129517e+02   2.1523774e+02   8.8895459e+01   1.2639133e+02
   1.0104672e+02   9.3755622e+01   1.2235474e+02   2.1641324e+02   8.9151004e+01   1.2657484e+02
   1.0141892e+02   9.3826626e+01   1.2210400e+02   2.1679913e+02   8.9071768e+01   1.2710514e+02
   1.0183164e+02   9.4201197e+01   1.2291077e+02   2.1629353e+02   8.8810392e+01   1.2741488e+02
   1.0200750e+02   9.4447481e+01   1.2385748e+02   2.1539175e+02   8.8573712e+01   1.2708147e+02
   1.0140054e+02   9.3592347e+01   1.2327539e+02   2.1615839e+02   8.8977096e+01   1.2696896e+02
   1.0133454e+02   9.3505222e+01   1.2310628e+02   2.1616662e+02   8.9458002e+01   1.2771330e+02
   1.0070210e+02   9.3682903e+01   1.2476338e+02   2.1690170e+02   9.0456858e+01   1.2856844e+02
   1.0187216e+02   9.4279404e+01   1.2493558e+02   2.1739769e+02   9.0142314e+01   1.2825801e+02
   1.0124013e+02   9.3594062e+01   1.2418438e+02   2.1706257e+02   8.9200741e+01   1.2779734e+02
   1.0121632e+02   9.3994016e+01   1.2294850e+02   2.1631651e+02   8.8469093e+01   1.2719124e+02
   1.0094689e+02   9.4038265e+01   1.2231667e+02   2.1446218e+02   8.9373620e+01   1.2673366e+02
   1.0075181e+02   9.3446223e+01   1.2337109e+02   2.1504222e+02   8.9465891e+01   1.2676315e+02
   1.0120964e+02   9.3752535e+01   1.2272211e+02   2.1269360e+02   8.8255395e+01   1.2645924e+02
   1.0151750e+02   9.4199482e+01   1.2169067e+02   2.1313232e+02   8.9310506e+01   1.2694427e+02
   1.0106803e+02   9.3599208e+01   1.2171571e+02   2.1494789e+02   8.9605498e+01   1.2782204e+02
   1.0155218e+02   9.3384138e+01   1.2154077e+02   2.1564627e+02   9.0017457e+01   1.2796679e+02
   1.0181075e+02   9.3833486e+01   1.2247823e+02   2.1713632e+02   9.0655463e+01   1.2760697e+02
   1.0143479e+02   9.4466346e+01   1.2270187e+02   2.1723442e+02   9.0400261e+01   1.2789613e+02
   1.0119418e+02   9.4455027e+01   1.2363658e+02   2.1708487e+02   9.0294612e+01   1.2803951e+02
   1.0161275e+02   9.5084800e+01   1.2382250e+02   2.1684270e+02   8.9720407e+01   1.2731506e+02
   1.0098532e+02   9.3645171e+01   1.2162618e+02   2.1343657e+02   8.8545585e+01   1.2559725e+02
   1.0053793e+02   9.3630422e+01   1.2138847e+02   2.1377993e+02   8.9451828e+01   1.2661600e+02
   1.0103294e+02   9.3747046e+01   1.2203780e+02   2.1434281e+02   8.9772888e+01   1.2766185e+02
   1.0098657e+02   9.3789237e+01   1.2193181e+02   2.1454999e+02   8.9852811e+01   1.2714733e+02
   1.0095315e+02   9.3673642e+01   1.2138024e+02   2.1543154e+02   8.9634311e+01   1.2819146e+02
   1.0099660e+02   9.3956971e+01   1.2276361e+02   2.1642010e+02   9.1044098e+01   1.2854717e+02
   1.0217000e+02   9.4336001e+01   1.2435005e+02   2.1726289e+02   9.1159693e+01   1.2904317e+02
   1.0242064e+02   9.4319194e+01   1.2483233e+02   2.1703959e+02   9.1211831e+01   1.2847342e+02
   1.0103962e+02   9.4264654e+01   1.2280923e+02   2.1660705e+02   9.0506252e+01   1.2797845e+02
   1.0190056e+02   9.4518485e+01   1.2306615e+02   2.1637723e+02   9.0994018e+01   1.2782821e+02
   1.0193147e+02   9.4315420e+01   1.2320061e+02   2.1732703e+02   9.0390656e+01   1.2818906e+02
   1.0151542e+02   9.3899345e+01   1.2310388e+02   2.1775443e+02   9.1070510e+01   1.2870015e+02
   1.0141098e+02   9.4080113e+01   1.2349389e+02   2.1638820e+02   9.0549472e+01   1.2832318e+02
   1.0125517e+02   9.4495160e+01   1.2354569e+02   2.1454039e+02   9.0306961e+01   1.2818529e+02
   1.0122008e+02   9.4126420e+01   1.2269604e+02   2.1625237e+02   9.0712746e+01   1.2834376e+02
   1.0187132e+02   9.4407691e+01   1.2294507e+02   2.1678747e+02   9.0253794e+01   1.2859691e+02
   1.0077771e+02   9.3987499e+01   1.2214928e+02   2.1614021e+02   9.0287066e+01   1.2846142e+02
   1.0041094e+02   9.4141512e+01   1.2288230e+02   2.1539827e+02   8.9602068e+01   1.2808136e+02
   1.0136378e+02   9.4153518e+01   1.2228168e+02   2.1474208e+02   8.9215834e+01   1.2793558e+02
   1.0088715e+02   9.3932617e+01   1.2187178e+02   2.1604142e+02   8.9899804e+01   1.2809165e+02
   1.0045898e+02   9.3563191e+01   1.2158468e+02   2.1624894e+02   8.9900147e+01   1.2828957e+02
   1.0028520e+02   9.3970691e+01   1.2031621e+02   2.1633950e+02   8.9589033e+01   1.2852110e+02
   1.0040133e+02   9.3596806e+01   1.2031038e+02   2.1561402e+02   9.0521688e+01   1.2832044e+02
   1.0132994e+02   9.4056788e+01   1.2190745e+02   2.1458738e+02   9.0062735e+01   1.2862229e+02
   1.0127355e+02   9.4602523e+01   1.2301298e+02   2.1422036e+02   9.0297357e+01   1.2797262e+02
   1.0149202e+02   9.4395000e+01   1.2333679e+02   2.1385711e+02   9.0823883e+01   1.2849572e+02
   1.0178861e+02   9.4282491e+01   1.2281678e+02   2.1590044e+02   8.9954000e+01   1.2829677e+02
   1.0162277e+02   9.4523630e+01   1.2259725e+02   2.1653947e+02   9.0396831e+01   1.2813795e+02
   1.0138383e+02   9.4056445e+01   1.2313990e+02   2.1641290e+02   8.9633282e+01   1.2827379e+02
   1.0141892e+02   9.4193307e+01   1.2185840e+02   2.1619406e+02   8.9935134e+01   1.2817706e+02
   1.0131323e+02   9.4158663e+01   1.2121285e+02   2.1637586e+02   8.9852125e+01   1.2830089e+02
   1.0163572e+02   9.4713659e+01   1.2252453e+02   2.1543120e+02   8.9431590e+01   1.2808204e+02
   1.0133872e+02   9.4708514e+01   1.2270016e+02   2.1398745e+02   8.9322168e+01   1.2812663e+02
   1.0231286e+02   9.4904375e+01   1.2252968e+02   2.1577730e+02   9.0312792e+01   1.2818289e+02
   1.0239181e+02   9.5431587e+01   1.2546073e+02   2.1823293e+02   9.0237329e+01   1.2808479e+02
   1.0203758e+02   9.4674899e+01   1.2433770e+02   2.1791221e+02   9.0025690e+01   1.2807038e+02
   1.0189430e+02   9.4590174e+01   1.2230329e+02   2.1732292e+02   8.9781464e+01   1.2853791e+02
   1.0209063e+02   9.4569937e+01   1.2350315e+02   2.1753661e+02   9.0840690e+01   1.2974840e+02
   1.0261697e+02   9.5370188e+01   1.2499046e+02   2.1784636e+02   9.1091091e+01   1.2966402e+02
   1.0208186e+02   9.5062847e+01   1.2579586e+02   2.1693737e+02   9.1136711e+01   1.2956180e+02
   1.0264329e+02   9.5373961e+01   1.2648909e+02   2.1774277e+02   9.1336345e+01   1.2957381e+02
   1.0287972e+02   9.5155461e+01   1.2591454e+02   2.1809298e+02   9.0903462e+01   1.2890047e+02
   1.0261989e+02   9.4790495e+01   1.2586652e+02   2.1888466e+02   9.0810505e+01   1.2882021e+02
   1.0221177e+02   9.5364700e+01   1.2558353e+02   2.1732052e+02   8.9889513e+01   1.2794141e+02
   1.0214159e+02   9.5215832e+01   1.2490814e+02   2.1588569e+02   8.9306047e+01   1.2798497e+02
   1.0199037e+02   9.4425185e+01   1.2389350e+02   2.1486660e+02   8.8925644e+01   1.2743032e+02
   1.0207016e+02   9.4695137e+01   1.2311143e+02   2.1462511e+02   8.8573369e+01   1.2740185e+02
   1.0153254e+02   9.4602180e+01   1.2352819e+02   2.1464021e+02   8.9792440e+01   1.2743443e+02
   1.0187801e+02   9.4479038e+01   1.2344690e+02   2.1552244e+02   9.0245219e+01   1.2818529e+02
   1.0185754e+02   9.4912264e+01   1.2355186e+02   2.1652129e+02   9.0194795e+01   1.2807964e+02
   1.0218504e+02   9.5015169e+01   1.2521136e+02   2.1692159e+02   9.1116131e+01   1.2858044e+02
   1.0202630e+02   9.5086858e+01   1.2585760e+02   2.1711196e+02   9.0415010e+01   1.2931003e+02
   1.0188177e+02   9.4912607e+01   1.2553105e+02   2.1587814e+02   9.0092577e+01   1.2815682e+02
   1.0109936e+02   9.4138768e+01   1.2396416e+02   2.1650826e+02   9.0069938e+01   1.2853585e+02
   1.0165494e+02   9.3646200e+01   1.2521239e+02   2.1629182e+02   9.0079543e+01   1.2899789e+02
   1.0193356e+02   9.5207256e+01   1.2719432e+02   2.1809710e+02   9.1352467e+01   1.2922188e+02
   1.0194735e+02   9.3977895e+01   1.2648360e+02   2.1720252e+02   9.0577942e+01   1.2880203e+02
   1.0205262e+02   9.4446109e+01   1.2531358e+02   2.1688043e+02   9.0931589e+01   1.2909976e+02
   1.0198954e+02   9.4035864e+01   1.2367089e+02   2.1692811e+02   8.9782836e+01   1.2822645e+02
   1.0164617e+02   9.4193650e+01   1.2304351e+02   2.1888534e+02   9.0893858e+01   1.2852727e+02
   1.0252382e+02   9.4871789e+01   1.2559691e+02   2.1897007e+02   9.0332344e+01   1.2881815e+02
   1.0256392e+02   9.5111898e+01   1.2646782e+02   2.1851215e+02   9.1359327e+01   1.2953471e+02
   1.0218587e+02   9.4814848e+01   1.2524155e+02   2.1752564e+02   9.1372362e+01   1.2910182e+02
   1.0248664e+02   9.5324910e+01   1.2451676e+02   2.1748688e+02   9.1272545e+01   1.2959165e+02
   1.0267378e+02   9.5514940e+01   1.2681735e+02   2.1878416e+02   9.1685877e+01   1.3002899e+02
   1.0270219e+02   9.4651231e+01   1.2705609e+02   2.1864661e+02   9.0776204e+01   1.2961943e+02
   1.0208729e+02   9.4737670e+01   1.2615088e+02   2.1800311e+02   9.0010940e+01   1.2868986e+02
   1.0169212e+02   9.4352809e+01   1.2494209e+02   2.1831183e+02   9.1201541e+01   1.2932718e+02
   1.0188344e+02   9.5076225e+01   1.2489236e+02   2.1814512e+02   9.1284893e+01   1.2865419e+02
   1.0230409e+02   9.4933188e+01   1.2574406e+02   2.1829673e+02   9.0995733e+01   1.2909188e+02
   1.0222389e+02   9.4908491e+01   1.2529025e+02   2.1735070e+02   9.0469550e+01   1.2791259e+02
   1.0200165e+02   9.4937990e+01   1.2415419e+02   2.1709996e+02   9.0183133e+01   1.2853276e+02
   1.0175394e+02   9.3984069e+01   1.2225184e+02   2.1600231e+02   9.0153634e+01   1.2763407e+02
   1.0201502e+02   9.4980867e+01   1.2194278e+02   2.1701352e+02   9.0437306e+01   1.2833073e+02
   1.0225730e+02   9.5193193e+01   1.2398680e+02   2.1759973e+02   9.1344921e+01   1.2895261e+02
   1.0258439e+02   9.4949996e+01   1.2543192e+02   2.1946710e+02   9.1467034e+01   1.2931518e+02
   1.0240852e+02   9.4743502e+01   1.2403242e+02   2.1762511e+02   9.1103096e+01   1.2861543e+02
   1.0214828e+02   9.4512653e+01   1.2324589e+02   2.1736511e+02   9.0617388e+01   1.2846485e+02
   1.0241729e+02   9.5004192e+01   1.2408010e+02   2.1741176e+02   8.9804103e+01   1.2805049e+02
   1.0188302e+02   9.4970577e+01   1.2296050e+02   2.1588843e+02   8.9207945e+01   1.2659336e+02
   1.0127940e+02   9.4596349e+01   1.1992723e+02   2.1555502e+02   8.8282493e+01   1.2604694e+02
   1.0111231e+02   9.4405633e+01   1.1902716e+02   2.1474585e+02   8.8585032e+01   1.2640368e+02
   1.0063610e+02   9.4314048e+01   1.1963224e+02   2.1383309e+02   8.8317824e+01   1.2637383e+02
   1.0072841e+02   9.4050614e+01   1.2050178e+02   2.1522779e+02   8.7999850e+01   1.2599583e+02
   1.0082658e+02   9.4082857e+01   1.1973343e+02   2.1386980e+02   8.8009111e+01   1.2520176e+02
   1.0107972e+02   9.4491043e+01   1.2050487e+02   2.1435825e+02   8.8331544e+01   1.2641705e+02
   1.0101706e+02   9.3398544e+01   1.2245044e+02   2.1449648e+02   8.8873163e+01   1.2666505e+02
   1.0078815e+02   9.4386424e+01   1.2011623e+02   2.1217428e+02   8.7441767e+01   1.2541580e+02
   1.0023842e+02   9.4266369e+01   1.1751516e+02   2.1513963e+02   8.8200856e+01   1.2574612e+02
   1.0049616e+02   9.4155919e+01   1.1855826e+02   2.1500414e+02   8.8464634e+01   1.2588744e+02
   1.0057176e+02   9.3915809e+01   1.1988230e+02   2.1517359e+02   8.8872477e+01   1.2642803e+02
   1.0095065e+02   9.3877392e+01   1.2018278e+02   2.1480931e+02   8.9226467e+01   1.2753425e+02
   1.0114823e+02   9.4605267e+01   1.2059199e+02   2.1564318e+02   9.0810848e+01   1.2811017e+02
   1.0168543e+02   9.4228295e+01   1.2295399e+02   2.1560819e+02   8.9882653e+01   1.2912652e+02
   1.0147907e+02   9.4191935e+01   1.2353848e+02   2.1675008e+02   8.9857613e+01   1.2824566e+02
   1.0150497e+02   9.4219377e+01   1.2325652e+02   2.1637723e+02   8.9796556e+01   1.2820518e+02
   1.0149202e+02   9.3928501e+01   1.2362081e+02   2.1674871e+02   9.0288438e+01   1.2814001e+02
   1.0164032e+02   9.4085601e+01   1.2408628e+02   2.1521304e+02   8.9139685e+01   1.2784125e+02
   1.0117789e+02   9.3748762e+01   1.2253311e+02   2.1414695e+02   8.8616246e+01   1.2753665e+02
   1.0151082e+02   9.4229667e+01   1.2032959e+02   2.1446047e+02   8.9124935e+01   1.2788138e+02
   1.0170841e+02   9.4599436e+01   1.2256775e+02   2.1505800e+02   8.9312564e+01   1.2771399e+02
   1.0173096e+02   9.4860469e+01   1.2440425e+02   2.1622390e+02   8.9977668e+01   1.2850189e+02
   1.0202755e+02   9.5212401e+01   1.2318655e+02   2.1704713e+02   9.0922328e+01   1.2848680e+02
   1.0272516e+02   9.5118073e+01   1.2677859e+02   2.1928324e+02   9.1554502e+01   1.2936629e+02
   1.0249499e+02   9.5197309e+01   1.2775584e+02   2.1771155e+02   9.1123334e+01   1.2910354e+02
   1.0140346e+02   9.4447824e+01   1.2407255e+02   2.1687460e+02   9.0313821e+01   1.2817774e+02
   1.0205471e+02   9.4522944e+01   1.2370038e+02   2.1778187e+02   9.0664038e+01   1.2878076e+02
   1.0178318e+02   9.4520543e+01   1.2406329e+02   2.1674185e+02   9.0716176e+01   1.2941019e+02
   1.0234795e+02   9.4709200e+01   1.2476373e+02   2.1818560e+02   9.0804674e+01   1.2976624e+02
   1.0297789e+02   9.4883451e+01   1.2581987e+02   2.1691782e+02   9.1392600e+01   1.2973743e+02
   1.0274062e+02   9.5295754e+01   1.2699846e+02   2.1865004e+02   9.1760997e+01   1.3002179e+02
   1.0253384e+02   9.4487956e+01   1.2647708e+02   2.1797327e+02   9.0744304e+01   1.2935462e+02
   1.0206014e+02   9.4958228e+01   1.2501790e+02   2.1632097e+02   8.9843206e+01   1.2809542e+02
   1.0189471e+02   9.4841604e+01   1.2394255e+02   2.1490055e+02   8.8947940e+01   1.2757095e+02
   1.0166371e+02   9.4104124e+01   1.2272417e+02   2.1538214e+02   8.8125393e+01   1.2773045e+02
   1.0161442e+02   9.4568565e+01   1.2350898e+02   2.1480794e+02   8.9226124e+01   1.2774417e+02
   1.0147615e+02   9.4700282e+01   1.2350144e+02   2.1540135e+02   8.9593492e+01   1.2796919e+02
   1.0205596e+02   9.4743159e+01   1.2228202e+02   2.1470812e+02   8.9677188e+01   1.2807141e+02
   1.0201669e+02   9.5223721e+01   1.2171742e+02   2.1511562e+02   8.9921756e+01   1.2828442e+02
   1.0139803e+02   9.4572681e+01   1.2148143e+02   2.1606166e+02   9.0106984e+01   1.2851596e+02
   1.0239933e+02   9.5400373e+01   1.2344827e+02   2.1599923e+02   8.9399689e+01   1.2810262e+02
   1.0197826e+02   9.4902317e+01   1.2310594e+02   2.1556463e+02   8.9040211e+01   1.2785565e+02
   1.0173598e+02   9.4590517e+01   1.2270770e+02   2.1580405e+02   8.9732070e+01   1.2778911e+02
   1.0176480e+02   9.4981896e+01   1.2230706e+02   2.1478976e+02   8.9026490e+01   1.2698097e+02
   1.0152168e+02   9.4215946e+01   1.2132741e+02   2.1449168e+02   8.8321254e+01   1.2767694e+02
   1.0119794e+02   9.4390883e+01   1.2028843e+02   2.1478839e+02   8.8676616e+01   1.2827447e+02
   1.0126436e+02   9.4753792e+01   1.2045787e+02   2.1444126e+02   8.9705315e+01   1.2802853e+02
   1.0151918e+02   9.4817250e+01   1.2142449e+02   2.1444778e+02   8.9649060e+01   1.2884250e+02
   1.0177148e+02   9.5378420e+01   1.2366986e+02   2.1531903e+02   9.0696968e+01   1.2990996e+02
   1.0231579e+02   9.5124933e+01   1.2490128e+02   2.1439289e+02   9.0475038e+01   1.2961703e+02
   1.0150790e+02   9.4937990e+01   1.2525904e+02   2.1477089e+02   9.0645859e+01   1.2962801e+02
   1.0233793e+02   9.5115672e+01   1.2612275e+02   2.1743645e+02   9.1068795e+01   1.2925412e+02
   1.0183080e+02   9.4860812e+01   1.2383622e+02   2.1680051e+02   9.0364244e+01   1.2922462e+02
   1.0243776e+02   9.4933874e+01   1.2297320e+02   2.1684716e+02   8.9799301e+01   1.2938481e+02
   1.0251379e+02   9.5926899e+01   1.2426121e+02   2.1645612e+02   8.9815765e+01   1.2929665e+02
   1.0222221e+02   9.5119445e+01   1.2412435e+02   2.1568468e+02   8.9370190e+01   1.2883221e+02
   1.0245280e+02   9.5389740e+01   1.2324006e+02   2.1562809e+02   8.9753680e+01   1.2922462e+02
   1.0260778e+02   9.5642198e+01   1.2592140e+02   2.1616113e+02   8.9827085e+01   1.2895879e+02
   1.0156053e+02   9.4765454e+01   1.2371136e+02   2.1518766e+02   8.9738587e+01   1.2777264e+02
   1.0095524e+02   9.5060103e+01   1.2293375e+02   2.1448173e+02   8.9737558e+01   1.2759153e+02
   1.0086459e+02   9.4682788e+01   1.2243123e+02   2.1582738e+02   8.9685077e+01   1.2762515e+02
   1.0113695e+02   9.5360240e+01   1.2297800e+02   2.1635459e+02   9.0455486e+01   1.2832078e+02
   1.0235714e+02   9.5512539e+01   1.2408559e+02   2.1604450e+02   9.0258939e+01   1.2878385e+02
   1.0180824e+02   9.4970920e+01   1.2330317e+02   2.1495681e+02   9.0124478e+01   1.2838218e+02
   1.0208562e+02   9.5208628e+01   1.2340265e+02   2.1494755e+02   8.9970807e+01   1.2875298e+02
   1.0195194e+02   9.4913293e+01   1.2362046e+02   2.1478461e+02   9.0147117e+01   1.2861817e+02
   1.0224352e+02   9.5238814e+01   1.2217740e+02   2.1623831e+02   9.0338518e+01   1.2903116e+02
   1.0260569e+02   9.5242930e+01   1.2356284e+02   2.1586957e+02   8.9961203e+01   1.2908707e+02
   1.0284714e+02   9.4967833e+01   1.2491843e+02   2.1497190e+02   8.8680733e+01   1.2956455e+02
   1.0213783e+02   9.4813819e+01   1.2373606e+02   2.1351100e+02   8.8073598e+01   1.2831495e+02
   1.0144190e+02   9.4524659e+01   1.2167214e+02   2.1297865e+02   8.8393973e+01   1.2833382e+02
   1.0165201e+02   9.4630650e+01   1.2238355e+02   2.1299443e+02   8.8215263e+01   1.2795924e+02
   1.0218963e+02   9.4674556e+01   1.2254340e+02   2.1329353e+02   8.9319081e+01   1.2824978e+02
   1.0176898e+02   9.4849493e+01   1.2435691e+02   2.1444057e+02   8.9282036e+01   1.2758193e+02
   1.0223433e+02   9.5120131e+01   1.2500075e+02   2.1419017e+02   8.9413753e+01   1.2814070e+02
   1.0185169e+02   9.4991158e+01   1.2492289e+02   2.1429308e+02   8.9674787e+01   1.2872176e+02
   1.0152878e+02   9.5241558e+01   1.2347537e+02   2.1420115e+02   8.9367789e+01   1.2831152e+02
   1.0221887e+02   9.5635681e+01   1.2366746e+02   2.1491565e+02   9.0212289e+01   1.2897491e+02
   1.0225354e+02   9.5585944e+01   1.2478945e+02   2.1629628e+02   9.0938449e+01   1.2835268e+02
   1.0210943e+02   9.5232296e+01   1.2509611e+02   2.1634396e+02   9.0428388e+01   1.2843226e+02
   1.0218378e+02   9.5078283e+01   1.2321571e+02   2.1571041e+02   8.9936506e+01   1.2866517e+02
   1.0103294e+02   9.4356925e+01   1.2102179e+02   2.1521921e+02   9.0448626e+01   1.2805494e+02
   1.0138801e+02   9.4754821e+01   1.1991763e+02   2.1516502e+02   9.0770030e+01   1.2822336e+02
   1.0224519e+02   9.5016541e+01   1.2141077e+02   2.1531903e+02   9.0847208e+01   1.2970896e+02
   1.0192437e+02   9.4832342e+01   1.2260823e+02   2.1559790e+02   9.1469092e+01   1.2943969e+02
   1.0222932e+02   9.5192507e+01   1.2221479e+02   2.1542777e+02   9.1254365e+01   1.2906992e+02
   1.0239891e+02   9.5005221e+01   1.2253688e+02   2.1627227e+02   9.1176844e+01   1.2920164e+02
   1.0154507e+02   9.4792896e+01   1.2235920e+02   2.1589221e+02   9.0328228e+01   1.2867306e+02
   1.0189764e+02   9.4759280e+01   1.2168038e+02   2.1534887e+02   9.0261340e+01   1.2846382e+02
