   1.3056371e+02   1.2295864e+02   1.4510819e+02   1.7164909e+02   1.3316840e+02   1.5359575e+02
   1.3113834e+02   1.2333893e+02   1.4560699e+02   1.7156366e+02   1.3333030e+02   1.5277892e+02
   1.3153923e+02   1.2385715e+02   1.4664586e+02   1.7274650e+02   1.3505161e+02   1.5444073e+02
   1.3252211e+02   1.2434849e+02   1.4816624e+02   1.7370507e+02   1.3575390e+02   1.5530363e+02
   1.3280846e+02   1.2444901e+02   1.4894532e+02   1.7323090e+02   1.3599418e+02   1.5470916e+02
   1.3246644e+02   1.2422029e+02   1.4941788e+02   1.7419459e+02   1.3621430e+02   1.5526587e+02
   1.3271920e+02   1.2428303e+02   1.4984885e+02   1.7429089e+02   1.3627925e+02   1.5522492e+02
   1.3329702e+02   1.2422575e+02   1.5009041e+02   1.7361772e+02   1.3674189e+02   1.5455911e+02
   1.3302859e+02   1.2454097e+02   1.5023054e+02   1.7509748e+02   1.3695082e+02   1.5572404e+02
   1.3363361e+02   1.2460954e+02   1.5023054e+02   1.7436704e+02   1.3615607e+02   1.5498752e+02
   1.3318408e+02   1.2428809e+02   1.5046922e+02   1.7296503e+02   1.3599610e+02   1.5429387e+02
   1.3226199e+02   1.2322009e+02   1.4903362e+02   1.7350126e+02   1.3612407e+02   1.5564821e+02
   1.3310473e+02   1.2422029e+02   1.4979542e+02   1.7360140e+02   1.3664655e+02   1.5519580e+02
   1.3307594e+02   1.2442057e+02   1.4969111e+02   1.7332721e+02   1.3598458e+02   1.5435402e+02
   1.3262353e+02   1.2433056e+02   1.5007409e+02   1.7362188e+02   1.3628021e+02   1.5543576e+02
   1.3318024e+02   1.2448213e+02   1.5030925e+02   1.7372202e+02   1.3614871e+02   1.5526683e+02
   1.3296332e+02   1.2459630e+02   1.4994067e+02   1.7356269e+02   1.3642098e+02   1.5464325e+02
   1.3237461e+02   1.2394755e+02   1.4976758e+02   1.7362732e+02   1.3624053e+02   1.5487330e+02
   1.3293388e+02   1.2415133e+02   1.5001746e+02   1.7355629e+02   1.3641779e+02   1.5523996e+02
   1.3341284e+02   1.2412678e+02   1.4959641e+02   1.7347982e+02   1.3674541e+02   1.5526395e+02
   1.3205915e+02   1.2409639e+02   1.4969175e+02   1.7302454e+02   1.3612183e+02   1.5471812e+02
   1.3213881e+02   1.2391755e+02   1.4911457e+02   1.7231298e+02   1.3495083e+02   1.5371829e+02
   1.3226455e+02   1.2409016e+02   1.4884485e+02   1.7228002e+02   1.3472079e+02   1.5445769e+02
   1.3221496e+02   1.2394755e+02   1.4864521e+02   1.7225475e+02   1.3471599e+02   1.5428939e+02
   1.3264401e+02   1.2417665e+02   1.4917792e+02   1.7264156e+02   1.3445651e+02   1.5419757e+02
   1.3272048e+02   1.2434849e+02   1.4859913e+02   1.7328594e+02   1.3517479e+02   1.5515261e+02
   1.3265617e+02   1.2448759e+02   1.4919903e+02   1.7316404e+02   1.3614391e+02   1.5424396e+02
   1.3310793e+02   1.2474903e+02   1.5028717e+02   1.7370891e+02   1.3662639e+02   1.5555030e+02
   1.3393819e+02   1.2511763e+02   1.5054281e+02   1.7397414e+02   1.3708424e+02   1.5535162e+02
   1.3364000e+02   1.2534401e+02   1.5119806e+02   1.7336304e+02   1.3657104e+02   1.5443433e+02
   1.3380350e+02   1.2506152e+02   1.5058249e+02   1.7423234e+02   1.3706120e+02   1.5547992e+02
   1.3360769e+02   1.2500074e+02   1.5151481e+02   1.7367307e+02   1.3689867e+02   1.5499872e+02
   1.3325031e+02   1.2475994e+02   1.4981365e+02   1.7368779e+02   1.3729828e+02   1.5523612e+02
   1.3283726e+02   1.2510828e+02   1.5077445e+02   1.7408452e+02   1.3751456e+02   1.5547672e+02
   1.3361281e+02   1.2432706e+02   1.5058696e+02   1.7422626e+02   1.3718118e+02   1.5564373e+02
   1.3286317e+02   1.2501555e+02   1.5017359e+02   1.7368203e+02   1.3739138e+02   1.5494081e+02
   1.3271952e+02   1.2495710e+02   1.5000402e+02   1.7341967e+02   1.3709991e+02   1.5446664e+02
   1.3295148e+02   1.2468085e+02   1.5053993e+02   1.7394407e+02   1.3740354e+02   1.5530075e+02
   1.3358817e+02   1.2426666e+02   1.5085092e+02   1.7417027e+02   1.3735555e+02   1.5510302e+02
   1.3335685e+02   1.2398339e+02   1.5069159e+02   1.7360524e+02   1.3673421e+02   1.5530235e+02
   1.3260402e+02   1.2411938e+02   1.4986804e+02   1.7330705e+02   1.3586940e+02   1.5497216e+02
   1.3312073e+02   1.2374455e+02   1.4846668e+02   1.7250142e+02   1.3486508e+02   1.5377492e+02
   1.3320744e+02   1.2434732e+02   1.4770712e+02   1.7246111e+02   1.3474158e+02   1.5392433e+02
   1.3385181e+02   1.2477982e+02   1.4885253e+02   1.7322579e+02   1.3534532e+02   1.5442153e+02
   1.3427510e+02   1.2490060e+02   1.5013040e+02   1.7367531e+02   1.3596762e+02   1.5494912e+02
   1.3377438e+02   1.2487216e+02   1.4947163e+02   1.7287128e+02   1.3593371e+02   1.5456775e+02
   1.3329606e+02   1.2489320e+02   1.4923327e+02   1.7274426e+02   1.3538788e+02   1.5416109e+02
   1.3272911e+02   1.2430173e+02   1.4797748e+02   1.7258621e+02   1.3509928e+02   1.5452743e+02
   1.3293004e+02   1.2502178e+02   1.4859689e+02   1.7270331e+02   1.3570046e+02   1.5445001e+02
   1.3394939e+02   1.2444044e+02   1.4947259e+02   1.7337904e+02   1.3611480e+02   1.5487106e+02
   1.3368512e+02   1.2458655e+02   1.4989524e+02   1.7350254e+02   1.3655536e+02   1.5446024e+02
   1.3307050e+02   1.2450785e+02   1.4980597e+02   1.7283449e+02   1.3627509e+02   1.5402672e+02
   1.3346531e+02   1.2464773e+02   1.5023566e+02   1.7365611e+02   1.3715046e+02   1.5477571e+02
   1.3306602e+02   1.2483631e+02   1.5078885e+02   1.7389799e+02   1.3691370e+02   1.5452455e+02
   1.3207898e+02   1.2489632e+02   1.5024526e+02   1.7358829e+02   1.3722533e+02   1.5479427e+02
   1.3234294e+02   1.2387702e+02   1.4926078e+02   1.7328210e+02   1.3598522e+02   1.5459942e+02
   1.3248787e+02   1.2378156e+02   1.4874119e+02   1.7270203e+02   1.3550786e+02   1.5401616e+02
   1.3203579e+02   1.2322750e+02   1.4912449e+02   1.7193416e+02   1.3497706e+02   1.5374580e+02
   1.3175871e+02   1.2352167e+02   1.4907777e+02   1.7232833e+02   1.3563232e+02   1.5412878e+02
   1.3269168e+02   1.2341803e+02   1.4944987e+02   1.7297367e+02   1.3574238e+02   1.5479331e+02
   1.3251187e+02   1.2402703e+02   1.4989204e+02   1.7284921e+02   1.3554113e+02   1.5476867e+02
   1.3287405e+02   1.2347608e+02   1.4964696e+02   1.7242528e+02   1.3487308e+02   1.5450472e+02
   1.3307338e+02   1.2419302e+02   1.4872455e+02   1.7233537e+02   1.3526438e+02   1.5371509e+02
   1.3295148e+02   1.2462708e+02   1.4977718e+02   1.7259101e+02   1.3574270e+02   1.5419021e+02
   1.3306954e+02   1.2502295e+02   1.5034732e+02   1.7347726e+02   1.3591259e+02   1.5505887e+02
   1.3293772e+02   1.2470150e+02   1.5035692e+02   1.7281465e+02   1.3611863e+02   1.5451208e+02
   1.3290253e+02   1.2406405e+02   1.5053449e+02   1.7271035e+02   1.3580093e+02   1.5484738e+02
   1.3340452e+02   1.2369039e+02   1.5014960e+02   1.7291736e+02   1.3628981e+02   1.5474116e+02
   1.3316200e+02   1.2388092e+02   1.4969943e+02   1.7277274e+02   1.3656560e+02   1.5395537e+02
   1.3262609e+02   1.2341998e+02   1.5012240e+02   1.7329649e+02   1.3669774e+02   1.5472740e+02
   1.3357473e+02   1.2397833e+02   1.4986068e+02   1.7261661e+02   1.3564031e+02   1.5398512e+02
   1.3270768e+02   1.2340205e+02   1.4919359e+02   1.7175595e+02   1.3418199e+02   1.5349784e+02
   1.3194332e+02   1.2369389e+02   1.4904578e+02   1.7227170e+02   1.3463888e+02   1.5366454e+02
   1.3338789e+02   1.2348466e+02   1.4942364e+02   1.7259005e+02   1.3487020e+02   1.5387154e+02
   1.3352546e+02   1.2405587e+02   1.4975382e+02   1.7291192e+02   1.3565759e+02   1.5462854e+02
   1.3389532e+02   1.2444083e+02   1.5079013e+02   1.7401286e+02   1.3664751e+02   1.5495904e+02
   1.3377502e+02   1.2465007e+02   1.5103233e+02   1.7394087e+02   1.3725829e+02   1.5543320e+02
   1.3301387e+02   1.2456240e+02   1.5092707e+02   1.7349582e+02   1.3725157e+02   1.5467397e+02
   1.3345795e+02   1.2479579e+02   1.5085476e+02   1.7365611e+02   1.3704744e+02   1.5458055e+02
   1.3337029e+02   1.2458032e+02   1.5073702e+02   1.7350958e+02   1.3700777e+02   1.5509534e+02
   1.3404922e+02   1.2437225e+02   1.5009073e+02   1.7309717e+02   1.3652593e+02   1.5434218e+02
   1.3418775e+02   1.2471864e+02   1.5051242e+02   1.7388264e+02   1.3703240e+02   1.5524252e+02
   1.3460369e+02   1.2450161e+02   1.5088068e+02   1.7311828e+02   1.3698953e+02   1.5438282e+02
   1.3426038e+02   1.2439096e+02   1.5087524e+02   1.7416643e+02   1.3685259e+02   1.5448616e+02
   1.3406649e+02   1.2425653e+02   1.5125181e+02   1.7435680e+02   1.3736163e+02   1.5548664e+02
   1.3426422e+02   1.2483359e+02   1.5119326e+02   1.7459228e+02   1.3715238e+02   1.5540665e+02
   1.3454961e+02   1.2515621e+02   1.5098850e+02   1.7489751e+02   1.3761119e+02   1.5542936e+02
   1.3481293e+02   1.2493333e+02   1.5121310e+02   1.7457436e+02   1.3731204e+02   1.5555350e+02
   1.3376318e+02   1.2529531e+02   1.5009457e+02   1.7289752e+02   1.3713191e+02   1.5470468e+02
   1.3325863e+02   1.2528050e+02   1.5030989e+02   1.7243424e+02   1.3665775e+02   1.5478499e+02
   1.3345603e+02   1.2504477e+02   1.5023790e+02   1.7245855e+02   1.3597466e+02   1.5486690e+02
   1.3435893e+02   1.2487528e+02   1.5062888e+02   1.7300054e+02   1.3640723e+02   1.5450344e+02
   1.3432021e+02   1.2485307e+02   1.5114143e+02   1.7343247e+02   1.3569247e+02   1.5404399e+02
   1.3340612e+02   1.2511179e+02   1.5023374e+02   1.7353677e+02   1.3637331e+02   1.5439242e+02
   1.3270160e+02   1.2358324e+02   1.5025518e+02   1.7236065e+02   1.3569247e+02   1.5405871e+02
   1.3284078e+02   1.2392222e+02   1.5000594e+02   1.7322674e+02   1.3582748e+02   1.5472324e+02
   1.3324007e+02   1.2436836e+02   1.5038412e+02   1.7322131e+02   1.3614455e+02   1.5493121e+02
   1.3292684e+02   1.2377533e+02   1.4992179e+02   1.7360812e+02   1.3625493e+02   1.5497472e+02
   1.3378942e+02   1.2428536e+02   1.5052106e+02   1.7324338e+02   1.3584796e+02   1.5466181e+02
   1.3380222e+02   1.2372156e+02   1.5073478e+02   1.7271035e+02   1.3530053e+02   1.5473508e+02
   1.3419287e+02   1.2414276e+02   1.5131260e+02   1.7305237e+02   1.3643122e+02   1.5498848e+02
   1.3451250e+02   1.2418016e+02   1.5172822e+02   1.7380713e+02   1.3646194e+02   1.5496992e+02
   1.3445907e+02   1.2481683e+02   1.5127005e+02   1.7383049e+02   1.3655568e+02   1.5524476e+02
   1.3429078e+02   1.2510672e+02   1.5085444e+02   1.7394759e+02   1.3650001e+02   1.5490689e+02
   1.3350371e+02   1.2493996e+02   1.4991828e+02   1.7406853e+02   1.3641747e+02   1.5488513e+02
   1.3467215e+02   1.2570014e+02   1.5093731e+02   1.7462459e+02   1.3759231e+02   1.5540569e+02
   1.3441780e+02   1.2570871e+02   1.5157944e+02   1.7404645e+02   1.3795769e+02   1.5591600e+02
   1.3403578e+02   1.2505607e+02   1.5145082e+02   1.7365419e+02   1.3808407e+02   1.5577907e+02
   1.3412920e+02   1.2499139e+02   1.5195314e+02   1.7388904e+02   1.3749985e+02   1.5503199e+02
   1.3441140e+02   1.2451603e+02   1.5107776e+02   1.7421890e+02   1.3725925e+02   1.5509246e+02
   1.3415608e+02   1.2493411e+02   1.5137755e+02   1.7388840e+02   1.3724037e+02   1.5476260e+02
   1.3436916e+02   1.2510516e+02   1.5101185e+02   1.7383336e+02   1.3664111e+02   1.5469797e+02
   1.3335397e+02   1.2471046e+02   1.5060616e+02   1.7335120e+02   1.3672429e+02   1.5452295e+02
   1.3317640e+02   1.2483631e+02   1.5012016e+02   1.7302070e+02   1.3653265e+02   1.5404751e+02
   1.3343492e+02   1.2408002e+02   1.5048330e+02   1.7311956e+02   1.3630484e+02   1.5475204e+02
   1.3413720e+02   1.2468942e+02   1.5052234e+02   1.7356589e+02   1.3668974e+02   1.5466661e+02
   1.3406169e+02   1.2367753e+02   1.5073478e+02   1.7376458e+02   1.3634260e+02   1.5447304e+02
   1.3334373e+02   1.2424367e+02   1.5034668e+02   1.7373930e+02   1.3627445e+02   1.5429131e+02
   1.3347779e+02   1.2412250e+02   1.5087908e+02   1.7381225e+02   1.3673933e+02   1.5423468e+02
   1.3383357e+02   1.2481995e+02   1.5121918e+02   1.7369803e+02   1.3693610e+02   1.5503775e+02
   1.3371807e+02   1.2502412e+02   1.5123486e+02   1.7344015e+02   1.3677197e+02   1.5436170e+02
   1.3401498e+02   1.2494385e+02   1.5106433e+02   1.7394823e+02   1.3644114e+02   1.5495840e+02
   1.3413816e+02   1.2499918e+02   1.5119390e+02   1.7312564e+02   1.3614391e+02   1.5458023e+02
   1.3358753e+02   1.2459552e+02   1.5057161e+02   1.7294071e+02   1.3579933e+02   1.5488961e+02
   1.3392092e+02   1.2437927e+02   1.4987732e+02   1.7286648e+02   1.3601881e+02   1.5473380e+02
   1.3391036e+02   1.2472566e+02   1.5112032e+02   1.7349870e+02   1.3645522e+02   1.5412110e+02
   1.3380766e+02   1.2477787e+02   1.5120062e+02   1.7358829e+02   1.3601433e+02   1.5468197e+02
   1.3378718e+02   1.2492476e+02   1.5037100e+02   1.7297751e+02   1.3565183e+02   1.5428875e+02
   1.3402170e+02   1.2512231e+02   1.4992979e+02   1.7338864e+02   1.3660783e+02   1.5471172e+02
   1.3461744e+02   1.2458071e+02   1.5087268e+02   1.7370635e+02   1.3715238e+02   1.5481507e+02
   1.3380286e+02   1.2480319e+02   1.5130941e+02   1.7415139e+02   1.3693546e+02   1.5471492e+02
   1.3359649e+02   1.2403833e+02   1.5059464e+02   1.7302102e+02   1.3594426e+02   1.5416429e+02
   1.3302411e+02   1.2426199e+02   1.4966616e+02   1.7299574e+02   1.3633492e+02   1.5451240e+02
   1.3310633e+02   1.2408626e+02   1.5014640e+02   1.7256925e+02   1.3523654e+02   1.5396753e+02
   1.3339396e+02   1.2453006e+02   1.4988084e+02   1.7285721e+02   1.3533860e+02   1.5450056e+02
   1.3362785e+02   1.2507243e+02   1.5016239e+02   1.7271387e+02   1.3549698e+02   1.5390866e+02
   1.3398171e+02   1.2505685e+02   1.4974550e+02   1.7312436e+02   1.3575262e+02   1.5437098e+02
   1.3398267e+02   1.2536700e+02   1.4994387e+02   1.7284505e+02   1.3613463e+02   1.5386706e+02
   1.3456721e+02   1.2465240e+02   1.5013936e+02   1.7324402e+02   1.3626485e+02   1.5443529e+02
   1.3411545e+02   1.2437264e+02   1.5063624e+02   1.7378185e+02   1.3648081e+02   1.5496256e+02
   1.3493035e+02   1.2519322e+02   1.5151577e+02   1.7425186e+02   1.3698633e+02   1.5469733e+02
   1.3493707e+02   1.2461032e+02   1.5197362e+02   1.7433216e+02   1.3574494e+02   1.5442857e+02
   1.3431989e+02   1.2502685e+02   1.5037004e+02   1.7292567e+02   1.3497258e+02   1.5370549e+02
   1.3446547e+02   1.2449343e+02   1.5015984e+02   1.7300918e+02   1.3535460e+02   1.5379028e+02
   1.3412312e+02   1.2443966e+02   1.5014768e+02   1.7330385e+02   1.3572222e+02   1.5468645e+02
   1.3389468e+02   1.2483436e+02   1.4996691e+02   1.7264732e+02   1.3524134e+02   1.5377940e+02
   1.3310921e+02   1.2424289e+02   1.4908257e+02   1.7281561e+02   1.3475342e+02   1.5364694e+02
   1.3328390e+02   1.2452967e+02   1.4922559e+02   1.7283481e+02   1.3572030e+02   1.5432523e+02
   1.3366112e+02   1.2466877e+02   1.5056233e+02   1.7361708e+02   1.3690347e+02   1.5458726e+02
   1.3330374e+02   1.2475332e+02   1.5034796e+02   1.7303798e+02   1.3667790e+02   1.5457255e+02
   1.3307850e+02   1.2416886e+02   1.5018191e+02   1.7320083e+02   1.3624917e+02   1.5428299e+02
   1.3269744e+02   1.2378546e+02   1.5030541e+02   1.7337424e+02   1.3573054e+02   1.5484066e+02
   1.3263569e+02   1.2431576e+02   1.4958393e+02   1.7175979e+02   1.3570814e+02   1.5388818e+02
   1.3380958e+02   1.2434615e+02   1.4821520e+02   1.7325746e+02   1.3587260e+02   1.5473060e+02
   1.3371967e+02   1.2451408e+02   1.4954778e+02   1.7304757e+02   1.3587643e+02   1.5410926e+02
   1.3450194e+02   1.2485580e+02   1.5103201e+02   1.7376778e+02   1.3671054e+02   1.5444969e+02
   1.3382717e+02   1.2530466e+02   1.5139739e+02   1.7363532e+02   1.3767774e+02   1.5494880e+02
   1.3294252e+02   1.2430679e+02   1.5176117e+02   1.7267068e+02   1.3705864e+02   1.5427788e+02
   1.3260370e+02   1.2454292e+02   1.5037516e+02   1.7238944e+02   1.3614199e+02   1.5435722e+02
   1.3309865e+02   1.2403054e+02   1.4990004e+02   1.7279290e+02   1.3627797e+02   1.5356439e+02
   1.3337381e+02   1.2411392e+02   1.5006705e+02   1.7302742e+02   1.3611799e+02   1.5427979e+02
   1.3261041e+02   1.2395885e+02   1.4957753e+02   1.7263228e+02   1.3596346e+02   1.5361782e+02
   1.3352418e+02   1.2394677e+02   1.5023534e+02   1.7318643e+02   1.3627253e+02   1.5374420e+02
   1.3331398e+02   1.2399041e+02   1.4980501e+02   1.7298870e+02   1.3635380e+02   1.5368341e+02
   1.3305322e+02   1.2442018e+02   1.5011248e+02   1.7259037e+02   1.3675053e+02   1.5358295e+02
   1.3233942e+02   1.2398534e+02   1.4946139e+02   1.7185129e+02   1.3643602e+02   1.5417709e+02
   1.3242772e+02   1.2433212e+02   1.4943771e+02   1.7198823e+02   1.3599034e+02   1.5391985e+02
   1.3300139e+02   1.2373714e+02   1.5020623e+02   1.7224451e+02   1.3615735e+02   1.5417837e+02
   1.3251443e+02   1.2403366e+02   1.5076773e+02   1.7265020e+02   1.3583196e+02   1.5466213e+02
   1.3288301e+02   1.2426666e+02   1.4991508e+02   1.7218500e+02   1.3539299e+02   1.5442505e+02
   1.3273455e+02   1.2431342e+02   1.4934941e+02   1.7176811e+02   1.3468751e+02   1.5371573e+02
   1.3243732e+02   1.2464695e+02   1.4936221e+02   1.7216420e+02   1.3527301e+02   1.5332827e+02
   1.3316520e+02   1.2404379e+02   1.5004625e+02   1.7251518e+02   1.3586876e+02   1.5412206e+02
   1.3339141e+02   1.2470656e+02   1.5016303e+02   1.7259517e+02   1.3687243e+02   1.5370037e+02
   1.3328294e+02   1.2489632e+02   1.5063784e+02   1.7299734e+02   1.3614103e+02   1.5420237e+02
   1.3363329e+02   1.2510711e+02   1.5141467e+02   1.7330385e+02   1.3593147e+02   1.5397489e+02
   1.3355042e+02   1.2463292e+02   1.5119646e+02   1.7307061e+02   1.3595674e+02   1.5374068e+02
   1.3300971e+02   1.2484995e+02   1.5117407e+02   1.7327442e+02   1.3656016e+02   1.5382163e+02
   1.3252979e+02   1.2443382e+02   1.5049034e+02   1.7275546e+02   1.3610424e+02   1.5358903e+02
   1.3262833e+02   1.2436212e+02   1.5003090e+02   1.7307637e+02   1.3715366e+02   1.5424556e+02
   1.3337989e+02   1.2451369e+02   1.5040459e+02   1.7274298e+02   1.3721349e+02   1.5429387e+02
   1.3296748e+02   1.2489476e+02   1.5085956e+02   1.7277594e+02   1.3746593e+02   1.5442025e+02
   1.3320168e+02   1.2417120e+02   1.5084196e+02   1.7294551e+02   1.3627797e+02   1.5392497e+02
   1.3369120e+02   1.2460409e+02   1.4971735e+02   1.7224707e+02   1.3538244e+02   1.5351352e+02
   1.3370623e+02   1.2427212e+02   1.4962232e+02   1.7238880e+02   1.3538820e+02   1.5317662e+02
   1.3373535e+02   1.2401418e+02   1.4959353e+02   1.7279322e+02   1.3562112e+02   1.5391026e+02
   1.3332294e+02   1.2448720e+02   1.4938524e+02   1.7185417e+02   1.3556545e+02   1.5339130e+02
   1.3316840e+02   1.2378117e+02   1.5030765e+02   1.7209797e+02   1.3517895e+02   1.5393713e+02
   1.3325703e+02   1.2434498e+02   1.5009905e+02   1.7252190e+02   1.3605880e+02   1.5429163e+02
   1.3338373e+02   1.2472955e+02   1.5114111e+02   1.7242880e+02   1.3671950e+02   1.5470308e+02
   1.3310665e+02   1.2479228e+02   1.5141339e+02   1.7251134e+02   1.3698473e+02   1.5442665e+02
   1.3322983e+02   1.2470423e+02   1.5106369e+02   1.7294295e+02   1.3701289e+02   1.5482914e+02
   1.3324647e+02   1.2467150e+02   1.5089315e+02   1.7212613e+02   1.3606968e+02   1.5349304e+02
   1.3354210e+02   1.2487995e+02   1.4960857e+02   1.7271675e+02   1.3493739e+02   1.5361590e+02
   1.3371103e+02   1.2483086e+02   1.5033773e+02   1.7289912e+02   1.3486348e+02   1.5349656e+02
   1.3378174e+02   1.2355557e+02   1.5026190e+02   1.7277242e+02   1.3488748e+02   1.5351992e+02
   1.3294828e+02   1.2454681e+02   1.4956505e+02   1.7193416e+02   1.3486252e+02   1.5349592e+02
   1.3321223e+02   1.2409327e+02   1.4937469e+02   1.7231074e+02   1.3480525e+02   1.5365494e+02
   1.3352738e+02   1.2490995e+02   1.5021935e+02   1.7261213e+02   1.3580989e+02   1.5363478e+02
   1.3467343e+02   1.2521309e+02   1.5103233e+02   1.7365579e+02   1.3615383e+02   1.5410510e+02
   1.3349251e+02   1.2494970e+02   1.5119071e+02   1.7297111e+02   1.3648913e+02   1.5385235e+02
   1.3327047e+02   1.2460448e+02   1.5146106e+02   1.7368075e+02   1.3641011e+02   1.5462982e+02
   1.3334501e+02   1.2503854e+02   1.5121726e+02   1.7260253e+02   1.3692554e+02   1.5441001e+02
   1.3300139e+02   1.2451876e+02   1.5097058e+02   1.7249567e+02   1.3637139e+02   1.5467589e+02
   1.3343428e+02   1.2467812e+02   1.4995443e+02   1.7152335e+02   1.3547938e+02   1.5353912e+02
   1.3345156e+02   1.2472137e+02   1.4900931e+02   1.7128595e+02   1.3450770e+02   1.5268966e+02
   1.3330630e+02   1.2426004e+02   1.4910401e+02   1.7213573e+02   1.3444723e+02   1.5322781e+02
   1.3333509e+02   1.2449382e+02   1.4945307e+02   1.7166860e+02   1.3520583e+02   1.5321885e+02
   1.3275823e+02   1.2431225e+02   1.4970199e+02   1.7298199e+02   1.3558592e+02   1.5394257e+02
   1.3322279e+02   1.2481839e+02   1.5053161e+02   1.7315764e+02   1.3613815e+02   1.5392049e+02
   1.3382589e+02   1.2433797e+02   1.5107712e+02   1.7330897e+02   1.3596506e+02   1.5421964e+02
   1.3337221e+02   1.2489008e+02   1.5085860e+02   1.7330001e+02   1.3617782e+02   1.5411182e+02
   1.3319400e+02   1.2410379e+02   1.5024430e+02   1.7254366e+02   1.3579517e+02   1.5386258e+02
   1.3274543e+02   1.2450044e+02   1.4972407e+02   1.7288984e+02   1.3577373e+02   1.5412718e+02
   1.3285933e+02   1.2438238e+02   1.5003698e+02   1.7199943e+02   1.3593371e+02   1.5353880e+02
   1.3227095e+02   1.2396041e+02   1.4996467e+02   1.7293815e+02   1.3620278e+02   1.5410158e+02
   1.3253267e+02   1.2404379e+02   1.5041675e+02   1.7236769e+02   1.3651729e+02   1.5338522e+02
   1.3294892e+02   1.2438355e+02   1.4949818e+02   1.7300598e+02   1.3606456e+02   1.5382195e+02
   1.3354466e+02   1.2489437e+02   1.5027950e+02   1.7214180e+02   1.3609080e+02   1.5300832e+02
   1.3389820e+02   1.2462591e+02   1.5066279e+02   1.7271483e+02   1.3550434e+02   1.5343129e+02
   1.3352386e+02   1.2474787e+02   1.5074022e+02   1.7261917e+02   1.3592315e+02   1.5361782e+02
   1.3356130e+02   1.2467617e+02   1.5079173e+02   1.7341423e+02   1.3534308e+02   1.5379603e+02
   1.3358785e+02   1.2447122e+02   1.5076390e+02   1.7327186e+02   1.3540867e+02   1.5343289e+02
   1.3416664e+02   1.2454330e+02   1.4994579e+02   1.7377385e+02   1.3552481e+02   1.5397712e+02
   1.3422935e+02   1.2511568e+02   1.4955993e+02   1.7255614e+02   1.3563647e+02   1.5379859e+02
   1.3469487e+02   1.2560507e+02   1.4945787e+02   1.7290328e+02   1.3653713e+02   1.5434090e+02
   1.3403610e+02   1.2544805e+02   1.5040619e+02   1.7256765e+02   1.3748161e+02   1.5407375e+02
   1.3408345e+02   1.2500970e+02   1.5109792e+02   1.7345391e+02   1.3720390e+02   1.5443113e+02
   1.3394459e+02   1.2473072e+02   1.5128029e+02   1.7277914e+02   1.3647058e+02   1.5371541e+02
   1.3370783e+02   1.2424874e+02   1.5108448e+02   1.7304565e+02   1.3618326e+02   1.5427436e+02
   1.3344100e+02   1.2404613e+02   1.5061864e+02   1.7321139e+02   1.3653297e+02   1.5456935e+02
   1.3341860e+02   1.2411704e+02   1.5119902e+02   1.7304981e+02   1.3586204e+02   1.5461094e+02
   1.3354786e+02   1.2428926e+02   1.5106209e+02   1.7200711e+02   1.3625621e+02   1.5392081e+02
   1.3411257e+02   1.2464929e+02   1.5082437e+02   1.7269979e+02   1.3644146e+02   1.5383763e+02
   1.3392476e+02   1.2469137e+02   1.5088612e+02   1.7288536e+02   1.3632756e+02   1.5422764e+02
   1.3372735e+02   1.2442602e+02   1.5128637e+02   1.7297239e+02   1.3635636e+02   1.5412206e+02
   1.3353858e+02   1.2476150e+02   1.5087492e+02   1.7283801e+02   1.3644498e+02   1.5436170e+02
   1.3374303e+02   1.2470695e+02   1.5111296e+02   1.7330897e+02   1.3659312e+02   1.5430347e+02
   1.3410521e+02   1.2458811e+02   1.5123550e+02   1.7354221e+02   1.3692298e+02   1.5504639e+02
   1.3445875e+02   1.2531713e+02   1.5110208e+02   1.7296823e+02   1.3758399e+02   1.5446088e+02
   1.3415928e+02   1.2556922e+02   1.5208624e+02   1.7366027e+02   1.3803672e+02   1.5479395e+02
   1.3462960e+02   1.2557974e+02   1.5228013e+02   1.7409220e+02   1.3815254e+02   1.5447176e+02
   1.3473518e+02   1.2483436e+02   1.5196786e+02   1.7360236e+02   1.3763198e+02   1.5481507e+02
   1.3354402e+02   1.2461032e+02   1.5125757e+02   1.7254654e+02   1.3665551e+02   1.5363062e+02
   1.3332486e+02   1.2460721e+02   1.5101601e+02   1.7191912e+02   1.3592507e+02   1.5360471e+02
   1.3307498e+02   1.2428497e+02   1.5070439e+02   1.7210821e+02   1.3634036e+02   1.5408111e+02
   1.3329126e+02   1.2503191e+02   1.5057641e+02   1.7185993e+02   1.3636339e+02   1.5341882e+02
   1.3306922e+02   1.2437070e+02   1.5068135e+02   1.7184393e+02   1.3620406e+02   1.5376372e+02
   1.3339141e+02   1.2479150e+02   1.5074726e+02   1.7261181e+02   1.3641811e+02   1.5376500e+02
   1.3380542e+02   1.2463955e+02   1.5170870e+02   1.7210949e+02   1.3525478e+02   1.5351032e+02
   1.3299979e+02   1.2461734e+02   1.5041003e+02   1.7230402e+02   1.3540003e+02   1.5335483e+02
   1.3341348e+02   1.2482268e+02   1.5167063e+02   1.7234561e+02   1.3518727e+02   1.5348697e+02
   1.3399771e+02   1.2497775e+02   1.5119806e+02   1.7340112e+02   1.3666286e+02   1.5426124e+02
   1.3483533e+02   1.2561559e+02   1.5203185e+02   1.7264668e+02   1.3688843e+02   1.5392369e+02
   1.3432949e+02   1.2577534e+02   1.5067623e+02   1.7293303e+02   1.3706600e+02   1.5404303e+02
   1.3382589e+02   1.2530778e+02   1.5132892e+02   1.7247839e+02   1.3664655e+02   1.5363510e+02
   1.3430581e+02   1.2455460e+02   1.5134876e+02   1.7240576e+02   1.3619318e+02   1.5334971e+02
   1.3290797e+02   1.2422224e+02   1.5101857e+02   1.7235841e+02   1.3697513e+02   1.5386770e+02
   1.3390620e+02   1.2452460e+02   1.5079429e+02   1.7321395e+02   1.3673069e+02   1.5418189e+02
   1.3408505e+02   1.2526375e+02   1.5091139e+02   1.7357997e+02   1.3732228e+02   1.5445417e+02
   1.3370911e+02   1.2477826e+02   1.5073702e+02   1.7250302e+02   1.3727332e+02   1.5334523e+02
   1.3343940e+02   1.2445758e+02   1.5028270e+02   1.7269691e+02   1.3700777e+02   1.5402096e+02
   1.3347971e+02   1.2481371e+02   1.5076869e+02   1.7251550e+02   1.3645458e+02   1.5347865e+02
   1.3360641e+02   1.2409288e+02   1.5078949e+02   1.7256637e+02   1.3667598e+02   1.5378708e+02
   1.3283598e+02   1.2387897e+02   1.5087940e+02   1.7198023e+02   1.3587707e+02   1.5371061e+02
   1.3336037e+02   1.2370052e+02   1.4967032e+02   1.7215908e+02   1.3526694e+02   1.5422764e+02
   1.3349411e+02   1.2459318e+02   1.4970903e+02   1.7187465e+02   1.3594202e+02   1.5355415e+02
   1.3290509e+02   1.2393391e+02   1.4917184e+02   1.7180362e+02   1.3517127e+02   1.5341850e+02
   1.3322407e+02   1.2377922e+02   1.4994899e+02   1.7123475e+02   1.3525126e+02   1.5323485e+02
   1.3305834e+02   1.2382091e+02   1.5132700e+02   1.7220963e+02   1.3590427e+02   1.5369525e+02
   1.3332070e+02   1.2382715e+02   1.5194770e+02   1.7321875e+02   1.3672717e+02   1.5478723e+02
   1.3332422e+02   1.2415055e+02   1.5202417e+02   1.7243136e+02   1.3617175e+02   1.5427404e+02
   1.3201435e+02   1.2417627e+02   1.4988244e+02   1.7218500e+02   1.3576029e+02   1.5382259e+02
   1.3316776e+02   1.2414938e+02   1.4906338e+02   1.7196199e+02   1.3555841e+02   1.5385970e+02
   1.3305354e+02   1.2435004e+02   1.4932829e+02   1.7206406e+02   1.3617782e+02   1.5414862e+02
   1.3284142e+02   1.2437070e+02   1.5042315e+02   1.7209093e+02   1.3656400e+02   1.5413550e+02
   1.3273519e+02   1.2380533e+02   1.5039020e+02   1.7160909e+02   1.3589563e+02   1.5406671e+02
   1.3240693e+02   1.2367909e+02   1.5001362e+02   1.7082522e+02   1.3486252e+02   1.5353848e+02
   1.3223000e+02   1.2304709e+02   1.4873639e+02   1.7071196e+02   1.3391196e+02   1.5289442e+02
   1.3121097e+02   1.2356648e+02   1.4741181e+02   1.7038657e+02   1.3420535e+02   1.5242314e+02
   1.3224248e+02   1.2343985e+02   1.4821744e+02   1.7096248e+02   1.3432437e+02   1.5317758e+02
   1.3257330e+02   1.2417159e+02   1.4778615e+02   1.7150927e+02   1.3438708e+02   1.5353816e+02
   1.3269456e+02   1.2439485e+02   1.4871879e+02   1.7119828e+02   1.3591995e+02   1.5316318e+02
   1.3306058e+02   1.2408314e+02   1.4940188e+02   1.7220003e+02   1.3683660e+02   1.5435018e+02
   1.3313833e+02   1.2461773e+02   1.5100674e+02   1.7215172e+02   1.3713607e+02   1.5390930e+02
   1.3345124e+02   1.2475761e+02   1.5130557e+02   1.7263964e+02   1.3693514e+02   1.5401872e+02
   1.3252019e+02   1.2419224e+02   1.5127261e+02   1.7307445e+02   1.3718854e+02   1.5456551e+02
   1.3293356e+02   1.2457954e+02   1.5175925e+02   1.7225507e+02   1.3720390e+02   1.5359447e+02
   1.3256562e+02   1.2441979e+02   1.5139483e+02   1.7288600e+02   1.3723589e+02   1.5424588e+02
   1.3450130e+02   1.2483865e+02   1.5171766e+02   1.7292567e+02   1.3754880e+02   1.5360055e+02
   1.3411033e+02   1.2519595e+02   1.5085348e+02   1.7268571e+02   1.3657552e+02   1.5373748e+02
   1.3254898e+02   1.2441901e+02   1.4965368e+02   1.7189193e+02   1.3649201e+02   1.5385171e+02
   1.3287373e+02   1.2493684e+02   1.4942204e+02   1.7182634e+02   1.3645746e+02   1.5385650e+02
   1.3328902e+02   1.2556728e+02   1.5047690e+02   1.7253534e+02   1.3771837e+02   1.5430923e+02
   1.3344804e+02   1.2539389e+02   1.5206000e+02   1.7319443e+02   1.3750849e+02   1.5437258e+02
   1.3308970e+02   1.2494970e+02   1.5173685e+02   1.7236865e+02   1.3732196e+02   1.5401904e+02
   1.3241013e+02   1.2437927e+02   1.5107296e+02   1.7157294e+02   1.3564959e+02   1.5249033e+02
   1.3192989e+02   1.2407847e+02   1.4897827e+02   1.7154990e+02   1.3508681e+02   1.5278148e+02
   1.3279438e+02   1.2417782e+02   1.4941468e+02   1.7158414e+02   1.3512488e+02   1.5287683e+02
   1.3279310e+02   1.2376870e+02   1.5003858e+02   1.7220131e+02   1.3554145e+02   1.5321405e+02
   1.3294284e+02   1.2414899e+02   1.5047370e+02   1.7268827e+02   1.3570398e+02   1.5357623e+02
   1.3299627e+02   1.2446538e+02   1.4988852e+02   1.7296055e+02   1.3558912e+02   1.5381587e+02
   1.3386781e+02   1.2464461e+02   1.5007953e+02   1.7262013e+02   1.3624213e+02   1.5323293e+02
   1.3349123e+02   1.2424017e+02   1.5025070e+02   1.7275834e+02   1.3698441e+02   1.5383443e+02
   1.3310921e+02   1.2490684e+02   1.5115999e+02   1.7131666e+02   1.3660719e+02   1.5316894e+02
   1.3216985e+02   1.2403950e+02   1.5046762e+02   1.7146384e+02   1.3629589e+02   1.5397137e+02
   1.3241493e+02   1.2398963e+02   1.5043147e+02   1.7131186e+02   1.3650897e+02   1.5367254e+02
   1.3219736e+02   1.2420471e+02   1.4949722e+02   1.7101463e+02   1.3574814e+02   1.5276485e+02
   1.3126088e+02   1.2398495e+02   1.4954042e+02   1.7122548e+02   1.3610168e+02   1.5288451e+02
   1.3278798e+02   1.2349479e+02   1.5010256e+02   1.7166220e+02   1.3587771e+02   1.5299041e+02
   1.3181727e+02   1.2407769e+02   1.4983061e+02   1.7156366e+02   1.3610520e+02   1.5316126e+02
   1.3211642e+02   1.2394521e+02   1.4965880e+02   1.7174475e+02   1.3594938e+02   1.5323133e+02
   1.3222296e+02   1.2361597e+02   1.4978902e+02   1.7139089e+02   1.3618134e+02   1.5336667e+02
   1.3225975e+02   1.2379754e+02   1.4984341e+02   1.7164045e+02   1.3621462e+02   1.5285315e+02
   1.3215449e+02   1.2369740e+02   1.5015600e+02   1.7234849e+02   1.3672845e+02   1.5367957e+02
   1.3257522e+02   1.2369000e+02   1.5038732e+02   1.7177578e+02   1.3678828e+02   1.5324573e+02
   1.3228823e+02   1.2393586e+02   1.4887109e+02   1.7144976e+02   1.3547522e+02   1.5331643e+02
   1.3274575e+02   1.2339426e+02   1.4912961e+02   1.7126707e+02   1.3572830e+02   1.5343161e+02
   1.3329030e+02   1.2419770e+02   1.4995379e+02   1.7194088e+02   1.3621014e+02   1.5353464e+02
   1.3358465e+02   1.2429978e+02   1.5025806e+02   1.7224259e+02   1.3617335e+02   1.5292962e+02
   1.3309353e+02   1.2411821e+02   1.4938396e+02   1.7220483e+02   1.3623286e+02   1.5405711e+02
   1.3291788e+02   1.2479150e+02   1.5000210e+02   1.7175435e+02   1.3707624e+02   1.5328348e+02
   1.3270704e+02   1.2483008e+02   1.4990644e+02   1.7239232e+02   1.3734371e+02   1.5403280e+02
   1.3235414e+02   1.2468708e+02   1.5065703e+02   1.7227106e+02   1.3674509e+02   1.5357015e+02
   1.3280206e+02   1.2445914e+02   1.5095938e+02   1.7274171e+02   1.3679980e+02   1.5409742e+02
   1.3302315e+02   1.2416029e+02   1.5112768e+02   1.7199879e+02   1.3710311e+02   1.5392049e+02
   1.3322375e+02   1.2462162e+02   1.5135324e+02   1.7283481e+02   1.3702792e+02   1.5367829e+02
   1.3308170e+02   1.2535103e+02   1.5054825e+02   1.7275226e+02   1.3666638e+02   1.5453415e+02
   1.3446675e+02   1.2477397e+02   1.5081477e+02   1.7203270e+02   1.3692458e+02   1.5379380e+02
   1.3372671e+02   1.2516790e+02   1.5111008e+02   1.7263356e+02   1.3700521e+02   1.5447912e+02
   1.3399355e+02   1.2530388e+02   1.5106177e+02   1.7217988e+02   1.3687467e+02   1.5341434e+02
   1.3305674e+02   1.2522790e+02   1.5030893e+02   1.7189544e+02   1.3688971e+02   1.5334907e+02
   1.3352610e+02   1.2452187e+02   1.4992147e+02   1.7270139e+02   1.3701609e+02   1.5342138e+02
   1.3383165e+02   1.2397326e+02   1.5098914e+02   1.7328242e+02   1.3686443e+02   1.5379667e+02
   1.3410169e+02   1.2475371e+02   1.5134012e+02   1.7298327e+02   1.3718022e+02   1.5372373e+02
   1.3386109e+02   1.2455460e+02   1.5143866e+02   1.7229090e+02   1.3654224e+02   1.5333787e+02
   1.3320424e+02   1.2387157e+02   1.5104513e+02   1.7266492e+02   1.3665999e+02   1.5417293e+02
   1.3371167e+02   1.2409483e+02   1.5035116e+02   1.7259453e+02   1.3606936e+02   1.5371541e+02
   1.3380478e+02   1.2410691e+02   1.4955418e+02   1.7182762e+02   1.3588571e+02   1.5353656e+02
   1.3347203e+02   1.2364519e+02   1.5001266e+02   1.7193320e+02   1.3679180e+02   1.5405999e+02
   1.3314953e+02   1.2550688e+02   1.5058121e+02   1.7266428e+02   1.3671310e+02   1.5383251e+02
   1.3317832e+02   1.2466214e+02   1.5077541e+02   1.7301878e+02   1.3689771e+02   1.5356919e+02
   1.3201051e+02   1.2394716e+02   1.4925183e+02   1.7125747e+02   1.3567391e+02   1.5241546e+02
   1.3185086e+02   1.2407184e+02   1.4902114e+02   1.7055807e+02   1.3580157e+02   1.5336955e+02
   1.3212697e+02   1.2355986e+02   1.4903394e+02   1.7144560e+02   1.3599929e+02   1.5328636e+02
   1.3211386e+02   1.2383689e+02   1.4980757e+02   1.7076123e+02   1.3554881e+02   1.5304416e+02
   1.3162082e+02   1.2351895e+02   1.4925183e+02   1.7069692e+02   1.3470991e+02   1.5326524e+02
   1.3195388e+02   1.2412678e+02   1.4915872e+02   1.7020772e+02   1.3445555e+02   1.5289954e+02
   1.3266385e+02   1.2429783e+02   1.4954970e+02   1.7119860e+02   1.3585468e+02   1.5342650e+02
   1.3284686e+02   1.2530076e+02   1.5046730e+02   1.7217444e+02   1.3744993e+02   1.5442505e+02
   1.3320904e+02   1.2494152e+02   1.5139867e+02   1.7194344e+02   1.3715910e+02   1.5452615e+02
   1.3249971e+02   1.2534830e+02   1.5063560e+02   1.7230210e+02   1.3701385e+02   1.5467301e+02
   1.3255762e+02   1.2438784e+02   1.5061000e+02   1.7152399e+02   1.3535172e+02   1.5327036e+02
   1.3242868e+02   1.2388521e+02   1.4991924e+02   1.7173899e+02   1.3537764e+02   1.5401360e+02
   1.3284814e+02   1.2444278e+02   1.4942876e+02   1.7134834e+02   1.3506729e+02   1.5349400e+02
   1.3312201e+02   1.2431887e+02   1.4956825e+02   1.7170956e+02   1.3646866e+02   1.5440617e+02
   1.3250867e+02   1.2483826e+02   1.5088772e+02   1.7142416e+02   1.3706088e+02   1.5395889e+02
   1.3208282e+02   1.2416964e+02   1.5021935e+02   1.7088409e+02   1.3582748e+02   1.5342138e+02
   1.3197980e+02   1.2446226e+02   1.4950554e+02   1.7059582e+02   1.3518439e+02   1.5342234e+02
   1.3217241e+02   1.2337984e+02   1.4844524e+02   1.7182442e+02   1.3566175e+02   1.5356183e+02
   1.3264145e+02   1.2433719e+02   1.4937756e+02   1.7209925e+02   1.3564511e+02   1.5342810e+02
   1.3286221e+02   1.2402236e+02   1.4952730e+02   1.7193800e+02   1.3553473e+02   1.5361302e+02
