   7.5068784e+01   7.6962908e+01   1.5348893e+02   1.8343648e+02   1.4518382e+02   1.7651086e+02
   7.5283482e+01   7.7708289e+01   1.5391619e+02   1.8354954e+02   1.4636537e+02   1.7624481e+02
   7.5436838e+01   7.8011791e+01   1.5497934e+02   1.8461055e+02   1.4646345e+02   1.7744170e+02
   7.5631208e+01   7.9090989e+01   1.5569868e+02   1.8512518e+02   1.4720134e+02   1.7878017e+02
   7.5913668e+01   7.8695116e+01   1.5561915e+02   1.8475356e+02   1.4706046e+02   1.7883937e+02
   7.5912955e+01   7.8525712e+01   1.5525609e+02   1.8457453e+02   1.4690889e+02   1.7846775e+02
   7.5900472e+01   7.8965094e+01   1.5489445e+02   1.8463516e+02   1.4713714e+02   1.7856012e+02
   7.5548111e+01   7.8941199e+01   1.5534275e+02   1.8561449e+02   1.4719777e+02   1.7910828e+02
   7.5800613e+01   7.7813498e+01   1.5506279e+02   1.8482132e+02   1.4678442e+02   1.7809578e+02
   7.5550607e+01   7.8285692e+01   1.5492869e+02   1.8434485e+02   1.4638178e+02   1.7791460e+02
   7.5752110e+01   7.8786417e+01   1.5489017e+02   1.8447645e+02   1.4652194e+02   1.7839821e+02
   7.5612306e+01   7.8598110e+01   1.5566765e+02   1.8555957e+02   1.4652871e+02   1.7911434e+02
   7.6020661e+01   7.8932640e+01   1.5578321e+02   1.8517511e+02   1.4715105e+02   1.7941856e+02
   7.5623005e+01   7.8967947e+01   1.5575289e+02   1.8494651e+02   1.4730797e+02   1.7921777e+02
   7.5735347e+01   7.9192631e+01   1.5558135e+02   1.8427174e+02   1.4709720e+02   1.7795740e+02
   7.5437195e+01   7.8109511e+01   1.5532528e+02   1.8409984e+02   1.4601408e+02   1.7768065e+02
   7.5574145e+01   7.8338831e+01   1.5512484e+02   1.8403814e+02   1.4621451e+02   1.7813144e+02
   7.5419363e+01   7.8640550e+01   1.5541658e+02   1.8530101e+02   1.4674840e+02   1.7910329e+02
   7.5840913e+01   7.8481131e+01   1.5576680e+02   1.8519758e+02   1.4712894e+02   1.7907939e+02
   7.5467866e+01   7.8053161e+01   1.5543655e+02   1.8428493e+02   1.4649305e+02   1.7890107e+02
   7.5615872e+01   7.8519649e+01   1.5501857e+02   1.8433486e+02   1.4649412e+02   1.7945850e+02
   7.5669012e+01   7.8902682e+01   1.5494438e+02   1.8487518e+02   1.4642279e+02   1.7949274e+02
   7.6072017e+01   7.9357756e+01   1.5506743e+02   1.8503353e+02   1.4671951e+02   1.7889644e+02
   7.5607670e+01   7.8731494e+01   1.5545510e+02   1.8462374e+02   1.4674448e+02   1.7945208e+02
   7.5749256e+01   7.8791766e+01   1.5497577e+02   1.8446647e+02   1.4617671e+02   1.7933546e+02
   7.5826291e+01   7.9304973e+01   1.5497434e+02   1.8472146e+02   1.4630403e+02   1.7861790e+02
   7.5871228e+01   7.9424092e+01   1.5536486e+02   1.8456739e+02   1.4614960e+02   1.7904373e+02
   7.6020661e+01   7.8722578e+01   1.5588307e+02   1.8427566e+02   1.4667672e+02   1.7959082e+02
   7.5686844e+01   7.8892696e+01   1.5575004e+02   1.8376566e+02   1.4659612e+02   1.7873666e+02
   7.5763522e+01   7.8907675e+01   1.5550431e+02   1.8461661e+02   1.4679013e+02   1.7885364e+02
   7.6169024e+01   7.8583844e+01   1.5568014e+02   1.8472788e+02   1.4730726e+02   1.7968961e+02
   7.6288142e+01   7.8062434e+01   1.5564447e+02   1.8488695e+02   1.4677230e+02   1.7863787e+02
   7.5981073e+01   7.8731494e+01   1.5525752e+02   1.8504209e+02   1.4642921e+02   1.7767565e+02
   7.6058465e+01   7.8474712e+01   1.5522007e+02   1.8491013e+02   1.4655154e+02   1.7799235e+02
   7.6137639e+01   7.8863095e+01   1.5488126e+02   1.8483488e+02   1.4706082e+02   1.7783293e+02
   7.5679355e+01   7.9089919e+01   1.5518012e+02   1.8385162e+02   1.4656937e+02   1.7727193e+02
   7.6006395e+01   7.8487908e+01   1.5599648e+02   1.8489800e+02   1.4666138e+02   1.7846454e+02
   7.6023870e+01   7.8980430e+01   1.5607922e+02   1.8563875e+02   1.4720740e+02   1.7899166e+02
   7.6136569e+01   7.8929073e+01   1.5605960e+02   1.8514373e+02   1.4690818e+02   1.7829514e+02
   7.6171877e+01   7.8172993e+01   1.5483704e+02   1.8331023e+02   1.4607364e+02   1.7785611e+02
   7.5692907e+01   7.7830260e+01   1.5386162e+02   1.8249923e+02   1.4563318e+02   1.7790319e+02
   7.5526355e+01   7.8343468e+01   1.5350783e+02   1.8223817e+02   1.4554652e+02   1.7756937e+02
   7.5618012e+01   7.7756436e+01   1.5406669e+02   1.8270466e+02   1.4574588e+02   1.7764890e+02
   7.5780998e+01   7.8697613e+01   1.5471720e+02   1.8330381e+02   1.4625980e+02   1.7783935e+02
   7.5759242e+01   7.9044268e+01   1.5480030e+02   1.8428493e+02   1.4655332e+02   1.7857974e+02
   7.5188259e+01   7.8643760e+01   1.5515052e+02   1.8355132e+02   1.4629761e+02   1.7912968e+02
   7.5937563e+01   7.8336691e+01   1.5496971e+02   1.8377458e+02   1.4606650e+02   1.7825270e+02
   7.5971801e+01   7.9169806e+01   1.5466834e+02   1.8397858e+02   1.4621986e+02   1.7929338e+02
   7.6192205e+01   7.9240065e+01   1.5474645e+02   1.8398571e+02   1.4589282e+02   1.7886327e+02
   7.5800256e+01   7.8564229e+01   1.5401854e+02   1.8369683e+02   1.4609432e+02   1.7834364e+02
   7.5991059e+01   7.8868444e+01   1.5467512e+02   1.8474786e+02   1.4660682e+02   1.7778300e+02
   7.6363037e+01   7.9291421e+01   1.5543405e+02   1.8516156e+02   1.4679726e+02   1.7905193e+02
   7.5858389e+01   7.8263937e+01   1.5621652e+02   1.8568725e+02   1.4702052e+02   1.7862610e+02
   7.5993556e+01   7.9438357e+01   1.5608029e+02   1.8574289e+02   1.4728230e+02   1.7925450e+02
   7.5921158e+01   7.8607382e+01   1.5522221e+02   1.8394720e+02   1.4658007e+02   1.7929694e+02
   7.5859815e+01   7.9395204e+01   1.5445365e+02   1.8297107e+02   1.4600730e+02   1.7874986e+02
   7.5973584e+01   7.8679424e+01   1.5451142e+02   1.8251992e+02   1.4590923e+02   1.7835791e+02
   7.5485698e+01   7.8619508e+01   1.5481564e+02   1.8272926e+02   1.4614461e+02   1.7818030e+02
   7.6104115e+01   7.9234358e+01   1.5536950e+02   1.8416403e+02   1.4644918e+02   1.7832296e+02
   7.6550274e+01   7.9271806e+01   1.5534133e+02   1.8504315e+02   1.4675696e+02   1.7819492e+02
   7.6281009e+01   7.8595613e+01   1.5582814e+02   1.8514622e+02   1.4643028e+02   1.7901520e+02
   7.6506050e+01   7.9843859e+01   1.5482099e+02   1.8384163e+02   1.4583326e+02   1.7853872e+02
   7.6265673e+01   8.0032879e+01   1.5409629e+02   1.8246321e+02   1.4570523e+02   1.7880799e+02
   7.5684348e+01   7.8982213e+01   1.5467904e+02   1.8260765e+02   1.4577655e+02   1.7935365e+02
   7.6221093e+01   7.9138065e+01   1.5458739e+02   1.8302064e+02   1.4598091e+02   1.7966750e+02
   7.6035283e+01   7.9357400e+01   1.5491050e+02   1.8277741e+02   1.4644989e+02   1.7985652e+02
   7.6330939e+01   7.9257540e+01   1.5509845e+02   1.8311836e+02   1.4653870e+02   1.8058157e+02
   7.6171520e+01   7.9437644e+01   1.5486343e+02   1.8372536e+02   1.4644811e+02   1.8067358e+02
   7.6036710e+01   7.9587790e+01   1.5539696e+02   1.8413657e+02   1.4590281e+02   1.7986971e+02
   7.5814878e+01   7.9582441e+01   1.5512984e+02   1.8423643e+02   1.4653977e+02   1.7960366e+02
   7.5784207e+01   7.9482581e+01   1.5535131e+02   1.8440940e+02   1.4682829e+02   1.7931834e+02
   7.6508903e+01   7.9297841e+01   1.5542193e+02   1.8427103e+02   1.4647522e+02   1.7875806e+02
   7.5915095e+01   7.8849185e+01   1.5561309e+02   1.8362336e+02   1.4661680e+02   1.7873131e+02
   7.5933283e+01   7.9038206e+01   1.5550645e+02   1.8407487e+02   1.4604974e+02   1.7887575e+02
   7.6672602e+01   8.0091012e+01   1.5530673e+02   1.8441618e+02   1.4607934e+02   1.7917319e+02
   7.6575238e+01   7.9442637e+01   1.5562807e+02   1.8460698e+02   1.4597663e+02   1.7788036e+02
   7.6784587e+01   7.9648063e+01   1.5595725e+02   1.8538731e+02   1.4656973e+02   1.7857439e+02
   7.6616252e+01   7.9279295e+01   1.5598756e+02   1.8553496e+02   1.4730120e+02   1.7823130e+02
   7.6528875e+01   7.9374875e+01   1.5556066e+02   1.8488160e+02   1.4659719e+02   1.7880977e+02
   7.6218240e+01   7.9548560e+01   1.5514624e+02   1.8382701e+02   1.4631080e+02   1.7850128e+02
   7.6614469e+01   7.9715111e+01   1.5537521e+02   1.8401068e+02   1.4613070e+02   1.7777551e+02
   7.6891580e+01   7.9434434e+01   1.5577821e+02   1.8484415e+02   1.4653763e+02   1.7847988e+02
   7.7059914e+01   7.9858481e+01   1.5634777e+02   1.8540515e+02   1.4643099e+02   1.7940180e+02
   7.6508546e+01   7.9888083e+01   1.5551430e+02   1.8369255e+02   1.4648912e+02   1.7953090e+02
   7.6983236e+01   8.0194438e+01   1.5571223e+02   1.8300744e+02   1.4651338e+02   1.7900985e+02
   7.7068474e+01   8.0121683e+01   1.5594120e+02   1.8461340e+02   1.4689926e+02   1.7925629e+02
   7.6957202e+01   8.0325682e+01   1.5653037e+02   1.8502532e+02   1.4700625e+02   1.7890500e+02
   7.7723981e+01   8.0460492e+01   1.5674578e+02   1.8557312e+02   1.4666852e+02   1.7919245e+02
   7.7277822e+01   8.0413416e+01   1.5653465e+02   1.8444043e+02   1.4645132e+02   1.7870777e+02
   7.6797070e+01   8.0330318e+01   1.5572828e+02   1.8321073e+02   1.4584860e+02   1.7764213e+02
   7.7049215e+01   7.9447274e+01   1.5560488e+02   1.8315795e+02   1.4555401e+02   1.7816817e+02
   7.6712902e+01   8.0371689e+01   1.5621011e+02   1.8512269e+02   1.4663214e+02   1.7894244e+02
   7.7140515e+01   8.0369549e+01   1.5631745e+02   1.8464550e+02   1.4633684e+02   1.7869600e+02
   7.6949712e+01   7.9398414e+01   1.5589127e+02   1.8326530e+02   1.4612785e+02   1.7842638e+02
   7.6624812e+01   7.9612399e+01   1.5578749e+02   1.8361053e+02   1.4626658e+02   1.7872846e+02
   7.6943649e+01   7.9767538e+01   1.5617729e+02   1.8403743e+02   1.4645631e+02   1.7924416e+02
   7.7455430e+01   8.0267549e+01   1.5649399e+02   1.8473395e+02   1.4629154e+02   1.7955301e+02
   7.7332389e+01   8.0386668e+01   1.5687025e+02   1.8525250e+02   1.4714820e+02   1.7929980e+02
   7.7258207e+01   8.0653792e+01   1.5704322e+02   1.8607028e+02   1.4735505e+02   1.7977698e+02
   7.7093439e+01   8.0571765e+01   1.5650006e+02   1.8556920e+02   1.4677123e+02   1.7930265e+02
   7.7200788e+01   7.9924460e+01   1.5668622e+02   1.8606886e+02   1.4688428e+02   1.7928197e+02
   7.7219690e+01   8.0348864e+01   1.5659528e+02   1.8605602e+02   1.4681723e+02   1.7961899e+02
   7.7182956e+01   8.0840672e+01   1.5621688e+02   1.8481883e+02   1.4671345e+02   1.7931478e+02
   7.7056348e+01   8.0299290e+01   1.5663130e+02   1.8395575e+02   1.4641673e+02   1.7891819e+02
   7.7278536e+01   8.0478324e+01   1.5624720e+02   1.8423394e+02   1.4610930e+02   1.7810541e+02
   7.6662259e+01   8.1532557e+01   1.5638950e+02   1.8472182e+02   1.4590637e+02   1.7846989e+02
   7.6866615e+01   8.0102068e+01   1.5670156e+02   1.8479993e+02   1.4678121e+02   1.8002592e+02
   7.6433652e+01   8.0508639e+01   1.5604926e+02   1.8483916e+02   1.4680154e+02   1.7963147e+02
   7.7183312e+01   8.0630254e+01   1.5667267e+02   1.8467902e+02   1.4645560e+02   1.7872489e+02
   7.6590574e+01   8.0484031e+01   1.5671333e+02   1.8474857e+02   1.4675946e+02   1.7951664e+02
   7.7220760e+01   8.0782183e+01   1.5661989e+02   1.8436625e+02   1.4640282e+02   1.7982513e+02
   7.7099502e+01   8.1471215e+01   1.5611809e+02   1.8345681e+02   1.4598590e+02   1.7930943e+02
   7.7085949e+01   8.1024699e+01   1.5572436e+02   1.8336302e+02   1.4643491e+02   1.7816710e+02
   7.6537434e+01   8.0446227e+01   1.5587629e+02   1.8396324e+02   1.4642136e+02   1.7943104e+02
   7.6876601e+01   8.0875980e+01   1.5565232e+02   1.8374926e+02   1.4631758e+02   1.7888110e+02
   7.6710049e+01   8.0383814e+01   1.5561951e+02   1.8459129e+02   1.4620738e+02   1.7938040e+02
   7.6725741e+01   8.0202284e+01   1.5561772e+02   1.8489051e+02   1.4668242e+02   1.7989004e+02
   7.6788153e+01   8.0784323e+01   1.5609527e+02   1.8407309e+02   1.4658577e+02   1.7852517e+02
   7.6790293e+01   8.0624904e+01   1.5630890e+02   1.8449286e+02   1.4613534e+02   1.7826696e+02
   7.6993222e+01   8.0561422e+01   1.5629713e+02   1.8509023e+02   1.4647165e+02   1.7873702e+02
   7.7237165e+01   8.0496513e+01   1.5616446e+02   1.8447895e+02   1.4573090e+02   1.7873666e+02
   7.7153711e+01   8.0770771e+01   1.5609598e+02   1.8343969e+02   1.4592813e+02   1.7858723e+02
   7.6658693e+01   8.0179102e+01   1.5578856e+02   1.8474037e+02   1.4674341e+02   1.7902732e+02
   7.7159774e+01   7.9538217e+01   1.5610276e+02   1.8469793e+02   1.4658827e+02   1.7938361e+02
   7.7443661e+01   7.9717608e+01   1.5599719e+02   1.8379063e+02   1.4614960e+02   1.7929267e+02
   7.7430465e+01   7.9893076e+01   1.5651432e+02   1.8470292e+02   1.4654726e+02   1.7927055e+02
   7.7616989e+01   7.9691930e+01   1.5680570e+02   1.8561592e+02   1.4700340e+02   1.7954873e+02
   7.7711855e+01   8.0657715e+01   1.5706533e+02   1.8569367e+02   1.4712965e+02   1.7958725e+02
   7.7283885e+01   8.1655955e+01   1.5681247e+02   1.8476034e+02   1.4647593e+02   1.7886684e+02
   7.7402290e+01   8.1022560e+01   1.5636738e+02   1.8454849e+02   1.4683007e+02   1.7885578e+02
   7.6901922e+01   8.0609925e+01   1.5625683e+02   1.8464407e+02   1.4657151e+02   1.7948490e+02
   7.6967544e+01   8.1095314e+01   1.5592872e+02   1.8419256e+02   1.4580794e+02   1.7903410e+02
   7.7179033e+01   8.0433744e+01   1.5540196e+02   1.8349997e+02   1.4575872e+02   1.7885578e+02
   7.6558476e+01   8.0827833e+01   1.5549504e+02   1.8361516e+02   1.4561464e+02   1.7905835e+02
   7.6661902e+01   8.0817491e+01   1.5590125e+02   1.8408236e+02   1.4602727e+02   1.7887254e+02
   7.6834874e+01   8.0642023e+01   1.5593121e+02   1.8432952e+02   1.4580081e+02   1.7966036e+02
   7.7004635e+01   8.1205160e+01   1.5590018e+02   1.8383450e+02   1.4621237e+02   1.7888324e+02
   7.6839867e+01   8.0793596e+01   1.5600789e+02   1.8412873e+02   1.4649483e+02   1.7875770e+02
   7.7186879e+01   8.0394157e+01   1.5607102e+02   1.8384092e+02   1.4668421e+02   1.7960865e+02
   7.6388002e+01   8.0752582e+01   1.5560132e+02   1.8325353e+02   1.4678763e+02   1.8037400e+02
   7.6680448e+01   7.9946572e+01   1.5585061e+02   1.8425319e+02   1.4669170e+02   1.8010973e+02
   7.6973607e+01   8.0561422e+01   1.5566801e+02   1.8438551e+02   1.4663499e+02   1.7995424e+02
   7.6640504e+01   8.1096384e+01   1.5596723e+02   1.8314083e+02   1.4663142e+02   1.7925486e+02
   7.6853776e+01   8.1824290e+01   1.5600504e+02   1.8486947e+02   1.4690889e+02   1.8075347e+02
   7.6884447e+01   8.1159153e+01   1.5657566e+02   1.8539516e+02   1.4619240e+02   1.7918246e+02
   7.6631944e+01   8.1045385e+01   1.5616838e+02   1.8456133e+02   1.4637500e+02   1.7818351e+02
   7.6715755e+01   8.0578897e+01   1.5577714e+02   1.8385483e+02   1.4616743e+02   1.7833865e+02
   7.7084523e+01   8.1337118e+01   1.5549361e+02   1.8335410e+02   1.4550979e+02   1.7889893e+02
   7.7126963e+01   8.1217643e+01   1.5544404e+02   1.8289903e+02   1.4565316e+02   1.7926663e+02
   7.7232529e+01   8.1616368e+01   1.5605211e+02   1.8402280e+02   1.4620809e+02   1.7892069e+02
   7.6980383e+01   8.1881353e+01   1.5585132e+02   1.8401460e+02   1.4575409e+02   1.7887575e+02
   7.6805629e+01   8.1373138e+01   1.5581174e+02   1.8350888e+02   1.4551086e+02   1.7946635e+02
   7.6537434e+01   8.1130265e+01   1.5569690e+02   1.8419435e+02   1.4583932e+02   1.7942855e+02
   7.6679021e+01   8.1052161e+01   1.5597223e+02   1.8446397e+02   1.4647843e+02   1.7936792e+02
   7.6629805e+01   8.1283978e+01   1.5627323e+02   1.8351067e+02   1.4605153e+02   1.7921634e+02
   7.6452554e+01   8.0885966e+01   1.5538840e+02   1.8207554e+02   1.4534003e+02   1.7907297e+02
   7.6539218e+01   8.0582107e+01   1.5439516e+02   1.8156055e+02   1.4453045e+02   1.7838929e+02
   7.6625525e+01   8.0754008e+01   1.5521757e+02   1.8289225e+02   1.4588390e+02   1.7812645e+02
   7.6788867e+01   8.1160937e+01   1.5540196e+02   1.8362515e+02   1.4553332e+02   1.7860292e+02
   7.6189709e+01   8.1251524e+01   1.5599255e+02   1.8385019e+02   1.4582969e+02   1.7921242e+02
   7.6838797e+01   8.1348530e+01   1.5556494e+02   1.8433879e+02   1.4584325e+02   1.7944994e+02
   7.6760335e+01   8.0880616e+01   1.5563199e+02   1.8327243e+02   1.4572092e+02   1.7784827e+02
   7.6594854e+01   8.1208013e+01   1.5581281e+02   1.8382380e+02   1.4568169e+02   1.7780155e+02
   7.6983950e+01   8.1221209e+01   1.5616018e+02   1.8490585e+02   1.4598733e+02   1.7818886e+02
   7.7092725e+01   8.1503669e+01   1.5587593e+02   1.8463801e+02   1.4637500e+02   1.7859757e+02
   7.6523525e+01   8.1338901e+01   1.5534561e+02   1.8337514e+02   1.4569702e+02   1.7827802e+02
   7.6282079e+01   8.0979763e+01   1.5427033e+02   1.8226563e+02   1.4504580e+02   1.7910507e+02
   7.6567392e+01   8.0638813e+01   1.5543512e+02   1.8361908e+02   1.4571949e+02   1.7985259e+02
   7.6771035e+01   8.1769011e+01   1.5592729e+02   1.8442474e+02   1.4660753e+02   1.8042857e+02
   7.6784587e+01   8.0829973e+01   1.5594084e+02   1.8357950e+02   1.4637250e+02   1.8009154e+02
   7.6528162e+01   8.1594969e+01   1.5515266e+02   1.8297463e+02   1.4597663e+02   1.7894066e+02
   7.6536008e+01   8.1010434e+01   1.5453246e+02   1.8223960e+02   1.4536856e+02   1.7765746e+02
   7.6635154e+01   8.0970847e+01   1.5446292e+02   1.8270073e+02   1.4537676e+02   1.7798058e+02
   7.6185429e+01   8.0664848e+01   1.5411698e+02   1.8283055e+02   1.4477261e+02   1.7749769e+02
   7.6227869e+01   8.0544660e+01   1.5352959e+02   1.8271749e+02   1.4416525e+02   1.7758649e+02
   7.6335219e+01   8.0593876e+01   1.5461021e+02   1.8191862e+02   1.4488602e+02   1.7858544e+02
   7.6497847e+01   8.1263293e+01   1.5453710e+02   1.8218824e+02   1.4518845e+02   1.7915571e+02
   7.6440071e+01   8.1261153e+01   1.5449359e+02   1.8304739e+02   1.4573804e+02   1.7888467e+02
   7.6598420e+01   8.1005084e+01   1.5514268e+02   1.8282163e+02   1.4603762e+02   1.7768100e+02
   7.6220380e+01   8.0913784e+01   1.5569333e+02   1.8400996e+02   1.4612571e+02   1.7773664e+02
   7.6567036e+01   8.0911287e+01   1.5614092e+02   1.8468223e+02   1.4650054e+02   1.7951236e+02
   7.6055255e+01   8.1087112e+01   1.5483062e+02   1.8290117e+02   1.4509466e+02   1.7924844e+02
   7.6181863e+01   8.0935182e+01   1.5401141e+02   1.8208731e+02   1.4458038e+02   1.7776303e+02
   7.6029220e+01   8.0518268e+01   1.5394115e+02   1.8129770e+02   1.4436318e+02   1.7699982e+02
   7.5946123e+01   7.9950138e+01   1.5363159e+02   1.8142574e+02   1.4407181e+02   1.7665173e+02
   7.6420813e+01   7.9984376e+01   1.5394828e+02   1.8183409e+02   1.4505899e+02   1.7750732e+02
   7.6379086e+01   8.0447297e+01   1.5524789e+02   1.8299960e+02   1.4571700e+02   1.7879872e+02
   7.6067024e+01   8.1259013e+01   1.5500287e+02   1.8271393e+02   1.4618241e+02   1.7936899e+02
   7.5878004e+01   7.9970110e+01   1.5479887e+02   1.8251029e+02   1.4579474e+02   1.7973205e+02
   7.6498917e+01   8.0415912e+01   1.5523826e+02   1.8341188e+02   1.4591315e+02   1.7955194e+02
   7.6445778e+01   8.0836749e+01   1.5472612e+02   1.8272712e+02   1.4584396e+02   1.8009047e+02
   7.6297771e+01   8.0375255e+01   1.5463874e+02   1.8191113e+02   1.4530258e+02   1.8001451e+02
   7.6094842e+01   8.0561065e+01   1.5398217e+02   1.8107124e+02   1.4457360e+02   1.7891534e+02
   7.6312750e+01   8.0138802e+01   1.5485629e+02   1.8294432e+02   1.4524801e+02   1.7902233e+02
   7.6705056e+01   8.1251167e+01   1.5529889e+02   1.8389370e+02   1.4571343e+02   1.7946029e+02
   7.6130506e+01   8.1269712e+01   1.5497720e+02   1.8287299e+02   1.4568490e+02   1.7917034e+02
   7.6361610e+01   8.0703009e+01   1.5458632e+02   1.8217255e+02   1.4585288e+02   1.7893032e+02
   7.6526022e+01   8.0744022e+01   1.5495580e+02   1.8268682e+02   1.4611108e+02   1.7941606e+02
   7.6341638e+01   8.0872057e+01   1.5542763e+02   1.8388229e+02   1.4596557e+02   1.7870385e+02
   7.6598777e+01   8.0565345e+01   1.5512591e+02   1.8445541e+02   1.4555615e+02   1.7849807e+02
   7.6753559e+01   8.0795022e+01   1.5455743e+02   1.8372465e+02   1.4530186e+02   1.7825876e+02
   7.6751419e+01   8.1124559e+01   1.5486129e+02   1.8290901e+02   1.4547341e+02   1.7742636e+02
   7.6568819e+01   8.0701582e+01   1.5547471e+02   1.8329276e+02   1.4586357e+02   1.7731366e+02
   7.6803846e+01   8.0699799e+01   1.5591980e+02   1.8330203e+02   1.4580651e+02   1.7730581e+02
   7.6697567e+01   8.1217643e+01   1.5542050e+02   1.8376174e+02   1.4603441e+02   1.7842603e+02
   7.6631588e+01   8.1715158e+01   1.5530245e+02   1.8427531e+02   1.4632471e+02   1.7933261e+02
   7.6680091e+01   8.0976196e+01   1.5533562e+02   1.8446433e+02   1.4615031e+02   1.7963290e+02
   7.6692217e+01   8.1039678e+01   1.5489338e+02   1.8442010e+02   1.4611786e+02   1.7969852e+02
   7.6661189e+01   8.0829260e+01   1.5517121e+02   1.8434949e+02   1.4600516e+02   1.8018391e+02
   7.6863762e+01   8.0218333e+01   1.5575717e+02   1.8516513e+02   1.4645310e+02   1.8010438e+02
   7.7105921e+01   8.0985112e+01   1.5590589e+02   1.8529851e+02   1.4627835e+02   1.7948454e+02
   7.7445801e+01   8.0989035e+01   1.5585097e+02   1.8472753e+02   1.4643563e+02   1.8005017e+02
   7.7352361e+01   8.0321759e+01   1.5616160e+02   1.8310552e+02   1.4583504e+02   1.8119784e+02
   7.7286025e+01   8.0717274e+01   1.5488518e+02   1.8300245e+02   1.4642992e+02   1.8113864e+02
   7.7013194e+01   7.9915901e+01   1.5517905e+02   1.8359626e+02   1.4587320e+02   1.8089755e+02
   7.6195415e+01   7.8236119e+01   1.5488590e+02   1.8371466e+02   1.4591030e+02   1.7916534e+02
   7.6885873e+01   8.0023963e+01   1.5449395e+02   1.8367044e+02   1.4554224e+02   1.7819885e+02
   7.6032073e+01   7.8920157e+01   1.5468796e+02   1.8296322e+02   1.4642564e+02   1.7796738e+02
   7.6399414e+01   7.9933019e+01   1.5510808e+02   1.8358128e+02   1.4574731e+02   1.7892639e+02
   7.6449701e+01   7.9425875e+01   1.5455743e+02   1.8353920e+02   1.4535286e+02   1.7768706e+02
   7.6653700e+01   7.8873437e+01   1.5470008e+02   1.8285659e+02   1.4525015e+02   1.7793529e+02
   7.6700063e+01   8.0118830e+01   1.5439230e+02   1.8262976e+02   1.4567170e+02   1.7695096e+02
   7.6809552e+01   8.0300717e+01   1.5504638e+02   1.8335553e+02   1.4568739e+02   1.7781011e+02
   7.6841293e+01   8.0170543e+01   1.5494938e+02   1.8358948e+02   1.4553332e+02   1.7834150e+02
   7.6783161e+01   8.0399507e+01   1.5413695e+02   1.8277028e+02   1.4551407e+02   1.7818957e+02
   7.6867328e+01   8.0323899e+01   1.5540695e+02   1.8442438e+02   1.4607578e+02   1.7913396e+02
   7.6891223e+01   8.0740456e+01   1.5536308e+02   1.8512197e+02   1.4558076e+02   1.7839108e+02
   7.6798139e+01   8.0760428e+01   1.5630034e+02   1.8512697e+02   1.4616636e+02   1.7825270e+02
   7.7553506e+01   8.0460492e+01   1.5578606e+02   1.8501141e+02   1.4678086e+02   1.7857368e+02
   7.6796000e+01   8.0113480e+01   1.5551644e+02   1.8471326e+02   1.4688892e+02   1.7918710e+02
   7.6689364e+01   7.9957271e+01   1.5525003e+02   1.8464407e+02   1.4633862e+02   1.7915964e+02
   7.7215767e+01   8.0207277e+01   1.5537556e+02   1.8446575e+02   1.4628905e+02   1.7956015e+02
   7.6863762e+01   8.0465129e+01   1.5557100e+02   1.8435519e+02   1.4618491e+02   1.7869458e+02
   7.7272473e+01   8.0392374e+01   1.5552928e+02   1.8473109e+02   1.4580330e+02   1.7877660e+02
   7.7154781e+01   8.0271472e+01   1.5540053e+02   1.8364298e+02   1.4574802e+02   1.8006158e+02
   7.7150145e+01   8.0721554e+01   1.5547257e+02   1.8362657e+02   1.4596022e+02   1.7995424e+02
   7.7044579e+01   8.0663778e+01   1.5535738e+02   1.8427994e+02   1.4556364e+02   1.7882404e+02
   7.7449724e+01   8.0121326e+01   1.5525573e+02   1.8414263e+02   1.4585823e+02   1.7829550e+02
   7.7297438e+01   8.0328535e+01   1.5483811e+02   1.8383592e+02   1.4589425e+02   1.7877411e+02
   7.6932593e+01   8.0591023e+01   1.5485522e+02   1.8393329e+02   1.4629048e+02   1.7873844e+02
   7.6884447e+01   8.0349933e+01   1.5567978e+02   1.8508346e+02   1.4607328e+02   1.7910044e+02
   7.7602366e+01   8.1087468e+01   1.5605104e+02   1.8632885e+02   1.4647058e+02   1.7974203e+02
   7.7737534e+01   8.0762211e+01   1.5574219e+02   1.8623862e+02   1.4655760e+02   1.8054483e+02
   7.7477542e+01   8.0698729e+01   1.5569975e+02   1.8608562e+02   1.4654298e+02   1.8059797e+02
   7.7003565e+01   8.0944098e+01   1.5569797e+02   1.8441226e+02   1.4581151e+02   1.7972349e+02
   7.7421192e+01   8.2014737e+01   1.5539768e+02   1.8446254e+02   1.4591493e+02   1.7944638e+02
   7.7731114e+01   8.2689503e+01   1.5592123e+02   1.8567013e+02   1.4676695e+02   1.7972670e+02
   7.7629471e+01   8.2192344e+01   1.5544440e+02   1.8535629e+02   1.4665496e+02   1.7863644e+02
   7.7176893e+01   8.1737983e+01   1.5553712e+02   1.8509415e+02   1.4646202e+02   1.7934937e+02
   7.7179746e+01   8.2041841e+01   1.5528569e+02   1.8530029e+02   1.4658756e+02   1.7919495e+02
   7.7312060e+01   8.2439140e+01   1.5566052e+02   1.8471290e+02   1.4648984e+02   1.7929837e+02
   7.7468269e+01   8.2443420e+01   1.5649043e+02   1.8502639e+02   1.4646059e+02   1.7890464e+02
   7.7787820e+01   8.2163813e+01   1.5629427e+02   1.8430098e+02   1.4617778e+02   1.7838858e+02
   7.7922631e+01   8.2170589e+01   1.5531636e+02   1.8345539e+02   1.4596379e+02   1.7807010e+02
   7.7786750e+01   8.1219069e+01   1.5570795e+02   1.8495578e+02   1.4627942e+02   1.7885043e+02
   7.6871251e+01   8.1893835e+01   1.5561630e+02   1.8559167e+02   1.4631152e+02   1.7936292e+02
   7.7915498e+01   8.1724787e+01   1.5535238e+02   1.8473716e+02   1.4574767e+02   1.7911113e+02
   7.7206494e+01   8.1761878e+01   1.5512306e+02   1.8398678e+02   1.4608541e+02   1.7882332e+02
   7.7623408e+01   8.1758311e+01   1.5509275e+02   1.8443722e+02   1.4657329e+02   1.7905621e+02
   7.7655863e+01   8.1612802e+01   1.5559454e+02   1.8515514e+02   1.4690747e+02   1.7960080e+02
   7.7664779e+01   8.1240111e+01   1.5621902e+02   1.8590837e+02   1.4663963e+02   1.7988683e+02
   7.7528542e+01   8.1448033e+01   1.5596438e+02   1.8575644e+02   1.4657614e+02   1.7963932e+02
   7.7746806e+01   8.1471571e+01   1.5590304e+02   1.8445541e+02   1.4648805e+02   1.7866961e+02
   7.7572408e+01   8.1533270e+01   1.5573007e+02   1.8382380e+02   1.4677658e+02   1.7869529e+02
   7.7456143e+01   8.1683417e+01   1.5556280e+02   1.8342472e+02   1.4657401e+02   1.7809685e+02
   7.7612709e+01   8.0969777e+01   1.5520545e+02   1.8362729e+02   1.4611429e+02   1.7832724e+02
   7.7437598e+01   8.1639550e+01   1.5526429e+02   1.8390155e+02   1.4594204e+02   1.7928874e+02
   7.7531751e+01   8.0937322e+01   1.5466656e+02   1.8322678e+02   1.4604154e+02   1.7954659e+02
   7.7866994e+01   8.1275775e+01   1.5517477e+02   1.8432595e+02   1.4628120e+02   1.7945387e+02
   7.7814211e+01   8.1700892e+01   1.5539768e+02   1.8483202e+02   1.4675447e+02   1.8012721e+02
   7.8009651e+01   8.1692689e+01   1.5582672e+02   1.8512483e+02   1.4645596e+02   1.7970494e+02
   7.7616989e+01   8.1302167e+01   1.5579640e+02   1.8405704e+02   1.4629975e+02   1.7931906e+02
   7.7513919e+01   8.1372782e+01   1.5549718e+02   1.8404777e+02   1.4631223e+02   1.7833722e+02
   7.7694023e+01   8.1658095e+01   1.5545046e+02   1.8496041e+02   1.4601764e+02   1.7865142e+02
   7.7743240e+01   8.1551102e+01   1.5546437e+02   1.8407345e+02   1.4583861e+02   1.7896812e+02
   7.7479325e+01   8.1754032e+01   1.5506992e+02   1.8345646e+02   1.4600053e+02   1.7878980e+02
   7.7250004e+01   8.1858171e+01   1.5514232e+02   1.8310053e+02   1.4591386e+02   1.7890357e+02
   7.7145508e+01   7.9986159e+01   1.5518619e+02   1.8290687e+02   1.4584360e+02   1.7997956e+02
   7.7846666e+01   8.0671981e+01   1.5541372e+02   1.8217433e+02   1.4612856e+02   1.7923204e+02
   7.7757149e+01   8.0272899e+01   1.5525645e+02   1.8249352e+02   1.4618919e+02   1.7919887e+02
   7.8010721e+01   8.0119900e+01   1.5466692e+02   1.8280238e+02   1.4586750e+02   1.7966072e+02
   7.8339901e+01   8.1023273e+01   1.5414765e+02   1.8356345e+02   1.4579046e+02   1.7961757e+02
   7.7221830e+01   8.1908101e+01   1.5505815e+02   1.8490906e+02   1.4627122e+02   1.7977556e+02
   7.7442234e+01   8.1264719e+01   1.5538412e+02   1.8503103e+02   1.4632115e+02   1.8061795e+02
   7.7231102e+01   8.2087848e+01   1.5566801e+02   1.8478281e+02   1.4661859e+02   1.8045104e+02
   7.7793883e+01   8.1730137e+01   1.5502998e+02   1.8424285e+02   1.4628869e+02   1.7961329e+02
   7.7586674e+01   8.1949115e+01   1.5511201e+02   1.8389762e+02   1.4630902e+02   1.7977698e+02
   7.7490381e+01   8.2051827e+01   1.5501393e+02   1.8470649e+02   1.4644133e+02   1.7911078e+02
   7.7883757e+01   8.1963737e+01   1.5511878e+02   1.8457096e+02   1.4652693e+02   1.7875093e+02
   7.7828477e+01   8.1651319e+01   1.5437233e+02   1.8412837e+02   1.4621915e+02   1.7961792e+02
   7.7647660e+01   8.1929499e+01   1.5406134e+02   1.8440084e+02   1.4525907e+02   1.7974096e+02
   7.7353430e+01   8.1494396e+01   1.5463161e+02   1.8408129e+02   1.4541242e+02   1.7977449e+02
   7.7542451e+01   8.1696256e+01   1.5432240e+02   1.8406524e+02   1.4589460e+02   1.7858544e+02
   7.7567772e+01   8.1265789e+01   1.5441299e+02   1.8404563e+02   1.4576871e+02   1.7745132e+02
   7.8312440e+01   8.1691976e+01   1.5521579e+02   1.8457595e+02   1.4603655e+02   1.7822773e+02
   7.7820988e+01   8.1786486e+01   1.5463981e+02   1.8337443e+02   1.4571414e+02   1.7839785e+02
   7.7612352e+01   8.0900232e+01   1.5405599e+02   1.8218681e+02   1.4535072e+02   1.7747736e+02
   7.7143369e+01   8.1175916e+01   1.5400535e+02   1.8218967e+02   1.4560501e+02   1.7744704e+02
   7.7253927e+01   8.0971560e+01   1.5438481e+02   1.8248924e+02   1.4540993e+02   1.7730153e+02
   7.7650156e+01   8.0700156e+01   1.5450108e+02   1.8385875e+02   1.4583362e+02   1.7798058e+02
   7.7630898e+01   8.0459066e+01   1.5541479e+02   1.8506883e+02   1.4659647e+02   1.7940144e+02
   7.7309564e+01   8.0621694e+01   1.5585025e+02   1.8533132e+02   1.4666852e+02   1.7968069e+02
   7.7795666e+01   8.0606359e+01   1.5535738e+02   1.8473965e+02   1.4685005e+02   1.7957976e+02
   7.7491094e+01   8.0797162e+01   1.5525680e+02   1.8480492e+02   1.4628584e+02   1.7990038e+02
   7.7631611e+01   8.1101377e+01   1.5430457e+02   1.8358592e+02   1.4638035e+02   1.7989896e+02
   7.7430465e+01   8.0806435e+01   1.5424608e+02   1.8275280e+02   1.4553332e+02   1.8008084e+02
   7.6939013e+01   8.0074963e+01   1.5423930e+02   1.8212761e+02   1.4496092e+02   1.7755903e+02
   7.6952565e+01   8.0489737e+01   1.5467797e+02   1.8249887e+02   1.4576586e+02   1.7865998e+02
   7.6551700e+01   8.0486171e+01   1.5422932e+02   1.8259481e+02   1.4581935e+02   1.7735432e+02
   7.6589861e+01   8.0357423e+01   1.5429886e+02   1.8456062e+02   1.4614390e+02   1.7849379e+02
   7.7103068e+01   8.0040369e+01   1.5441584e+02   1.8407987e+02   1.4564032e+02   1.7834899e+02
   7.7140872e+01   8.0031096e+01   1.5449181e+02   1.8412587e+02   1.4597485e+02   1.7866391e+02
   7.7227536e+01   8.0857791e+01   1.5460486e+02   1.8465477e+02   1.4649697e+02   1.7848166e+02
   7.7707219e+01   8.0746162e+01   1.5533633e+02   1.8524359e+02   1.4652622e+02   1.7981194e+02
   7.7207207e+01   8.1110293e+01   1.5452925e+02   1.8444756e+02   1.4631187e+02   1.8021565e+02
   7.7058844e+01   8.0737603e+01   1.5442333e+02   1.8392972e+02   1.4559395e+02   1.7902126e+02
   7.6848783e+01   8.0336024e+01   1.5429779e+02   1.8361588e+02   1.4549623e+02   1.7936399e+02
   7.6962551e+01   7.9863118e+01   1.5385912e+02   1.8332272e+02   1.4511320e+02   1.7937897e+02
   7.7300291e+01   7.9774671e+01   1.5413374e+02   1.8343399e+02   1.4495878e+02   1.7888930e+02
   7.7506073e+01   7.9877383e+01   1.5430564e+02   1.8426710e+02   1.4545237e+02   1.7834970e+02
   7.7902659e+01   8.0179102e+01   1.5435343e+02   1.8347108e+02   1.4575658e+02   1.7811860e+02
   7.7523549e+01   8.1418075e+01   1.5520224e+02   1.8392294e+02   1.4619490e+02   1.7913467e+02
   7.8268573e+01   8.0435884e+01   1.5523683e+02   1.8397287e+02   1.4642814e+02   1.7925878e+02
   7.8113790e+01   7.9334575e+01   1.5605639e+02   1.8452852e+02   1.4611929e+02   1.7911755e+02
   7.7740387e+01   8.1236545e+01   1.5525466e+02   1.8474358e+02   1.4667279e+02   1.7844528e+02
   7.7914428e+01   8.0393444e+01   1.5485808e+02   1.8443116e+02   1.4598162e+02   1.7711394e+02
   7.7939036e+01   8.0626687e+01   1.5487484e+02   1.8392009e+02   1.4567063e+02   1.7796952e+02
   7.7657646e+01   8.0915210e+01   1.5429209e+02   1.8362515e+02   1.4580580e+02   1.7891855e+02
   7.7327396e+01   8.0823197e+01   1.5361661e+02   1.8281878e+02   1.4528796e+02   1.7863716e+02
   7.7604863e+01   8.0229032e+01   1.5369436e+02   1.8249424e+02   1.4492168e+02   1.7763856e+02
   7.6806699e+01   8.0927693e+01   1.5379778e+02   1.8315937e+02   1.4498196e+02   1.7839963e+02
   7.7365913e+01   8.0990462e+01   1.5396469e+02   1.8368613e+02   1.4489315e+02   1.7835755e+02
   7.7468269e+01   8.0593876e+01   1.5361482e+02   1.8302991e+02   1.4449264e+02   1.7756581e+02
   7.7273899e+01   8.0119900e+01   1.5334984e+02   1.8332450e+02   1.4479757e+02   1.7805548e+02
   7.7198648e+01   8.0751155e+01   1.5440907e+02   1.8426782e+02   1.4569025e+02   1.7907404e+02
   7.7675835e+01   8.0281458e+01   1.5487520e+02   1.8455884e+02   1.4574660e+02   1.7914751e+02
   7.7453290e+01   8.0559639e+01   1.5485843e+02   1.8345895e+02   1.4572127e+02   1.7953910e+02
   7.7570982e+01   8.0889176e+01   1.5449930e+02   1.8360197e+02   1.4612999e+02   1.7977734e+02
   7.7502150e+01   8.0841029e+01   1.5504175e+02   1.8462553e+02   1.4612606e+02   1.7910971e+02
   7.7240375e+01   7.9858481e+01   1.5558919e+02   1.8552640e+02   1.4647272e+02   1.7991643e+02
   7.7821344e+01   8.0740456e+01   1.5538769e+02   1.8564731e+02   1.4640032e+02   1.7933047e+02
   7.7880190e+01   8.0567842e+01   1.5507991e+02   1.8574253e+02   1.4658791e+02   1.7926057e+02
   7.7329892e+01   8.0376682e+01   1.5452462e+02   1.8472289e+02   1.4637215e+02   1.7906120e+02
   7.6917614e+01   8.0059271e+01   1.5457526e+02   1.8438158e+02   1.4679619e+02   1.7903232e+02
   7.7578828e+01   8.0562135e+01   1.5477819e+02   1.8378671e+02   1.4682829e+02   1.7980409e+02
   7.7630898e+01   7.9987229e+01   1.5505851e+02   1.8394648e+02   1.4658684e+02   1.7925272e+02
   7.7374472e+01   8.0604219e+01   1.5396612e+02   1.8349818e+02   1.4593847e+02   1.7915750e+02
   7.7222543e+01   7.9797852e+01   1.5436342e+02   1.8330560e+02   1.4553903e+02   1.7890143e+02
   7.7295655e+01   8.0588527e+01   1.5465622e+02   1.8394934e+02   1.4558932e+02   1.7870028e+02
   7.7510709e+01   8.0801085e+01   1.5495009e+02   1.8463765e+02   1.4655082e+02   1.7899594e+02
   7.7875554e+01   8.0529681e+01   1.5519296e+02   1.8458095e+02   1.4610716e+02   1.7910329e+02
   7.7973987e+01   7.9646636e+01   1.5559026e+02   1.8505029e+02   1.4684149e+02   1.8002342e+02
   7.8059224e+01   8.0873127e+01   1.5524396e+02   1.8490656e+02   1.4704335e+02   1.8005445e+02
   7.8269286e+01   8.0779330e+01   1.5529461e+02   1.8500428e+02   1.4687929e+02   1.7932690e+02
   7.8206517e+01   8.1320355e+01   1.5482669e+02   1.8463694e+02   1.4701160e+02   1.7837752e+02
   7.8040679e+01   8.0275752e+01   1.5525823e+02   1.8461126e+02   1.4694135e+02   1.7816461e+02
   7.7896239e+01   8.0148788e+01   1.5556351e+02   1.8489551e+02   1.4712466e+02   1.7905051e+02
   7.7867351e+01   8.0724764e+01   1.5564554e+02   1.8534345e+02   1.4674020e+02   1.7948133e+02
   7.8342754e+01   8.0333171e+01   1.5542050e+02   1.8556635e+02   1.4688714e+02   1.7903981e+02
   7.8289258e+01   8.0015047e+01   1.5522684e+02   1.8566157e+02   1.4679120e+02   1.7998954e+02
   7.8129483e+01   8.0623834e+01   1.5511700e+02   1.8495863e+02   1.4666780e+02   1.8041252e+02
   7.8635557e+01   8.0466199e+01   1.5549076e+02   1.8525036e+02   1.4656010e+02   1.8005481e+02
