   8.8049459e+01   8.1233691e+01   1.5642621e+02   2.0293455e+02   1.3510762e+02   1.4352145e+02
   8.8030193e+01   8.2237700e+01   1.5668381e+02   2.0313935e+02   1.3512689e+02   1.4401882e+02
   8.8594278e+01   8.2905611e+01   1.5822621e+02   2.0312437e+02   1.3526711e+02   1.4489296e+02
   8.8809780e+01   8.3113977e+01   1.5897583e+02   2.0342657e+02   1.3527246e+02   1.4549593e+02
   8.8927877e+01   8.2653361e+01   1.5903256e+02   2.0331703e+02   1.3548582e+02   1.4526402e+02
   8.8472970e+01   8.2702241e+01   1.5844814e+02   2.0198585e+02   1.3496598e+02   1.4470243e+02
   8.8501870e+01   8.1945488e+01   1.5856980e+02   2.0277257e+02   1.3555325e+02   1.4458861e+02
   8.8655646e+01   8.2714372e+01   1.5783482e+02   2.0301162e+02   1.3512403e+02   1.4524725e+02
   8.8582147e+01   8.2439643e+01   1.5776774e+02   2.0289888e+02   1.3514294e+02   1.4597367e+02
   8.8875786e+01   8.2598772e+01   1.5856517e+02   2.0318681e+02   1.3533739e+02   1.4550235e+02
   8.8675626e+01   8.3531422e+01   1.5850094e+02   2.0317646e+02   1.3485751e+02   1.4452653e+02
   8.8474753e+01   8.2027907e+01   1.5779093e+02   2.0278970e+02   1.3429735e+02   1.4368308e+02
   8.7928864e+01   8.1581919e+01   1.5729249e+02   2.0236048e+02   1.3466699e+02   1.4331737e+02
   8.8191105e+01   8.2542756e+01   1.5730070e+02   2.0244682e+02   1.3489355e+02   1.4351039e+02
   8.8698104e+01   8.2669773e+01   1.5867185e+02   2.0370094e+02   1.3555504e+02   1.4539674e+02
   8.8829046e+01   8.2593420e+01   1.5857337e+02   2.0364278e+02   1.3530207e+02   1.4593015e+02
   8.9001733e+01   8.2055737e+01   1.5887272e+02   2.0320429e+02   1.3573486e+02   1.4614922e+02
   8.8764111e+01   8.3094354e+01   1.5916386e+02   2.0360568e+02   1.3561997e+02   1.4622628e+02
   8.8697747e+01   8.2153497e+01   1.5891054e+02   2.0335450e+02   1.3554076e+02   1.4514128e+02
   8.8256041e+01   8.2626245e+01   1.5765357e+02   2.0325745e+02   1.3526568e+02   1.4486263e+02
   8.8712733e+01   8.2485669e+01   1.5751977e+02   2.0326352e+02   1.3568634e+02   1.4437846e+02
   8.8462979e+01   8.2588068e+01   1.5774740e+02   2.0274546e+02   1.3518112e+02   1.4381188e+02
   8.8443713e+01   8.2177402e+01   1.5868897e+02   2.0281824e+02   1.3537735e+02   1.4508598e+02
   8.8714517e+01   8.1981167e+01   1.5852663e+02   2.0323426e+02   1.3579623e+02   1.4616705e+02
   8.8651365e+01   8.3253482e+01   1.5805353e+02   2.0294419e+02   1.3542766e+02   1.4610141e+02
   8.8335962e+01   8.2785016e+01   1.5857837e+02   2.0163512e+02   1.3485038e+02   1.4514057e+02
   8.8087636e+01   8.2543112e+01   1.5799466e+02   2.0171861e+02   1.3408827e+02   1.4234048e+02
   8.7676613e+01   8.1624377e+01   1.5763323e+02   2.0262986e+02   1.3462488e+02   1.4297699e+02
   8.7862858e+01   8.2154211e+01   1.5735672e+02   2.0265519e+02   1.3457315e+02   1.4377335e+02
   8.8154712e+01   8.2517423e+01   1.5873857e+02   2.0397389e+02   1.3554041e+02   1.4413799e+02
   8.8694536e+01   8.2335817e+01   1.5884953e+02   2.0419866e+02   1.3512903e+02   1.4569324e+02
   8.8304921e+01   8.2819982e+01   1.5835609e+02   2.0403953e+02   1.3512582e+02   1.4515698e+02
   8.8801217e+01   8.1864140e+01   1.5802320e+02   2.0282252e+02   1.3515579e+02   1.4476879e+02
   8.8624962e+01   8.3079368e+01   1.5848667e+02   2.0289745e+02   1.3469267e+02   1.4423361e+02
   8.8347379e+01   8.2132447e+01   1.5790403e+02   2.0330562e+02   1.3502770e+02   1.4469458e+02
   8.8076932e+01   8.2694391e+01   1.5679441e+02   2.0210966e+02   1.3462381e+02   1.4305192e+02
   8.8036258e+01   8.1924794e+01   1.5817591e+02   2.0201404e+02   1.3475725e+02   1.4309152e+02
   8.7868923e+01   8.1679679e+01   1.5802320e+02   2.0286784e+02   1.3471943e+02   1.4453367e+02
   8.8215724e+01   8.1875201e+01   1.5813488e+02   2.0332738e+02   1.3500986e+02   1.4441771e+02
   8.8654576e+01   8.3004442e+01   1.5824905e+02   2.0334486e+02   1.3531920e+02   1.4503175e+02
   8.8254971e+01   8.2032188e+01   1.5828865e+02   2.0324960e+02   1.3556146e+02   1.4530362e+02
   8.8215010e+01   8.1918372e+01   1.5750800e+02   2.0280504e+02   1.3521466e+02   1.4539924e+02
   8.8181472e+01   8.2577364e+01   1.5787692e+02   2.0229198e+02   1.3501129e+02   1.4443876e+02
   8.8073721e+01   8.3065810e+01   1.5781162e+02   2.0198264e+02   1.3472871e+02   1.4254991e+02
   8.8412315e+01   8.1331809e+01   1.5773813e+02   2.0137788e+02   1.3447467e+02   1.4298377e+02
   8.8186110e+01   8.2337244e+01   1.5687434e+02   2.0194946e+02   1.3411717e+02   1.4184918e+02
   8.8302780e+01   8.2378275e+01   1.5844279e+02   2.0253638e+02   1.3463916e+02   1.4376122e+02
   8.7800063e+01   8.2790368e+01   1.5803390e+02   2.0342050e+02   1.3486857e+02   1.4477200e+02
   8.8358440e+01   8.1974032e+01   1.5726359e+02   2.0296631e+02   1.3497846e+02   1.4534644e+02
   8.8201095e+01   8.2970547e+01   1.5775026e+02   2.0314827e+02   1.3489604e+02   1.4479841e+02
   8.8423376e+01   8.2537404e+01   1.5869325e+02   2.0371486e+02   1.3492637e+02   1.4483052e+02
   8.8622821e+01   8.2638375e+01   1.5823014e+02   2.0226308e+02   1.3494171e+02   1.4446623e+02
   8.7953126e+01   8.2282299e+01   1.5719652e+02   2.0181602e+02   1.3481256e+02   1.4387824e+02
   8.7869637e+01   8.2281228e+01   1.5826082e+02   2.0238117e+02   1.3523999e+02   1.4347507e+02
   8.8176120e+01   8.1850939e+01   1.5861012e+02   2.0272012e+02   1.3512225e+02   1.4413620e+02
   8.8440502e+01   8.2130306e+01   1.5788477e+02   2.0231053e+02   1.3474869e+02   1.4381010e+02
   8.8042323e+01   8.3039408e+01   1.5808600e+02   2.0387898e+02   1.3527210e+02   1.4512166e+02
   8.8334535e+01   8.1869492e+01   1.5781055e+02   2.0308013e+02   1.3481434e+02   1.4458398e+02
   8.8094772e+01   8.1689313e+01   1.5740417e+02   2.0200761e+02   1.3440724e+02   1.4297128e+02
   8.8419094e+01   8.2396828e+01   1.5751085e+02   2.0235727e+02   1.3441902e+02   1.4108386e+02
   8.8865796e+01   8.1740691e+01   1.5785051e+02   2.0268587e+02   1.3421493e+02   1.4303479e+02
   8.8964627e+01   8.1906955e+01   1.5758649e+02   2.0410269e+02   1.3489640e+02   1.4401311e+02
   8.8563594e+01   8.2697246e+01   1.5806245e+02   2.0286034e+02   1.3469196e+02   1.4471670e+02
   8.8399471e+01   8.2416095e+01   1.5838606e+02   2.0158196e+02   1.3522108e+02   1.4405093e+02
   8.8241769e+01   8.1579778e+01   1.5794435e+02   2.0147992e+02   1.3467662e+02   1.4458505e+02
   8.8394476e+01   8.2459980e+01   1.5770102e+02   2.0344655e+02   1.3450536e+02   1.4411337e+02
   8.8212869e+01   8.2689396e+01   1.5761789e+02   2.0317896e+02   1.3467947e+02   1.4382330e+02
   8.8453703e+01   8.2741131e+01   1.5765357e+02   2.0285107e+02   1.3516613e+02   1.4402845e+02
   8.8010569e+01   8.1611532e+01   1.5791010e+02   2.0185705e+02   1.3492423e+02   1.4389822e+02
   8.7943136e+01   8.1891613e+01   1.5736813e+02   2.0142069e+02   1.3489176e+02   1.4319749e+02
   8.8297785e+01   8.1557300e+01   1.5785158e+02   2.0161657e+02   1.3517505e+02   1.4362778e+02
   8.8085495e+01   8.1916232e+01   1.5734387e+02   2.0122696e+02   1.3534310e+02   1.4362278e+02
   8.8067656e+01   8.2359008e+01   1.5760576e+02   2.0170077e+02   1.3497311e+02   1.4474346e+02
   8.8553961e+01   8.2001861e+01   1.5864651e+02   2.0212785e+02   1.3507194e+02   1.4398492e+02
   8.8216437e+01   8.2698673e+01   1.5789725e+02   2.0301269e+02   1.3469874e+02   1.4324601e+02
   8.8505081e+01   8.1767807e+01   1.5783838e+02   2.0378336e+02   1.3524998e+02   1.4440094e+02
   8.8906470e+01   8.2327611e+01   1.5742451e+02   2.0244932e+02   1.3501307e+02   1.4446017e+02
   8.8929304e+01   8.2740417e+01   1.5797682e+02   2.0256920e+02   1.3507230e+02   1.4363848e+02
   8.8244980e+01   8.2225569e+01   1.5750122e+02   2.0199869e+02   1.3540733e+02   1.4360708e+02
   8.8002006e+01   8.2922381e+01   1.5690823e+02   2.0188274e+02   1.3483824e+02   1.4346544e+02
   8.8941435e+01   8.2397185e+01   1.5818554e+02   2.0206755e+02   1.3511048e+02   1.4380403e+02
   8.9044548e+01   8.3024423e+01   1.5801535e+02   2.0332132e+02   1.3502913e+02   1.4448051e+02
   8.8928591e+01   8.2190603e+01   1.5774705e+02   2.0319466e+02   1.3505161e+02   1.4516019e+02
   8.8791227e+01   8.3311282e+01   1.5782768e+02   2.0338982e+02   1.3508443e+02   1.4457648e+02
   8.8215010e+01   8.2197739e+01   1.5823014e+02   2.0302375e+02   1.3497882e+02   1.4473525e+02
   8.8349163e+01   8.2033616e+01   1.5785622e+02   2.0275295e+02   1.3449929e+02   1.4469101e+02
   8.9148731e+01   8.2821409e+01   1.5874106e+02   2.0294383e+02   1.3526925e+02   1.4522085e+02
   8.8787302e+01   8.3222085e+01   1.5813059e+02   2.0269122e+02   1.3538877e+02   1.4515591e+02
   8.8318836e+01   8.3199964e+01   1.5769816e+02   2.0288282e+02   1.3477117e+02   1.4319249e+02
   8.8963556e+01   8.2481744e+01   1.5748231e+02   2.0135397e+02   1.3503341e+02   1.4372518e+02
   8.9097710e+01   8.3301649e+01   1.5757793e+02   2.0123266e+02   1.3514580e+02   1.4309330e+02
   8.9305362e+01   8.2890626e+01   1.5813416e+02   2.0206470e+02   1.3518647e+02   1.4337588e+02
   8.8542900e+01   8.1297557e+01   1.5786871e+02   2.0235085e+02   1.3449216e+02   1.4307761e+02
   8.8970692e+01   8.3106128e+01   1.5772136e+02   2.0215532e+02   1.3508871e+02   1.4349755e+02
   8.9338543e+01   8.3378002e+01   1.5801785e+02   2.0193768e+02   1.3491388e+02   1.4398778e+02
   8.8983893e+01   8.1905885e+01   1.5824156e+02   2.0261416e+02   1.3514152e+02   1.4421827e+02
   8.9474480e+01   8.2945572e+01   1.5834752e+02   2.0333737e+02   1.3536059e+02   1.4480590e+02
   8.9526572e+01   8.2631596e+01   1.5826475e+02   2.0255386e+02   1.3457422e+02   1.4331880e+02
   8.8141511e+01   8.2441427e+01   1.5695140e+02   2.0283394e+02   1.3410433e+02   1.4196406e+02
   8.8992813e+01   8.2384341e+01   1.5746625e+02   2.0244076e+02   1.3466377e+02   1.4273045e+02
   8.9334975e+01   8.3482542e+01   1.5838178e+02   2.0401955e+02   1.3534953e+02   1.4463071e+02
   8.9647880e+01   8.3089715e+01   1.5856017e+02   2.0344477e+02   1.3496098e+02   1.4513201e+02
   8.8704527e+01   8.3459707e+01   1.5730427e+02   2.0220099e+02   1.3441473e+02   1.4388574e+02
   8.8582504e+01   8.3113977e+01   1.5669594e+02   2.0155378e+02   1.3443864e+02   1.4356534e+02
   8.8751980e+01   8.3004442e+01   1.5756365e+02   2.0220278e+02   1.3497704e+02   1.4383436e+02
   8.9132318e+01   8.2871716e+01   1.5771886e+02   2.0285820e+02   1.3488070e+02   1.4385648e+02
   8.8671702e+01   8.2808564e+01   1.5781840e+02   2.0339089e+02   1.3525676e+02   1.4440950e+02
   8.8809780e+01   8.3146088e+01   1.5833361e+02   2.0353967e+02   1.3553220e+02   1.4506029e+02
   8.8535051e+01   8.3227080e+01   1.5921238e+02   2.0253459e+02   1.3558501e+02   1.4414477e+02
   8.7864642e+01   8.3369796e+01   1.5841852e+02   2.0287069e+02   1.3478009e+02   1.4284641e+02
   8.7107532e+01   8.1161263e+01   1.5736135e+02   2.0323925e+02   1.3490711e+02   1.4180137e+02
   8.7840737e+01   8.2049671e+01   1.5635949e+02   2.0275509e+02   1.3491567e+02   1.4301981e+02
   8.7825038e+01   8.1731414e+01   1.5610153e+02   2.0125764e+02   1.3397517e+02   1.4226734e+02
   8.7792570e+01   8.1811692e+01   1.5552495e+02   2.0129296e+02   1.3333116e+02   1.3988469e+02
   8.7460041e+01   8.1053869e+01   1.5646403e+02   2.0170363e+02   1.3388098e+02   1.4123764e+02
   8.8183256e+01   8.1886261e+01   1.5691608e+02   2.0179711e+02   1.3467234e+02   1.4168898e+02
   8.8651365e+01   8.2354727e+01   1.5761610e+02   2.0220599e+02   1.3508942e+02   1.4410338e+02
   8.9160148e+01   8.3214592e+01   1.5878495e+02   2.0329349e+02   1.3550972e+02   1.4592301e+02
   8.9250059e+01   8.3414751e+01   1.5940148e+02   2.0402205e+02   1.3560142e+02   1.4731021e+02
   8.9332834e+01   8.3358735e+01   1.5960343e+02   2.0315684e+02   1.3498881e+02   1.4657594e+02
   8.9624689e+01   8.3077228e+01   1.5812917e+02   2.0275545e+02   1.3452534e+02   1.4481696e+02
   8.9881221e+01   8.3588508e+01   1.5908572e+02   2.0276758e+02   1.3529280e+02   1.4586414e+02
   9.0586596e+01   8.4362387e+01   1.5940755e+02   2.0409591e+02   1.3569597e+02   1.4604432e+02
   9.0346833e+01   8.3893921e+01   1.5931657e+02   2.0294776e+02   1.3519218e+02   1.4567433e+02
   8.9769546e+01   8.3874297e+01   1.5870075e+02   2.0267517e+02   1.3516364e+02   1.4436384e+02
   8.9651805e+01   8.3574594e+01   1.5908929e+02   2.0262950e+02   1.3489248e+02   1.4499357e+02
   9.0194840e+01   8.4205399e+01   1.5971011e+02   2.0312080e+02   1.3546120e+02   1.4528257e+02
   8.9662152e+01   8.4007024e+01   1.5844707e+02   2.0309404e+02   1.3498489e+02   1.4367951e+02
   8.9075945e+01   8.3137525e+01   1.5804818e+02   2.0302803e+02   1.3497775e+02   1.4385041e+02
   8.9341754e+01   8.3667359e+01   1.5783482e+02   2.0336806e+02   1.3501878e+02   1.4423610e+02
   8.9884433e+01   8.3121470e+01   1.5937865e+02   2.0428965e+02   1.3567242e+02   1.4608214e+02
   8.9937951e+01   8.4014873e+01   1.5871502e+02   2.0328992e+02   1.3536166e+02   1.4536321e+02
   8.9366016e+01   8.3449717e+01   1.5788191e+02   2.0308976e+02   1.3441973e+02   1.4419008e+02
   8.9407404e+01   8.2935939e+01   1.5699029e+02   2.0303053e+02   1.3424169e+02   1.4402988e+02
   8.9006014e+01   8.3650590e+01   1.5675552e+02   2.0292671e+02   1.3465699e+02   1.4355285e+02
   8.8656360e+01   8.2785373e+01   1.5727465e+02   2.0368810e+02   1.3512082e+02   1.4340407e+02
   8.8796222e+01   8.2236273e+01   1.5728215e+02   2.0359890e+02   1.3492066e+02   1.4404629e+02
   8.9271110e+01   8.3472551e+01   1.5793828e+02   2.0142569e+02   1.3475832e+02   1.4321997e+02
   8.9004230e+01   8.3315564e+01   1.5882205e+02   2.0159374e+02   1.3523321e+02   1.4349220e+02
   8.9198681e+01   8.2720794e+01   1.5862939e+02   2.0266661e+02   1.3544871e+02   1.4460396e+02
   8.9350674e+01   8.3236356e+01   1.5831220e+02   2.0353646e+02   1.3526711e+02   1.4356463e+02
   8.9067026e+01   8.3361233e+01   1.5784088e+02   2.0276972e+02   1.3468090e+02   1.4322175e+02
   8.8750552e+01   8.3327338e+01   1.5834824e+02   2.0253994e+02   1.3473192e+02   1.4340799e+02
   8.9357810e+01   8.2745056e+01   1.5852164e+02   2.0345832e+02   1.3516756e+02   1.4504816e+02
   8.9615413e+01   8.3647022e+01   1.5843922e+02   2.0309582e+02   1.3530136e+02   1.4450191e+02
   8.9388494e+01   8.3357308e+01   1.5906753e+02   2.0305230e+02   1.3504946e+02   1.4472633e+02
   8.9372081e+01   8.3329122e+01   1.5873250e+02   2.0258347e+02   1.3506730e+02   1.4437882e+02
   8.9111624e+01   8.3972772e+01   1.5834859e+02   2.0234086e+02   1.3487963e+02   1.4405807e+02
   8.8614972e+01   8.3091856e+01   1.5801428e+02   2.0248500e+02   1.3460883e+02   1.4332665e+02
   8.9097353e+01   8.2596631e+01   1.5754582e+02   2.0239616e+02   1.3484217e+02   1.4320427e+02
   8.9223657e+01   8.3444722e+01   1.5778415e+02   2.0154914e+02   1.3501307e+02   1.4265481e+02
   8.8980326e+01   8.2925235e+01   1.5847026e+02   2.0190236e+02   1.3484146e+02   1.4386147e+02
   8.9560467e+01   8.3324483e+01   1.5804354e+02   2.0188309e+02   1.3503626e+02   1.4442021e+02
   8.9812361e+01   8.4115845e+01   1.5925199e+02   2.0297130e+02   1.3493065e+02   1.4482088e+02
   8.9769903e+01   8.3636675e+01   1.5976969e+02   2.0430463e+02   1.3555753e+02   1.4565756e+02
   8.9205817e+01   8.3565674e+01   1.5861155e+02   2.0325281e+02   1.3483789e+02   1.4407484e+02
   8.8910038e+01   8.3010508e+01   1.5715335e+02   2.0173931e+02   1.3386278e+02   1.4240185e+02
   8.8861158e+01   8.3512869e+01   1.5681511e+02   2.0190950e+02   1.3451713e+02   1.4247071e+02
   8.8873645e+01   8.2552032e+01   1.5785658e+02   2.0261808e+02   1.3493708e+02   1.4382901e+02
   8.9226511e+01   8.3362660e+01   1.5765214e+02   2.0224631e+02   1.3483361e+02   1.4432495e+02
   8.8744844e+01   8.3348745e+01   1.5778986e+02   2.0178569e+02   1.3440260e+02   1.4242040e+02
   8.8736638e+01   8.2386838e+01   1.5787371e+02   2.0238331e+02   1.3421029e+02   1.4244002e+02
   8.9262547e+01   8.3060102e+01   1.5742272e+02   2.0260310e+02   1.3438905e+02   1.4367951e+02
   8.8941435e+01   8.4023793e+01   1.5829365e+02   2.0380584e+02   1.3519289e+02   1.4424395e+02
   8.9529069e+01   8.2532765e+01   1.5887807e+02   2.0308155e+02   1.3525747e+02   1.4463821e+02
   8.9072377e+01   8.3228864e+01   1.5848810e+02   2.0240187e+02   1.3493850e+02   1.4356355e+02
   8.8740562e+01   8.3101133e+01   1.5832433e+02   2.0340659e+02   1.3570275e+02   1.4344581e+02
   8.8943933e+01   8.3456853e+01   1.5732710e+02   2.0370165e+02   1.3488463e+02   1.4349826e+02
   8.8446210e+01   8.2234132e+01   1.5656571e+02   2.0326459e+02   1.3488070e+02   1.4344867e+02
   8.9118403e+01   8.2648722e+01   1.5670879e+02   2.0227200e+02   1.3473370e+02   1.4328526e+02
   8.8910038e+01   8.2892410e+01   1.5832148e+02   2.0292421e+02   1.3503840e+02   1.4327099e+02
   8.9045618e+01   8.2555600e+01   1.5779842e+02   2.0325353e+02   1.3481862e+02   1.4386362e+02
   8.8291006e+01   8.3064740e+01   1.5691501e+02   2.0290565e+02   1.3390666e+02   1.4194230e+02
   8.8591424e+01   8.2240554e+01   1.5732782e+02   2.0240508e+02   1.3426667e+02   1.4146313e+02
   8.8649224e+01   8.3257764e+01   1.5764572e+02   2.0217673e+02   1.3467055e+02   1.4330024e+02
   8.8409104e+01   8.2499941e+01   1.5742237e+02   2.0211215e+02   1.3475690e+02   1.4376229e+02
   8.8425160e+01   8.2681904e+01   1.5718581e+02   2.0124265e+02   1.3415642e+02   1.4259558e+02
   8.7975604e+01   8.2862797e+01   1.5718082e+02   2.0200190e+02   1.3429557e+02   1.4263233e+02
   8.8257825e+01   8.2102119e+01   1.5769388e+02   2.0165332e+02   1.3495349e+02   1.4343404e+02
   8.8663496e+01   8.2617325e+01   1.5818875e+02   2.0123124e+02   1.3544943e+02   1.4462322e+02
   8.9045618e+01   8.2378275e+01   1.5814237e+02   2.0070854e+02   1.3498952e+02   1.4405414e+02
   8.8571087e+01   8.2118888e+01   1.5717654e+02   2.0091833e+02   1.3441188e+02   1.4258524e+02
   8.8503653e+01   8.2725432e+01   1.5663029e+02   2.0160337e+02   1.3445220e+02   1.4130757e+02
   8.8991386e+01   8.2904541e+01   1.5714407e+02   2.0332488e+02   1.3460669e+02   1.4264232e+02
   8.8742703e+01   8.2258750e+01   1.5716762e+02   2.0288924e+02   1.3508657e+02   1.4256490e+02
   8.8577152e+01   8.2542399e+01   1.5695711e+02   2.0244325e+02   1.3475832e+02   1.4187522e+02
   8.8960345e+01   8.2738633e+01   1.5678442e+02   2.0200833e+02   1.3435658e+02   1.4151629e+02
   8.8863655e+01   8.1950840e+01   1.5755937e+02   2.0231552e+02   1.3480934e+02   1.4240363e+02
   8.9492320e+01   8.2863867e+01   1.5796362e+02   2.0215104e+02   1.3532669e+02   1.4366381e+02
   8.7986664e+01   8.2888485e+01   1.5760147e+02   2.0139572e+02   1.3436514e+02   1.4295059e+02
   8.8158637e+01   8.2282299e+01   1.5709305e+02   2.0211429e+02   1.3446468e+02   1.4265517e+02
   8.8433366e+01   8.2399683e+01   1.5816734e+02   2.0189380e+02   1.3442116e+02   1.4273152e+02
   8.8891841e+01   8.3395128e+01   1.5767711e+02   2.0265376e+02   1.3487999e+02   1.4324744e+02
   8.7996654e+01   8.2875998e+01   1.5724718e+02   2.0185241e+02   1.3471123e+02   1.4327134e+02
   8.8141511e+01   8.2016133e+01   1.5684472e+02   2.0104571e+02   1.3437228e+02   1.4228018e+02
   8.7131081e+01   8.1289708e+01   1.5659568e+02   2.0125193e+02   1.3422100e+02   1.4142388e+02
   8.7766524e+01   8.1609749e+01   1.5554244e+02   2.0167758e+02   1.3362195e+02   1.4037635e+02
   8.7359427e+01   8.1470600e+01   1.5574224e+02   2.0152523e+02   1.3413037e+02   1.4070994e+02
   8.7772233e+01   8.1383543e+01   1.5591742e+02   2.0087873e+02   1.3405259e+02   1.4102677e+02
   8.7897110e+01   8.0636067e+01   1.5555635e+02   2.0112313e+02   1.3417497e+02   1.4094650e+02
   8.7705156e+01   8.0994285e+01   1.5594454e+02   2.0074850e+02   1.3413608e+02   1.4111383e+02
   8.8541473e+01   8.1473811e+01   1.5701919e+02   2.0220777e+02   1.3483646e+02   1.4346901e+02
   8.8811564e+01   8.1769947e+01   1.5771315e+02   2.0340373e+02   1.3498596e+02   1.4464534e+02
   8.9004230e+01   8.2429653e+01   1.5808100e+02   2.0319787e+02   1.3539912e+02   1.4527080e+02
   8.9090217e+01   8.2508504e+01   1.5763180e+02   2.0301947e+02   1.3530493e+02   1.4447052e+02
   8.8652078e+01   8.2215222e+01   1.5849631e+02   2.0224845e+02   1.3534239e+02   1.4432851e+02
   8.9042050e+01   8.2997307e+01   1.5787656e+02   2.0138894e+02   1.3526211e+02   1.4421719e+02
   8.8881138e+01   8.2901330e+01   1.5796183e+02   2.0190486e+02   1.3513438e+02   1.4426715e+02
   8.9225797e+01   8.1806697e+01   1.5869147e+02   2.0252781e+02   1.3510869e+02   1.4481375e+02
   8.9298226e+01   8.3330192e+01   1.5776274e+02   2.0253245e+02   1.3480185e+02   1.4404165e+02
   8.9346036e+01   8.3195325e+01   1.5841246e+02   2.0311224e+02   1.3470766e+02   1.4394175e+02
   8.9701756e+01   8.2480317e+01   1.5793222e+02   2.0265233e+02   1.3446254e+02   1.4370056e+02
   8.9803441e+01   8.3449717e+01   1.5739275e+02   2.0239830e+02   1.3417568e+02   1.4342726e+02
   8.9271467e+01   8.2691180e+01   1.5686684e+02   2.0213142e+02   1.3402726e+02   1.4350825e+02
   8.9664293e+01   8.2816057e+01   1.5629241e+02   2.0231196e+02   1.3459741e+02   1.4263519e+02
   8.9751706e+01   8.2916672e+01   1.5678335e+02   2.0220635e+02   1.3465664e+02   1.4318464e+02
   8.8902188e+01   8.2326541e+01   1.5720009e+02   2.0119877e+02   1.3442223e+02   1.4214353e+02
   8.9407404e+01   8.2520991e+01   1.5678228e+02   2.0003742e+02   1.3451785e+02   1.4107458e+02
   8.9203676e+01   8.2572369e+01   1.5630526e+02   2.0055012e+02   1.3442365e+02   1.4142031e+02
   8.9748495e+01   8.2469257e+01   1.5706165e+02   2.0251319e+02   1.3491531e+02   1.4349184e+02
   8.9421319e+01   8.2499941e+01   1.5797361e+02   2.0305693e+02   1.3499737e+02   1.4524761e+02
   8.8974260e+01   8.3371580e+01   1.5789725e+02   2.0314899e+02   1.3476653e+02   1.4485407e+02
   8.9271823e+01   8.1524832e+01   1.5772029e+02   2.0203009e+02   1.3466306e+02   1.4373910e+02
   8.8981039e+01   8.2527414e+01   1.5688433e+02   2.0200833e+02   1.3417426e+02   1.4357212e+02
   8.8844745e+01   8.2671557e+01   1.5682688e+02   2.0152737e+02   1.3417176e+02   1.4187023e+02
   8.9239355e+01   8.1153770e+01   1.5759505e+02   2.0105498e+02   1.3399194e+02   1.4264767e+02
   8.9131961e+01   8.2154924e+01   1.5687755e+02   2.0040277e+02   1.3384209e+02   1.4299305e+02
   8.9723520e+01   8.2962341e+01   1.5678978e+02   2.0152951e+02   1.3381854e+02   1.4326778e+02
   8.9932599e+01   8.2419663e+01   1.5731818e+02   2.0304088e+02   1.3426560e+02   1.4419222e+02
   8.9724947e+01   8.2539544e+01   1.5734673e+02   2.0363850e+02   1.3419495e+02   1.4446160e+02
   8.9704967e+01   8.3341609e+01   1.5681796e+02   2.0391002e+02   1.3455317e+02   1.4366024e+02
   8.9353172e+01   8.2750408e+01   1.5713194e+02   2.0354467e+02   1.3469981e+02   1.4423610e+02
   8.9688198e+01   8.2244479e+01   1.5820873e+02   2.0308405e+02   1.3547226e+02   1.4537320e+02
   9.0069607e+01   8.1722138e+01   1.5786657e+02   2.0217102e+02   1.3519539e+02   1.4549486e+02
   8.9948655e+01   8.2416452e+01   1.5833075e+02   2.0256492e+02   1.3521502e+02   1.4590517e+02
   8.9516225e+01   8.2837821e+01   1.5770352e+02   2.0292956e+02   1.3448003e+02   1.4514057e+02
   9.0037852e+01   8.3042619e+01   1.5724219e+02   2.0230125e+02   1.3481291e+02   1.4322353e+02
   8.9668217e+01   8.2457126e+01   1.5793828e+02   2.0224595e+02   1.3457458e+02   1.4437846e+02
   8.9578663e+01   8.2101763e+01   1.5698316e+02   2.0174930e+02   1.3439368e+02   1.4300946e+02
   8.8999235e+01   8.2671557e+01   1.5680226e+02   2.0250320e+02   1.3446683e+02   1.4261378e+02
   8.9071664e+01   8.2510288e+01   1.5749301e+02   2.0255921e+02   1.3452284e+02   1.4292347e+02
   8.9986831e+01   8.2322973e+01   1.5818947e+02   2.0361032e+02   1.3502485e+02   1.4508455e+02
   9.0495615e+01   8.3680917e+01   1.5718938e+02   2.0336520e+02   1.3485038e+02   1.4518267e+02
   9.0191986e+01   8.3708747e+01   1.5688433e+02   2.0203437e+02   1.3453105e+02   1.4419044e+02
   8.9676067e+01   8.2372923e+01   1.5719259e+02   2.0144317e+02   1.3472693e+02   1.4420328e+02
   8.9781677e+01   8.2365787e+01   1.5683295e+02   2.0179104e+02   1.3458706e+02   1.4467638e+02
   8.9743143e+01   8.3102203e+01   1.5727144e+02   2.0324603e+02   1.3479222e+02   1.4494041e+02
   8.9475194e+01   8.2483172e+01   1.5715121e+02   2.0290673e+02   1.3467483e+02   1.4439452e+02
   8.9299296e+01   8.2439643e+01   1.5639838e+02   2.0093867e+02   1.3407971e+02   1.4366560e+02
   8.8944646e+01   8.2867078e+01   1.5718795e+02   1.9984190e+02   1.3485501e+02   1.4364633e+02
   8.9186907e+01   8.1801702e+01   1.5800750e+02   2.0102037e+02   1.3479721e+02   1.4453617e+02
   8.9683559e+01   8.2126381e+01   1.5764072e+02   2.0213499e+02   1.3466056e+02   1.4490259e+02
   8.9487682e+01   8.3284166e+01   1.5682938e+02   2.0289174e+02   1.3397909e+02   1.4325957e+02
   8.9390991e+01   8.1732484e+01   1.5628884e+02   2.0317824e+02   1.3414464e+02   1.4301552e+02
   8.9639317e+01   8.2820695e+01   1.5683545e+02   2.0317111e+02   1.3446183e+02   1.4392677e+02
   8.9941162e+01   8.3295583e+01   1.5706700e+02   2.0190058e+02   1.3474655e+02   1.4437204e+02
   8.9670358e+01   8.2676909e+01   1.5722542e+02   2.0220563e+02   1.3473370e+02   1.4457006e+02
   8.9664293e+01   8.2831756e+01   1.5778272e+02   2.0292849e+02   1.3493815e+02   1.4510881e+02
   8.9404193e+01   8.2436075e+01   1.5824049e+02   2.0239081e+02   1.3504126e+02   1.4442556e+02
   8.9349247e+01   8.2330108e+01   1.5732782e+02   2.0157411e+02   1.3475939e+02   1.4362849e+02
   9.0173076e+01   8.2427155e+01   1.5832433e+02   2.0251996e+02   1.3546905e+02   1.4566862e+02
   9.0129904e+01   8.2948426e+01   1.5838891e+02   2.0377016e+02   1.3474619e+02   1.4568289e+02
   8.9658941e+01   8.2416095e+01   1.5790403e+02   2.0264627e+02   1.3471301e+02   1.4358032e+02
   9.0031430e+01   8.3049755e+01   1.5839926e+02   2.0232337e+02   1.3472336e+02   1.4402881e+02
   8.9518366e+01   8.2205232e+01   1.5815664e+02   2.0188381e+02   1.3471372e+02   1.4461181e+02
   8.9722806e+01   8.2501725e+01   1.5817163e+02   2.0165974e+02   1.3522179e+02   1.4468637e+02
   8.9505164e+01   8.2148859e+01   1.5829615e+02   2.0190129e+02   1.3442258e+02   1.4428677e+02
   8.8933229e+01   8.2249117e+01   1.5725503e+02   2.0177463e+02   1.3422278e+02   1.4296343e+02
   8.9253984e+01   8.2872073e+01   1.5780663e+02   2.0228091e+02   1.3452641e+02   1.4424859e+02
   8.9741003e+01   8.2976970e+01   1.5802641e+02   2.0260666e+02   1.3493743e+02   1.4549736e+02
   8.9750636e+01   8.3063670e+01   1.5769888e+02   2.0333273e+02   1.3505268e+02   1.4633796e+02
   8.9820567e+01   8.3293799e+01   1.5815022e+02   2.0331775e+02   1.3508193e+02   1.4628158e+02
   9.0102788e+01   8.2804640e+01   1.5803034e+02   2.0295810e+02   1.3453604e+02   1.4603469e+02
   9.0416764e+01   8.3575664e+01   1.5721471e+02   2.0271120e+02   1.3452855e+02   1.4399099e+02
   9.0006812e+01   8.3922107e+01   1.5815664e+02   2.0286712e+02   1.3478580e+02   1.4393105e+02
   9.0144533e+01   8.2523846e+01   1.5804318e+02   2.0235406e+02   1.3444149e+02   1.4346080e+02
   8.9781677e+01   8.1919799e+01   1.5668096e+02   2.0160658e+02   1.3426417e+02   1.4253421e+02
   8.9689625e+01   8.2180256e+01   1.5726217e+02   2.0149990e+02   1.3467983e+02   1.4320427e+02
   8.9491963e+01   8.3643811e+01   1.5806923e+02   2.0212928e+02   1.3458849e+02   1.4421006e+02
   8.9577593e+01   8.2222001e+01   1.5790118e+02   2.0129938e+02   1.3446219e+02   1.4326778e+02
   8.9621478e+01   8.2783946e+01   1.5695711e+02   2.0046093e+02   1.3424312e+02   1.4276827e+02
   8.9444153e+01   8.2894551e+01   1.5685436e+02   2.0143282e+02   1.3500380e+02   1.4305977e+02
   8.9720309e+01   8.2603767e+01   1.5770494e+02   2.0247751e+02   1.3444934e+02   1.4467103e+02
   8.9355669e+01   8.2638019e+01   1.5746375e+02   2.0214569e+02   1.3421672e+02   1.4400847e+02
   8.9267185e+01   8.2624461e+01   1.5727037e+02   2.0089550e+02   1.3440653e+02   1.4245001e+02
   8.9797732e+01   8.1777440e+01   1.5748231e+02   2.0055048e+02   1.3422135e+02   1.4292347e+02
   8.9839834e+01   8.2906682e+01   1.5760611e+02   2.0241079e+02   1.3446147e+02   1.4533502e+02
   8.9856960e+01   8.2965552e+01   1.5779343e+02   2.0318110e+02   1.3487892e+02   1.4566933e+02
   8.8539333e+01   8.2533836e+01   1.5718546e+02   2.0279077e+02   1.3467555e+02   1.4352395e+02
   8.8280659e+01   8.1204078e+01   1.5714835e+02   2.0177285e+02   1.3389132e+02   1.4178103e+02
   8.8237845e+01   8.0802689e+01   1.5630133e+02   2.0131794e+02   1.3407257e+02   1.4134575e+02
   8.8794794e+01   8.1627588e+01   1.5625459e+02   2.0039813e+02   1.3370258e+02   1.4222523e+02
   8.8268885e+01   8.1387111e+01   1.5541185e+02   1.9855103e+02   1.3272319e+02   1.3993000e+02
   8.8337389e+01   7.9430473e+01   1.5422338e+02   1.9867412e+02   1.3224795e+02   1.3934058e+02
   8.8212156e+01   8.0143340e+01   1.5450311e+02   1.9891103e+02   1.3308069e+02   1.4030285e+02
   8.9257195e+01   8.0968953e+01   1.5654359e+02   1.9987472e+02   1.3408221e+02   1.4320213e+02
   8.9617553e+01   8.2311912e+01   1.5725574e+02   1.9991611e+02   1.3403761e+02   1.4442378e+02
   8.9488395e+01   8.1867708e+01   1.5740809e+02   2.0079845e+02   1.3448538e+02   1.4436776e+02
   8.9959358e+01   8.2540972e+01   1.5746875e+02   2.0141463e+02   1.3443043e+02   1.4519516e+02
   9.0213393e+01   8.2605907e+01   1.5714621e+02   2.0210716e+02   1.3463131e+02   1.4543242e+02
   9.0312224e+01   8.2297284e+01   1.5823870e+02   2.0342157e+02   1.3515686e+02   1.4663766e+02
   9.0778549e+01   8.3875725e+01   1.5901044e+02   2.0411981e+02   1.3570203e+02   1.4722637e+02
   9.0297596e+01   8.2274449e+01   1.5880314e+02   2.0288603e+02   1.3473299e+02   1.4587984e+02
   9.0061044e+01   8.2345807e+01   1.5702312e+02   2.0111171e+02   1.3357485e+02   1.4282179e+02
   8.9868020e+01   8.2036470e+01   1.5644226e+02   2.0163869e+02   1.3299221e+02   1.4190805e+02
   8.9858030e+01   8.2065727e+01   1.5644440e+02   2.0192127e+02   1.3360981e+02   1.4194872e+02
   8.9855532e+01   8.2348305e+01   1.5667917e+02   2.0287426e+02   1.3407007e+02   1.4260878e+02
   9.0010023e+01   8.2431080e+01   1.5728179e+02   2.0174323e+02   1.3404296e+02   1.4361029e+02
   9.0391432e+01   8.3705536e+01   1.5741380e+02   2.0261915e+02   1.3409755e+02   1.4463357e+02
   9.0353255e+01   8.2869219e+01   1.5798074e+02   2.0308940e+02   1.3485038e+02   1.4564792e+02
   9.0086019e+01   8.2786087e+01   1.5732817e+02   2.0308084e+02   1.3460669e+02   1.4633582e+02
   9.0109924e+01   8.3498954e+01   1.5804247e+02   2.0268801e+02   1.3494385e+02   1.4559012e+02
   9.0115633e+01   8.3563533e+01   1.5814594e+02   2.0189701e+02   1.3452712e+02   1.4481125e+02
   8.9738148e+01   8.2340812e+01   1.5746268e+02   2.0264341e+02   1.3430235e+02   1.4414940e+02
   8.9885503e+01   8.2011138e+01   1.5684365e+02   2.0145387e+02   1.3420316e+02   1.4281465e+02
   8.9944017e+01   8.2316550e+01   1.5573189e+02   2.0040598e+02   1.3348387e+02   1.4217100e+02
   8.9467701e+01   8.2486739e+01   1.5596880e+02   2.0051052e+02   1.3332438e+02   1.4239328e+02
   8.9902272e+01   8.2422160e+01   1.5683723e+02   2.0153736e+02   1.3420244e+02   1.4241398e+02
   9.0109924e+01   8.2500297e+01   1.5723077e+02   2.0162620e+02   1.3411146e+02   1.4414048e+02
   9.0245148e+01   8.2391120e+01   1.5705523e+02   2.0064824e+02   1.3428201e+02   1.4460538e+02
   8.9797376e+01   8.3087218e+01   1.5688076e+02   2.0004955e+02   1.3378964e+02   1.4406449e+02
   8.9694620e+01   8.2730784e+01   1.5740453e+02   2.0021688e+02   1.3442758e+02   1.4539496e+02
   9.0132402e+01   8.2547037e+01   1.5823228e+02   2.0147457e+02   1.3462346e+02   1.4621986e+02
   9.0238012e+01   8.2566304e+01   1.5848560e+02   2.0077740e+02   1.3487928e+02   1.4653740e+02
   9.0255495e+01   8.2482458e+01   1.5757043e+02   2.0063575e+02   1.3450322e+02   1.4598937e+02
   9.0485624e+01   8.2644441e+01   1.5800108e+02   2.0189808e+02   1.3437620e+02   1.4600721e+02
   9.1050780e+01   8.3234929e+01   1.5793864e+02   2.0297951e+02   1.3435372e+02   1.4615635e+02
   9.0455654e+01   8.1686815e+01   1.5726181e+02   2.0287461e+02   1.3441830e+02   1.4513771e+02
   8.9910121e+01   7.8499963e+01   1.5663671e+02   2.0207398e+02   1.3416855e+02   1.4372340e+02
   8.9867307e+01   8.2897048e+01   1.5655537e+02   2.0195838e+02   1.3382353e+02   1.4251745e+02
   8.9732083e+01   7.7414606e+01   1.5744377e+02   2.0199655e+02   1.3440082e+02   1.4324958e+02
   9.0054265e+01   7.9917491e+01   1.5721757e+02   2.0190200e+02   1.3445398e+02   1.4478806e+02
   9.0445664e+01   8.0096957e+01   1.5763466e+02   2.0311152e+02   1.3476903e+02   1.4488261e+02
   8.9734224e+01   7.7622259e+01   1.5815165e+02   2.0385008e+02   1.3519396e+02   1.4541887e+02
   9.0381085e+01   7.7742497e+01   1.5758720e+02   2.0310082e+02   1.3444328e+02   1.4436098e+02
   9.0240153e+01   7.7381068e+01   1.5676195e+02   2.0274296e+02   1.3430342e+02   1.4366346e+02
   8.9799160e+01   7.7480256e+01   1.5691180e+02   2.0262129e+02   1.3462025e+02   1.4458433e+02
   9.0212680e+01   7.7811001e+01   1.5795434e+02   2.0349757e+02   1.3513438e+02   1.4525438e+02
   8.9403479e+01   7.8190269e+01   1.5906824e+02   2.0325602e+02   1.3467840e+02   1.4557835e+02
   8.9768476e+01   7.7712883e+01   1.5804782e+02   2.0374483e+02   1.3475083e+02   1.4551092e+02
   8.9621121e+01   7.8127117e+01   1.5728750e+02   2.0363315e+02   1.3443828e+02   1.4461823e+02
   8.9617910e+01   7.7545192e+01   1.5768140e+02   2.0290280e+02   1.3418710e+02   1.4369271e+02
   8.9204390e+01   7.7004654e+01   1.5644226e+02   2.0194482e+02   1.3397731e+02   1.4325457e+02
   8.9282527e+01   7.7696114e+01   1.5692393e+02   2.0291993e+02   1.3416748e+02   1.4316716e+02
   8.9741360e+01   7.7363942e+01   1.5711838e+02   2.0317360e+02   1.3389596e+02   1.4356641e+02
   8.9536205e+01   7.7701466e+01   1.5637626e+02   2.0338804e+02   1.3377715e+02   1.4383043e+02
   8.9039553e+01   7.7335756e+01   1.5688468e+02   2.0290102e+02   1.3386421e+02   1.4318857e+02
   8.9464847e+01   7.7173416e+01   1.5778415e+02   2.0201653e+02   1.3425668e+02   1.4361136e+02
   8.9155510e+01   7.7635817e+01   1.5732318e+02   2.0231552e+02   1.3445826e+02   1.4515056e+02
   8.9306075e+01   7.7710386e+01   1.5717725e+02   2.0214783e+02   1.3422992e+02   1.4415511e+02
   8.9532280e+01   7.7576233e+01   1.5774241e+02   2.0303945e+02   1.3457208e+02   1.4383828e+02
   8.9570457e+01   7.6917954e+01   1.5781662e+02   2.0259525e+02   1.3425703e+02   1.4301481e+02
   8.8954280e+01   7.7569097e+01   1.5681047e+02   2.0232409e+02   1.3411360e+02   1.4277112e+02
   8.9436304e+01   7.7944084e+01   1.5760255e+02   2.0242149e+02   1.3419709e+02   1.4374195e+02
   8.9212953e+01   7.6864079e+01   1.5745697e+02   2.0130331e+02   1.3348779e+02   1.4335126e+02
   8.8775171e+01   7.7865946e+01   1.5667382e+02   2.0200975e+02   1.3411467e+02   1.4263661e+02
   8.8829760e+01   7.7029630e+01   1.5729285e+02   2.0185241e+02   1.3426560e+02   1.4424502e+02
   8.8958918e+01   7.6362788e+01   1.5716940e+02   2.0178997e+02   1.3455781e+02   1.4487262e+02
   8.9080584e+01   7.7572308e+01   1.5626422e+02   2.0189701e+02   1.3450928e+02   1.4420506e+02
   8.9535491e+01   7.7805649e+01   1.5687969e+02   2.0232302e+02   1.3399800e+02   1.4392391e+02
   8.9279673e+01   7.7340751e+01   1.5761111e+02   2.0207362e+02   1.3411574e+02   1.4499250e+02
   8.9843045e+01   7.8043985e+01   1.5748587e+02   2.0268123e+02   1.3458599e+02   1.4590838e+02
