   9.8391001e+01   9.8802470e+01   1.2830311e+02   1.6651513e+02   9.0158083e+01   1.0588781e+02
   9.7883134e+01   9.8434948e+01   1.2923415e+02   1.6676038e+02   9.0402270e+01   1.0673662e+02
   9.8530639e+01   9.6696927e+01   1.3107955e+02   1.6642688e+02   9.0146387e+01   1.0587824e+02
   9.8620304e+01   9.7422402e+01   1.3152823e+02   1.6620360e+02   9.0019509e+01   1.0465872e+02
   9.8670630e+01   9.8053959e+01   1.3108487e+02   1.6676747e+02   9.0313314e+01   1.0584741e+02
   9.8178356e+01   9.7949054e+01   1.3042992e+02   1.6678731e+02   9.0561754e+01   1.0617453e+02
   1.0145593e+02   1.0137229e+02   1.3039413e+02   1.6509182e+02   9.0438420e+01   1.0432664e+02
   9.7794177e+01   1.0098846e+02   1.3119970e+02   1.6634926e+02   9.0194587e+01   1.0632374e+02
   9.8574585e+01   9.9526528e+01   1.3126314e+02   1.6673096e+02   9.0265468e+01   1.0620501e+02
   9.8143624e+01   1.0007303e+02   1.3154277e+02   1.6710451e+02   8.8652553e+01   1.0583394e+02
   9.9072530e+01   9.9873140e+01   1.3149102e+02   1.6618872e+02   9.0681544e+01   1.0533529e+02
   9.8549777e+01   9.9864279e+01   1.3134890e+02   1.6665016e+02   9.0298783e+01   1.0531084e+02
   9.8455149e+01   9.9474430e+01   1.3166752e+02   1.6725797e+02   9.0921479e+01   1.0642049e+02
   9.9927010e+01   1.0110719e+02   1.3213392e+02   1.6809969e+02   9.0654609e+01   1.0765560e+02
   1.0049938e+02   1.0058231e+02   1.3223528e+02   1.6861465e+02   9.0804879e+01   1.0844771e+02
   1.0018856e+02   9.9983715e+01   1.3171253e+02   1.6837507e+02   9.0717340e+01   1.0767333e+02
   1.0000852e+02   9.9345779e+01   1.3118588e+02   1.6719843e+02   8.9499945e+01   1.0639781e+02
   1.0064575e+02   1.0128085e+02   1.3157821e+02   1.6794765e+02   9.0221522e+01   1.0726292e+02
   1.0014852e+02   1.0033139e+02   1.3186209e+02   1.6849840e+02   9.0761995e+01   1.0785939e+02
   9.8659289e+01   9.9927364e+01   1.3239335e+02   1.6774599e+02   9.0878596e+01   1.0777114e+02
   1.0005920e+02   9.9421623e+01   1.3111074e+02   1.6713074e+02   9.0126186e+01   1.0740894e+02
   9.9174245e+01   9.9867115e+01   1.3145594e+02   1.6697267e+02   9.0398372e+01   1.0572479e+02
   9.9698062e+01   1.0015419e+02   1.3209068e+02   1.6801569e+02   9.1092304e+01   1.0710769e+02
   9.9811827e+01   1.0060393e+02   1.3219381e+02   1.6757694e+02   9.0566362e+01   1.0785868e+02
   1.0125144e+02   1.0087257e+02   1.3179510e+02   1.6761486e+02   8.9624343e+01   1.0735471e+02
   1.0041432e+02   1.0152256e+02   1.3186173e+02   1.6818333e+02   8.9995409e+01   1.0742347e+02
   9.9913542e+01   1.0029737e+02   1.3116426e+02   1.6745467e+02   9.0397309e+01   1.0646727e+02
   1.0007409e+02   9.9920630e+01   1.3138293e+02   1.6705277e+02   9.0358678e+01   1.0702936e+02
   9.9871722e+01   1.0012796e+02   1.3144566e+02   1.6749968e+02   9.0681190e+01   1.0722606e+02
   9.9776031e+01   9.9711175e+01   1.3143928e+02   1.6784487e+02   9.0394119e+01   1.0729375e+02
   1.0083571e+02   1.0104446e+02   1.3144389e+02   1.6806141e+02   9.1148655e+01   1.0820069e+02
   1.0188441e+02   1.0105438e+02   1.3175470e+02   1.6827831e+02   9.1284394e+01   1.0819253e+02
   1.0120394e+02   1.0073152e+02   1.3219488e+02   1.6786365e+02   9.0193523e+01   1.0725441e+02
   1.0098067e+02   1.0004503e+02   1.3166929e+02   1.6828611e+02   8.9868885e+01   1.0716546e+02
   9.9380157e+01   9.8218404e+01   1.3077228e+02   1.6709140e+02   9.0536591e+01   1.0610294e+02
   9.8148940e+01   9.8135473e+01   1.3080134e+02   1.6797387e+02   9.0670558e+01   1.0720621e+02
   9.9012280e+01   9.7199479e+01   1.3107884e+02   1.6776832e+02   9.1062888e+01   1.0754857e+02
   9.9211813e+01   9.7968192e+01   1.3231077e+02   1.6845871e+02   9.1538860e+01   1.0801285e+02
   1.0002731e+02   9.7966420e+01   1.3248443e+02   1.6831978e+02   9.0847053e+01   1.0842006e+02
   1.0007515e+02   9.8866973e+01   1.3155800e+02   1.6762088e+02   9.0295239e+01   1.0785018e+02
   9.9651988e+01   9.7576924e+01   1.3111287e+02   1.6793454e+02   8.9994346e+01   1.0714419e+02
   9.9818206e+01   9.7303675e+01   1.3087435e+02   1.6757410e+02   8.9748031e+01   1.0665794e+02
   9.9812536e+01   9.6924457e+01   1.3090625e+02   1.6765810e+02   9.0482367e+01   1.0563370e+02
   9.8664605e+01   9.6665030e+01   1.3121706e+02   1.6779135e+02   9.0736123e+01   1.0626951e+02
   9.9135260e+01   9.7025464e+01   1.3101222e+02   1.6832190e+02   9.1749733e+01   1.0717148e+02
   9.9042051e+01   9.6885827e+01   1.3078327e+02   1.6787003e+02   9.1784465e+01   1.0696167e+02
   9.9167157e+01   9.6738038e+01   1.3132622e+02   1.6705560e+02   9.1353858e+01   1.0681849e+02
   9.9503491e+01   9.7529433e+01   1.3115114e+02   1.6727356e+02   9.0733643e+01   1.0751490e+02
   1.0006239e+02   9.7465640e+01   1.3110755e+02   1.6840165e+02   9.1067850e+01   1.0768467e+02
   9.8849252e+01   9.6487471e+01   1.3061102e+02   1.6772721e+02   9.0771919e+01   1.0688760e+02
   9.9078200e+01   9.6388237e+01   1.3149138e+02   1.6745573e+02   9.0059557e+01   1.0664979e+02
   9.9328767e+01   9.6542050e+01   1.3147472e+02   1.6732034e+02   9.0014901e+01   1.0710060e+02
   9.9632141e+01   9.6891497e+01   1.3111535e+02   1.6801853e+02   9.1017170e+01   1.0734054e+02
   1.0075314e+02   9.7612365e+01   1.3111570e+02   1.6790937e+02   9.0506112e+01   1.0740149e+02
   1.0020876e+02   9.6745126e+01   1.3201236e+02   1.6805326e+02   9.0997677e+01   1.0776228e+02
   1.0004751e+02   9.6705787e+01   1.3133473e+02   1.6754575e+02   9.1002285e+01   1.0796784e+02
   9.9975564e+01   9.6874840e+01   1.3120147e+02   1.6754008e+02   9.0940617e+01   1.0819005e+02
   1.0062165e+02   9.6870233e+01   1.3035195e+02   1.6768468e+02   9.0888165e+01   1.0825137e+02
   9.9945085e+01   9.6780567e+01   1.3043843e+02   1.6711585e+02   9.0675874e+01   1.0739441e+02
   9.8571396e+01   9.6169921e+01   1.3144885e+02   1.6721544e+02   9.1162477e+01   1.0672918e+02
   9.9806156e+01   9.6886536e+01   1.3189009e+02   1.6769566e+02   9.1320544e+01   1.0816702e+02
   9.9956426e+01   9.6263839e+01   1.3104376e+02   1.6779844e+02   9.1026384e+01   1.0830595e+02
   9.9382638e+01   9.6545240e+01   1.3085450e+02   1.6743127e+02   9.0891709e+01   1.0786364e+02
   9.9771779e+01   9.6352441e+01   1.3103454e+02   1.6776336e+02   9.0746756e+01   1.0804935e+02
   9.9545311e+01   9.7042121e+01   1.3074535e+02   1.6791575e+02   9.1007955e+01   1.0847890e+02
   9.9990803e+01   9.6830185e+01   1.3037534e+02   1.6800825e+02   9.1349251e+01   1.0877270e+02
   1.0010244e+02   9.6631716e+01   1.3099308e+02   1.6719382e+02   9.0859458e+01   1.0774952e+02
   9.9404257e+01   9.5928214e+01   1.3044410e+02   1.6657183e+02   9.0495125e+01   1.0711371e+02
   9.9689556e+01   9.6540987e+01   1.3105581e+02   1.6699110e+02   9.1170629e+01   1.0723917e+02
   1.0015419e+02   9.6408438e+01   1.3091830e+02   1.6777966e+02   9.0617751e+01   1.0802915e+02
   9.8967979e+01   9.6272699e+01   1.3048769e+02   1.6692057e+02   9.0432041e+01   1.0774775e+02
   9.8993851e+01   9.5994488e+01   1.3083395e+02   1.6627342e+02   9.0230382e+01   1.0689398e+02
   9.8760296e+01   9.5916873e+01   1.3095764e+02   1.6642865e+02   9.0124768e+01   1.0720586e+02
   9.8605773e+01   9.6323734e+01   1.3094842e+02   1.6693971e+02   9.0411130e+01   1.0775342e+02
   1.0012690e+02   9.6886181e+01   1.3087789e+02   1.6713924e+02   9.0634408e+01   1.0782749e+02
   9.9182397e+01   9.6266674e+01   1.3098244e+02   1.6675648e+02   8.9842304e+01   1.0730793e+02
   9.9468050e+01   9.6675308e+01   1.3048734e+02   1.6671041e+02   9.0987399e+01   1.0777079e+02
   9.9184877e+01   9.6551619e+01   1.3026654e+02   1.6726187e+02   9.1643765e+01   1.0789731e+02
   9.9617965e+01   9.7306156e+01   1.3006240e+02   1.6819432e+02   9.1189058e+01   1.0800682e+02
   9.9822459e+01   9.7352583e+01   1.3108062e+02   1.6816915e+02   9.0821536e+01   1.0771656e+02
   1.0014001e+02   9.7728611e+01   1.3161613e+02   1.6780092e+02   9.0589398e+01   1.0790511e+02
   1.0071203e+02   9.6987188e+01   1.3119934e+02   1.6753653e+02   9.0313314e+01   1.0869934e+02
   9.9522984e+01   9.7075436e+01   1.3015277e+02   1.6721154e+02   9.0035103e+01   1.0791361e+02
   9.9879873e+01   9.6753278e+01   1.3067163e+02   1.6770275e+02   8.9694161e+01   1.0741213e+02
   9.9969184e+01   9.6233360e+01   1.3111570e+02   1.6668914e+02   9.0110592e+01   1.0634004e+02
   1.0013363e+02   9.6611869e+01   1.3079000e+02   1.6719488e+02   9.1265965e+01   1.0763895e+02
   1.0021904e+02   9.7399720e+01   1.3017865e+02   1.6758970e+02   9.1171692e+01   1.0833288e+02
   1.0039093e+02   9.7803037e+01   1.3062449e+02   1.6724415e+02   9.1212095e+01   1.0763221e+02
   1.0025874e+02   9.7038931e+01   1.3027256e+02   1.6600442e+02   9.0701037e+01   1.0667815e+02
   9.9168220e+01   9.6195793e+01   1.3104801e+02   1.6678731e+02   9.0642914e+01   1.0710627e+02
   9.9955717e+01   9.6812110e+01   1.3085663e+02   1.6779525e+02   9.0486265e+01   1.0862881e+02
   9.9971311e+01   9.6971239e+01   1.3102533e+02   1.6750747e+02   9.0519225e+01   1.0836903e+02
   1.0054049e+02   9.8117398e+01   1.3040972e+02   1.6700634e+02   9.0944516e+01   1.0857246e+02
   9.9775323e+01   9.8169850e+01   1.3051569e+02   1.6761131e+02   9.0598613e+01   1.0820388e+02
   1.0046288e+02   9.7438705e+01   1.3094630e+02   1.6736500e+02   9.0692177e+01   1.0830772e+02
   1.0045827e+02   9.7043184e+01   1.3056034e+02   1.6653285e+02   9.1408792e+01   1.0811137e+02
   1.0040971e+02   9.7916448e+01   1.3035018e+02   1.6670013e+02   9.0949123e+01   1.0797422e+02
   1.0049938e+02   9.8005050e+01   1.3030056e+02   1.6691809e+02   9.1372996e+01   1.0754574e+02
   1.0049158e+02   9.7184594e+01   1.3082048e+02   1.6702477e+02   9.0974641e+01   1.0806707e+02
   1.0088923e+02   9.6962734e+01   1.3199747e+02   1.6739229e+02   9.0849180e+01   1.0770487e+02
   1.0031402e+02   9.7274613e+01   1.3129362e+02   1.6636486e+02   9.0362222e+01   1.0693226e+02
   9.9274188e+01   9.6976556e+01   1.3115079e+02   1.6621601e+02   9.0645749e+01   1.0711549e+02
   9.9369524e+01   9.6957417e+01   1.3101009e+02   1.6651513e+02   9.0218332e+01   1.0725760e+02
   9.9636749e+01   9.6895750e+01   1.3089101e+02   1.6709955e+02   9.0456140e+01   1.0771018e+02
   1.0030871e+02   9.7462450e+01   1.3098351e+02   1.6781297e+02   9.0591879e+01   1.0816914e+02
   1.0057416e+02   9.8008240e+01   1.3150378e+02   1.6791894e+02   9.1089115e+01   1.0820636e+02
   1.0094452e+02   9.7724358e+01   1.3081339e+02   1.6759997e+02   9.2076852e+01   1.0821344e+02
   1.0016624e+02   9.6570048e+01   1.3045827e+02   1.6804582e+02   9.1037371e+01   1.0799158e+02
   9.9837344e+01   9.6208197e+01   1.3031616e+02   1.6635175e+02   9.0009585e+01   1.0721047e+02
   9.9124982e+01   9.6187287e+01   1.3014072e+02   1.6610968e+02   9.0243849e+01   1.0785585e+02
   9.9324869e+01   9.6500584e+01   1.2935677e+02   1.6641129e+02   9.0983855e+01   1.0816879e+02
   9.9374132e+01   9.6249308e+01   1.2990221e+02   1.6692412e+02   9.0457558e+01   1.0770061e+02
   9.9481518e+01   9.6152909e+01   1.3069715e+02   1.6705525e+02   9.0755616e+01   1.0767120e+02
   1.0025342e+02   9.6781631e+01   1.3101753e+02   1.6748444e+02   9.1130226e+01   1.0844239e+02
   1.0118516e+02   9.7164038e+01   1.3071097e+02   1.6801144e+02   9.1198981e+01   1.0903248e+02
   1.0104056e+02   9.7595708e+01   1.3088746e+02   1.6834600e+02   9.1342163e+01   1.0874612e+02
   1.0123372e+02   9.7198770e+01   1.3126491e+02   1.6764286e+02   9.0395182e+01   1.0886201e+02
   1.0081941e+02   9.7249805e+01   1.3089136e+02   1.6722040e+02   8.9880226e+01   1.0819785e+02
   1.0077263e+02   9.7164038e+01   1.3074605e+02   1.6791114e+02   8.9782409e+01   1.0723705e+02
   1.0007905e+02   9.6714647e+01   1.3088534e+02   1.6763187e+02   9.0363640e+01   1.0701980e+02
   1.0016801e+02   9.6429703e+01   1.3077086e+02   1.6676463e+02   9.0887102e+01   1.0815532e+02
   1.0007515e+02   9.6717837e+01   1.3116957e+02   1.6773961e+02   9.1466915e+01   1.0911258e+02
   9.9438989e+01   9.5902342e+01   1.3092007e+02   1.6755355e+02   9.1375477e+01   1.0878723e+02
   1.0086690e+02   9.6915597e+01   1.3123585e+02   1.6761592e+02   9.1204652e+01   1.0846224e+02
   1.0098917e+02   9.6653335e+01   1.3094523e+02   1.6806000e+02   9.0873280e+01   1.0843885e+02
   9.9698416e+01   9.5938492e+01   1.3130602e+02   1.6727640e+02   9.0690759e+01   1.0792070e+02
   9.9726769e+01   9.6635614e+01   1.3130460e+02   1.6746636e+02   9.0535882e+01   1.0853773e+02
   1.0043984e+02   9.7035742e+01   1.3003369e+02   1.6791114e+02   9.0878596e+01   1.0889887e+02
   1.0134146e+02   9.6857474e+01   1.3082402e+02   1.6816915e+02   9.0985627e+01   1.0862420e+02
   1.0093708e+02   9.6142277e+01   1.3080134e+02   1.6765278e+02   9.1098684e+01   1.0827901e+02
   1.0060499e+02   9.6715002e+01   1.3054723e+02   1.6701662e+02   9.0773336e+01   1.0800186e+02
   1.0057629e+02   9.6922331e+01   1.2995856e+02   1.6763258e+02   8.9180977e+01   1.0767829e+02
   1.0059507e+02   9.7144545e+01   1.2945636e+02   1.6728526e+02   9.0126186e+01   1.0844771e+02
   1.0069182e+02   9.6625336e+01   1.2960911e+02   1.6708183e+02   9.0624485e+01   1.0818474e+02
   1.0084457e+02   9.6683105e+01   1.3071912e+02   1.6658884e+02   9.0756679e+01   1.0758331e+02
   9.9860381e+01   9.6387528e+01   1.3001455e+02   1.6644177e+02   9.0605701e+01   1.0801356e+02
   1.0058975e+02   9.6341100e+01   1.2995218e+02   1.6675223e+02   9.0636535e+01   1.0875923e+02
   9.9947565e+01   9.7104143e+01   1.3001491e+02   1.6761238e+02   9.1153617e+01   1.0922245e+02
   9.9604143e+01   9.6402413e+01   1.3059153e+02   1.6793454e+02   9.1503064e+01   1.0834351e+02
   9.9019368e+01   9.6321608e+01   1.3090802e+02   1.6715980e+02   9.0759160e+01   1.0730332e+02
   9.9543539e+01   9.6098330e+01   1.3069998e+02   1.6655588e+02   9.1512988e+01   1.0820707e+02
   9.9676443e+01   9.6568985e+01   1.3069041e+02   1.6746565e+02   9.1024612e+01   1.0957969e+02
   9.8756751e+01   9.5516391e+01   1.3075598e+02   1.6684721e+02   9.0446571e+01   1.0836478e+02
   9.9761146e+01   9.5993780e+01   1.3108168e+02   1.6670226e+02   9.0160563e+01   1.0727639e+02
   1.0010776e+02   9.6053675e+01   1.3117489e+02   1.6618376e+02   9.0681899e+01   1.0812272e+02
   9.9839825e+01   9.5645041e+01   1.3094488e+02   1.6708325e+02   9.1491014e+01   1.0887619e+02
   1.0028815e+02   9.6120304e+01   1.3158281e+02   1.6825634e+02   9.1537796e+01   1.0944927e+02
   1.0108628e+02   9.6428285e+01   1.3097429e+02   1.6771516e+02   9.1347833e+01   1.0900697e+02
   1.0000321e+02   9.6096558e+01   1.3064930e+02   1.6728384e+02   9.0591170e+01   1.0801462e+02
   9.9804739e+01   9.6591313e+01   1.3004999e+02   1.6702370e+02   8.9929843e+01   1.0829354e+02
   9.9686366e+01   9.6438563e+01   1.3093354e+02   1.6653994e+02   9.0536946e+01   1.0885244e+02
   9.9939768e+01   9.6719963e+01   1.3165688e+02   1.6753901e+02   9.0826852e+01   1.0937520e+02
   1.0044976e+02   9.6561543e+01   1.3117666e+02   1.6798557e+02   9.1216348e+01   1.0968176e+02
   1.0097819e+02   9.6374060e+01   1.3111641e+02   1.6800861e+02   9.1407728e+01   1.0897790e+02
   1.0072443e+02   9.6127037e+01   1.3090518e+02   1.6756772e+02   9.1032764e+01   1.0766943e+02
   9.9478682e+01   9.5340250e+01   1.3038066e+02   1.6692163e+02   9.0525959e+01   1.0844062e+02
   9.9802258e+01   9.6192957e+01   1.2988342e+02   1.6830064e+02   9.0850243e+01   1.0881700e+02
   1.0064965e+02   9.6609388e+01   1.3048167e+02   1.6790370e+02   9.0866546e+01   1.0863555e+02
   9.9481518e+01   9.5645396e+01   1.3017333e+02   1.6766944e+02   9.0792120e+01   1.0886449e+02
   9.9458127e+01   9.6307786e+01   1.3032395e+02   1.6828753e+02   9.0727618e+01   1.0841794e+02
   9.9939414e+01   9.6173465e+01   1.3031332e+02   1.6707580e+02   9.1068559e+01   1.0752766e+02
   1.0015986e+02   9.5955858e+01   1.3056708e+02   1.6691207e+02   9.0663824e+01   1.0804581e+02
   9.9732085e+01   9.6058636e+01   1.3012371e+02   1.6746991e+02   9.0329616e+01   1.0901016e+02
   1.0014745e+02   9.6098685e+01   1.2960521e+02   1.6764002e+02   9.0934238e+01   1.0850512e+02
   1.0073435e+02   9.6842589e+01   1.3062520e+02   1.6840023e+02   9.1227689e+01   1.0793027e+02
   1.0038491e+02   9.6786238e+01   1.3099095e+02   1.6759572e+02   9.0480949e+01   1.0786293e+02
   9.9978045e+01   9.6116405e+01   1.3027575e+02   1.6800223e+02   9.0461102e+01   1.0786825e+02
   1.0119154e+02   9.6693383e+01   1.3049017e+02   1.6816242e+02   9.0378170e+01   1.0802348e+02
   1.0053447e+02   9.6985061e+01   1.3073081e+02   1.6766802e+02   9.0460039e+01   1.0793630e+02
   1.0006487e+02   9.5645396e+01   1.2983381e+02   1.6764924e+02   9.0417510e+01   1.0840022e+02
   9.9671481e+01   9.5886394e+01   1.2941170e+02   1.6742915e+02   9.0235344e+01   1.0822656e+02
   9.9521211e+01   9.6492787e+01   1.2981431e+02   1.6692589e+02   9.0500442e+01   1.0703433e+02
   1.0014391e+02   9.7181758e+01   1.3000250e+02   1.6799089e+02   9.1201108e+01   1.0808869e+02
   1.0035691e+02   9.6977264e+01   1.2964278e+02   1.6750605e+02   9.0989171e+01   1.0868162e+02
   1.0042885e+02   9.7031843e+01   1.2989299e+02   1.6692412e+02   9.0224711e+01   1.0876242e+02
   1.0048839e+02   9.6969822e+01   1.3019034e+02   1.6723210e+02   9.1045168e+01   1.0887371e+02
   1.0094983e+02   9.6997111e+01   1.3061705e+02   1.6835451e+02   9.0850598e+01   1.0869898e+02
   9.9998600e+01   9.6917015e+01   1.3076732e+02   1.6820956e+02   9.1102937e+01   1.0906615e+02
   1.0011981e+02   9.6913471e+01   1.3107459e+02   1.6768716e+02   9.1976200e+01   1.0887867e+02
   1.0056955e+02   9.6778795e+01   1.3047316e+02   1.6790902e+02   9.0865128e+01   1.0849236e+02
   9.9262493e+01   9.6033828e+01   1.2907750e+02   1.6751385e+02   9.0684025e+01   1.0862952e+02
   9.9832028e+01   9.7094219e+01   1.3008685e+02   1.6841051e+02   9.0798854e+01   1.0878865e+02
   1.0078964e+02   9.6917724e+01   1.3005035e+02   1.6741568e+02   9.0395536e+01   1.0888859e+02
   9.9800131e+01   9.6261358e+01   1.3041504e+02   1.6683268e+02   9.0023762e+01   1.0817942e+02
   9.9788436e+01   9.6881928e+01   1.2991815e+02   1.6768964e+02   9.0810549e+01   1.0760953e+02
   1.0095834e+02   9.6812464e+01   1.2957686e+02   1.6747487e+02   9.0419636e+01   1.0860046e+02
   9.9908226e+01   9.6414109e+01   1.2993977e+02   1.6652257e+02   9.0388094e+01   1.0838746e+02
   9.9829547e+01   9.7045665e+01   1.3053376e+02   1.6758509e+02   9.0519934e+01   1.0705984e+02
   1.0051072e+02   9.7384126e+01   1.3065107e+02   1.6832332e+02   9.0405814e+01   1.0796642e+02
   1.0017084e+02   9.8063528e+01   1.3044126e+02   1.6880000e+02   9.0283543e+01   1.0844665e+02
   1.0061173e+02   9.7511359e+01   1.3033777e+02   1.6781262e+02   9.1091950e+01   1.0806105e+02
   1.0050470e+02   9.7065512e+01   1.3018219e+02   1.6798486e+02   9.0546869e+01   1.0863271e+02
   9.9679987e+01   9.6807502e+01   1.2976859e+02   1.6753512e+02   9.0402270e+01   1.0881877e+02
   9.9623990e+01   9.7043539e+01   1.3057913e+02   1.6672990e+02   8.9658366e+01   1.0855687e+02
   9.9474430e+01   9.6471877e+01   1.3048202e+02   1.6643042e+02   9.0250229e+01   1.0712612e+02
   9.9144829e+01   9.6947140e+01   1.2975761e+02   1.6710416e+02   9.0547932e+01   1.0832012e+02
   9.9610523e+01   9.6763910e+01   1.3034522e+02   1.6778427e+02   9.0688633e+01   1.0865397e+02
   9.9712238e+01   9.7506751e+01   1.3062556e+02   1.6831482e+02   9.0268304e+01   1.0871210e+02
   1.0020309e+02   9.7655249e+01   1.3042850e+02   1.6740753e+02   9.0359741e+01   1.0855190e+02
   1.0004609e+02   9.7516320e+01   1.2993091e+02   1.6813017e+02   9.0880368e+01   1.0916539e+02
   1.0180786e+02   9.8048288e+01   1.3013860e+02   1.6795545e+02   8.9731374e+01   1.0872557e+02
   1.0156119e+02   9.7326003e+01   1.3019318e+02   1.6734905e+02   9.1021777e+01   1.0823967e+02
   1.0076164e+02   9.6718546e+01   1.3016128e+02   1.6744226e+02   9.0556438e+01   1.0949499e+02
   1.0127908e+02   9.7536167e+01   1.3022755e+02   1.6669729e+02   9.0774045e+01   1.0978596e+02
   1.0090270e+02   9.7564520e+01   1.3076767e+02   1.6686776e+02   8.9887669e+01   1.0887406e+02
   1.0062271e+02   9.7381999e+01   1.3101718e+02   1.6781935e+02   8.9985485e+01   1.0844027e+02
   1.0027575e+02   9.7231021e+01   1.3004822e+02   1.6750641e+02   9.0214788e+01   1.0892510e+02
   1.0041645e+02   9.7491866e+01   1.3043984e+02   1.6767759e+02   9.0557147e+01   1.0910868e+02
   1.0069076e+02   9.7178923e+01   1.3031580e+02   1.6772827e+02   9.0278936e+01   1.0855190e+02
   1.0030623e+02   9.6167794e+01   1.3031297e+02   1.6708962e+02   9.1191893e+01   1.0831516e+02
   1.0026441e+02   9.6970531e+01   1.3109267e+02   1.6710699e+02   9.1025676e+01   1.0820529e+02
   1.0055112e+02   9.7144545e+01   1.3032395e+02   1.6781652e+02   9.0547578e+01   1.0916716e+02
   1.0039199e+02   9.6920913e+01   1.2981573e+02   1.6724167e+02   9.0816929e+01   1.0914200e+02
   9.9957134e+01   9.6378313e+01   1.2991248e+02   1.6730156e+02   8.9933387e+01   1.0873159e+02
   1.0079389e+02   9.7418858e+01   1.2946203e+02   1.6771126e+02   9.0075505e+01   1.0899811e+02
   1.0050789e+02   9.6611514e+01   1.2908777e+02   1.6738981e+02   8.9998953e+01   1.0903567e+02
   1.0025980e+02   9.7217908e+01   1.3016801e+02   1.6736004e+02   9.0652483e+01   1.0864441e+02
   1.0099130e+02   9.7521636e+01   1.3102568e+02   1.6770807e+02   9.0371791e+01   1.0845728e+02
   1.0024314e+02   9.6859955e+01   1.3075810e+02   1.6744829e+02   9.0879305e+01   1.0875923e+02
   1.0095302e+02   9.6812819e+01   1.3031226e+02   1.6766767e+02   9.1106126e+01   1.0849236e+02
   1.0140667e+02   9.7867540e+01   1.3058728e+02   1.6818617e+02   8.9969891e+01   1.0726682e+02
   1.0069856e+02   9.8241441e+01   1.3038810e+02   1.6810430e+02   9.0631573e+01   1.0707756e+02
   1.0094983e+02   9.7996899e+01   1.3072195e+02   1.6765668e+02   9.0095352e+01   1.0849697e+02
   1.0089951e+02   9.7605986e+01   1.2991036e+02   1.6750074e+02   9.0892772e+01   1.0868375e+02
   1.0115681e+02   9.7653477e+01   1.3066454e+02   1.6756666e+02   9.0830751e+01   1.0784450e+02
   1.0082863e+02   9.7205504e+01   1.3040866e+02   1.6773040e+02   9.0476696e+01   1.0795685e+02
   1.0125569e+02   9.7041767e+01   1.3005318e+02   1.6727533e+02   9.0340603e+01   1.0829673e+02
   1.0019707e+02   9.6935798e+01   1.2994509e+02   1.6755638e+02   8.9943665e+01   1.0831693e+02
   1.0122096e+02   9.7473791e+01   1.3026725e+02   1.6783991e+02   9.1557643e+01   1.0855864e+02
   1.0070565e+02   9.7427718e+01   1.3077086e+02   1.6821983e+02   9.0674811e+01   1.0950385e+02
   1.0078893e+02   9.8079830e+01   1.3063406e+02   1.6815356e+02   9.0203801e+01   1.0973634e+02
   1.0122308e+02   9.7671197e+01   1.2910018e+02   1.6747416e+02   8.9310691e+01   1.0831764e+02
   1.0000498e+02   9.7604568e+01   1.3038066e+02   1.6785940e+02   8.9286591e+01   1.0767474e+02
   1.0092113e+02   9.8420772e+01   1.3089136e+02   1.6796998e+02   9.0189270e+01   1.0789022e+02
   1.0085060e+02   9.7760154e+01   1.3053164e+02   1.6694219e+02   9.0128667e+01   1.0760882e+02
   1.0116531e+02   9.7864704e+01   1.2999861e+02   1.6782431e+02   9.0328553e+01   1.0886378e+02
   1.0154063e+02   9.8319765e+01   1.2980297e+02   1.6801038e+02   9.0159500e+01   1.0863306e+02
   1.0213250e+02   9.8553321e+01   1.2997628e+02   1.6841937e+02   9.0531275e+01   1.0802773e+02
   1.0181034e+02   9.8377534e+01   1.3010670e+02   1.6655057e+02   8.9922046e+01   1.0782962e+02
   1.0241780e+02   9.7779292e+01   1.3008154e+02   1.6600372e+02   8.9462378e+01   1.0765702e+02
   1.0038526e+02   9.7707347e+01   1.3063867e+02   1.6687025e+02   9.0370373e+01   1.0736145e+02
   1.0280587e+02   9.9117185e+01   1.3082863e+02   1.6887159e+02   9.0880368e+01   1.0911081e+02
   1.0171890e+02   9.7577987e+01   1.3031226e+02   1.6838782e+02   9.1357757e+01   1.0913420e+02
   9.9851521e+01   9.6782694e+01   1.3003015e+02   1.6662606e+02   8.9650923e+01   1.0804545e+02
   9.9199054e+01   9.7453235e+01   1.3089384e+02   1.6693971e+02   8.9947564e+01   1.0828503e+02
   1.0116461e+02   9.9315300e+01   1.3040901e+02   1.6791044e+02   9.1370161e+01   1.0885138e+02
   1.0115326e+02   9.8442391e+01   1.3107565e+02   1.6820601e+02   9.1050484e+01   1.0909769e+02
   1.0048556e+02   9.8729108e+01   1.3087506e+02   1.6869120e+02   9.0008522e+01   1.0865397e+02
   1.0131771e+02   9.9388663e+01   1.3039767e+02   1.6757268e+02   9.0999804e+01   1.0909734e+02
   1.0057381e+02   9.9020432e+01   1.2994225e+02   1.6682701e+02   9.0890646e+01   1.0920154e+02
   1.0065709e+02   9.7851237e+01   1.3042850e+02   1.6778746e+02   9.0761286e+01   1.0801746e+02
   1.0111747e+02   9.8144687e+01   1.2994757e+02   1.6738768e+02   8.9561258e+01   1.0749577e+02
   1.0054049e+02   9.7147381e+01   1.3020523e+02   1.6832687e+02   8.9882707e+01   1.0771444e+02
   1.0026866e+02   9.6656524e+01   1.2956871e+02   1.6733700e+02   9.0387031e+01   1.0775519e+02
   9.9314945e+01   9.6186578e+01   1.2932310e+02   1.6718000e+02   9.0436293e+01   1.0766482e+02
   1.0078645e+02   9.7222161e+01   1.2920296e+02   1.6816207e+02   9.0906594e+01   1.0806849e+02
   1.0034876e+02   9.7317497e+01   1.2949747e+02   1.6765455e+02   9.0437357e+01   1.0770132e+02
   1.0109160e+02   9.7072955e+01   1.2980935e+02   1.6765420e+02   9.0204510e+01   1.0736889e+02
   1.0056069e+02   9.6874840e+01   1.3084706e+02   1.6847784e+02   9.0581601e+01   1.0880495e+02
   1.0091723e+02   9.7195226e+01   1.3072408e+02   1.6851045e+02   9.0659926e+01   1.0919126e+02
   1.0057593e+02   9.8168787e+01   1.3034132e+02   1.6844063e+02   9.0385613e+01   1.0810606e+02
   1.0095940e+02   9.7688563e+01   1.3031403e+02   1.6899209e+02   9.0747819e+01   1.0931778e+02
   1.0136378e+02   9.7029362e+01   1.2969488e+02   1.6875003e+02   9.0547578e+01   1.0978525e+02
   1.0053376e+02   9.6423323e+01   1.3047316e+02   1.6755744e+02   9.1087697e+01   1.0906473e+02
   1.0020451e+02   9.6598401e+01   1.3101363e+02   1.6839491e+02   9.1003702e+01   1.0893927e+02
   1.0133933e+02   9.7366051e+01   1.3043347e+02   1.6830135e+02   9.0738959e+01   1.0966156e+02
   1.0154241e+02   9.6828413e+01   1.3066950e+02   1.6835522e+02   9.1532480e+01   1.0974626e+02
   1.0200704e+02   9.6565441e+01   1.3074074e+02   1.6840484e+02   9.1244346e+01   1.1000179e+02
   1.0168133e+02   9.7240590e+01   1.3167461e+02   1.6915760e+02   9.1064306e+01   1.0925895e+02
   1.0152008e+02   9.6783757e+01   1.3062697e+02   1.6854554e+02   9.0899506e+01   1.0834387e+02
   1.0164199e+02   9.6116759e+01   1.2927100e+02   1.6773359e+02   9.1211031e+01   1.0841829e+02
   1.0088356e+02   9.7199833e+01   1.3126172e+02   1.6906439e+02   9.0237825e+01   1.0933621e+02
   1.0113554e+02   9.6972303e+01   1.3096472e+02   1.6855511e+02   9.1172755e+01   1.0987846e+02
   1.0121529e+02   9.6512634e+01   1.3048308e+02   1.6932807e+02   9.1491014e+01   1.0993835e+02
   1.0067942e+02   9.6306368e+01   1.3027646e+02   1.6803767e+02   9.0894544e+01   1.0947798e+02
   1.0080523e+02   9.6543468e+01   1.3114973e+02   1.6743836e+02   9.1648018e+01   1.0956622e+02
   1.0133685e+02   9.6667865e+01   1.3076413e+02   1.6845162e+02   9.1098684e+01   1.1009429e+02
   1.0113165e+02   9.6450613e+01   1.3055432e+02   1.6842504e+02   9.1446359e+01   1.1027079e+02
   1.0143183e+02   9.6987542e+01   1.3114866e+02   1.6942270e+02   9.1260649e+01   1.1046784e+02
   1.0200385e+02   9.7783899e+01   1.3075704e+02   1.6899422e+02   9.1113569e+01   1.0871741e+02
   1.0084670e+02   9.7674741e+01   1.3073471e+02   1.6818333e+02   9.0680127e+01   1.0898712e+02
   1.0121351e+02   9.6483927e+01   1.2977462e+02   1.6852711e+02   9.0411130e+01   1.0911258e+02
   1.0075207e+02   9.7126116e+01   1.3209458e+02   1.6942057e+02   9.1482863e+01   1.0916858e+02
   1.0114086e+02   9.6661840e+01   1.3114866e+02   1.6852923e+02   9.0894899e+01   1.0938158e+02
   1.0141305e+02   9.6639513e+01   1.3008047e+02   1.6915299e+02   9.0771210e+01   1.0951661e+02
   1.0222287e+02   9.9845496e+01   1.3058870e+02   1.6813938e+02   9.1192602e+01   1.0888540e+02
   1.0086974e+02   9.8702172e+01   1.3151335e+02   1.6774103e+02   9.1054737e+01   1.0957473e+02
   1.0072337e+02   9.8078413e+01   1.3165334e+02   1.6924018e+02   9.1125264e+01   1.0957579e+02
   1.0066028e+02   9.6559416e+01   1.3067340e+02   1.6862953e+02   9.0470317e+01   1.0869438e+02
   1.0044870e+02   9.6981163e+01   1.2990150e+02   1.6716724e+02   9.0400853e+01   1.0860329e+02
   1.0166113e+02   9.7861160e+01   1.3035443e+02   1.6759643e+02   9.0684025e+01   1.0908246e+02
   1.0132374e+02   9.7889158e+01   1.3007020e+02   1.6908778e+02   9.0961882e+01   1.0926887e+02
   1.0156651e+02   9.6625691e+01   1.2972925e+02   1.6853490e+02   9.0488037e+01   1.0795295e+02
   1.0081197e+02   9.6716419e+01   1.2978667e+02   1.6773429e+02   8.9790915e+01   1.0798627e+02
   1.0040015e+02   9.6636677e+01   1.3051746e+02   1.6794729e+02   9.0213016e+01   1.0862598e+02
   1.0026334e+02   9.6314520e+01   1.3079106e+02   1.6854235e+02   9.0289568e+01   1.0888647e+02
   1.0128688e+02   9.7264690e+01   1.3033175e+02   1.6839243e+02   8.9985840e+01   1.0889001e+02
   1.0114724e+02   9.6822033e+01   1.3092574e+02   1.6858984e+02   9.0727263e+01   1.0827015e+02
   1.0091652e+02   9.6863145e+01   1.3018467e+02   1.6856397e+02   9.1601944e+01   1.0857033e+02
   1.0109408e+02   9.7730383e+01   1.3101080e+02   1.6937025e+02   9.0985982e+01   1.0976646e+02
   1.0088604e+02   9.6635614e+01   1.3117453e+02   1.6911188e+02   9.0958338e+01   1.0953078e+02
   1.0118729e+02   9.6810338e+01   1.3018786e+02   1.6894708e+02   9.0852724e+01   1.0920295e+02
   1.0062236e+02   9.7017667e+01   1.3066950e+02   1.6912748e+02   9.1209259e+01   1.0912534e+02
   1.0154028e+02   9.7277803e+01   1.3047989e+02   1.6893220e+02   9.0466773e+01   1.0836974e+02
   1.0084847e+02   9.6540633e+01   1.3092538e+02   1.6809402e+02   9.0209117e+01   1.0788987e+02
   1.0063299e+02   9.7452172e+01   1.3082367e+02   1.6824252e+02   9.0473506e+01   1.0865823e+02
   1.0112279e+02   9.7470247e+01   1.2978950e+02   1.6807665e+02   9.1196501e+01   1.0862669e+02
   1.0043346e+02   9.6170275e+01   1.3045544e+02   1.6850407e+02   9.0670558e+01   1.0818615e+02
   1.0059224e+02   9.6940406e+01   1.3076555e+02   1.6795438e+02   9.0643977e+01   1.0854056e+02
   1.0104340e+02   9.7162975e+01   1.3103667e+02   1.6908991e+02   9.1583161e+01   1.0929900e+02
   1.0162924e+02   9.6938988e+01   1.3007551e+02   1.6948295e+02   9.1661131e+01   1.0929227e+02
   1.0153036e+02   9.8160990e+01   1.3072479e+02   1.6908176e+02   9.1472585e+01   1.0924832e+02
   1.0119048e+02   9.7972090e+01   1.2995395e+02   1.6862847e+02   9.0321465e+01   1.0779524e+02
   1.0101150e+02   9.7142419e+01   1.3011804e+02   1.6887797e+02   9.1113215e+01   1.0833217e+02
   1.0163172e+02   9.7580114e+01   1.3073755e+02   1.6967610e+02   9.0883912e+01   1.0970090e+02
   1.0143998e+02   9.6220601e+01   1.3056034e+02   1.6847749e+02   9.0708480e+01   1.0787109e+02
   1.0080630e+02   9.6014690e+01   1.2984515e+02   1.6777151e+02   9.0029078e+01   1.0677206e+02
   1.0009677e+02   9.6783048e+01   1.2944679e+02   1.6837648e+02   9.0225420e+01   1.0810889e+02
   1.0033174e+02   9.6351378e+01   1.3019672e+02   1.6772862e+02   9.0470317e+01   1.0767439e+02
   1.0055609e+02   9.6766745e+01   1.2983700e+02   1.6816207e+02   9.0057076e+01   1.0856041e+02
   1.0169728e+02   9.7486904e+01   1.3018644e+02   1.6855794e+02   9.0322883e+01   1.0894175e+02
   1.0059224e+02   9.7346204e+01   1.3139569e+02   1.6822409e+02   9.0970033e+01   1.0903851e+02
   1.0129361e+02   9.7041767e+01   1.3089101e+02   1.6821629e+02   9.1008664e+01   1.0780623e+02
   1.0093353e+02   9.6367681e+01   1.3065391e+02   1.6769921e+02   9.0663824e+01   1.0887761e+02
   1.0059932e+02   9.6852512e+01   1.3076696e+02   1.6875180e+02   9.0951958e+01   1.0933196e+02
   1.0143998e+02   9.7408226e+01   1.3099910e+02   1.6922884e+02   9.1084862e+01   1.1026476e+02
   1.0143077e+02   9.7170063e+01   1.3085060e+02   1.6866107e+02   9.0099959e+01   1.0851327e+02
   1.0054687e+02   9.6347834e+01   1.2989016e+02   1.6762868e+02   9.0146033e+01   1.0746493e+02
   1.0150023e+02   9.7300840e+01   1.2974627e+02   1.6841476e+02   9.1455219e+01   1.0819076e+02
   1.0123407e+02   9.6978682e+01   1.2985117e+02   1.6971898e+02   9.1487116e+01   1.0934826e+02
   1.0128617e+02   9.7226414e+01   1.3019956e+02   1.6931673e+02   9.1178780e+01   1.0960273e+02
   1.0105332e+02   9.7840959e+01   1.3096650e+02   1.6958856e+02   9.0508593e+01   1.0934543e+02
   1.0136166e+02   9.6637741e+01   1.3048627e+02   1.6881418e+02   9.0511783e+01   1.0898712e+02
   1.0087683e+02   9.6524330e+01   1.3005212e+02   1.6897260e+02   9.0965072e+01   1.0857459e+02
   1.0133614e+02   9.7044248e+01   1.3093425e+02   1.6889817e+02   9.1064660e+01   1.0907182e+02
   1.0198790e+02   9.7044248e+01   1.3043524e+02   1.6863697e+02   9.1404184e+01   1.0997379e+02
   1.0172493e+02   9.6428994e+01   1.3036506e+02   1.6880213e+02   9.0349818e+01   1.0940284e+02
   1.0143892e+02   9.6825932e+01   1.3084210e+02   1.6834742e+02   9.0843864e+01   1.0904382e+02
   1.0235648e+02   9.7395467e+01   1.3128015e+02   1.6904596e+02   9.1435727e+01   1.0947798e+02
   1.0152823e+02   9.6572884e+01   1.3031864e+02   1.6933410e+02   9.0957629e+01   1.0956906e+02
   1.0176320e+02   9.6599110e+01   1.3046713e+02   1.6815356e+02   9.1130935e+01   1.0819112e+02
   1.0211371e+02   9.6980454e+01   1.3091652e+02   1.6819857e+02   9.1145820e+01   1.0921181e+02
   1.0191631e+02   9.6174528e+01   1.2973776e+02   1.6876066e+02   9.0607473e+01   1.0890135e+02
   1.0142793e+02   9.7682538e+01   1.3025803e+02   1.6949996e+02   9.1603362e+01   1.0898676e+02
   1.0185287e+02   9.7286663e+01   1.3122805e+02   1.6897012e+02   9.1323733e+01   1.0952547e+02
   1.0265135e+02   9.7122926e+01   1.3046253e+02   1.6925542e+02   9.0931757e+01   1.0969098e+02
   1.0127589e+02   9.7614137e+01   1.2970657e+02   1.6904844e+02   9.1275888e+01   1.0964703e+02
   1.0170260e+02   9.7815087e+01   1.3106715e+02   1.6871955e+02   9.0665950e+01   1.0926391e+02
   1.0175930e+02   9.7208339e+01   1.3132693e+02   1.6851116e+02   9.0892063e+01   1.0940036e+02
   1.0188760e+02   9.7664463e+01   1.2996387e+02   1.6879858e+02   9.0881785e+01   1.0955524e+02
   1.0163810e+02   9.7979178e+01   1.2972429e+02   1.6918383e+02   9.1112860e+01   1.0909982e+02
   1.0224378e+02   9.9103363e+01   1.3131346e+02   1.6920899e+02   9.1270926e+01   1.0954248e+02
   1.0228099e+02   9.8768093e+01   1.3228277e+02   1.7006170e+02   9.1583161e+01   1.1022684e+02
   1.0206020e+02   9.7851946e+01   1.3182594e+02   1.6960522e+02   9.0527377e+01   1.0958855e+02
   1.0194537e+02   9.8017454e+01   1.3017616e+02   1.6847855e+02   8.9710818e+01   1.0824144e+02
   1.0123407e+02   9.8319765e+01   1.2988307e+02   1.6868198e+02   8.9773903e+01   1.0859798e+02
   1.0184401e+02   9.8299918e+01   1.2916185e+02   1.6900485e+02   9.1161060e+01   1.0844771e+02
   1.0217786e+02   9.7756255e+01   1.3006913e+02   1.6929724e+02   9.0700683e+01   1.0835521e+02
   1.0152185e+02   9.7457134e+01   1.3108062e+02   1.6833573e+02   9.0740022e+01   1.0845940e+02
   1.0090979e+02   9.7867185e+01   1.3083182e+02   1.6966015e+02   9.1076002e+01   1.0917956e+02
   1.0254609e+02   9.9080681e+01   1.3060642e+02   1.6992809e+02   9.0977476e+01   1.0907324e+02
   1.0247450e+02   9.8297792e+01   1.3035691e+02   1.6867915e+02   9.0657799e+01   1.0861818e+02
