   9.0577698e+01   1.1536551e+02   1.6163232e+02   1.9147691e+02   8.8966513e+01   1.7889849e+02
   9.0189569e+01   1.1575051e+02   1.6162607e+02   1.9131131e+02   8.9783041e+01   1.7890925e+02
   9.0699899e+01   1.1543702e+02   1.6308242e+02   1.9201050e+02   8.9809772e+01   1.7864783e+02
   9.1033176e+01   1.1593694e+02   1.6411419e+02   1.9287980e+02   9.0756140e+01   1.7806356e+02
   9.1495251e+01   1.1582967e+02   1.6437560e+02   1.9252951e+02   9.1073794e+01   1.7874261e+02
   9.0432236e+01   1.1631257e+02   1.6415307e+02   1.9324536e+02   9.0785302e+01   1.7811181e+02
   9.0697122e+01   1.1581196e+02   1.6375835e+02   1.9295131e+02   9.0889103e+01   1.7839371e+02
   9.0823837e+01   1.1608969e+02   1.6320497e+02   1.9299610e+02   9.0719688e+01   1.7901097e+02
   9.0757181e+01   1.1551201e+02   1.6324802e+02   1.9289264e+02   9.0687054e+01   1.7890717e+02
   9.1250153e+01   1.1562102e+02   1.6401039e+02   1.9301588e+02   9.0786690e+01   1.7896792e+02
   9.0975547e+01   1.1605810e+02   1.6377987e+02   1.9258853e+02   9.0636021e+01   1.7817743e+02
   9.1191135e+01   1.1529503e+02   1.6440997e+02   1.9228094e+02   9.0633938e+01   1.7820728e+02
   9.1137672e+01   1.1555680e+02   1.6387846e+02   1.9192093e+02   9.0396479e+01   1.7770876e+02
   9.1128993e+01   1.1533218e+02   1.6385520e+02   1.9170812e+02   8.9335200e+01   1.7683703e+02
   9.1035259e+01   1.1531621e+02   1.6302791e+02   1.9161925e+02   8.9153634e+01   1.7586289e+02
   9.1233489e+01   1.1535162e+02   1.6300535e+02   1.9175290e+02   8.9685141e+01   1.7619027e+02
   9.1786521e+01   1.1543876e+02   1.6339903e+02   1.9135401e+02   9.0193041e+01   1.7675545e+02
   9.1175513e+01   1.1549917e+02   1.6306541e+02   1.9153766e+02   8.9805954e+01   1.7741089e+02
   9.1196343e+01   1.1528774e+02   1.6252383e+02   1.9136512e+02   8.9895869e+01   1.7665581e+02
   9.1115801e+01   1.1532107e+02   1.6258945e+02   1.9117279e+02   8.9844489e+01   1.7646869e+02
   9.1113024e+01   1.1557103e+02   1.6211244e+02   1.9146788e+02   8.9519197e+01   1.7725710e+02
   9.1072753e+01   1.1508465e+02   1.6272658e+02   1.9139880e+02   8.9919823e+01   1.7816840e+02
   9.1735140e+01   1.1554916e+02   1.6379931e+02   1.9141373e+02   9.0088197e+01   1.7728834e+02
   9.1619882e+01   1.1512319e+02   1.6341222e+02   1.9108948e+02   8.9904201e+01   1.7772299e+02
   9.1358121e+01   1.1497634e+02   1.6372432e+02   1.9175395e+02   9.0107291e+01   1.7760148e+02
   9.1341110e+01   1.1547868e+02   1.6411419e+02   1.9214728e+02   9.0464523e+01   1.7702728e+02
   9.2047240e+01   1.1557242e+02   1.6377848e+02   1.9227990e+02   9.0161102e+01   1.7741159e+02
   9.1939273e+01   1.1540613e+02   1.6356879e+02   1.9200182e+02   8.9884413e+01   1.7809793e+02
   9.1867063e+01   1.1523879e+02   1.6357921e+02   1.9152517e+02   8.9727495e+01   1.7850272e+02
   9.1584819e+01   1.1554465e+02   1.6369829e+02   1.9217297e+02   8.9968426e+01   1.7856903e+02
   9.1830958e+01   1.1534572e+02   1.6363857e+02   1.9217818e+02   9.0647478e+01   1.7791220e+02
   9.1696258e+01   1.1576787e+02   1.6346499e+02   1.9252986e+02   9.0836682e+01   1.7775215e+02
   9.1881643e+01   1.1517630e+02   1.6303000e+02   1.9233163e+02   9.0520763e+01   1.7769418e+02
   9.2096538e+01   1.1515929e+02   1.6309110e+02   1.9242536e+02   9.0630467e+01   1.7710122e+02
   9.2394057e+01   1.1540474e+02   1.6249259e+02   1.9169944e+02   8.9916352e+01   1.7603196e+02
   9.1864632e+01   1.1554951e+02   1.6250231e+02   1.9145469e+02   8.9955928e+01   1.7583651e+02
   9.1382770e+01   1.1496558e+02   1.6299042e+02   1.9174284e+02   9.0169781e+01   1.7589136e+02
   9.1550450e+01   1.1494683e+02   1.6374793e+02   1.9191711e+02   9.0109374e+01   1.7704672e+02
   9.1660500e+01   1.1457988e+02   1.6301576e+02   1.9154287e+02   8.9643481e+01   1.7745984e+02
   9.1280356e+01   1.1559325e+02   1.6284912e+02   1.9207160e+02   8.9818104e+01   1.7796913e+02
   9.1718824e+01   1.1480935e+02   1.6289738e+02   1.9170743e+02   8.9752491e+01   1.7733000e+02
   9.0998807e+01   1.1424035e+02   1.6163648e+02   1.9048645e+02   8.9227232e+01   1.7656416e+02
   9.0290594e+01   1.1464098e+02   1.6146707e+02   1.9061456e+02   8.9221331e+01   1.7663463e+02
   8.9656326e+01   1.1580641e+02   1.6198608e+02   1.9093776e+02   8.8812025e+01   1.7634128e+02
   9.0983532e+01   1.1638929e+02   1.6080572e+02   1.9033023e+02   8.8881458e+01   1.7622498e+02
   9.0814116e+01   1.1517353e+02   1.6073351e+02   1.9023302e+02   8.8532906e+01   1.7688181e+02
   9.0975200e+01   1.1526240e+02   1.6117371e+02   1.9037015e+02   8.8086801e+01   1.7546539e+02
   9.0037164e+01   1.1587514e+02   1.6161253e+02   1.8987058e+02   8.7496623e+01   1.7545983e+02
   9.2057308e+01   1.1649900e+02   1.5991351e+02   1.8817990e+02   8.7619519e+01   1.7489187e+02
   9.0644006e+01   1.1532697e+02   1.5959725e+02   1.9025455e+02   8.7522660e+01   1.7316300e+02
   9.0256225e+01   1.1481664e+02   1.5980346e+02   1.8814310e+02   8.6928317e+01   1.7342997e+02
   9.0870704e+01   1.1508327e+02   1.5978853e+02   1.8826704e+02   8.6505124e+01   1.7369937e+02
   9.0429112e+01   1.1491906e+02   1.5962259e+02   1.8830939e+02   8.6632186e+01   1.7344767e+02
   8.9722287e+01   1.1420737e+02   1.5839016e+02   1.8747412e+02   8.5823643e+01   1.7246624e+02
   8.9357766e+01   1.1414766e+02   1.5799161e+02   1.8737656e+02   8.5081408e+01   1.7189620e+02
   8.9450806e+01   1.1401435e+02   1.5842835e+02   1.8692560e+02   8.5181043e+01   1.7205867e+02
   9.0749197e+01   1.1491142e+02   1.5995343e+02   1.8820871e+02   8.6721754e+01   1.7356745e+02
   9.1049493e+01   1.1508396e+02   1.6160246e+02   1.8929047e+02   8.7520577e+01   1.7518037e+02
   9.1221686e+01   1.1505862e+02   1.6147019e+02   1.8944531e+02   8.7371297e+01   1.7529389e+02
   9.1116495e+01   1.1526518e+02   1.6152817e+02   1.8944010e+02   8.7957656e+01   1.7607084e+02
   9.1510873e+01   1.1538321e+02   1.6169793e+02   1.8997126e+02   8.8325996e+01   1.7649542e+02
   9.1328265e+01   1.1535232e+02   1.6115879e+02   1.8997265e+02   8.8510340e+01   1.7665165e+02
   9.1365411e+01   1.1523324e+02   1.6235476e+02   1.9105927e+02   8.9118570e+01   1.7756989e+02
   9.1818807e+01   1.1527698e+02   1.6231172e+02   1.9149600e+02   8.9633413e+01   1.7857354e+02
   9.2101398e+01   1.1524713e+02   1.6176250e+02   1.9065795e+02   8.9928850e+01   1.7917761e+02
   9.2338858e+01   1.1562415e+02   1.6215931e+02   1.9106552e+02   9.0097224e+01   1.7912206e+02
   9.1776106e+01   1.1530128e+02   1.6254119e+02   1.9150468e+02   9.0437444e+01   1.7968134e+02
   9.2383642e+01   1.1532836e+02   1.6217736e+02   1.9149218e+02   9.0790856e+01   1.7952824e+02
   9.2429120e+01   1.1501765e+02   1.6231102e+02   1.9138109e+02   9.0722812e+01   1.7937584e+02
   9.2244429e+01   1.1534468e+02   1.6278768e+02   1.9126965e+02   9.0745378e+01   1.7899812e+02
   9.2711711e+01   1.1578315e+02   1.6251099e+02   1.9151510e+02   9.0916876e+01   1.7934181e+02
   9.2795377e+01   1.1589736e+02   1.6261132e+02   1.9226532e+02   9.1249112e+01   1.7878010e+02
   9.2628392e+01   1.1548771e+02   1.6298660e+02   1.9215492e+02   9.1101567e+01   1.7810071e+02
   9.2561042e+01   1.1538564e+02   1.6289287e+02   1.9208688e+02   9.0959230e+01   1.7784103e+02
   9.2676300e+01   1.1526032e+02   1.6280608e+02   1.9184143e+02   9.0997071e+01   1.7838850e+02
   9.2921745e+01   1.1578141e+02   1.6295362e+02   1.9243612e+02   9.1054700e+01   1.7902416e+02
   9.2634294e+01   1.1617023e+02   1.6247037e+02   1.9187754e+02   9.1123439e+01   1.7843815e+02
   9.2363506e+01   1.1576995e+02   1.6265957e+02   1.9192406e+02   9.1264387e+01   1.7904846e+02
   9.2435716e+01   1.1560019e+02   1.6145110e+02   1.9126514e+02   9.0644353e+01   1.7822568e+02
   9.2240263e+01   1.1544015e+02   1.6139243e+02   1.9089506e+02   9.0472160e+01   1.7801530e+02
   9.2347537e+01   1.1531239e+02   1.6336327e+02   1.9098428e+02   9.0185056e+01   1.7831699e+02
   9.3104353e+01   1.1567240e+02   1.6301160e+02   1.9151649e+02   9.0216301e+01   1.7775319e+02
   9.2957503e+01   1.1554603e+02   1.6298348e+02   1.9159911e+02   9.0073964e+01   1.7717760e+02
   9.2869670e+01   1.1591437e+02   1.6261896e+02   1.9126097e+02   9.0321144e+01   1.7605071e+02
   9.3011313e+01   1.1573871e+02   1.6285989e+02   1.9088708e+02   9.0497156e+01   1.7632809e+02
   9.2693659e+01   1.1518498e+02   1.6290328e+02   1.9108184e+02   9.0573185e+01   1.7755913e+02
   9.3178646e+01   1.1579981e+02   1.6300257e+02   1.9128909e+02   9.1157808e+01   1.7732271e+02
   9.2891542e+01   1.1562067e+02   1.6297757e+02   1.9162029e+02   9.0615191e+01   1.7752476e+02
   9.3037003e+01   1.1534051e+02   1.6239712e+02   1.9094992e+02   9.0675945e+01   1.7671865e+02
   9.3304319e+01   1.1523185e+02   1.6331224e+02   1.9068815e+02   9.0221855e+01   1.7652458e+02
   9.3419924e+01   1.1523359e+02   1.6323309e+02   1.9078675e+02   9.0157977e+01   1.7709150e+02
   9.3454988e+01   1.1560158e+02   1.6357227e+02   1.9155849e+02   9.0045496e+01   1.7814410e+02
   9.3340077e+01   1.1523914e+02   1.6300604e+02   1.9113912e+02   9.0356208e+01   1.7792261e+02
   9.3029018e+01   1.1494405e+02   1.6375973e+02   1.9137832e+02   9.0415225e+01   1.7890960e+02
   9.3577189e+01   1.1529052e+02   1.6324593e+02   1.9165639e+02   9.0927986e+01   1.7887384e+02
   9.3379653e+01   1.1516971e+02   1.6306159e+02   1.9181227e+02   9.0470424e+01   1.7951331e+02
   9.3150178e+01   1.1529469e+02   1.6282343e+02   1.9153593e+02   9.0490907e+01   1.7839406e+02
   9.3543167e+01   1.1549882e+02   1.6339278e+02   1.9144462e+02   9.0930763e+01   1.7709463e+02
   9.3357782e+01   1.1560019e+02   1.6351117e+02   1.9167653e+02   9.1176207e+01   1.7776396e+02
   9.3347367e+01   1.1568039e+02   1.6363510e+02   1.9209868e+02   9.0928680e+01   1.7846141e+02
   9.3757367e+01   1.1568941e+02   1.6362920e+02   1.9174839e+02   9.1331737e+01   1.7693701e+02
   9.3700085e+01   1.1532315e+02   1.6371078e+02   1.9148316e+02   9.0877647e+01   1.7619651e+02
   9.3393887e+01   1.1519123e+02   1.6360282e+02   1.9085583e+02   9.0407588e+01   1.7689084e+02
   9.3286614e+01   1.1556652e+02   1.6283628e+02   1.9080584e+02   9.0879383e+01   1.7717343e+02
   9.3466444e+01   1.1565817e+02   1.6369481e+02   1.9150885e+02   9.0605818e+01   1.7788165e+02
   9.3850754e+01   1.1519783e+02   1.6434713e+02   1.9210007e+02   9.0865843e+01   1.7871692e+02
   9.3216487e+01   1.1491350e+02   1.6339070e+02   1.9246737e+02   9.0723506e+01   1.7957754e+02
   9.3570246e+01   1.1512735e+02   1.6321816e+02   1.9173832e+02   9.0835640e+01   1.7915157e+02
   9.3881652e+01   1.1532663e+02   1.6341327e+02   1.9121827e+02   9.0483964e+01   1.7947339e+02
   9.3418536e+01   1.1479165e+02   1.6353269e+02   1.9168243e+02   9.0379468e+01   1.7919739e+02
   9.3472346e+01   1.1515686e+02   1.6349415e+02   1.9074196e+02   9.0172211e+01   1.7769938e+02
   9.3805276e+01   1.1521241e+02   1.6302409e+02   1.9113877e+02   9.0351347e+01   1.7710365e+02
   9.3293904e+01   1.1483227e+02   1.6313901e+02   1.9180637e+02   9.0166309e+01   1.7808994e+02
   9.3215445e+01   1.1451531e+02   1.6363510e+02   1.9144011e+02   9.0011127e+01   1.7932237e+02
   9.2438493e+01   1.1439970e+02   1.6257452e+02   1.9101831e+02   8.9205014e+01   1.7907797e+02
   9.2160416e+01   1.1427160e+02   1.6204614e+02   1.9026427e+02   8.9115099e+01   1.7913699e+02
   9.2501677e+01   1.1458474e+02   1.6223395e+02   1.9047881e+02   8.9647994e+01   1.7894084e+02
   9.3067553e+01   1.1434277e+02   1.6305534e+02   1.9146545e+02   9.0376343e+01   1.7828435e+02
   9.3346326e+01   1.1489823e+02   1.6317546e+02   1.9087180e+02   9.0595056e+01   1.7620554e+02
   9.3500466e+01   1.1539780e+02   1.6313484e+02   1.9057949e+02   9.0150687e+01   1.7671275e+02
   9.3487274e+01   1.1512006e+02   1.6287412e+02   1.9098706e+02   8.9971203e+01   1.7774556e+02
   9.3894497e+01   1.1527976e+02   1.6324038e+02   1.9107455e+02   8.9686877e+01   1.7789484e+02
   9.3939628e+01   1.1528254e+02   1.6377119e+02   1.9139776e+02   8.9759087e+01   1.7963135e+02
   9.3776808e+01   1.1507563e+02   1.6288384e+02   1.9117036e+02   9.0033693e+01   1.8011286e+02
   9.2684632e+01   1.1458370e+02   1.6215931e+02   1.9023233e+02   8.9078299e+01   1.7810036e+02
   9.2889806e+01   1.1488503e+02   1.6259153e+02   1.9073606e+02   9.0152770e+01   1.7667525e+02
   9.3320636e+01   1.1505376e+02   1.6316817e+02   1.9112558e+02   9.0504446e+01   1.7672733e+02
   9.4108002e+01   1.1493919e+02   1.6351221e+02   1.9167931e+02   9.0820712e+01   1.7788477e+02
   9.3666757e+01   1.1534329e+02   1.6402115e+02   1.9170534e+02   9.1458104e+01   1.7893980e+02
   9.3279670e+01   1.1548285e+02   1.6390068e+02   1.9190809e+02   9.1260568e+01   1.7935015e+02
   9.3130043e+01   1.1469305e+02   1.6255751e+02   1.9124500e+02   9.0288164e+01   1.7919670e+02
   9.2891889e+01   1.1457745e+02   1.6191317e+02   1.9109052e+02   8.9927808e+01   1.7866866e+02
   9.2700602e+01   1.1481109e+02   1.6214820e+02   1.9072148e+02   8.9838934e+01   1.7844717e+02
   9.2630475e+01   1.1478019e+02   1.6246620e+02   1.9142970e+02   8.9850043e+01   1.7889293e+02
   9.2878002e+01   1.1505757e+02   1.6267693e+02   1.9147830e+02   9.0179501e+01   1.7965079e+02
   9.2989095e+01   1.1493086e+02   1.6241552e+02   1.9131478e+02   9.0467300e+01   1.7975945e+02
   9.2979374e+01   1.1512145e+02   1.6218014e+02   1.9075273e+02   9.0394743e+01   1.7881794e+02
   9.2926952e+01   1.1510340e+02   1.6281614e+02   1.9151544e+02   9.0315242e+01   1.7781291e+02
   9.2505496e+01   1.1515860e+02   1.6298591e+02   1.9154322e+02   9.0196860e+01   1.7808300e+02
   9.3129349e+01   1.1480102e+02   1.6260125e+02   1.9104539e+02   8.9884760e+01   1.7924496e+02
   9.3176910e+01   1.1543078e+02   1.6258702e+02   1.9124778e+02   9.0055564e+01   1.7923558e+02
   9.3384514e+01   1.1517214e+02   1.6283350e+02   1.9114329e+02   9.0381203e+01   1.7909984e+02
   9.2645403e+01   1.1495620e+02   1.6313692e+02   1.9115891e+02   8.9633413e+01   1.7951227e+02
   9.1997249e+01   1.1479477e+02   1.6304527e+02   1.9085167e+02   8.9393871e+01   1.7973376e+02
   9.2098621e+01   1.1483435e+02   1.6230651e+02   1.9020768e+02   8.9368181e+01   1.7943867e+02
   9.2035784e+01   1.1467118e+02   1.6224749e+02   1.8998723e+02   8.9212651e+01   1.7991151e+02
   9.1596275e+01   1.1480067e+02   1.6146603e+02   1.8984663e+02   8.9186614e+01   1.7901548e+02
   9.1460534e+01   1.1442261e+02   1.6110498e+02   1.8963382e+02   8.8253786e+01   1.7830657e+02
   9.1494903e+01   1.1487844e+02   1.6117719e+02   1.8969457e+02   8.8897080e+01   1.7778999e+02
   9.1727156e+01   1.1453336e+02   1.6131258e+02   1.9025802e+02   8.8965818e+01   1.7887592e+02
   9.1303269e+01   1.1555714e+02   1.6202183e+02   1.9045833e+02   8.9599391e+01   1.7938000e+02
   9.2539518e+01   1.1501626e+02   1.6214369e+02   1.9068434e+02   8.9423032e+01   1.7869505e+02
   9.2822109e+01   1.1478818e+02   1.6233879e+02   1.9036529e+02   8.9555302e+01   1.7783964e+02
   9.2883210e+01   1.1522456e+02   1.6243635e+02   1.9085653e+02   8.9876428e+01   1.7860444e+02
   9.2649222e+01   1.1568455e+02   1.6277830e+02   1.9080307e+02   8.9860111e+01   1.7819131e+02
   9.3073455e+01   1.1639971e+02   1.6288454e+02   1.9043368e+02   8.9624734e+01   1.7645793e+02
   9.2803709e+01   1.1679027e+02   1.6230824e+02   1.9001674e+02   8.9799358e+01   1.7795386e+02
   9.2033007e+01   1.1677083e+02   1.6084044e+02   1.8952863e+02   8.8725234e+01   1.7757961e+02
   9.1611897e+01   1.1584425e+02   1.6063943e+02   1.8942934e+02   8.8177410e+01   1.7704845e+02
   9.3160246e+01   1.1589945e+02   1.6227283e+02   1.9085306e+02   8.9073092e+01   1.7699950e+02
   9.2217350e+01   1.1569393e+02   1.6185346e+02   1.9120369e+02   8.8590188e+01   1.7858673e+02
   9.1747291e+01   1.1622196e+02   1.6052313e+02   1.8937692e+02   8.7526479e+01   1.7558551e+02
   9.1812905e+01   1.1646116e+02   1.6114525e+02   1.8952828e+02   8.8047224e+01   1.7493944e+02
   9.2141322e+01   1.1650490e+02   1.6145214e+02   1.8936407e+02   8.8591576e+01   1.7513107e+02
   9.1954895e+01   1.1638061e+02   1.6216035e+02   1.9006569e+02   8.9495937e+01   1.7622845e+02
   9.2488138e+01   1.1581890e+02   1.6180451e+02   1.9052290e+02   8.9120306e+01   1.7733521e+02
   9.2763091e+01   1.1566997e+02   1.6185346e+02   1.8992092e+02   8.9350823e+01   1.7689292e+02
   9.3026588e+01   1.1608483e+02   1.6217840e+02   1.9047222e+02   8.8737732e+01   1.7782679e+02
   9.3608781e+01   1.1619280e+02   1.6277726e+02   1.9133249e+02   8.9255700e+01   1.7782575e+02
   9.3994132e+01   1.1636812e+02   1.6312998e+02   1.9132381e+02   8.9781999e+01   1.7794830e+02
   9.4090297e+01   1.1639867e+02   1.6254050e+02   1.9096207e+02   9.0106250e+01   1.7826665e+02
   9.3901093e+01   1.1653476e+02   1.6243947e+02   1.9109642e+02   9.0348223e+01   1.7880545e+02
   9.3673006e+01   1.1657954e+02   1.6207530e+02   1.9109850e+02   9.0410018e+01   1.7903805e+02
   9.4098281e+01   1.1666841e+02   1.6233463e+02   1.9144011e+02   9.0322533e+01   1.7849439e+02
   9.3883040e+01   1.1609594e+02   1.6175764e+02   1.9180151e+02   9.0006961e+01   1.7906478e+02
   9.4046207e+01   1.1631188e+02   1.6239538e+02   1.9239724e+02   8.9890662e+01   1.7962510e+02
   9.4182989e+01   1.1650386e+02   1.6292099e+02   1.9194037e+02   9.0450983e+01   1.7820242e+02
   9.4026419e+01   1.1655454e+02   1.6280122e+02   1.9144150e+02   9.0561381e+01   1.7755878e+02
   9.3778544e+01   1.1613343e+02   1.6296299e+02   1.9223546e+02   9.0565894e+01   1.7878982e+02
   9.4107655e+01   1.1629973e+02   1.6317962e+02   1.9142657e+02   9.0796758e+01   1.7789380e+02
   9.4012185e+01   1.1634312e+02   1.6235962e+02   1.9094332e+02   9.0715869e+01   1.7665789e+02
   9.3917409e+01   1.1631917e+02   1.6245128e+02   1.9145955e+02   9.0901254e+01   1.7643745e+02
   9.3564344e+01   1.1633618e+02   1.6152956e+02   1.9080793e+02   9.0270805e+01   1.7675059e+02
   9.3126224e+01   1.1581127e+02   1.6156740e+02   1.9078814e+02   8.8820010e+01   1.7861451e+02
   9.3016868e+01   1.1552868e+02   1.6147540e+02   1.9113947e+02   8.8831813e+01   1.7868359e+02
   9.2855089e+01   1.1569913e+02   1.6043530e+02   1.9023302e+02   8.8536377e+01   1.7944666e+02
   9.2693659e+01   1.1525824e+02   1.6027456e+02   1.8956161e+02   8.8127419e+01   1.7953137e+02
   9.2837731e+01   1.1553701e+02   1.6104283e+02   1.8982893e+02   8.8373905e+01   1.7956157e+02
   9.2671787e+01   1.1554013e+02   1.6129140e+02   1.9041251e+02   8.9110238e+01   1.7848050e+02
   9.3082829e+01   1.1563873e+02   1.6197566e+02   1.9127035e+02   9.0041678e+01   1.7896966e+02
   9.3404996e+01   1.1549847e+02   1.6227387e+02   1.9170847e+02   9.0094099e+01   1.7953692e+02
   9.3408121e+01   1.1595152e+02   1.6154136e+02   1.9100581e+02   8.9377554e+01   1.7856972e+02
   9.3192532e+01   1.1548181e+02   1.6112962e+02   1.9022122e+02   8.8846047e+01   1.7889710e+02
   9.2571804e+01   1.1521519e+02   1.6122405e+02   1.8993967e+02   8.8902635e+01   1.7941993e+02
   9.2869670e+01   1.1602616e+02   1.6210307e+02   1.9135783e+02   9.0106597e+01   1.8034859e+02
   9.3124141e+01   1.1562935e+02   1.6279427e+02   1.9152169e+02   9.0109027e+01   1.8079782e+02
   9.3526156e+01   1.1545924e+02   1.6261965e+02   1.9133978e+02   8.9830255e+01   1.8024062e+02
   9.2877308e+01   1.1564532e+02   1.6187464e+02   1.9115752e+02   9.0004184e+01   1.8013126e+02
   9.2976249e+01   1.1562102e+02   1.6155629e+02   1.9082494e+02   9.0276707e+01   1.7962198e+02
   9.3626486e+01   1.1609212e+02   1.6238601e+02   1.9134082e+02   9.0578045e+01   1.8018473e+02
   9.4012532e+01   1.1620426e+02   1.6244885e+02   1.9160744e+02   9.1163710e+01   1.7994935e+02
   9.4199653e+01   1.1652642e+02   1.6287759e+02   1.9196051e+02   9.1038731e+01   1.7902659e+02
   9.3953167e+01   1.1694198e+02   1.6322788e+02   1.9248611e+02   9.1340763e+01   1.8001670e+02
   9.3959416e+01   1.1636187e+02   1.6342194e+02   1.9191989e+02   9.1673345e+01   1.8009620e+02
   9.4072244e+01   1.1634451e+02   1.6274498e+02   1.9141407e+02   9.1191135e+01   1.7923142e+02
   9.4006977e+01   1.1621849e+02   1.6262243e+02   1.9178311e+02   9.1168917e+01   1.7938486e+02
   9.4167367e+01   1.1623376e+02   1.6251863e+02   1.9264477e+02   9.1025191e+01   1.7951644e+02
   9.3560178e+01   1.1677083e+02   1.6231796e+02   1.9219831e+02   9.1205022e+01   1.8025520e+02
   9.3598019e+01   1.1629521e+02   1.6226797e+02   1.9165119e+02   9.0649561e+01   1.8059993e+02
   9.3613989e+01   1.1636638e+02   1.6214056e+02   1.9184699e+02   9.0813422e+01   1.8062944e+02
   9.3593506e+01   1.1623133e+02   1.6247488e+02   1.9190878e+02   9.0872787e+01   1.7992470e+02
   9.4185767e+01   1.1655975e+02   1.6283420e+02   1.9176679e+02   9.0690873e+01   1.7939424e+02
   9.4138205e+01   1.1607581e+02   1.6198017e+02   1.9100303e+02   9.0487088e+01   1.7951956e+02
   9.3734107e+01   1.1655871e+02   1.6224541e+02   1.9141303e+02   9.0514167e+01   1.8097418e+02
   9.3738967e+01   1.1600880e+02   1.6249988e+02   1.9155953e+02   9.0621440e+01   1.8130988e+02
   9.4137858e+01   1.1613899e+02   1.6271929e+02   1.9267080e+02   9.1048104e+01   1.8156435e+02
   9.3118934e+01   1.1662779e+02   1.6208085e+02   1.9223928e+02   9.0871398e+01   1.8073637e+02
   9.3217875e+01   1.1627473e+02   1.6205412e+02   1.9152621e+02   9.0499933e+01   1.7935952e+02
   9.2940144e+01   1.1570781e+02   1.6182951e+02   1.9069787e+02   8.9824701e+01   1.7947478e+02
   9.2981457e+01   1.1583314e+02   1.6159343e+02   1.9058609e+02   9.0100348e+01   1.7969835e+02
   9.3479289e+01   1.1648060e+02   1.6227874e+02   1.9134256e+02   9.0057647e+01   1.7938209e+02
   9.3450127e+01   1.1608657e+02   1.6192567e+02   1.9164494e+02   8.9895869e+01   1.7902416e+02
   9.3268908e+01   1.1618759e+02   1.6211314e+02   1.9083084e+02   8.9414353e+01   1.7848293e+02
   9.3716402e+01   1.1607893e+02   1.6218431e+02   1.9148732e+02   8.9966690e+01   1.7909533e+02
   9.4003853e+01   1.1569740e+02   1.6238705e+02   1.9148975e+02   9.0595056e+01   1.7955115e+02
   9.4089255e+01   1.1625459e+02   1.6267138e+02   1.9122869e+02   9.0609637e+01   1.7919566e+02
   9.4096893e+01   1.1643963e+02   1.6292689e+02   1.9129118e+02   9.0341627e+01   1.7823783e+02
   9.4026766e+01   1.1596541e+02   1.6303729e+02   1.9142692e+02   8.9965302e+01   1.7864159e+02
   9.4556537e+01   1.1617509e+02   1.6242871e+02   1.9131964e+02   8.9864624e+01   1.7856695e+02
   9.4328798e+01   1.1655315e+02   1.6243288e+02   1.9095964e+02   9.0304480e+01   1.7800419e+02
   9.4059399e+01   1.1691282e+02   1.6325496e+02   1.9079230e+02   9.1003667e+01   1.7867144e+02
   9.3997257e+01   1.1656357e+02   1.6233636e+02   1.9048298e+02   9.0675598e+01   1.7913456e+02
   9.3978510e+01   1.1646463e+02   1.6273560e+02   1.9069892e+02   9.0649213e+01   1.7881621e+02
   9.3913591e+01   1.1698746e+02   1.6298834e+02   1.9110371e+02   9.0770026e+01   1.7733313e+02
   9.3997951e+01   1.1694788e+02   1.6278455e+02   1.9030766e+02   9.0384675e+01   1.7648188e+02
   9.4189585e+01   1.1706592e+02   1.6358581e+02   1.9014311e+02   9.0510001e+01   1.7689049e+02
   9.3934073e+01   1.1697531e+02   1.6336918e+02   1.9090791e+02   9.0850568e+01   1.7773966e+02
   9.4116334e+01   1.1710341e+02   1.6231415e+02   1.9040417e+02   9.0494726e+01   1.7697034e+02
   9.3692447e+01   1.1593451e+02   1.6105082e+02   1.9046180e+02   8.9595920e+01   1.7724321e+02
   9.3327926e+01   1.1555367e+02   1.6146047e+02   1.9070204e+02   8.9731314e+01   1.7795559e+02
   9.3479636e+01   1.1611642e+02   1.6153858e+02   1.9028267e+02   8.9588629e+01   1.7828540e+02
   9.3517477e+01   1.1628237e+02   1.6237872e+02   1.9152968e+02   9.0161449e+01   1.7869644e+02
   9.3769865e+01   1.1676076e+02   1.6298417e+02   1.9185497e+02   9.0328435e+01   1.7898319e+02
   9.3786182e+01   1.1679270e+02   1.6250890e+02   1.9176019e+02   9.0428765e+01   1.7888842e+02
   9.4118070e+01   1.1649587e+02   1.6296334e+02   1.9141824e+02   9.0259696e+01   1.7845724e+02
   9.4022253e+01   1.1651948e+02   1.6199441e+02   1.9057047e+02   9.0504794e+01   1.7912241e+02
   9.3948654e+01   1.1700134e+02   1.6233706e+02   1.9116516e+02   9.0788773e+01   1.7965808e+02
   9.3563650e+01   1.1693365e+02   1.6171286e+02   1.9069892e+02   9.0221161e+01   1.7913282e+02
   9.2743997e+01   1.1676458e+02   1.6216556e+02   1.9115196e+02   8.9741381e+01   1.7826526e+02
   9.3289738e+01   1.1642887e+02   1.6187880e+02   1.9072357e+02   8.9942736e+01   1.7808508e+02
   9.2943616e+01   1.1553909e+02   1.6171911e+02   1.8951613e+02   8.9120306e+01   1.7725328e+02
   9.3156080e+01   1.1577134e+02   1.6220965e+02   1.8986746e+02   8.9431017e+01   1.7573444e+02
   9.3453946e+01   1.1689928e+02   1.6235546e+02   1.9058331e+02   9.0214565e+01   1.7683460e+02
   9.3392846e+01   1.1656461e+02   1.6270436e+02   1.9084577e+02   9.0583600e+01   1.7806842e+02
   9.3994827e+01   1.1665730e+02   1.6249467e+02   1.9098914e+02   9.0714133e+01   1.7861867e+02
   9.4418366e+01   1.1633861e+02   1.6266791e+02   1.9145816e+02   9.1094971e+01   1.7902451e+02
   9.4390940e+01   1.1656982e+02   1.6337751e+02   1.9194246e+02   9.1093583e+01   1.7898805e+02
   9.3871931e+01   1.1713708e+02   1.6243218e+02   1.9164459e+02   9.0921042e+01   1.7900993e+02
   9.3372016e+01   1.1641984e+02   1.6311922e+02   1.9179387e+02   9.0292330e+01   1.7885891e+02
   9.4026419e+01   1.1708397e+02   1.6257244e+02   1.9117592e+02   9.0943261e+01   1.7758621e+02
   9.3571287e+01   1.1659447e+02   1.6232803e+02   1.9107038e+02   8.9664658e+01   1.7748137e+02
   9.3230373e+01   1.1661669e+02   1.6131084e+02   1.9016151e+02   8.8261771e+01   1.7730917e+02
   9.3483802e+01   1.1616433e+02   1.6166113e+02   1.9071732e+02   8.9111627e+01   1.7724772e+02
   9.3373404e+01   1.1670243e+02   1.6227318e+02   1.9065795e+02   8.9462262e+01   1.7753275e+02
   9.3715707e+01   1.1647678e+02   1.6204822e+02   1.9108357e+02   8.9398731e+01   1.7807397e+02
   9.3445614e+01   1.1598311e+02   1.6084183e+02   1.9020837e+02   8.8943947e+01   1.7702207e+02
   9.3161288e+01   1.1625911e+02   1.6112962e+02   1.8959633e+02   8.8376335e+01   1.7775250e+02
   9.2988053e+01   1.1574392e+02   1.6094250e+02   1.8962063e+02   8.8145124e+01   1.7797920e+02
   9.3201211e+01   1.1586299e+02   1.6267138e+02   1.9048472e+02   8.8675243e+01   1.7814445e+02
   9.3509145e+01   1.1636708e+02   1.6269498e+02   1.9064719e+02   8.9397690e+01   1.7732410e+02
   9.3817426e+01   1.1619002e+02   1.6295119e+02   1.9049478e+02   8.9421991e+01   1.7659020e+02
   9.4092727e+01   1.1629035e+02   1.6301715e+02   1.9038612e+02   8.9435183e+01   1.7694396e+02
   9.4137164e+01   1.1680450e+02   1.6303139e+02   1.9071836e+02   8.9506005e+01   1.7690195e+02
   9.4794344e+01   1.1663057e+02   1.6323413e+02   1.9186643e+02   9.1072058e+01   1.7830310e+02
   9.3636901e+01   1.1643685e+02   1.6281892e+02   1.9082008e+02   9.0163532e+01   1.7860618e+02
   9.3779238e+01   1.1630945e+02   1.6285607e+02   1.9099158e+02   9.0678375e+01   1.7959837e+02
   9.3964971e+01   1.1642193e+02   1.6285121e+02   1.9066142e+02   9.0323921e+01   1.8085927e+02
   9.3196351e+01   1.1587376e+02   1.6262173e+02   1.9081765e+02   8.9758392e+01   1.8020799e+02
   9.3222041e+01   1.1575468e+02   1.6157747e+02   1.8969978e+02   8.9401161e+01   1.7806460e+02
   9.2790517e+01   1.1542106e+02   1.6118135e+02   1.8941163e+02   8.8709612e+01   1.7701582e+02
   9.2809958e+01   1.1574253e+02   1.6084703e+02   1.8956925e+02   8.8523879e+01   1.7827463e+02
   9.2782532e+01   1.1563525e+02   1.6036691e+02   1.8961820e+02   8.8109714e+01   1.7716996e+02
   9.3433464e+01   1.1599492e+02   1.6169793e+02   1.9031322e+02   8.8606504e+01   1.7826700e+02
   9.3432769e+01   1.1606539e+02   1.6223846e+02   1.9073572e+02   8.9434836e+01   1.7879816e+02
   9.3396664e+01   1.1615739e+02   1.6253182e+02   1.9157238e+02   8.9413659e+01   1.7896723e+02
   9.3714666e+01   1.1623307e+02   1.6215758e+02   1.9137241e+02   8.9592101e+01   1.7943034e+02
   9.3419230e+01   1.1552347e+02   1.6166217e+02   1.9076696e+02   8.9742770e+01   1.7847148e+02
   9.3484844e+01   1.1566685e+02   1.6224367e+02   1.9065344e+02   9.0259002e+01   1.7894049e+02
   9.3504632e+01   1.1609629e+02   1.6244398e+02   1.9105580e+02   9.0537774e+01   1.7858847e+02
   9.3636207e+01   1.1633687e+02   1.6205308e+02   1.9191468e+02   9.1073447e+01   1.7827706e+02
   9.3660161e+01   1.1631813e+02   1.6135354e+02   1.9093638e+02   8.9902118e+01   1.7712344e+02
   9.3292515e+01   1.1654656e+02   1.6081162e+02   1.9028510e+02   8.9201889e+01   1.7732653e+02
   9.3253633e+01   1.1625425e+02   1.6122579e+02   1.9076939e+02   9.0074311e+01   1.7614305e+02
   9.3693836e+01   1.1642679e+02   1.6112095e+02   1.9045174e+02   8.9913227e+01   1.7660721e+02
   9.3351186e+01   1.1616190e+02   1.6168509e+02   1.9052638e+02   8.9561551e+01   1.7729216e+02
   9.3447003e+01   1.1654239e+02   1.6215966e+02   1.9016810e+02   8.9874345e+01   1.7760391e+02
   9.3245301e+01   1.1634312e+02   1.6265471e+02   1.9080688e+02   8.9691043e+01   1.7803266e+02
   9.3048112e+01   1.1667466e+02   1.6258181e+02   1.9106656e+02   9.0063549e+01   1.7930640e+02
   9.3551499e+01   1.1693608e+02   1.6263041e+02   1.9109329e+02   9.0113193e+01   1.7773688e+02
   9.3101575e+01   1.1634868e+02   1.6124974e+02   1.9022712e+02   8.9462609e+01   1.7616909e+02
   9.2628739e+01   1.1581335e+02   1.6111747e+02   1.8940643e+02   8.8410357e+01   1.7524668e+02
   9.3172397e+01   1.1624661e+02   1.6090813e+02   1.8964493e+02   8.8663439e+01   1.7556711e+02
   9.2614852e+01   1.1579495e+02   1.6165697e+02   1.8950815e+02   8.8339883e+01   1.7614618e+02
   9.2728722e+01   1.1568212e+02   1.6077586e+02   1.8920438e+02   8.7651458e+01   1.7565355e+02
   9.2598536e+01   1.1552312e+02   1.6082690e+02   1.8897872e+02   8.8061458e+01   1.7489361e+02
   9.2162499e+01   1.1642644e+02   1.6069359e+02   1.8928527e+02   8.8004523e+01   1.7675822e+02
   9.2622143e+01   1.1609143e+02   1.6110741e+02   1.8962340e+02   8.7781644e+01   1.7694292e+02
   9.3049154e+01   1.1643061e+02   1.6183853e+02   1.9034932e+02   8.8662050e+01   1.7742027e+02
   9.3025547e+01   1.1650143e+02   1.6206523e+02   1.9070933e+02   8.9126902e+01   1.7782332e+02
   9.3322024e+01   1.1697531e+02   1.6238427e+02   1.9085653e+02   9.0063202e+01   1.7811910e+02
   9.2888070e+01   1.1724227e+02   1.6239434e+02   1.9117141e+02   9.0146521e+01   1.7889640e+02
   9.3041863e+01   1.1758701e+02   1.6257591e+02   1.9171992e+02   9.0122567e+01   1.7953137e+02
   9.3339382e+01   1.1772969e+02   1.6220514e+02   1.9132902e+02   9.0664836e+01   1.7901618e+02
   9.3267867e+01   1.1765401e+02   1.6188644e+02   1.9095373e+02   9.0178113e+01   1.7903388e+02
   9.3265437e+01   1.1729817e+02   1.6175417e+02   1.9137693e+02   9.0614497e+01   1.7816701e+02
   9.3232109e+01   1.1680867e+02   1.6114976e+02   1.9037675e+02   8.9825395e+01   1.7809272e+02
   9.2634988e+01   1.1626293e+02   1.6081405e+02   1.8970915e+02   8.8707876e+01   1.7884815e+02
   9.2655123e+01   1.1659065e+02   1.6157990e+02   1.9025594e+02   8.9172381e+01   1.7793684e+02
   9.2781144e+01   1.1690344e+02   1.6174202e+02   1.9023823e+02   8.9232440e+01   1.7596773e+02
   9.3160593e+01   1.1689997e+02   1.6200066e+02   1.8965152e+02   8.9522321e+01   1.7459436e+02
   9.3228290e+01   1.1660766e+02   1.6187151e+02   1.8990808e+02   8.9476843e+01   1.7442529e+02
   9.3431381e+01   1.1682498e+02   1.6270366e+02   1.9057394e+02   8.9214387e+01   1.7525501e+02
   9.3429645e+01   1.1694719e+02   1.6281788e+02   1.9090409e+02   8.9687918e+01   1.7475301e+02
   9.3751812e+01   1.1687567e+02   1.6252487e+02   1.9018407e+02   8.9231051e+01   1.7512899e+02
   9.3904564e+01   1.1655281e+02   1.6221173e+02   1.9021740e+02   8.9017199e+01   1.7583581e+02
   9.3175868e+01   1.1657572e+02   1.6244537e+02   1.9076453e+02   8.9475801e+01   1.7720225e+02
   9.3920187e+01   1.1751028e+02   1.6319490e+02   1.9096832e+02   9.0353430e+01   1.7687071e+02
   9.3819856e+01   1.1746619e+02   1.6305708e+02   1.9111760e+02   9.0288858e+01   1.7674538e+02
   9.3457765e+01   1.1739884e+02   1.6272796e+02   1.9072738e+02   9.0172558e+01   1.7574208e+02
   9.3469569e+01   1.1722318e+02   1.6216695e+02   1.9064788e+02   8.9803176e+01   1.7571396e+02
   9.3191838e+01   1.1735545e+02   1.6111852e+02   1.9020733e+02   8.9366445e+01   1.7591601e+02
   9.3103311e+01   1.1666459e+02   1.6178646e+02   1.9006395e+02   8.9192863e+01   1.7698666e+02
   9.3070331e+01   1.1702807e+02   1.6182846e+02   1.9026774e+02   8.9264379e+01   1.7759662e+02
   9.2945005e+01   1.1682741e+02   1.6213084e+02   1.9078467e+02   8.9270975e+01   1.7794483e+02
   9.2896055e+01   1.1772171e+02   1.6203121e+02   1.9043993e+02   8.9470247e+01   1.7652563e+02
   9.3177604e+01   1.1873230e+02   1.6287377e+02   1.9082390e+02   9.0046885e+01   1.7692938e+02
   9.3158163e+01   1.1794806e+02   1.6104874e+02   1.8887839e+02   8.9523016e+01   1.7767057e+02
   9.2591940e+01   1.1557832e+02   1.6147922e+02   1.8928666e+02   8.8393346e+01   1.7923732e+02
   9.2214920e+01   1.1474791e+02   1.6145214e+02   1.8884992e+02   8.8794320e+01   1.7743971e+02
   9.3475123e+01   1.1683852e+02   1.6243669e+02   1.9038091e+02   8.8356894e+01   1.7516717e+02
   9.2681508e+01   1.1640561e+02   1.6048078e+02   1.8908009e+02   8.6899849e+01   1.7382365e+02
   9.1997943e+01   1.1577377e+02   1.5836586e+02   1.8771817e+02   8.5477868e+01   1.7413089e+02
   9.1240433e+01   1.1555298e+02   1.5856964e+02   1.8736372e+02   8.5264015e+01   1.7557856e+02
   9.0441610e+01   1.1632889e+02   1.6081232e+02   1.8896136e+02   8.6528732e+01   1.7727411e+02
   9.2401694e+01   1.1729678e+02   1.6057555e+02   1.8875168e+02   8.7493151e+01   1.7699638e+02
   9.2054531e+01   1.1690483e+02   1.6064637e+02   1.8909780e+02   8.7436564e+01   1.7737965e+02
   9.1849010e+01   1.1711938e+02   1.6091299e+02   1.8867391e+02   8.7923981e+01   1.7794309e+02
   9.2634988e+01   1.1730580e+02   1.6194372e+02   1.9011047e+02   8.8813761e+01   1.7983236e+02
   9.3475470e+01   1.1770990e+02   1.6312963e+02   1.9129604e+02   9.0180196e+01   1.7993546e+02
   9.3573023e+01   1.1780572e+02   1.6344243e+02   1.9179908e+02   8.9660839e+01   1.7984173e+02
   9.4262837e+01   1.1836639e+02   1.6335390e+02   1.9210076e+02   9.0324616e+01   1.8008197e+02
   9.4002812e+01   1.1812476e+02   1.6302687e+02   1.9228858e+02   9.1202245e+01   1.7986048e+02
   9.3351186e+01   1.1777934e+02   1.6255751e+02   1.9166056e+02   9.1099137e+01   1.8026353e+02
   9.3261965e+01   1.1804978e+02   1.6266686e+02   1.9130402e+02   9.0904031e+01   1.8010384e+02
   9.3675436e+01   1.1804769e+02   1.6308832e+02   1.9162411e+02   9.1238350e+01   1.7989971e+02
   9.3706681e+01   1.1806575e+02   1.6310846e+02   1.9146094e+02   9.0735310e+01   1.7983444e+02
   9.3548375e+01   1.1767484e+02   1.6275227e+02   1.9091416e+02   9.0728714e+01   1.7888252e+02
   9.3798332e+01   1.1752070e+02   1.6313935e+02   1.9173728e+02   9.0713092e+01   1.7948797e+02
   9.4472176e+01   1.1806019e+02   1.6272415e+02   1.9181782e+02   9.1609467e+01   1.7951505e+02
   9.3601144e+01   1.1751896e+02   1.6257313e+02   1.9152135e+02   9.1355344e+01   1.7950880e+02
   9.3451863e+01   1.1736100e+02   1.6225270e+02   1.9123494e+02   9.0907156e+01   1.7930363e+02
   9.3977816e+01   1.1725061e+02   1.6225652e+02   1.9121688e+02   9.0789120e+01   1.7892279e+02
