   1.0051530e+02   1.2908265e+02   1.9983337e+02   2.4173495e+02   1.5613372e+02   1.2010732e+02
   1.0066672e+02   1.2930063e+02   1.9907544e+02   2.4243822e+02   1.5576448e+02   1.2025024e+02
   1.0223724e+02   1.2917409e+02   1.9948072e+02   2.4441281e+02   1.5549928e+02   1.2095270e+02
   1.0336887e+02   1.2873650e+02   2.0188934e+02   2.4714573e+02   1.5626652e+02   1.2124219e+02
   1.0390817e+02   1.3015743e+02   2.0005767e+02   2.4581733e+02   1.5495836e+02   1.2319410e+02
   1.0296116e+02   1.3004681e+02   1.9939205e+02   2.4450512e+02   1.5499318e+02   1.2286939e+02
   1.0274010e+02   1.3027867e+02   1.9975280e+02   2.4567239e+02   1.5567176e+02   1.2211794e+02
   1.0367132e+02   1.2952228e+02   1.9919123e+02   2.4568696e+02   1.5502072e+02   1.2223535e+02
   1.0217084e+02   1.2953820e+02   2.0030303e+02   2.4473024e+02   1.5529117e+02   1.2268963e+02
   1.0224331e+02   1.3065176e+02   2.0186342e+02   2.4647485e+02   1.5646977e+02   1.2187987e+02
   1.0463695e+02   1.3089464e+02   2.0223794e+02   2.4858791e+02   1.5684833e+02   1.2222523e+02
   1.0327008e+02   1.2996436e+02   2.0171402e+02   2.4758665e+02   1.5626936e+02   1.2137620e+02
   1.0261742e+02   1.2987088e+02   2.0123667e+02   2.4614690e+02   1.5597947e+02   1.2158998e+02
   1.0346847e+02   1.2960106e+02   1.9903981e+02   2.4402696e+02   1.5439316e+02   1.2146730e+02
   1.0155300e+02   1.2848995e+02   1.9904750e+02   2.4212687e+02   1.5433485e+02   1.2136932e+02
   1.0167163e+02   1.2946677e+02   2.0074880e+02   2.4388121e+02   1.5550738e+02   1.2225600e+02
   1.0387052e+02   1.2975903e+02   2.0162981e+02   2.4584729e+02   1.5608311e+02   1.2233091e+02
   1.0455638e+02   1.3077585e+02   2.0252297e+02   2.4539747e+02   1.5594991e+02   1.2288599e+02
   1.0323000e+02   1.2970352e+02   2.0132858e+02   2.4336823e+02   1.5463001e+02   1.2300665e+02
   1.0269799e+02   1.2993293e+02   1.9986859e+02   2.4378201e+02   1.5512315e+02   1.2250662e+02
   1.0329033e+02   1.2995374e+02   2.0065608e+02   2.4591936e+02   1.5568836e+02   1.2214993e+02
   1.0347900e+02   1.3003620e+02   2.0072248e+02   2.4390631e+02   1.5510372e+02   1.2136041e+02
   1.0212752e+02   1.2897897e+02   1.9903576e+02   2.4181066e+02   1.5429315e+02   1.2173736e+02
   1.0139833e+02   1.2938023e+02   1.9903212e+02   2.4369051e+02   1.5591752e+02   1.2194344e+02
   1.0231943e+02   1.3009865e+02   2.0063543e+02   2.4562947e+02   1.5565354e+02   1.2156245e+02
   1.0308789e+02   1.2988639e+02   1.9994309e+02   2.4506993e+02   1.5528632e+02   1.2201146e+02
   1.0207083e+02   1.2966433e+02   1.9986252e+02   2.4403709e+02   1.5446401e+02   1.2274307e+02
   1.0240688e+02   1.2971454e+02   1.9963255e+02   2.4506345e+02   1.5580942e+02   1.2230216e+02
   1.0348710e+02   1.3062482e+02   2.0090467e+02   2.4647931e+02   1.5643212e+02   1.2160941e+02
   1.0475760e+02   1.3016356e+02   2.0182618e+02   2.4629428e+02   1.5573573e+02   1.2154342e+02
   1.0388104e+02   1.2951371e+02   2.0233065e+02   2.4358079e+02   1.5504136e+02   1.2216450e+02
   1.0249879e+02   1.2832708e+02   2.0096014e+02   2.4247345e+02   1.5404415e+02   1.2251796e+02
   1.0220687e+02   1.2904306e+02   1.9980179e+02   2.4421483e+02   1.5558592e+02   1.2288235e+02
   1.0263726e+02   1.2984353e+02   2.0021517e+02   2.4509058e+02   1.5571630e+02   1.2322164e+02
   1.0334903e+02   1.2982190e+02   2.0056215e+02   2.4593677e+02   1.5630904e+02   1.2360870e+02
   1.0269232e+02   1.3058400e+02   2.0061924e+02   2.4522823e+02   1.5572075e+02   1.2268922e+02
   1.0250527e+02   1.3000477e+02   2.0028967e+02   2.4514443e+02   1.5493043e+02   1.2228353e+02
   1.0231579e+02   1.3032479e+02   2.0029007e+02   2.4418527e+02   1.5535879e+02   1.2239933e+02
   1.0385108e+02   1.3049338e+02   2.0093221e+02   2.4504928e+02   1.5553734e+02   1.2337144e+02
   1.0344175e+02   1.2925328e+02   2.0086338e+02   2.4372290e+02   1.5500735e+02   1.2420508e+02
   1.0168904e+02   1.2942431e+02   2.0063138e+02   2.4410389e+02   1.5510048e+02   1.2250014e+02
   1.0196800e+02   1.2951085e+02   1.9975644e+02   2.4466222e+02   1.5577095e+02   1.2223940e+02
   1.0155300e+02   1.2952024e+02   1.9847136e+02   2.4362411e+02   1.5554706e+02   1.2218191e+02
   1.0256721e+02   1.2860098e+02   1.9886814e+02   2.4294351e+02   1.5497942e+02   1.2278720e+02
   1.0221052e+02   1.2907245e+02   1.9915682e+02   2.4389781e+02   1.5553248e+02   1.2284510e+02
   1.0246964e+02   1.3017907e+02   2.0086985e+02   2.4547278e+02   1.5519279e+02   1.2264307e+02
   1.0271540e+02   1.2988149e+02   2.0111116e+02   2.4438204e+02   1.5480856e+02   1.2216491e+02
   1.0327939e+02   1.2978230e+02   2.0097107e+02   2.4621978e+02   1.5621915e+02   1.2282283e+02
   1.0399805e+02   1.2961698e+02   2.0129983e+02   2.4574364e+02   1.5597623e+02   1.2233698e+02
   1.0324741e+02   1.2897448e+02   2.0044473e+02   2.4281557e+02   1.5460329e+02   1.2239528e+02
   1.0247693e+02   1.2843893e+02   1.9956008e+02   2.4188071e+02   1.5376641e+02   1.2198352e+02
   1.0125622e+02   1.2892427e+02   1.9934792e+02   2.4239288e+02   1.5385183e+02   1.2236532e+02
   1.0245992e+02   1.2884835e+02   2.0070224e+02   2.4327389e+02   1.5503205e+02   1.2220904e+02
   1.0302068e+02   1.3047134e+02   2.0101804e+02   2.4370954e+02   1.5596408e+02   1.2145111e+02
   1.0275710e+02   1.3037092e+02   2.0052652e+02   2.4290707e+02   1.5463041e+02   1.2239893e+02
   1.0261742e+02   1.2916184e+02   1.9984875e+02   2.4307753e+02   1.5457818e+02   1.2356700e+02
   1.0325186e+02   1.2901285e+02   1.9997386e+02   2.4347714e+02   1.5517052e+02   1.2347145e+02
   1.0384055e+02   1.2853240e+02   2.0016982e+02   2.4365326e+02   1.5577986e+02   1.2157743e+02
   1.0312068e+02   1.2886957e+02   2.0157920e+02   2.4399417e+02   1.5652038e+02   1.2114340e+02
   1.0361706e+02   1.2915572e+02   2.0114679e+02   2.4596997e+02   1.5725645e+02   1.2183938e+02
   1.0405473e+02   1.2955983e+02   1.9936816e+02   2.4502296e+02   1.5577217e+02   1.2261472e+02
   1.0193358e+02   1.2839198e+02   1.9826892e+02   2.4277954e+02   1.5566811e+02   1.2197866e+02
   1.0150158e+02   1.2793113e+02   1.9913172e+02   2.4478327e+02   1.5639244e+02   1.2155880e+02
   1.0275305e+02   1.2776132e+02   1.9913010e+02   2.4523350e+02   1.5682606e+02   1.2156366e+02
   1.0268746e+02   1.2802053e+02   1.9926573e+02   2.4513268e+02   1.5651228e+02   1.2120859e+02
   1.0220525e+02   1.2887243e+02   1.9958761e+02   2.4421037e+02   1.5526283e+02   1.2106769e+02
   1.0254049e+02   1.2890264e+02   1.9818754e+02   2.4293258e+02   1.5500493e+02   1.2050086e+02
   1.0310003e+02   1.2838300e+02   1.9806648e+02   2.4257588e+02   1.5429113e+02   1.2190902e+02
   1.0213116e+02   1.2761682e+02   1.9938517e+02   2.4377027e+02   1.5407695e+02   1.2256573e+02
   1.0228866e+02   1.2746497e+02   1.9958153e+02   2.4417150e+02   1.5465633e+02   1.2219932e+02
   1.0177973e+02   1.2766580e+02   1.9940177e+02   2.4254754e+02   1.5537134e+02   1.2233819e+02
   1.0202630e+02   1.2756375e+02   1.9930379e+02   2.4322652e+02   1.5525635e+02   1.2182116e+02
   1.0205343e+02   1.2771193e+02   1.9956048e+02   2.4329252e+02   1.5404699e+02   1.2183817e+02
   1.0270852e+02   1.2784582e+02   1.9915844e+02   2.4425693e+02   1.5509602e+02   1.2254225e+02
   1.0235465e+02   1.2881406e+02   2.0057267e+02   2.4455695e+02   1.5544462e+02   1.2241512e+02
   1.0304618e+02   1.2994640e+02   2.0174439e+02   2.4696354e+02   1.5656694e+02   1.2303580e+02
   1.0436123e+02   1.2991088e+02   2.0174601e+02   2.4682345e+02   1.5642281e+02   1.2303539e+02
   1.0337859e+02   1.2888019e+02   2.0005200e+02   2.4480392e+02   1.5454134e+02   1.2316495e+02
   1.0181455e+02   1.3002150e+02   1.9925196e+02   2.4516264e+02   1.5563087e+02   1.2339249e+02
   1.0257815e+02   1.3168654e+02   1.9962931e+02   2.4486789e+02   1.5560981e+02   1.2274105e+02
   1.0521552e+02   1.3103138e+02   2.0104557e+02   2.4460148e+02   1.5559443e+02   1.2291271e+02
   1.0403813e+02   1.3030479e+02   2.0151887e+02   2.4404721e+02   1.5573573e+02   1.2356092e+02
   1.0291339e+02   1.3066400e+02   2.0094314e+02   2.4458610e+02   1.5639649e+02   1.2328925e+02
   1.0500377e+02   1.3129222e+02   2.0107634e+02   2.4727934e+02   1.5666695e+02   1.2353299e+02
   1.0464181e+02   1.3174001e+02   2.0156786e+02   2.4614123e+02   1.5666573e+02   1.2204871e+02
   1.0299800e+02   1.3017499e+02   2.0018561e+02   2.4356338e+02   1.5462070e+02   1.2256938e+02
   1.0172709e+02   1.3034112e+02   1.9635992e+02   2.4390874e+02   1.5494541e+02   1.2176570e+02
   1.0199026e+02   1.3031867e+02   1.9593966e+02   2.4328199e+02   1.5474580e+02   1.2210620e+02
   1.0094285e+02   1.3056400e+02   1.9687412e+02   2.4279654e+02   1.5504177e+02   1.2146325e+02
   1.0177285e+02   1.3081463e+02   1.9806122e+02   2.4231109e+02   1.5638839e+02   1.2018505e+02
   1.0260811e+02   1.3134284e+02   1.9844140e+02   2.4339090e+02   1.5614142e+02   1.2223252e+02
   1.0296926e+02   1.3005661e+02   1.9743933e+02   2.4393506e+02   1.5505513e+02   1.2249893e+02
   1.0125541e+02   1.2921246e+02   1.9700854e+02   2.4333786e+02   1.5531344e+02   1.2388766e+02
   1.0095175e+02   1.2906877e+02   1.9746200e+02   2.4340669e+02   1.5593169e+02   1.2325484e+02
   1.0083434e+02   1.3020519e+02   1.9819726e+02   2.4288804e+02   1.5639447e+02   1.2238273e+02
   1.0243765e+02   1.3029377e+02   1.9825354e+02   2.4513876e+02   1.5706737e+02   1.2270096e+02
   1.0196678e+02   1.3044480e+02   1.9833168e+02   2.4479502e+02   1.5641471e+02   1.2280664e+02
   1.0232874e+02   1.2932390e+02   1.9905600e+02   2.4325486e+02   1.5624588e+02   1.2226693e+02
   1.0271378e+02   1.2880875e+02   1.9943699e+02   2.4238883e+02   1.5604546e+02   1.2317912e+02
   1.0301298e+02   1.2880590e+02   1.9885599e+02   2.4345123e+02   1.5626328e+02   1.2405325e+02
   1.0193034e+02   1.2883325e+02   1.9864424e+02   2.4423790e+02   1.5631228e+02   1.2352489e+02
   1.0232834e+02   1.3001538e+02   1.9880498e+02   2.4252487e+02   1.5606773e+02   1.2268558e+02
   1.0210687e+02   1.2976475e+02   1.9932646e+02   2.4182402e+02   1.5524947e+02   1.2307467e+02
   1.0285549e+02   1.2921899e+02   1.9860740e+02   2.3992555e+02   1.5433161e+02   1.2378077e+02
   1.0151777e+02   1.2906714e+02   1.9814827e+02   2.4040817e+02   1.5496565e+02   1.2409212e+02
   1.0114771e+02   1.3002314e+02   1.9903657e+02   2.4193456e+02   1.5551264e+02   1.2402572e+02
   1.0274820e+02   1.3048889e+02   2.0089415e+02   2.4425653e+02   1.5649407e+02   1.2465369e+02
   1.0521957e+02   1.3071054e+02   2.0165937e+02   2.4574769e+02   1.5661472e+02   1.2591610e+02
   1.0377011e+02   1.3043705e+02   2.0231405e+02   2.4550031e+02   1.5718033e+02   1.2513590e+02
   1.0408470e+02   1.3059951e+02   2.0296024e+02   2.4390267e+02   1.5674145e+02   1.2372814e+02
   1.0459444e+02   1.3018927e+02   2.0249301e+02   2.4445573e+02   1.5670946e+02   1.2338683e+02
   1.0389724e+02   1.2999783e+02   2.0087755e+02   2.4380671e+02   1.5654953e+02   1.2469741e+02
   1.0197933e+02   1.2994599e+02   2.0038400e+02   2.4281840e+02   1.5593533e+02   1.2435813e+02
   1.0331826e+02   1.3014804e+02   2.0052004e+02   2.4231271e+02   1.5498023e+02   1.2422897e+02
   1.0349034e+02   1.2995293e+02   2.0012043e+02   2.4272812e+02   1.5484864e+02   1.2369737e+02
   1.0422478e+02   1.3030765e+02   2.0009330e+02   2.4351641e+02   1.5556001e+02   1.2446299e+02
   1.0370249e+02   1.3077748e+02   1.9988600e+02   2.4322085e+02   1.5457049e+02   1.2456583e+02
   1.0286966e+02   1.2930798e+02   2.0087471e+02   2.4184062e+02   1.5485553e+02   1.2380506e+02
   1.0266722e+02   1.2959453e+02   1.9960137e+02   2.4168394e+02   1.5562277e+02   1.2319532e+02
   1.0222752e+02   1.2895244e+02   1.9997427e+02   2.4228720e+02   1.5579727e+02   1.2382693e+02
   1.0358751e+02   1.2986272e+02   1.9992811e+02   2.4208031e+02   1.5475512e+02   1.2323378e+02
   1.0327818e+02   1.2963494e+02   1.9937910e+02   2.4228761e+02   1.5567864e+02   1.2300665e+02
   1.0344337e+02   1.3045133e+02   2.0027347e+02   2.4426220e+02   1.5608109e+02   1.2325888e+02
   1.0316077e+02   1.3039868e+02   2.0056255e+02   2.4413466e+02   1.5613210e+02   1.2339573e+02
   1.0444787e+02   1.3046481e+02   2.0044838e+02   2.4412292e+02   1.5617300e+02   1.2447797e+02
   1.0369358e+02   1.3054808e+02   2.0076823e+02   2.4479906e+02   1.5669772e+02   1.2440995e+02
   1.0420575e+02   1.2978067e+02   2.0090022e+02   2.4449419e+02   1.5640175e+02   1.2438971e+02
   1.0357576e+02   1.3013457e+02   2.0057186e+02   2.4411320e+02   1.5572804e+02   1.2483062e+02
   1.0327494e+02   1.3046072e+02   1.9995443e+02   2.4311477e+02   1.5538146e+02   1.2362975e+02
   1.0279961e+02   1.3134896e+02   2.0117230e+02   2.4508734e+02   1.5669772e+02   1.2365526e+02
   1.0405352e+02   1.3131385e+02   2.0139498e+02   2.4614893e+02   1.5755930e+02   1.2377429e+02
   1.0537221e+02   1.3095138e+02   2.0149701e+02   2.4653599e+02   1.5762894e+02   1.2431602e+02
   1.0424260e+02   1.3014355e+02   2.0076216e+02   2.4387028e+02   1.5646937e+02   1.2445894e+02
   1.0298748e+02   1.2977495e+02   1.9958032e+02   2.4252851e+02   1.5502355e+02   1.2430347e+02
   1.0242105e+02   1.3021540e+02   1.9944226e+02   2.4137825e+02   1.5432919e+02   1.2392248e+02
   1.0290893e+02   1.2977618e+02   1.9850537e+02   2.4062194e+02   1.5497496e+02   1.2400588e+02
   1.0294294e+02   1.3049460e+02   1.9867016e+02   2.4315526e+02   1.5538511e+02   1.2335160e+02
   1.0384015e+02   1.3057624e+02   1.9965563e+02   2.4417434e+02   1.5611915e+02   1.2399900e+02
   1.0279921e+02   1.3112772e+02   2.0079738e+02   2.4431605e+02   1.5601793e+02   1.2475248e+02
   1.0365026e+02   1.3046970e+02   2.0110833e+02   2.4569303e+02   1.5679044e+02   1.2490714e+02
   1.0435111e+02   1.3047134e+02   2.0043461e+02   2.4634732e+02   1.5689854e+02   1.2533915e+02
   1.0355997e+02   1.3043378e+02   1.9979571e+02   2.4415045e+02   1.5518591e+02   1.2469377e+02
   1.0294051e+02   1.2947779e+02   1.9959409e+02   2.4359617e+02   1.5557418e+02   1.2402167e+02
   1.0267410e+02   1.2927900e+02   2.0058037e+02   2.4473550e+02   1.5619284e+02   1.2430306e+02
   1.0412599e+02   1.2968066e+02   2.0047510e+02   2.4551934e+02   1.5584019e+02   1.2479418e+02
   1.0403166e+02   1.2955126e+02   2.0054312e+02   2.4303258e+02   1.5580658e+02   1.2446380e+02
   1.0278140e+02   1.2984720e+02   2.0190837e+02   2.4204995e+02   1.5594181e+02   1.2412451e+02
   1.0389845e+02   1.2993293e+02   2.0021314e+02   2.4334920e+02   1.5559645e+02   1.2408969e+02
   1.0344054e+02   1.2996517e+02   1.9862036e+02   2.4362654e+02   1.5620620e+02   1.2489419e+02
   1.0240729e+02   1.2986435e+02   1.9981231e+02   2.4241231e+02   1.5498468e+02   1.2423788e+02
   1.0230000e+02   1.2957167e+02   1.9966130e+02   2.4098471e+02   1.5398463e+02   1.2423990e+02
   1.0262228e+02   1.2891162e+02   1.9929164e+02   2.4022759e+02   1.5385791e+02   1.2415326e+02
   1.0232348e+02   1.2898754e+02   1.9845759e+02   2.4050129e+02   1.5460288e+02   1.2472859e+02
   1.0315955e+02   1.2975209e+02   2.0018764e+02   2.4219651e+02   1.5585760e+02   1.2483062e+02
   1.0453897e+02   1.3036398e+02   2.0108970e+02   2.4443953e+02   1.5765890e+02   1.2461158e+02
   1.0340976e+02   1.3050440e+02   2.0304324e+02   2.4412413e+02   1.5758602e+02   1.2416541e+02
   1.0451427e+02   1.3021744e+02   2.0328495e+02   2.4407757e+02   1.5730301e+02   1.2432938e+02
   1.0449119e+02   1.2959616e+02   2.0160390e+02   2.4412251e+02   1.5702162e+02   1.2441279e+02
   1.0293160e+02   1.3030071e+02   1.9968923e+02   2.4288804e+02   1.5575881e+02   1.2494479e+02
   1.0279880e+02   1.3043256e+02   1.9826933e+02   2.4176046e+02   1.5527781e+02   1.2452534e+02
   1.0161332e+02   1.2947493e+02   1.9829848e+02   2.4207424e+02   1.5470775e+02   1.2428889e+02
   1.0124610e+02   1.2949656e+02   1.9760735e+02   2.4187140e+02   1.5483771e+02   1.2416419e+02
   1.0120197e+02   1.3026193e+02   1.9677452e+02   2.4222040e+02   1.5575597e+02   1.2461725e+02
   1.0236518e+02   1.2991496e+02   1.9718304e+02   2.4234146e+02   1.5624952e+02   1.2452534e+02
   1.0210930e+02   1.2985088e+02   1.9918233e+02   2.4271759e+02   1.5559726e+02   1.2463749e+02
   1.0258139e+02   1.3002232e+02   1.9867501e+02   2.4280666e+02   1.5568876e+02   1.2507476e+02
   1.0267167e+02   1.2936757e+02   1.9783408e+02   2.4132764e+02   1.5542438e+02   1.2485572e+02
   1.0231336e+02   1.2969740e+02   1.9814786e+02   2.4030330e+02   1.5615397e+02   1.2143856e+02
   1.0297169e+02   1.2820626e+02   1.9954995e+02   2.4291436e+02   1.5505108e+02   1.2372571e+02
   1.0524062e+02   1.2907122e+02   1.9801547e+02   2.4302084e+02   1.5546770e+02   1.2477799e+02
   1.0232915e+02   1.2950554e+02   1.9833370e+02   2.4352289e+02   1.5606530e+02   1.2469296e+02
   1.0245385e+02   1.2851077e+02   1.9745755e+02   2.4035715e+02   1.5416035e+02   1.2393422e+02
   1.0148052e+02   1.2881039e+02   1.9638098e+02   2.3927735e+02   1.5329067e+02   1.2459984e+02
   9.9905955e+01   1.2848056e+02   1.9704741e+02   2.4123290e+02   1.5418626e+02   1.2560596e+02
   9.9359370e+01   1.2824952e+02   1.9645507e+02   2.3976927e+02   1.5324857e+02   1.2276453e+02
   1.0064081e+02   1.2876834e+02   1.9789967e+02   2.4113411e+02   1.5400569e+02   1.2263375e+02
   1.0159632e+02   1.2964515e+02   1.9892158e+02   2.4251718e+02   1.5598473e+02   1.2266169e+02
   1.0363974e+02   1.3164694e+02   2.0085852e+02   2.4452577e+02   1.5684347e+02   1.2473466e+02
   1.0256074e+02   1.3024438e+02   2.0067592e+02   2.4493713e+02   1.5654548e+02   1.2432695e+02
   1.0211942e+02   1.2896468e+02   1.9937829e+02   2.4301436e+02   1.5582116e+02   1.2375041e+02
   1.0261742e+02   1.2977495e+02   1.9998155e+02   2.4472173e+02   1.5593048e+02   1.2324309e+02
   1.0299841e+02   1.3102852e+02   1.9977628e+02   2.4428851e+02   1.5593655e+02   1.2273619e+02
   1.0213440e+02   1.3064360e+02   1.9829079e+02   2.4321923e+02   1.5552317e+02   1.2329978e+02
   1.0127889e+02   1.3141141e+02   1.9947384e+02   2.4433791e+02   1.5581023e+02   1.2458526e+02
   1.0197690e+02   1.3127712e+02   2.0035566e+02   2.4401360e+02   1.5606813e+02   1.2609384e+02
   1.0344458e+02   1.3041705e+02   2.0077106e+02   2.4512783e+02   1.5668152e+02   1.2637320e+02
   1.0359236e+02   1.3140529e+02   2.0001394e+02   2.4643477e+02   1.5734026e+02   1.2612137e+02
   1.0301784e+02   1.3107996e+02   2.0010221e+02   2.4592989e+02   1.5711798e+02   1.2460065e+02
   1.0301825e+02   1.3054563e+02   2.0082572e+02   2.4449743e+02   1.5646410e+02   1.2416176e+02
   1.0327089e+02   1.2996558e+02   2.0089374e+02   2.4302246e+02   1.5615397e+02   1.2390588e+02
   1.0310084e+02   1.3067543e+02   2.0052773e+02   2.4305809e+02   1.5567662e+02   1.2375203e+02
   1.0320247e+02   1.3092280e+02   2.0093302e+02   2.4313502e+02   1.5702284e+02   1.2388645e+02
   1.0422073e+02   1.3179103e+02   2.0160754e+02   2.4557036e+02   1.5707425e+02   1.2483467e+02
   1.0364783e+02   1.3148121e+02   2.0044838e+02   2.4415936e+02   1.5594546e+02   1.2429416e+02
   1.0265791e+02   1.3029540e+02   1.9968235e+02   2.4333624e+02   1.5486808e+02   1.2555980e+02
   1.0275670e+02   1.2998640e+02   2.0030303e+02   2.4441443e+02   1.5585314e+02   1.2606793e+02
   1.0295023e+02   1.3080442e+02   2.0065082e+02   2.4464926e+02   1.5602036e+02   1.2610436e+02
   1.0294173e+02   1.3029459e+02   1.9996738e+02   2.4504078e+02   1.5620215e+02   1.2621247e+02
   1.0256033e+02   1.3015662e+02   1.9950461e+02   2.4593677e+02   1.5697223e+02   1.2613513e+02
   1.0312918e+02   1.3134937e+02   2.0114841e+02   2.4739959e+02   1.5782247e+02   1.2531445e+02
   1.0340572e+02   1.3121956e+02   2.0169257e+02   2.4494523e+02   1.5665116e+02   1.2512780e+02
   1.0299436e+02   1.2953902e+02   2.0050587e+02   2.4349050e+02   1.5634871e+02   1.2632705e+02
   1.0221497e+02   1.3023377e+02   2.0079860e+02   2.4515981e+02   1.5749249e+02   1.2554604e+02
   1.0292513e+02   1.3092892e+02   2.0155086e+02   2.4619346e+02   1.5796660e+02   1.2448364e+02
   1.0410372e+02   1.3171511e+02   2.0149337e+02   2.4707326e+02   1.5856137e+02   1.2530514e+02
   1.0385837e+02   1.3158449e+02   2.0165329e+02   2.4721497e+02   1.5861279e+02   1.2564726e+02
   1.0369115e+02   1.3143468e+02   2.0167961e+02   2.4782957e+02   1.5791154e+02   1.2547802e+02
   1.0289233e+02   1.3200044e+02   2.0158527e+02   2.4791217e+02   1.5847716e+02   1.2587601e+02
   1.0324255e+02   1.3207514e+02   2.0155977e+02   2.4652506e+02   1.5788482e+02   1.2625538e+02
   1.0265831e+02   1.3078401e+02   2.0109618e+02   2.4611249e+02   1.5742852e+02   1.2511484e+02
   1.0315510e+02   1.3092403e+02   2.0092451e+02   2.4492903e+02   1.5770829e+02   1.2516667e+02
   1.0378711e+02   1.3087912e+02   2.0115003e+02   2.4597928e+02   1.5795932e+02   1.2579382e+02
   1.0274010e+02   1.3065584e+02   2.0081803e+02   2.4529868e+02   1.5670420e+02   1.2476827e+02
   1.0305388e+02   1.3035337e+02   2.0038198e+02   2.4477396e+02   1.5578917e+02   1.2568734e+02
   1.0265831e+02   1.3036316e+02   2.0029979e+02   2.4545173e+02   1.5638961e+02   1.2579625e+02
   1.0360613e+02   1.3040480e+02   2.0018156e+02   2.4651817e+02   1.5695805e+02   1.2690562e+02
   1.0238381e+02   1.3158245e+02   2.0122696e+02   2.4856281e+02   1.5817795e+02   1.2685622e+02
   1.0458189e+02   1.3257763e+02   2.0104031e+02   2.4844863e+02   1.5706089e+02   1.2682181e+02
   1.0391100e+02   1.3046358e+02   2.0108849e+02   2.4753158e+02   1.5619284e+02   1.2618777e+02
   1.0332272e+02   1.3069666e+02   2.0030060e+02   2.4590883e+02   1.5583857e+02   1.2479499e+02
   1.0352313e+02   1.3079463e+02   1.9981960e+02   2.4462618e+02   1.5635924e+02   1.2499945e+02
   1.0396728e+02   1.3108241e+02   1.9967142e+02   2.4400186e+02   1.5611429e+02   1.2653070e+02
   1.0261742e+02   1.3072646e+02   2.0015241e+02   2.4445937e+02   1.5523975e+02   1.2676027e+02
   1.0263564e+02   1.3032071e+02   1.9959935e+02   2.4504928e+02   1.5627179e+02   1.2591853e+02
   1.0194532e+02   1.3011090e+02   1.9975442e+02   2.4406259e+02   1.5725402e+02   1.2499459e+02
   1.0234575e+02   1.3035092e+02   2.0006941e+02   2.4328158e+02   1.5733742e+02   1.2410143e+02
   1.0357010e+02   1.3156489e+02   2.0089374e+02   2.4457436e+02   1.5745727e+02   1.2480228e+02
   1.0436932e+02   1.3169103e+02   2.0179905e+02   2.4619387e+02   1.5818605e+02   1.2618817e+02
   1.0380897e+02   1.3183594e+02   2.0230191e+02   2.4734372e+02   1.5757549e+02   1.2594808e+02
   1.0353892e+02   1.3158979e+02   2.0091480e+02   2.4683438e+02   1.5820143e+02   1.2560029e+02
   1.0330814e+02   1.3191431e+02   1.9967911e+02   2.4709148e+02   1.5774271e+02   1.2535291e+02
   1.0311218e+02   1.3205595e+02   1.9865315e+02   2.4558736e+02   1.5823949e+02   1.2630802e+02
   1.0228016e+02   1.3117098e+02   1.9929488e+02   2.4289007e+02   1.5561993e+02   1.2424355e+02
   1.0244899e+02   1.3030398e+02   1.9878716e+02   2.4287833e+02   1.5623332e+02   1.2502658e+02
   1.0193156e+02   1.3013131e+02   1.9802964e+02   2.4171714e+02   1.5577662e+02   1.2462170e+02
   1.0226194e+02   1.2945248e+02   1.9824989e+02   2.4003973e+02   1.5527822e+02   1.2392207e+02
   1.0355633e+02   1.2916266e+02   2.0001637e+02   2.4163778e+02   1.5633373e+02   1.2389940e+02
   1.0348791e+02   1.2960800e+02   2.0072855e+02   2.4414519e+02   1.5621065e+02   1.2449781e+02
   1.0385999e+02   1.3042725e+02   2.0094314e+02   2.4666231e+02   1.5760586e+02   1.2482050e+02
   1.0412194e+02   1.3118609e+02   2.0095043e+02   2.4790083e+02   1.5839982e+02   1.2528813e+02
   1.0469323e+02   1.3146284e+02   2.0194602e+02   2.4935191e+02   1.5890106e+02   1.2563066e+02
   1.0540095e+02   1.3192656e+02   2.0272419e+02   2.4927296e+02   1.5861076e+02   1.2565819e+02
   1.0427215e+02   1.3102852e+02   2.0279383e+02   2.4747814e+02   1.5828281e+02   1.2421602e+02
   1.0342717e+02   1.3021213e+02   2.0169297e+02   2.4558736e+02   1.5673213e+02   1.2524117e+02
   1.0280528e+02   1.3027703e+02   2.0059737e+02   2.4554647e+02   1.5709207e+02   1.2561163e+02
   1.0287330e+02   1.3006926e+02   2.0075123e+02   2.4532824e+02   1.5762367e+02   1.2469134e+02
   1.0452399e+02   1.3123670e+02   2.0108161e+02   2.4661615e+02   1.5784231e+02   1.2581771e+02
   1.0373326e+02   1.3086647e+02   2.0065486e+02   2.4638376e+02   1.5831682e+02   1.2719672e+02
   1.0326603e+02   1.3061992e+02   2.0180553e+02   2.4696637e+02   1.5761639e+02   1.2715826e+02
   1.0284051e+02   1.3018601e+02   2.0085164e+02   2.4740850e+02   1.5775607e+02   1.2562215e+02
   1.0311420e+02   1.3087341e+02   2.0100063e+02   2.4734453e+02   1.5829456e+02   1.2509460e+02
   1.0417336e+02   1.3093341e+02   2.0153264e+02   2.4479461e+02   1.5756173e+02   1.2383705e+02
   1.0445313e+02   1.3078973e+02   2.0121764e+02   2.4316376e+02   1.5768724e+02   1.2389535e+02
   1.0379723e+02   1.3117262e+02   2.0001921e+02   2.4347876e+02   1.5662160e+02   1.2485896e+02
   1.0347657e+02   1.2944268e+02   2.0052611e+02   2.4617889e+02   1.5778077e+02   1.2594120e+02
   1.0393165e+02   1.3054726e+02   2.0155612e+02   2.4826077e+02   1.5865895e+02   1.2606995e+02
   1.0437256e+02   1.3073707e+02   2.0292623e+02   2.4863730e+02   1.5804596e+02   1.2590881e+02
   1.0546816e+02   1.3103179e+02   2.0297441e+02   2.4872597e+02   1.5803098e+02   1.2699590e+02
   1.0431183e+02   1.3067870e+02   2.0313798e+02   2.4923976e+02   1.5853748e+02   1.2638130e+02
   1.0458350e+02   1.3071952e+02   2.0253795e+02   2.4848466e+02   1.5874761e+02   1.2555940e+02
   1.0476003e+02   1.3045215e+02   2.0302826e+02   2.4859682e+02   1.5959664e+02   1.2484722e+02
   1.0472926e+02   1.3026438e+02   2.0283473e+02   2.4849357e+02   1.5859012e+02   1.2460915e+02
   1.0391343e+02   1.2950636e+02   1.9984106e+02   2.4472214e+02   1.5593736e+02   1.2519137e+02
   1.0301987e+02   1.2924797e+02   1.9994107e+02   2.4312530e+02   1.5574018e+02   1.2569665e+02
   1.0278463e+02   1.2944962e+02   2.0014269e+02   2.4362168e+02   1.5563127e+02   1.2600760e+02
   1.0257936e+02   1.2869119e+02   2.0026618e+02   2.4425167e+02   1.5639366e+02   1.2571447e+02
   1.0325672e+02   1.2975373e+02   2.0076054e+02   2.4580438e+02   1.5767023e+02   1.2553875e+02
   1.0373367e+02   1.3003375e+02   2.0175532e+02   2.4676272e+02   1.5809738e+02   1.2509419e+02
   1.0465476e+02   1.2935819e+02   2.0205169e+02   2.4736923e+02   1.5848687e+02   1.2589747e+02
   1.0494506e+02   1.3005171e+02   2.0282744e+02   2.4728542e+02   1.5819536e+02   1.2614688e+02
   1.0478351e+02   1.3049011e+02   2.0335661e+02   2.4680078e+02   1.5842412e+02   1.2589828e+02
   1.0498069e+02   1.3044807e+02   2.0350763e+02   2.4656595e+02   1.5785972e+02   1.2529704e+02
   1.0403571e+02   1.2954514e+02   1.9958639e+02   2.4452699e+02   1.5680987e+02   1.2567600e+02
   1.0275346e+02   1.2978761e+02   2.0001799e+02   2.4541286e+02   1.5776619e+02   1.2533267e+02
   1.0285832e+02   1.2933451e+02   2.0048036e+02   2.4384598e+02   1.5698316e+02   1.2539947e+02
   1.0344296e+02   1.2944472e+02   2.0085042e+02   2.4393384e+02   1.5642969e+02   1.2571568e+02
   1.0334256e+02   1.2877651e+02   1.9970583e+02   2.4258600e+02   1.5571589e+02   1.2482495e+02
   1.0266155e+02   1.2913613e+02   1.9818916e+02   2.4327430e+02   1.5646977e+02   1.2407107e+02
   1.0220323e+02   1.2767642e+02   1.9673525e+02   2.4157057e+02   1.5595031e+02   1.2430428e+02
   1.0204047e+02   1.2787603e+02   1.9669192e+02   2.4096245e+02   1.5657909e+02   1.2480714e+02
   1.0164531e+02   1.2827973e+02   1.9748832e+02   2.4402129e+02   1.5707911e+02   1.2435894e+02
   1.0193965e+02   1.2865364e+02   1.9816608e+02   2.4412697e+02   1.5639892e+02   1.2464680e+02
   1.0242348e+02   1.2869487e+02   1.9916734e+02   2.4412778e+02   1.5604263e+02   1.2557235e+02
   1.0298586e+02   1.2956188e+02   2.0010504e+02   2.4532581e+02   1.5614182e+02   1.2658252e+02
   1.0362152e+02   1.2997946e+02   2.0018804e+02   2.4506547e+02   1.5780506e+02   1.2640316e+02
   1.0277006e+02   1.3042929e+02   1.9976171e+02   2.4544889e+02   1.5722244e+02   1.2619830e+02
   1.0318263e+02   1.2953575e+02   2.0073098e+02   2.4613557e+02   1.5748521e+02   1.2651693e+02
   1.0328061e+02   1.3011865e+02   2.0097107e+02   2.4720525e+02   1.5747670e+02   1.2663192e+02
   1.0388104e+02   1.3030479e+02   2.0155936e+02   2.4766398e+02   1.5801236e+02   1.2568977e+02
   1.0493737e+02   1.2997538e+02   2.0149944e+02   2.4895392e+02   1.5854194e+02   1.2566062e+02
   1.0462804e+02   1.3005457e+02   2.0210473e+02   2.5121475e+02   1.6004160e+02   1.2652301e+02
   1.0382557e+02   1.2848138e+02   2.0128162e+02   2.4785508e+02   1.5810912e+02   1.2593189e+02
   1.0322393e+02   1.2867323e+02   1.9927828e+02   2.4425127e+02   1.5728115e+02   1.2519541e+02
   1.0250203e+02   1.2833892e+02   1.9982082e+02   2.4456505e+02   1.5703620e+02   1.2454640e+02
   1.0276925e+02   1.2893284e+02   2.0064069e+02   2.4584041e+02   1.5695603e+02   1.2496828e+02
   1.0315226e+02   1.2877732e+02   2.0057389e+02   2.4663316e+02   1.5788199e+02   1.2471523e+02
   1.0411263e+02   1.2943697e+02   2.0122210e+02   2.4657567e+02   1.5830063e+02   1.2450591e+02
   1.0455881e+02   1.2948962e+02   2.0140834e+02   2.4554161e+02   1.5720382e+02   1.2489378e+02
   1.0390614e+02   1.2922511e+02   2.0081155e+02   2.4413749e+02   1.5588918e+02   1.2457312e+02
   1.0360654e+02   1.2809074e+02   2.0101683e+02   2.4402413e+02   1.5548147e+02   1.2497030e+02
   1.0363488e+02   1.2785317e+02   2.0137757e+02   2.4590681e+02   1.5600254e+02   1.2537842e+02
   1.0456974e+02   1.2830422e+02   2.0016496e+02   2.4564688e+02   1.5663942e+02   1.2606266e+02
   1.0232955e+02   1.2856261e+02   1.9809887e+02   2.4470513e+02   1.5618960e+02   1.2620153e+02
   1.0285873e+02   1.3196125e+02   1.9882239e+02   2.4265524e+02   1.5602279e+02   1.2443708e+02
   1.0429078e+02   1.3124446e+02   1.9981798e+02   2.4346256e+02   1.5596934e+02   1.2504197e+02
   1.0351706e+02   1.3126283e+02   2.0097067e+02   2.4739271e+02   1.5750383e+02   1.2490147e+02
   1.0402842e+02   1.3088729e+02   2.0038684e+02   2.4545335e+02   1.5606085e+02   1.2420265e+02
   1.0505964e+02   1.2988966e+02   1.9966899e+02   2.4325608e+02   1.5576083e+02   1.2475855e+02
   1.0329276e+02   1.2938309e+02   1.9944914e+02   2.4390590e+02   1.5588270e+02   1.2497030e+02
   1.0234858e+02   1.2883120e+02   2.0039169e+02   2.4607240e+02   1.5660622e+02   1.2548004e+02
   1.0342636e+02   1.3058686e+02   2.0172698e+02   2.4888549e+02   1.5833140e+02   1.2609343e+02
   1.0483129e+02   1.3101097e+02   2.0233997e+02   2.4982036e+02   1.5925331e+02   1.2658333e+02
   1.0374500e+02   1.3085831e+02   2.0166787e+02   2.5002117e+02   1.5843059e+02   1.2581771e+02
   1.0340410e+02   1.2931369e+02   2.0152778e+02   2.4888752e+02   1.5680865e+02   1.2666350e+02
   1.0411182e+02   1.2991415e+02   1.9988438e+02   2.4434074e+02   1.5426157e+02   1.2559665e+02
   1.0267653e+02   1.3012478e+02   1.9890660e+02   2.4374314e+02   1.5521141e+02   1.2599505e+02
   1.0230566e+02   1.3044684e+02   1.9883980e+02   2.4397797e+02   1.5625073e+02   1.2542903e+02
   1.0228502e+02   1.3047664e+02   1.9929974e+02   2.4410834e+02   1.5652929e+02   1.2486301e+02
   1.0213562e+02   1.3072523e+02   2.0005767e+02   2.4551732e+02   1.5630215e+02   1.2508286e+02
   1.0307210e+02   1.3088851e+02   2.0027671e+02   2.4643841e+02   1.5729208e+02   1.2565131e+02
   1.0270204e+02   1.3116568e+02   2.0022772e+02   2.4785589e+02   1.5775526e+02   1.2577925e+02
   1.0582000e+02   1.3093750e+02   2.0103181e+02   2.4683479e+02   1.5697263e+02   1.2522376e+02
   1.0423855e+02   1.3273274e+02   2.0210635e+02   2.4742996e+02   1.5678315e+02   1.2618372e+02
   1.0543010e+02   1.3196452e+02   2.0159985e+02   2.4773281e+02   1.5704794e+02   1.2666229e+02
   1.0288464e+02   1.3088280e+02   1.9973215e+02   2.4653113e+02   1.5641309e+02   1.2427837e+02
   1.0262430e+02   1.3014274e+02   1.9879567e+02   2.4489300e+02   1.5492921e+02   1.2410832e+02
   1.0198905e+02   1.2848587e+02   1.9799644e+02   2.4074300e+02   1.5279025e+02   1.2383826e+02
   1.0108050e+02   1.2868997e+02   1.9591658e+02   2.3955793e+02   1.5301576e+02   1.2326658e+02
   1.0047805e+02   1.2881896e+02   1.9608906e+02   2.3861375e+02   1.5358340e+02   1.2318965e+02
   1.0067482e+02   1.2970270e+02   1.9596760e+02   2.3981786e+02   1.5431582e+02   1.2367996e+02
   1.0104285e+02   1.2961657e+02   1.9788105e+02   2.4265483e+02   1.5568552e+02   1.2552296e+02
   1.0355835e+02   1.3039133e+02   1.9975442e+02   2.4477518e+02   1.5563330e+02   1.2608088e+02
   1.0420575e+02   1.3087668e+02   2.0027954e+02   2.4688216e+02   1.5728277e+02   1.2674083e+02
   1.0435434e+02   1.3171470e+02   2.0186990e+02   2.4887497e+02   1.5776255e+02   1.2585051e+02
   1.0410980e+02   1.3214045e+02   2.0247034e+02   2.4926162e+02   1.5878729e+02   1.2613109e+02
   1.0514224e+02   1.3264090e+02   2.0329629e+02   2.4927296e+02   1.5908204e+02   1.2582945e+02
   1.0524750e+02   1.3242823e+02   2.0413479e+02   2.4968553e+02   1.5885086e+02   1.2610355e+02
   1.0565562e+02   1.3232740e+02   2.0312705e+02   2.4937216e+02   1.5883628e+02   1.2556507e+02
   1.0573214e+02   1.3182655e+02   2.0278493e+02   2.4656109e+02   1.5786053e+02   1.2534562e+02
   1.0560744e+02   1.3115956e+02   2.0271529e+02   2.4767855e+02   1.5745281e+02   1.2631733e+02
   1.0493413e+02   1.3088933e+02   2.0276711e+02   2.4808141e+02   1.5707790e+02   1.2656511e+02
   1.0349317e+02   1.3032071e+02   2.0057915e+02   2.4726882e+02   1.5618150e+02   1.2696554e+02
   1.0349438e+02   1.3045705e+02   2.0036133e+02   2.4735991e+02   1.5651957e+02   1.2642989e+02
   1.0416810e+02   1.3133508e+02   2.0125935e+02   2.4795508e+02   1.5730018e+02   1.2703882e+02
   1.0385958e+02   1.3015294e+02   2.0111926e+02   2.4685584e+02   1.5697425e+02   1.2707000e+02
   1.0351260e+02   1.3007498e+02   2.0013622e+02   2.4560437e+02   1.5621834e+02   1.2711008e+02
   1.0324457e+02   1.2984843e+02   1.9997346e+02   2.4474765e+02   1.5554179e+02   1.2756759e+02
   1.0279435e+02   1.2971985e+02   2.0081682e+02   2.4594163e+02   1.5650135e+02   1.2653677e+02
   1.0299800e+02   1.3030357e+02   2.0088038e+02   2.4697893e+02   1.5768481e+02   1.2514318e+02
   1.0470821e+02   1.3102730e+02   2.0143668e+02   2.4735465e+02   1.5746780e+02   1.2533145e+02
   1.0436285e+02   1.3120078e+02   2.0054474e+02   2.4819275e+02   1.5796215e+02   1.2671330e+02
   1.0332069e+02   1.3093505e+02   2.0088241e+02   2.4829802e+02   1.5759533e+02   1.2665621e+02
   1.0401263e+02   1.3116609e+02   2.0198448e+02   2.4960860e+02   1.5828119e+02   1.2661815e+02
   1.0533091e+02   1.3165021e+02   2.0364327e+02   2.5010822e+02   1.5907718e+02   1.2556223e+02
   1.0620706e+02   1.3267478e+02   2.0361978e+02   2.5006207e+02   1.5887798e+02   1.2726191e+02
   1.0484263e+02   1.3131549e+02   2.0242216e+02   2.4815267e+02   1.5690218e+02   1.2706919e+02
   1.0406486e+02   1.3017213e+02   2.0063867e+02   2.4587523e+02   1.5568957e+02   1.2597075e+02
   1.0430252e+02   1.2976026e+02   2.0054838e+02   2.4491850e+02   1.5524178e+02   1.2560029e+02
   1.0381424e+02   1.2962025e+02   2.0012448e+02   2.4559384e+02   1.5534016e+02   1.2676593e+02
   1.0306400e+02   1.2926185e+02   2.0059413e+02   2.4673802e+02   1.5586408e+02   1.2609910e+02
   1.0357010e+02   1.3010478e+02   2.0104679e+02   2.4631614e+02   1.5671877e+02   1.2512051e+02
   1.0464424e+02   1.3003865e+02   2.0136542e+02   2.4639307e+02   1.5616449e+02   1.2501322e+02
