   7.3459051e+01   8.1189739e+01   1.4757767e+02   1.7940630e+02   8.2292454e+01   9.6287664e+01
   7.4152628e+01   8.1572082e+01   1.4934992e+02   1.7986593e+02   8.2091149e+01   9.8024527e+01
   7.4748988e+01   8.2787474e+01   1.5076421e+02   1.8076563e+02   8.2475210e+01   9.8311371e+01
   7.5665856e+01   8.6102491e+01   1.5295865e+02   1.8109094e+02   8.2376961e+01   9.8385572e+01
   7.4638716e+01   8.4881259e+01   1.5222660e+02   1.8022629e+02   8.2722891e+01   9.8251254e+01
   7.4176675e+01   8.3014887e+01   1.5100158e+02   1.7957806e+02   8.2498569e+01   9.7677223e+01
   7.5074993e+01   8.3302761e+01   1.5090780e+02   1.7901674e+02   8.2972290e+01   9.8516798e+01
   7.5058160e+01   8.4595446e+01   1.5262783e+02   1.7965123e+02   8.3174283e+01   9.8096667e+01
   7.4588562e+01   8.3814957e+01   1.5297892e+02   1.7919778e+02   8.2920075e+01   9.7626038e+01
   7.5508865e+01   8.3373184e+01   1.5247015e+02   1.7921564e+02   8.3004582e+01   9.8225833e+01
   7.4736277e+01   8.4481396e+01   1.5190128e+02   1.7966634e+02   8.2292454e+01   9.8128272e+01
   7.4700894e+01   8.3260164e+01   1.5231763e+02   1.7933965e+02   8.2339517e+01   9.7750394e+01
   7.3947888e+01   8.3443950e+01   1.5231488e+02   1.7988311e+02   8.2127562e+01   9.7904637e+01
   7.4103504e+01   8.3166382e+01   1.5258352e+02   1.7974433e+02   8.2115882e+01   9.7354310e+01
   7.4672038e+01   8.2701936e+01   1.5056943e+02   1.7888173e+02   8.2090462e+01   9.6912537e+01
   7.3438096e+01   8.1594068e+01   1.5021079e+02   1.7899201e+02   8.2832476e+01   9.7586533e+01
   7.3756888e+01   8.2858584e+01   1.5188994e+02   1.7902533e+02   8.2343983e+01   9.8016626e+01
   7.5772005e+01   8.4206919e+01   1.5386452e+02   1.7937881e+02   8.2880226e+01   9.9108005e+01
   7.5818038e+01   8.4954430e+01   1.5465875e+02   1.8009506e+02   8.2423337e+01   9.8260529e+01
   7.4209654e+01   8.3373184e+01   1.5259314e+02   1.7933244e+02   8.2442231e+01   9.7021777e+01
   7.4644213e+01   8.2798467e+01   1.5027503e+02   1.7922423e+02   8.2668614e+01   9.7756921e+01
   7.4345002e+01   8.2774420e+01   1.5030595e+02   1.7945336e+02   8.2827666e+01   9.8127585e+01
   7.4535315e+01   8.3205200e+01   1.5141072e+02   1.7926030e+02   8.2144395e+01   9.7197662e+01
   7.5115873e+01   8.2762053e+01   1.5134305e+02   1.7916755e+02   8.2013168e+01   9.7587563e+01
   7.5181142e+01   8.2546663e+01   1.5046637e+02   1.7896246e+02   8.2591665e+01   9.7942081e+01
   7.5002853e+01   8.3254668e+01   1.5151241e+02   1.7903048e+02   8.3757245e+01   9.8187014e+01
   7.4971592e+01   8.4066074e+01   1.5067146e+02   1.7996452e+02   8.2735602e+01   9.7889865e+01
   7.4485848e+01   8.3948245e+01   1.5225889e+02   1.7949355e+02   8.2205542e+01   9.7125522e+01
   7.3685778e+01   8.1966106e+01   1.5104384e+02   1.7896143e+02   8.1931066e+01   9.8271178e+01
   7.4466610e+01   8.3243675e+01   1.5306686e+02   1.7966428e+02   8.1658651e+01   9.8299691e+01
   7.4879871e+01   8.3192146e+01   1.5231935e+02   1.7922217e+02   8.2704341e+01   9.8620200e+01
   7.4367675e+01   8.2868546e+01   1.5134064e+02   1.7856088e+02   8.2778886e+01   9.7969220e+01
   7.4905292e+01   8.2077751e+01   1.5057424e+02   1.7849802e+02   8.2467652e+01   9.6909788e+01
   7.4136483e+01   8.1175998e+01   1.4887242e+02   1.7848256e+02   8.1783694e+01   9.6818754e+01
   7.4046479e+01   8.0829725e+01   1.4878035e+02   1.7857050e+02   8.1697469e+01   9.7591342e+01
   7.3838647e+01   8.2445666e+01   1.4866561e+02   1.7883536e+02   8.1554563e+01   9.7744211e+01
   7.4638373e+01   8.2417154e+01   1.5012834e+02   1.7862924e+02   8.2266346e+01   9.7196975e+01
   7.4747270e+01   8.2116226e+01   1.4961718e+02   1.7826545e+02   8.2624987e+01   9.7638748e+01
   7.4596463e+01   8.2761709e+01   1.4999128e+02   1.7842244e+02   8.2317188e+01   9.8293164e+01
   7.5576196e+01   8.2880226e+01   1.5184116e+02   1.7901296e+02   8.2366656e+01   9.8554930e+01
   7.5082551e+01   8.3534297e+01   1.5159210e+02   1.7968661e+02   8.2117944e+01   9.8185984e+01
   7.4631159e+01   8.3003895e+01   1.5020048e+02   1.7928091e+02   8.2029314e+01   9.6847267e+01
   7.4430540e+01   8.2196267e+01   1.4920426e+02   1.7892330e+02   8.2124127e+01   9.7651802e+01
   7.4418517e+01   8.2342952e+01   1.5021491e+02   1.7931492e+02   8.2841407e+01   9.8037925e+01
   7.4498558e+01   8.2467309e+01   1.5114071e+02   1.7957462e+02   8.2738693e+01   9.8117622e+01
   7.5137171e+01   8.2424368e+01   1.5079581e+02   1.7913216e+02   8.2107638e+01   9.7927997e+01
   7.4779905e+01   8.3358756e+01   1.5151653e+02   1.7952550e+02   8.3258790e+01   9.8464583e+01
   7.5356340e+01   8.4345016e+01   1.5373398e+02   1.7928435e+02   8.2875416e+01   9.9137548e+01
   7.4431914e+01   8.3319938e+01   1.5294078e+02   1.7916617e+02   8.2214474e+01   9.6747645e+01
   7.4770630e+01   8.2492042e+01   1.5048114e+02   1.7920740e+02   8.2245735e+01   9.7221709e+01
   7.4265305e+01   8.2420589e+01   1.5014140e+02   1.7865432e+02   8.2804307e+01   9.7938302e+01
   7.4023119e+01   8.2023818e+01   1.5001945e+02   1.7862306e+02   8.2548037e+01   9.7487597e+01
   7.4674443e+01   8.2486546e+01   1.4980234e+02   1.7898685e+02   8.1759990e+01   9.7691308e+01
   7.4244006e+01   8.2876790e+01   1.4981539e+02   1.7937504e+02   8.2427460e+01   9.7641153e+01
   7.4293817e+01   8.2816674e+01   1.4940969e+02   1.7860417e+02   8.1925226e+01   9.7453932e+01
   7.4538751e+01   8.1994962e+01   1.4915067e+02   1.7871547e+02   8.2370091e+01   9.7587220e+01
   7.4523635e+01   8.3385207e+01   1.5086246e+02   1.7952859e+02   8.2942060e+01   9.7681689e+01
   7.4319238e+01   8.3434332e+01   1.5227778e+02   1.7893601e+02   8.2658996e+01   9.7539470e+01
   7.4995295e+01   8.2711898e+01   1.5050725e+02   1.7858733e+02   8.2357037e+01   9.7903263e+01
   7.4051632e+01   8.2432956e+01   1.5056668e+02   1.7829018e+02   8.2922136e+01   9.7190792e+01
   7.3808760e+01   8.2350854e+01   1.5047256e+02   1.7849115e+02   8.2475897e+01   9.7723256e+01
   7.4325765e+01   8.1405129e+01   1.4975562e+02   1.7845267e+02   8.3281806e+01   9.8165372e+01
   7.4239540e+01   8.3016262e+01   1.5254813e+02   1.7847088e+02   8.4256730e+01   9.8691309e+01
   7.5410617e+01   8.3216193e+01   1.5201086e+02   1.7946332e+02   8.3698846e+01   9.8346754e+01
   7.4088046e+01   8.2593726e+01   1.5220049e+02   1.7952172e+02   8.2221688e+01   9.7318927e+01
   7.4346033e+01   8.1905645e+01   1.4903800e+02   1.7843927e+02   8.2402726e+01   9.7627069e+01
   7.3675472e+01   8.1649375e+01   1.4849317e+02   1.7841110e+02   8.2519524e+01   9.7260184e+01
   7.4091481e+01   8.1324744e+01   1.4859760e+02   1.7826785e+02   8.2187336e+01   9.7733905e+01
   7.4304466e+01   8.2009390e+01   1.4949454e+02   1.7905487e+02   8.2646629e+01   9.7971968e+01
   7.4225799e+01   8.3092868e+01   1.5123896e+02   1.7861791e+02   8.2635292e+01   9.7522637e+01
   7.5139919e+01   8.2425398e+01   1.5094147e+02   1.7868936e+02   8.2314096e+01   9.7612297e+01
   7.4401341e+01   8.2419559e+01   1.5130560e+02   1.7864573e+02   8.3485517e+01   9.7739745e+01
   7.4416456e+01   8.2376961e+01   1.5041725e+02   1.7886353e+02   8.2512654e+01   9.7820817e+01
   7.4291413e+01   8.2719456e+01   1.5125408e+02   1.7902327e+02   8.2968168e+01   9.7819099e+01
   7.4789180e+01   8.2497195e+01   1.5192738e+02   1.7830976e+02   8.3392421e+01   9.8296255e+01
   7.6274583e+01   8.2450132e+01   1.5203044e+02   1.7885288e+02   8.3137526e+01   9.8079148e+01
   7.4899452e+01   8.2471431e+01   1.5226095e+02   1.7927576e+02   8.3547351e+01   9.9033460e+01
   7.4857885e+01   8.2971947e+01   1.5197204e+02   1.7902361e+02   8.2449102e+01   9.7897766e+01
   7.4838991e+01   8.1778541e+01   1.5085868e+02   1.7902601e+02   8.1962670e+01   9.7947234e+01
   7.4618792e+01   8.2228902e+01   1.4990746e+02   1.7851622e+02   8.2566244e+01   9.7528820e+01
   7.4195569e+01   8.2116569e+01   1.5084322e+02   1.7853683e+02   8.2549067e+01   9.7878529e+01
   7.5480353e+01   8.3212414e+01   1.5174429e+02   1.7885803e+02   8.2877477e+01   9.8932120e+01
   7.4890520e+01   8.3064355e+01   1.5242309e+02   1.7782746e+02   8.3377993e+01   9.8215527e+01
   7.4859603e+01   8.3134091e+01   1.5160275e+02   1.7862581e+02   8.2848278e+01   9.7295910e+01
   7.4312368e+01   8.1947212e+01   1.5018159e+02   1.7801365e+02   8.2499600e+01   9.7034144e+01
   7.4905635e+01   8.2780603e+01   1.5102117e+02   1.7812735e+02   8.3450477e+01   9.7919065e+01
   7.5156065e+01   8.3235087e+01   1.5131248e+02   1.7888070e+02   8.3464905e+01   9.8183579e+01
   7.5265993e+01   8.3360474e+01   1.5147496e+02   1.7913354e+02   8.2620177e+01   9.7492407e+01
   7.5901171e+01   8.2006641e+01   1.4952099e+02   1.7864814e+02   8.3222720e+01   9.7245412e+01
   7.5323705e+01   8.3361848e+01   1.5016167e+02   1.7875154e+02   8.2980535e+01   9.8523325e+01
   7.4711544e+01   8.3030690e+01   1.5133137e+02   1.7955573e+02   8.2326807e+01   9.7767914e+01
   7.4484474e+01   8.2497539e+01   1.4994387e+02   1.7877662e+02   8.2151953e+01   9.7128614e+01
   7.4112436e+01   8.2251575e+01   1.5021148e+02   1.7886284e+02   8.2753808e+01   9.7278734e+01
   7.4479321e+01   8.2563152e+01   1.5020942e+02   1.7840080e+02   8.2227528e+01   9.7339195e+01
   7.4566233e+01   8.2152640e+01   1.4892188e+02   1.7875600e+02   8.2700906e+01   9.7427481e+01
   7.4863725e+01   8.2375587e+01   1.5005517e+02   1.7813800e+02   8.3267035e+01   9.8027962e+01
   7.4791929e+01   8.2161571e+01   1.5080268e+02   1.7831664e+02   8.2905303e+01   9.8375266e+01
   7.4557644e+01   8.1950303e+01   1.5089097e+02   1.7848805e+02   8.3243675e+01   9.8175335e+01
   7.5045794e+01   8.2064354e+01   1.5099884e+02   1.7861859e+02   8.3445324e+01   9.8897768e+01
   7.5076711e+01   8.2897058e+01   1.5254023e+02   1.7890166e+02   8.3297609e+01   9.8684095e+01
   7.5471765e+01   8.2822513e+01   1.5269242e+02   1.7949974e+02   8.2832132e+01   9.8579320e+01
   7.5975029e+01   8.3289707e+01   1.5263848e+02   1.7938981e+02   8.2548724e+01   9.8497561e+01
   7.5922469e+01   8.2553533e+01   1.5152271e+02   1.7873367e+02   8.2288332e+01   9.8214840e+01
   7.5478635e+01   8.2362533e+01   1.5118468e+02   1.7882917e+02   8.3563153e+01   9.7966128e+01
   7.5173585e+01   8.2744190e+01   1.5143099e+02   1.7863440e+02   8.3089776e+01   9.8221367e+01
   7.5259810e+01   8.2752778e+01   1.5120117e+02   1.7850763e+02   8.3075691e+01   9.8392099e+01
   7.5597495e+01   8.2280774e+01   1.5062474e+02   1.7821530e+02   8.3167069e+01   9.8242322e+01
   7.4936209e+01   8.2891562e+01   1.5289303e+02   1.7832625e+02   8.3908053e+01   9.8987084e+01
   7.6070185e+01   8.4093900e+01   1.5512732e+02   1.7832488e+02   8.3338145e+01   9.9566611e+01
   7.5894300e+01   8.3880914e+01   1.5335920e+02   1.7809644e+02   8.2786443e+01   9.8725318e+01
   7.4865786e+01   8.2009046e+01   1.5127194e+02   1.7849458e+02   8.2289706e+01   9.7148538e+01
   7.4411646e+01   8.1373868e+01   1.5000742e+02   1.7859249e+02   8.2457690e+01   9.7342630e+01
   7.5570013e+01   8.2253979e+01   1.4989131e+02   1.7787383e+02   8.2844156e+01   9.8196633e+01
   7.5242633e+01   8.2283179e+01   1.5067970e+02   1.7824827e+02   8.2589947e+01   9.7691308e+01
   7.5124804e+01   8.1981564e+01   1.5062749e+02   1.7794597e+02   8.2674798e+01   9.8068498e+01
   7.4789524e+01   8.0906331e+01   1.4979753e+02   1.7801914e+02   8.2855148e+01   9.7919752e+01
   7.4741087e+01   8.0819762e+01   1.4909090e+02   1.7766050e+02   8.2244017e+01   9.7933836e+01
   7.5010754e+01   8.1508874e+01   1.4922144e+02   1.7778142e+02   8.2887783e+01   9.7818756e+01
   7.5003883e+01   8.2675828e+01   1.5188067e+02   1.7763268e+02   8.3104891e+01   9.7970594e+01
   7.5678910e+01   8.2977100e+01   1.5185009e+02   1.7768798e+02   8.3140618e+01   9.7759669e+01
   7.5262558e+01   8.2665179e+01   1.5229461e+02   1.7833725e+02   8.2723235e+01   9.7352936e+01
   7.5145759e+01   8.2953396e+01   1.5143065e+02   1.7862753e+02   8.3169817e+01   9.7740432e+01
   7.4967126e+01   8.2518837e+01   1.5118400e+02   1.7831286e+02   8.2573801e+01   9.7340225e+01
   7.4848267e+01   8.2843812e+01   1.5134167e+02   1.7837229e+02   8.3257760e+01   9.7625695e+01
   7.5541157e+01   8.2523990e+01   1.5120701e+02   1.7825377e+02   8.2291424e+01   9.8161937e+01
   7.5130644e+01   8.2499600e+01   1.5178345e+02   1.7879276e+02   8.2640789e+01   9.9064034e+01
   7.7263935e+01   8.4403416e+01   1.5547291e+02   1.7943481e+02   8.3102143e+01   9.9468363e+01
   7.6062971e+01   8.4614340e+01   1.5387723e+02   1.7914453e+02   8.2834537e+01   9.8392442e+01
   7.5461459e+01   8.3342267e+01   1.5130938e+02   1.7850180e+02   8.2333677e+01   9.8022809e+01
   7.5048885e+01   8.2379710e+01   1.4913487e+02   1.7777661e+02   8.2482080e+01   9.7156096e+01
   7.4222708e+01   8.1797778e+01   1.4960000e+02   1.7786490e+02   8.2873355e+01   9.7364615e+01
   7.4485848e+01   8.1073971e+01   1.4945091e+02   1.7772131e+02   8.3004582e+01   9.7460459e+01
   7.4890520e+01   8.2013512e+01   1.4892120e+02   1.7823453e+02   8.2815643e+01   9.7476261e+01
   7.3579629e+01   8.1335050e+01   1.5010808e+02   1.7824724e+02   8.3035155e+01   9.7302781e+01
   7.4332636e+01   8.2017634e+01   1.5016373e+02   1.7946607e+02   8.3109357e+01   9.7751768e+01
   7.4953385e+01   8.2564183e+01   1.5050210e+02   1.7960966e+02   8.2414062e+01   9.7570731e+01
   7.4734560e+01   8.2740754e+01   1.4937705e+02   1.7886834e+02   8.2428147e+01   9.7792304e+01
   7.4288321e+01   8.2782665e+01   1.5030938e+02   1.7807926e+02   8.2847591e+01   9.7904980e+01
   7.4828686e+01   8.2898776e+01   1.5043958e+02   1.7833759e+02   8.3259821e+01   9.8462522e+01
   7.5534286e+01   8.3123098e+01   1.5187105e+02   1.7824656e+02   8.3520213e+01   9.8470423e+01
   7.5483444e+01   8.2930380e+01   1.5247943e+02   1.7891815e+02   8.3245736e+01   9.8653178e+01
   7.5590624e+01   8.3628423e+01   1.5245676e+02   1.7873230e+02   8.3506128e+01   9.8188045e+01
   7.5825595e+01   8.3382803e+01   1.5267215e+02   1.7878383e+02   8.3642851e+01   9.7759326e+01
   7.5425389e+01   8.3392765e+01   1.5350520e+02   1.7910125e+02   8.3929351e+01   9.8107317e+01
   7.6170151e+01   8.3805682e+01   1.5350142e+02   1.7885460e+02   8.3673081e+01   9.8775816e+01
   7.5002509e+01   8.3406162e+01   1.5219018e+02   1.7872371e+02   8.2496165e+01   9.7231328e+01
   7.5459054e+01   8.1735600e+01   1.4996689e+02   1.7839290e+02   8.3023819e+01   9.7822534e+01
   7.5047168e+01   8.2301729e+01   1.5031316e+02   1.7857462e+02   8.3520900e+01   9.8211405e+01
   7.4670664e+01   8.2532922e+01   1.5059416e+02   1.7786662e+02   8.2291767e+01   9.7480040e+01
   7.5399281e+01   8.2191114e+01   1.5026163e+02   1.7822079e+02   8.2444979e+01   9.8603710e+01
   7.5255687e+01   8.2728731e+01   1.5158661e+02   1.7903804e+02   8.2883661e+01   9.7843833e+01
   7.4161217e+01   8.2296577e+01   1.4973329e+02   1.7827026e+02   8.2598535e+01   9.6724972e+01
   7.3934834e+01   8.1272528e+01   1.4934545e+02   1.7812220e+02   8.2573114e+01   9.7524355e+01
   7.4448747e+01   8.1574143e+01   1.4983532e+02   1.7885769e+02   8.2934159e+01   9.7508896e+01
   7.4455618e+01   8.1710179e+01   1.4902872e+02   1.8004182e+02   8.3089089e+01   9.7368394e+01
   7.4465923e+01   8.2229246e+01   1.4923621e+02   1.7951622e+02   8.3084623e+01   9.7710889e+01
   7.5103506e+01   8.2751747e+01   1.5141313e+02   1.7851897e+02   8.3585483e+01   9.8377327e+01
   7.5222709e+01   8.2401352e+01   1.5205105e+02   1.7851347e+02   8.4106610e+01   9.8788183e+01
   7.4910101e+01   8.2419902e+01   1.5242103e+02   1.7884257e+02   8.3290051e+01   9.8507523e+01
   7.4954416e+01   8.3067103e+01   1.5107682e+02   1.7858184e+02   8.3851027e+01   9.8013534e+01
   7.4529819e+01   8.2717051e+01   1.5167489e+02   1.7827129e+02   8.2979161e+01   9.7352592e+01
   7.4507833e+01   8.1659681e+01   1.4944920e+02   1.7823453e+02   8.2451163e+01   9.7174303e+01
   7.4746927e+01   8.1728730e+01   1.4954195e+02   1.7819434e+02   8.3793315e+01   9.8279766e+01
   7.4720132e+01   8.2907021e+01   1.5217610e+02   1.7821461e+02   8.4055081e+01   9.7945173e+01
   7.5279047e+01   8.2279744e+01   1.5174291e+02   1.7896693e+02   8.3104891e+01   9.7545310e+01
   7.4914910e+01   8.3118976e+01   1.5104659e+02   1.7976631e+02   8.2994276e+01   9.7355340e+01
   7.4650396e+01   8.3834538e+01   1.4950175e+02   1.7868146e+02   8.2921105e+01   9.7799862e+01
   7.4517108e+01   8.2093210e+01   1.4915205e+02   1.7813663e+02   8.3264287e+01   9.7499277e+01
   7.3915253e+01   8.1447726e+01   1.4849351e+02   1.7807754e+02   8.2981222e+01   9.7148882e+01
   7.4121024e+01   8.0933469e+01   1.4821285e+02   1.7803151e+02   8.2599566e+01   9.7391754e+01
   7.3736963e+01   8.0713613e+01   1.4912697e+02   1.7774329e+02   8.3020727e+01   9.7371486e+01
   7.4828342e+01   8.0974349e+01   1.4907544e+02   1.7810124e+02   8.3781635e+01   9.8034146e+01
   7.4683375e+01   8.2017978e+01   1.4974566e+02   1.7820602e+02   8.3170848e+01   9.8038268e+01
   7.5222022e+01   8.2054048e+01   1.4998235e+02   1.7812564e+02   8.2910112e+01   9.7686498e+01
   7.5432603e+01   8.2209321e+01   1.4993391e+02   1.7855745e+02   8.4004240e+01   9.8205565e+01
   7.4591310e+01   8.2942404e+01   1.5014174e+02   1.7880616e+02   8.3187337e+01   9.7900515e+01
   7.4917659e+01   8.2890188e+01   1.5148046e+02   1.7860073e+02   8.2665179e+01   9.7603365e+01
   7.4398249e+01   8.1639757e+01   1.4945194e+02   1.7842691e+02   8.2711555e+01   9.7568669e+01
   7.4966096e+01   8.2304134e+01   1.4970512e+02   1.7842313e+02   8.3125846e+01   9.7897423e+01
   7.4761011e+01   8.2914578e+01   1.5013453e+02   1.7819468e+02   8.3289707e+01   9.7452901e+01
   7.4421609e+01   8.3026224e+01   1.5042687e+02   1.7803048e+02   8.3488952e+01   9.6943110e+01
   7.4955790e+01   8.2575175e+01   1.5124824e+02   1.7843859e+02   8.3346389e+01   9.7182204e+01
   7.4872657e+01   8.2667240e+01   1.5040729e+02   1.7777455e+02   8.3278371e+01   9.8147509e+01
   7.4143353e+01   8.2161228e+01   1.5044920e+02   1.7831664e+02   8.3287303e+01   9.7314461e+01
   7.4610204e+01   8.1860300e+01   1.4996757e+02   1.7807789e+02   8.3381429e+01   9.7324080e+01
   7.4991860e+01   8.2136150e+01   1.5054641e+02   1.7862821e+02   8.3449447e+01   9.8067124e+01
   7.5000105e+01   8.2679951e+01   1.5211014e+02   1.7851141e+02   8.2656934e+01   9.8143387e+01
   7.4725285e+01   8.1991870e+01   1.4962783e+02   1.7834103e+02   8.2975039e+01   9.7405495e+01
   7.5370081e+01   8.1740753e+01   1.5037877e+02   1.7843584e+02   8.3286272e+01   9.7598213e+01
   7.4635625e+01   8.1300697e+01   1.5154745e+02   1.7827988e+02   8.4055425e+01   9.8314462e+01
   7.5325766e+01   8.2277683e+01   1.5149901e+02   1.7872096e+02   8.3323716e+01   9.8336104e+01
   7.5251565e+01   8.3169474e+01   1.5193906e+02   1.7892742e+02   8.3497197e+01   9.8731158e+01
   7.4680970e+01   8.3408911e+01   1.5196586e+02   1.7836713e+02   8.2841751e+01   9.7573822e+01
   7.4847923e+01   8.1658651e+01   1.4949866e+02   1.7880925e+02   8.2676172e+01   9.7444313e+01
   7.5076711e+01   8.2623269e+01   1.5035438e+02   1.7951451e+02   8.3711556e+01   9.7891926e+01
   7.5310651e+01   8.3360130e+01   1.5188376e+02   1.7874089e+02   8.2501318e+01   9.7706079e+01
   7.5319583e+01   8.2177373e+01   1.5043855e+02   1.7843653e+02   8.3349824e+01   9.7874750e+01
   7.4753454e+01   8.2519868e+01   1.5098269e+02   1.7850248e+02   8.3742817e+01   9.7423015e+01
   7.3720817e+01   8.2129280e+01   1.5149489e+02   1.7810537e+02   8.3103517e+01   9.7795739e+01
   7.5003196e+01   8.1957174e+01   1.5143649e+02   1.7799132e+02   8.3608499e+01   9.7619511e+01
   7.4850671e+01   8.2313753e+01   1.5121388e+02   1.7864779e+02   8.3457348e+01   9.8087049e+01
   7.5114842e+01   8.2755526e+01   1.5267524e+02   1.7856226e+02   8.3716022e+01   9.8167090e+01
   7.5631160e+01   8.2512654e+01   1.5255810e+02   1.7805040e+02   8.3496510e+01   9.8408932e+01
   7.6782313e+01   8.2223749e+01   1.5165360e+02   1.7869932e+02   8.3077753e+01   9.8054757e+01
   7.5216525e+01   8.2041337e+01   1.5101567e+02   1.7872199e+02   8.3067447e+01   9.7411335e+01
   7.5056099e+01   8.2849652e+01   1.5144542e+02   1.7894254e+02   8.3520900e+01   9.8344349e+01
   7.4651770e+01   8.1721859e+01   1.5184116e+02   1.7853168e+02   8.3255355e+01   9.7694743e+01
   7.5375921e+01   8.1688881e+01   1.5059485e+02   1.7863371e+02   8.2314440e+01   9.7608175e+01
   7.5081864e+01   8.1917325e+01   1.4944851e+02   1.7872646e+02   8.2834880e+01   9.8104225e+01
   7.4051632e+01   8.1378678e+01   1.4906548e+02   1.7840836e+02   8.2765488e+01   9.6833869e+01
   7.4493749e+01   8.0863734e+01   1.4869722e+02   1.7811499e+02   8.2470057e+01   9.6778218e+01
   7.4441877e+01   8.1502690e+01   1.4861924e+02   1.7846572e+02   8.2415436e+01   9.7222396e+01
   7.4325078e+01   8.0917667e+01   1.4851103e+02   1.7755538e+02   8.2749343e+01   9.7263963e+01
   7.4604707e+01   8.1008701e+01   1.4946809e+02   1.7831457e+02   8.2606093e+01   9.6980211e+01
   7.3860976e+01   8.0990151e+01   1.4897376e+02   1.7842485e+02   8.2335395e+01   9.6082580e+01
   7.3902886e+01   8.0913545e+01   1.4831007e+02   1.7754164e+02   8.2428147e+01   9.6515765e+01
   7.3986362e+01   8.0549752e+01   1.4881093e+02   1.7788414e+02   8.2425742e+01   9.6829403e+01
   7.4284542e+01   8.1387266e+01   1.4987517e+02   1.7843756e+02   8.2436048e+01   9.7478666e+01
   7.4035486e+01   8.1954082e+01   1.4824720e+02   1.7802052e+02   8.2787817e+01   9.6719132e+01
   7.4896704e+01   8.1929348e+01   1.5038049e+02   1.7864985e+02   8.2799841e+01   9.7706766e+01
   7.5737996e+01   8.3251233e+01   1.5388960e+02   1.7938431e+02   8.3706060e+01   9.8856201e+01
   7.5494094e+01   8.3762054e+01   1.5428156e+02   1.7882333e+02   8.3645943e+01   9.7942425e+01
   7.4304123e+01   8.1944807e+01   1.5133790e+02   1.7821701e+02   8.3029316e+01   9.7135141e+01
   7.5077741e+01   8.2163632e+01   1.5065428e+02   1.7857084e+02   8.2929350e+01   9.7811198e+01
   7.5488597e+01   8.3249859e+01   1.5101601e+02   1.7873642e+02   8.3397918e+01   9.7867193e+01
   7.5712232e+01   8.2914578e+01   1.5197754e+02   1.7852825e+02   8.3180123e+01   9.7716729e+01
   7.5571043e+01   8.3079470e+01   1.5365463e+02   1.7852687e+02   8.3792972e+01   9.8271865e+01
   7.5618793e+01   8.3325778e+01   1.5416545e+02   1.7829156e+02   8.3555596e+01   9.8303469e+01
   7.5619137e+01   8.3250202e+01   1.5312560e+02   1.7862443e+02   8.2558343e+01   9.7640466e+01
   7.5630130e+01   8.2829727e+01   1.5214415e+02   1.7852756e+02   8.2895684e+01   9.8027619e+01
   7.5549058e+01   8.3469371e+01   1.5272402e+02   1.7850111e+02   8.2852057e+01   9.7685468e+01
   7.4695054e+01   8.2413032e+01   1.5180234e+02   1.7785459e+02   8.2515059e+01   9.6722224e+01
   7.4996326e+01   8.2048208e+01   1.5081265e+02   1.7866291e+02   8.2221001e+01   9.7147508e+01
   7.5477948e+01   8.2288676e+01   1.5226644e+02   1.7872234e+02   8.3493074e+01   9.8344349e+01
   7.5316148e+01   8.2981566e+01   1.5133240e+02   1.7906346e+02   8.3089089e+01   9.7825283e+01
   7.4933461e+01   8.2385893e+01   1.4960275e+02   1.7883845e+02   8.2150578e+01   9.6240258e+01
   7.5078085e+01   8.1046489e+01   1.4841896e+02   1.7814865e+02   8.1817016e+01   9.7376639e+01
   7.4975371e+01   8.1905645e+01   1.5045298e+02   1.7859592e+02   8.3078440e+01   9.7403777e+01
   7.4395501e+01   8.2086339e+01   1.5050828e+02   1.7845095e+02   8.2715677e+01   9.6855511e+01
   7.4221333e+01   8.2570023e+01   1.5168829e+02   1.7828640e+02   8.3067790e+01   9.6822533e+01
   7.5590281e+01   8.3218254e+01   1.5183154e+02   1.7932626e+02   8.2787817e+01   9.7739401e+01
   7.5752425e+01   8.2981909e+01   1.5239630e+02   1.7893223e+02   8.3015918e+01   9.8212435e+01
   7.5484131e+01   8.2895341e+01   1.5158352e+02   1.7830049e+02   8.2617773e+01   9.7744554e+01
   7.5163623e+01   8.2162945e+01   1.5087585e+02   1.7832625e+02   8.2705371e+01   9.6823564e+01
   7.5278360e+01   8.2781290e+01   1.5166596e+02   1.7879654e+02   8.3402727e+01   9.7422671e+01
   7.5628412e+01   8.2460782e+01   1.5277005e+02   1.7867012e+02   8.2516433e+01   9.7187357e+01
   7.4263587e+01   8.1943089e+01   1.5150038e+02   1.7903495e+02   8.2264285e+01   9.6790929e+01
   7.4745553e+01   8.1737318e+01   1.5038118e+02   1.7845817e+02   8.2766862e+01   9.7439504e+01
   7.4809792e+01   8.2166724e+01   1.5115136e+02   1.7811636e+02   8.2360816e+01   9.7391754e+01
   7.4916972e+01   8.1627046e+01   1.5009674e+02   1.7849389e+02   8.2167411e+01   9.7580349e+01
   7.5282826e+01   8.2710181e+01   1.5032244e+02   1.7830221e+02   8.2639415e+01   9.7274268e+01
   7.4704673e+01   8.2815299e+01   1.5059485e+02   1.7796487e+02   8.2174969e+01   9.7024182e+01
   7.4965752e+01   8.1845185e+01   1.5045332e+02   1.7817613e+02   8.1723233e+01   9.6729438e+01
   7.4349468e+01   8.1243672e+01   1.4989097e+02   1.7834206e+02   8.3113823e+01   9.6941393e+01
   7.6349471e+01   8.2361159e+01   1.5119087e+02   1.7771856e+02   8.2012825e+01   9.7945173e+01
   7.5526385e+01   8.2184931e+01   1.5285868e+02   1.7828091e+02   8.2740067e+01   9.8181862e+01
   7.5421266e+01   8.1671017e+01   1.5187654e+02   1.7826545e+02   8.3455630e+01   9.7715355e+01
   7.4805326e+01   8.1891561e+01   1.5128259e+02   1.7823831e+02   8.3088058e+01   9.7349157e+01
   7.3981896e+01   8.0624297e+01   1.4935335e+02   1.7786043e+02   8.1449444e+01   9.5999447e+01
   7.3764102e+01   8.0003547e+01   1.4636778e+02   1.7791402e+02   8.2133746e+01   9.6051319e+01
   7.4408555e+01   8.0847931e+01   1.4831762e+02   1.7842656e+02   8.2472805e+01   9.7480383e+01
   7.4621884e+01   8.1389670e+01   1.4924961e+02   1.7855332e+02   8.1766517e+01   9.6908758e+01
   7.4225112e+01   8.1196609e+01   1.4891398e+02   1.7798788e+02   8.1989465e+01   9.6800547e+01
   7.4635968e+01   8.0996678e+01   1.4888994e+02   1.7804559e+02   8.2767549e+01   9.7401029e+01
   7.4702956e+01   8.2648346e+01   1.5126232e+02   1.7798823e+02   8.2879882e+01   9.7788525e+01
   7.4472794e+01   8.2139929e+01   1.5100536e+02   1.7828194e+02   8.2272873e+01   9.7113499e+01
   7.5204502e+01   8.2471774e+01   1.5109880e+02   1.7824587e+02   8.3472806e+01   9.7912538e+01
   7.5911820e+01   8.3189055e+01   1.5277108e+02   1.7856947e+02   8.3554909e+01   9.8248162e+01
   7.5009380e+01   8.2404443e+01   1.5345057e+02   1.7801571e+02   8.3682357e+01   9.8509584e+01
   7.6295194e+01   8.2891218e+01   1.5367318e+02   1.7839324e+02   8.2947557e+01   9.8810169e+01
   7.5425389e+01   8.2590634e+01   1.5285147e+02   1.7840355e+02   8.3094585e+01   9.8490347e+01
   7.6788153e+01   8.2689226e+01   1.5278070e+02   1.7855779e+02   8.3528801e+01   9.8112813e+01
   7.5475887e+01   8.3538763e+01   1.5206239e+02   1.7875635e+02   8.2647659e+01   9.7643214e+01
   7.5538065e+01   8.2917670e+01   1.5230217e+02   1.7819159e+02   8.2877477e+01   9.7567295e+01
   7.5226488e+01   8.2052330e+01   1.5162989e+02   1.7787452e+02   8.2541853e+01   9.7225831e+01
   7.4093542e+01   8.1241611e+01   1.5002632e+02   1.7806311e+02   8.2270812e+01   9.5991546e+01
   7.5140263e+01   8.1282834e+01   1.4892875e+02   1.7810262e+02   8.2736976e+01   9.7173959e+01
   7.4610891e+01   8.2132715e+01   1.5069379e+02   1.7808338e+02   8.2968512e+01   9.7592029e+01
   7.4265305e+01   8.1735600e+01   1.4913968e+02   1.7809403e+02   8.2788504e+01   9.6783715e+01
   7.4420921e+01   8.1702622e+01   1.4929976e+02   1.7838397e+02   8.2278713e+01   9.7196288e+01
   7.4091137e+01   8.1114850e+01   1.5013178e+02   1.7841351e+02   8.3244706e+01   9.7670009e+01
   7.4745553e+01   8.2198328e+01   1.5103182e+02   1.7857531e+02   8.2837629e+01   9.7569013e+01
   7.4729407e+01   8.2182183e+01   1.4980303e+02   1.7895628e+02   8.2263255e+01   9.6938644e+01
   7.4831777e+01   8.2136837e+01   1.4966115e+02   1.7852687e+02   8.2301042e+01   9.8262246e+01
   7.5650398e+01   8.3399292e+01   1.5270547e+02   1.7823453e+02   8.2709494e+01   9.8281484e+01
   7.4957851e+01   8.2369060e+01   1.5113247e+02   1.7846332e+02   8.2445666e+01   9.7296598e+01
   7.4781623e+01   8.1768922e+01   1.4978516e+02   1.7803117e+02   8.2188366e+01   9.6555614e+01
   7.4778875e+01   8.1969541e+01   1.5013281e+02   1.7800987e+02   8.2226497e+01   9.7584815e+01
   7.5274925e+01   8.2032062e+01   1.5127984e+02   1.7826992e+02   8.2770985e+01   9.8364273e+01
   7.6079460e+01   8.3073287e+01   1.5109708e+02   1.7850317e+02   8.2332647e+01   9.7553211e+01
   7.4538751e+01   8.2309631e+01   1.5086864e+02   1.7817854e+02   8.2032406e+01   9.6733904e+01
   7.4598180e+01   8.1578953e+01   1.5073432e+02   1.7859111e+02   8.2685790e+01   9.6825625e+01
   7.5736279e+01   8.1503721e+01   1.5054573e+02   1.7860451e+02   8.2155044e+01   9.7489659e+01
   7.4915254e+01   8.2867859e+01   1.5085112e+02   1.7887933e+02   8.2816330e+01   9.7382135e+01
   7.4971249e+01   8.2756557e+01   1.5224515e+02   1.7895319e+02   8.2839346e+01   9.7545310e+01
   7.4144727e+01   8.2323715e+01   1.5207338e+02   1.7841901e+02   8.2782665e+01   9.7565921e+01
   7.5689216e+01   8.1522615e+01   1.5157699e+02   1.7861894e+02   8.2315814e+01   9.7972655e+01
   7.6109004e+01   8.2464560e+01   1.5252065e+02   1.7888689e+02   8.2201077e+01   9.8544280e+01
   7.6540815e+01   8.3889846e+01   1.5553955e+02   1.7944992e+02   8.3839691e+01   9.8956854e+01
   7.5651085e+01   8.2271156e+01   1.5205312e+02   1.7786353e+02   8.2406848e+01   9.6963378e+01
   7.5194540e+01   8.1354974e+01   1.5072608e+02   1.7839565e+02   8.2536357e+01   9.7274268e+01
   7.5514362e+01   8.1038588e+01   1.4998750e+02   1.7829053e+02   8.3176688e+01   9.7584815e+01
   7.4892581e+01   8.1563151e+01   1.5088273e+02   1.7825068e+02   8.2954427e+01   9.7447749e+01
   7.4986364e+01   8.1587197e+01   1.5060653e+02   1.7904800e+02   8.2060575e+01   9.7095979e+01
   7.5159844e+01   8.2223749e+01   1.5091708e+02   1.7906586e+02   8.2541166e+01   9.7139950e+01
   7.4401684e+01   8.2036872e+01   1.5124755e+02   1.7808029e+02   8.1727012e+01   9.6446373e+01
   7.5067436e+01   8.1079467e+01   1.4893219e+02   1.7823316e+02   8.1495133e+01   9.6739056e+01
   7.4807731e+01   8.2155044e+01   1.5002700e+02   1.7826373e+02   8.2280087e+01   9.7696804e+01
   7.4685436e+01   8.2271156e+01   1.5224583e+02   1.7848187e+02   8.2462499e+01   9.7581036e+01
   7.4287634e+01   8.2691974e+01   1.5239630e+02   1.7819606e+02   8.2606093e+01   9.7169837e+01
   7.4191103e+01   8.1853429e+01   1.5180509e+02   1.7826476e+02   8.2214131e+01   9.6879215e+01
   7.4512986e+01   8.2189053e+01   1.5079959e+02   1.7839736e+02   8.2466621e+01   9.7606114e+01
   7.5422297e+01   8.3158481e+01   1.5201327e+02   1.7843378e+02   8.2284897e+01   9.7387632e+01
   7.5594403e+01   8.2656934e+01   1.5142549e+02   1.7930667e+02   8.2357381e+01   9.7294880e+01
   7.5954074e+01   8.3552161e+01   1.5125511e+02   1.7961035e+02   8.2385893e+01   9.7958227e+01
   7.4942736e+01   8.3536358e+01   1.5200537e+02   1.7923728e+02   8.2455972e+01   9.7575540e+01
   7.4026555e+01   8.2050269e+01   1.5016579e+02   1.7813079e+02   8.2111760e+01   9.6857229e+01
   7.4917315e+01   8.0971601e+01   1.4879615e+02   1.7782333e+02   8.1738348e+01   9.7019716e+01
   7.4648679e+01   8.1375242e+01   1.4910327e+02   1.7825617e+02   8.2376618e+01   9.6940019e+01
   7.4336071e+01   8.1596129e+01   1.4867145e+02   1.7860382e+02   8.2964046e+01   9.7045481e+01
   7.4715666e+01   8.0965074e+01   1.5015514e+02   1.7891574e+02   8.2109012e+01   9.6842457e+01
   7.5370081e+01   8.2167068e+01   1.4957115e+02   1.7874913e+02   8.1664834e+01   9.7299346e+01
   7.4920407e+01   8.2987405e+01   1.5089818e+02   1.7879723e+02   8.2404443e+01   9.8134112e+01
   7.4301718e+01   8.2178748e+01   1.4983463e+02   1.7832247e+02   8.2623612e+01   9.6545652e+01
   7.5205533e+01   8.1391045e+01   1.4940557e+02   1.7940458e+02   8.2373526e+01   9.7698522e+01
   7.4723567e+01   8.1257070e+01   1.5085421e+02   1.7861001e+02   8.2554907e+01   9.7716385e+01
   7.5300346e+01   8.2301042e+01   1.5117472e+02   1.7820602e+02   8.1893622e+01   9.7499277e+01
   7.4740400e+01   8.1727012e+01   1.5062955e+02   1.7872818e+02   8.2216535e+01   9.8249192e+01
   7.5288322e+01   8.1786098e+01   1.5145538e+02   1.7837229e+02   8.2307913e+01   9.8163655e+01
   7.5870941e+01   8.1969197e+01   1.5091467e+02   1.7882471e+02   8.1956143e+01   9.7244382e+01
   7.4667229e+01   8.2660026e+01   1.5144542e+02   1.7866703e+02   8.2657278e+01   9.7486223e+01
   7.5159500e+01   8.2838659e+01   1.5135576e+02   1.7858321e+02   8.2125845e+01   9.7818412e+01
   7.5846550e+01   8.1779915e+01   1.5094765e+02   1.7837160e+02   8.2614681e+01   9.8358433e+01
   7.6049917e+01   8.2806024e+01   1.5235370e+02   1.7836370e+02   8.3234743e+01   9.8223085e+01
   7.5505087e+01   8.3151267e+01   1.5372643e+02   1.7780959e+02   8.2932441e+01   9.8732189e+01
   7.5919721e+01   8.2406848e+01   1.5177520e+02   1.7850454e+02   8.2791253e+01   9.7553898e+01
   7.4903574e+01   8.1759303e+01   1.5119052e+02   1.7844477e+02   8.2791940e+01   9.7157470e+01
   7.4630472e+01   8.1683384e+01   1.5028430e+02   1.7806243e+02   8.2719456e+01   9.7090826e+01
   7.4712918e+01   8.2281118e+01   1.5155500e+02   1.7753443e+02   8.2982596e+01   9.7452214e+01
   7.5801892e+01   8.2404443e+01   1.5215720e+02   1.7799887e+02   8.2160884e+01   9.7574166e+01
   7.5341912e+01   8.2107638e+01   1.5062577e+02   1.7883570e+02   8.1710866e+01   9.6626724e+01
   7.4555927e+01   8.2483111e+01   1.5097582e+02   1.7897998e+02   8.2122066e+01   9.6697833e+01
   7.4087359e+01   8.2278026e+01   1.4984425e+02   1.7860279e+02   8.2214474e+01   9.7199036e+01
   7.4840366e+01   8.2303104e+01   1.4998990e+02   1.7842107e+02   8.1916294e+01   9.7448092e+01
   7.4815288e+01   8.2285584e+01   1.5022419e+02   1.7849870e+02   8.2087026e+01   9.7750738e+01
   7.5075337e+01   8.2879195e+01   1.5076764e+02   1.7826408e+02   8.2169472e+01   9.7773067e+01
   7.4832808e+01   8.2646972e+01   1.5023518e+02   1.7868627e+02   8.1734570e+01   9.7211747e+01
   7.5433633e+01   8.2211382e+01   1.4889268e+02   1.7887280e+02   8.2534639e+01   9.7426106e+01
   7.6626352e+01   8.2827323e+01   1.5094181e+02   1.7951554e+02   8.2235429e+01   9.7931775e+01
   7.5834184e+01   8.3904961e+01   1.5218949e+02   1.7919915e+02   8.2810834e+01   9.7705736e+01
   7.5433633e+01   8.3360130e+01   1.5362199e+02   1.7850901e+02   8.3132373e+01   9.8289385e+01
   7.4747270e+01   8.2830415e+01   1.5294937e+02   1.7876700e+02   8.3018666e+01   9.7514049e+01
   7.5454932e+01   8.2754152e+01   1.5223656e+02   1.7828297e+02   8.2732853e+01   9.7208312e+01
   7.5496155e+01   8.2683042e+01   1.5171818e+02   1.7878417e+02   8.1984656e+01   9.6855168e+01
   7.5501651e+01   8.1955800e+01   1.4922419e+02   1.7906827e+02   8.2780947e+01   9.8052009e+01
   7.5518140e+01   8.3033438e+01   1.5061924e+02   1.7902876e+02   8.2158480e+01   9.7559051e+01
   7.4777157e+01   8.2442231e+01   1.5034786e+02   1.7822801e+02   8.2216535e+01   9.6724628e+01
   7.4418860e+01   8.1715676e+01   1.4881367e+02   1.7848668e+02   8.2426773e+01   9.6722911e+01
   7.4353591e+01   8.1166036e+01   1.4950485e+02   1.7831801e+02   8.2287645e+01   9.7170867e+01
   7.5198662e+01   8.2577580e+01   1.5148870e+02   1.7842691e+02   8.2469713e+01   9.8057162e+01
   7.5316835e+01   8.2507501e+01   1.5285628e+02   1.7841007e+02   8.2191458e+01   9.8320302e+01
   7.4862008e+01   8.2499943e+01   1.5230423e+02   1.7875085e+02   8.3011109e+01   9.8102164e+01
