   1.1241839e+02   9.1866226e+01   1.8737159e+02   2.0317139e+02   1.5930171e+02   1.6930704e+02
   1.1241544e+02   9.1787026e+01   1.8797240e+02   2.0297395e+02   1.5965830e+02   1.6995979e+02
   1.1276613e+02   9.2471091e+01   1.9051674e+02   2.0415826e+02   1.5993678e+02   1.7001173e+02
   1.1368006e+02   9.2607020e+01   1.9197549e+02   2.0593160e+02   1.6027237e+02   1.7015098e+02
   1.1385246e+02   9.2713480e+01   1.9305850e+02   2.0657330e+02   1.6037294e+02   1.7082657e+02
   1.1292969e+02   9.2237176e+01   1.9235197e+02   2.0614599e+02   1.6018028e+02   1.7037274e+02
   1.1281107e+02   9.2106036e+01   1.9170621e+02   2.0525011e+02   1.6022448e+02   1.7026075e+02
   1.1289837e+02   9.2118560e+01   1.9120339e+02   2.0651620e+02   1.6026390e+02   1.7050535e+02
   1.1252006e+02   9.2159449e+01   1.9190624e+02   2.0745481e+02   1.6069195e+02   1.7065344e+02
   1.1372721e+02   9.3185731e+01   1.9234828e+02   2.0811272e+02   1.6112073e+02   1.7131577e+02
   1.1523495e+02   9.3594992e+01   1.9336941e+02   2.0948196e+02   1.6125555e+02   1.7182117e+02
   1.1420572e+02   9.3085903e+01   1.9360332e+02   2.0848146e+02   1.6113804e+02   1.7053593e+02
   1.1451221e+02   9.3306925e+01   1.9257336e+02   2.0761727e+02   1.6109089e+02   1.7058087e+02
   1.1412247e+02   9.3051276e+01   1.9257152e+02   2.0828402e+02   1.6053907e+02   1.7038047e+02
   1.1270314e+02   9.2486195e+01   1.9224956e+02   2.0750860e+02   1.6094465e+02   1.7102660e+02
   1.1375963e+02   9.3159577e+01   1.9154008e+02   2.0710781e+02   1.6112662e+02   1.7102033e+02
   1.1385024e+02   9.2775366e+01   1.9176221e+02   2.0778156e+02   1.6023959e+02   1.7069285e+02
   1.1334742e+02   9.3048697e+01   1.9205396e+02   2.0680943e+02   1.6035599e+02   1.7080889e+02
   1.1379904e+02   9.2632070e+01   1.9178615e+02   2.0562659e+02   1.6033978e+02   1.7086193e+02
   1.1321333e+02   9.1878382e+01   1.9143657e+02   2.0631544e+02   1.6010697e+02   1.7029869e+02
   1.1380567e+02   9.2868564e+01   1.9214126e+02   2.0820850e+02   1.6112220e+02   1.7098423e+02
   1.1322401e+02   9.2437938e+01   1.9229192e+02   2.0806631e+02   1.6079656e+02   1.7034069e+02
   1.1388119e+02   9.2609599e+01   1.9161559e+02   2.0802837e+02   1.6086655e+02   1.6975093e+02
   1.1383993e+02   9.2517138e+01   1.9228235e+02   2.0828623e+02   1.6050629e+02   1.7018008e+02
   1.1276723e+02   9.1984105e+01   1.9150545e+02   2.0712365e+02   1.6083635e+02   1.7013587e+02
   1.1243754e+02   9.2616230e+01   1.9145351e+02   2.0742498e+02   1.6060869e+02   1.6896188e+02
   1.1393718e+02   9.2699113e+01   1.9232876e+02   2.0863950e+02   1.6086140e+02   1.7104280e+02
   1.1352239e+02   9.2614388e+01   1.9288132e+02   2.0943112e+02   1.6087908e+02   1.7097318e+02
   1.1367969e+02   9.2503876e+01   1.9186645e+02   2.0939687e+02   1.6142611e+02   1.7029869e+02
   1.1391950e+02   9.2732635e+01   1.9185319e+02   2.0832491e+02   1.6059691e+02   1.7085530e+02
   1.1371358e+02   9.2199970e+01   1.9127669e+02   2.0612094e+02   1.6086176e+02   1.7111501e+02
   1.1379867e+02   9.2377525e+01   1.9160491e+02   2.0703671e+02   1.6093470e+02   1.7035321e+02
   1.1434607e+02   9.3456116e+01   1.9286953e+02   2.0854004e+02   1.6080835e+02   1.7120747e+02
   1.1425877e+02   9.2996020e+01   1.9273360e+02   2.0822213e+02   1.6051476e+02   1.7108627e+02
   1.1484043e+02   9.2631701e+01   1.9212542e+02   2.0730341e+02   1.6027532e+02   1.7001652e+02
   1.1335957e+02   9.2677748e+01   1.9118386e+02   2.0702235e+02   1.5977838e+02   1.7002831e+02
   1.1307851e+02   9.2578287e+01   1.9089874e+02   2.0768726e+02   1.6084998e+02   1.7071532e+02
   1.1378836e+02   9.2434254e+01   1.9162775e+02   2.0879937e+02   1.6122314e+02   1.7082952e+02
   1.1397696e+02   9.2738160e+01   1.9138094e+02   2.0781876e+02   1.6067389e+02   1.7056982e+02
   1.1377289e+02   9.1799919e+01   1.9261830e+02   2.0808215e+02   1.6073099e+02   1.7094113e+02
   1.1346530e+02   9.2522295e+01   1.9244701e+02   2.0812562e+02   1.6048271e+02   1.7094703e+02
   1.1393239e+02   9.2730793e+01   1.9158797e+02   2.0826707e+02   1.6043224e+02   1.7096692e+02
   1.1354781e+02   9.2663381e+01   1.9119602e+02   2.0775246e+02   1.6019428e+02   1.7055692e+02
   1.1310061e+02   9.2141399e+01   1.9069393e+02   2.0625466e+02   1.5978096e+02   1.7001284e+02
   1.1319970e+02   9.2063305e+01   1.9029425e+02   2.0634381e+02   1.5974302e+02   1.6875080e+02
   1.1303651e+02   9.2685852e+01   1.9007028e+02   2.0876953e+02   1.6011655e+02   1.6887826e+02
   1.1245412e+02   9.2601863e+01   1.9000765e+02   2.1026217e+02   1.6054754e+02   1.6893130e+02
   1.1288364e+02   9.2967656e+01   1.9017784e+02   2.1050124e+02   1.6044845e+02   1.6898766e+02
   1.1289506e+02   9.2817729e+01   1.9008722e+02   2.0944549e+02   1.5959420e+02   1.6884105e+02
   1.1267735e+02   9.2132190e+01   1.8957113e+02   2.0691920e+02   1.5938018e+02   1.6931588e+02
   1.1249132e+02   9.2263698e+01   1.8976195e+02   2.0639464e+02   1.5978759e+02   1.7007546e+02
   1.1270130e+02   9.2443464e+01   1.9002386e+02   2.0731004e+02   1.5974928e+02   1.7005889e+02
   1.1318570e+02   9.2447147e+01   1.9092821e+02   2.0643369e+02   1.5958131e+02   1.7043757e+02
   1.1334521e+02   9.2060358e+01   1.9053663e+02   2.0435239e+02   1.5931497e+02   1.6949491e+02
   1.1265562e+02   9.1801393e+01   1.8985994e+02   2.0354861e+02   1.5916615e+02   1.6923042e+02
   1.1328664e+02   9.2484353e+01   1.8944810e+02   2.0561554e+02   1.6006498e+02   1.7054624e+02
   1.1374342e+02   9.2907980e+01   1.8969564e+02   2.0737304e+02   1.6030037e+02   1.7072122e+02
   1.1336805e+02   9.2864512e+01   1.8979326e+02   2.0784050e+02   1.6023038e+02   1.7021213e+02
   1.1320523e+02   9.2726373e+01   1.9149145e+02   2.0784566e+02   1.6025432e+02   1.7058271e+02
   1.1382556e+02   9.2148030e+01   1.9168669e+02   2.0691847e+02   1.6028416e+02   1.7034143e+02
   1.1420646e+02   9.2587128e+01   1.9233171e+02   2.0717043e+02   1.6006792e+02   1.7039594e+02
   1.1348261e+02   9.2110088e+01   1.9234939e+02   2.0827223e+02   1.6061090e+02   1.7091461e+02
   1.1460209e+02   9.3111689e+01   1.9165685e+02   2.0905097e+02   1.6070336e+02   1.7079894e+02
   1.1455641e+02   9.3311714e+01   1.9188008e+02   2.0931730e+02   1.6007861e+02   1.7047257e+02
   1.1389519e+02   9.2826938e+01   1.9128848e+02   2.0704113e+02   1.6021601e+02   1.6985518e+02
   1.1318460e+02   9.2897297e+01   1.8999881e+02   2.0741650e+02   1.6043630e+02   1.6948975e+02
   1.1319381e+02   9.2590812e+01   1.9063204e+02   2.0861113e+02   1.6025506e+02   1.7036648e+02
   1.1351134e+02   9.2219862e+01   1.9105825e+02   2.0780845e+02   1.5997399e+02   1.7032853e+02
   1.1352460e+02   9.2025362e+01   1.9162701e+02   2.0684405e+02   1.5969955e+02   1.6909081e+02
   1.1340562e+02   9.2409205e+01   1.9177252e+02   2.0767510e+02   1.5967892e+02   1.6999921e+02
   1.1329290e+02   9.2475512e+01   1.9089690e+02   2.0827149e+02   1.6020606e+02   1.7023607e+02
   1.1348408e+02   9.2846093e+01   1.9024709e+02   2.0858166e+02   1.6008855e+02   1.6994101e+02
   1.1267330e+02   9.2290958e+01   1.9049427e+02   2.0922373e+02   1.6067168e+02   1.7035837e+02
   1.1335184e+02   9.2552501e+01   1.9110835e+02   2.0938729e+02   1.6061680e+02   1.7070796e+02
   1.1397254e+02   9.3369917e+01   1.9199759e+02   2.0914343e+02   1.6017217e+02   1.7083652e+02
   1.1381414e+02   9.3050171e+01   1.9225730e+02   2.0893788e+02   1.6046613e+02   1.7069801e+02
   1.1402006e+02   9.3301768e+01   1.9173605e+02   2.0992658e+02   1.6058696e+02   1.6960468e+02
   1.1429745e+02   9.3254617e+01   1.9190734e+02   2.1066627e+02   1.6036299e+02   1.7080484e+02
   1.1435565e+02   9.2946290e+01   1.9127338e+02   2.0954643e+02   1.6057038e+02   1.7082768e+02
   1.1388303e+02   9.2886614e+01   1.9084017e+02   2.0849067e+02   1.6018359e+02   1.7020844e+02
   1.1343472e+02   9.2634648e+01   1.9202338e+02   2.0906828e+02   1.6078477e+02   1.7073006e+02
   1.1391508e+02   9.2451936e+01   1.9256967e+02   2.0978955e+02   1.6094833e+02   1.7063207e+02
   1.1365832e+02   9.2891403e+01   1.9113192e+02   2.0945912e+02   1.6032873e+02   1.6999700e+02
   1.1373605e+02   9.3050908e+01   1.9227166e+02   2.1128882e+02   1.6103600e+02   1.7074479e+02
   1.1419541e+02   9.2968024e+01   1.9275386e+02   2.1109469e+02   1.6123161e+02   1.7056503e+02
   1.1439580e+02   9.3446538e+01   1.9260946e+02   2.1101770e+02   1.6087061e+02   1.6990970e+02
   1.1489900e+02   9.3115004e+01   1.9363500e+02   2.1098455e+02   1.6062306e+02   1.7074479e+02
   1.1444774e+02   9.2720479e+01   1.9243375e+02   2.1002457e+02   1.6048676e+02   1.7052930e+02
   1.1342109e+02   9.2567236e+01   1.8991630e+02   2.0888041e+02   1.6059948e+02   1.6981429e+02
   1.1291863e+02   9.2523032e+01   1.9107888e+02   2.0788654e+02   1.6009776e+02   1.7025707e+02
   1.1344872e+02   9.2246017e+01   1.9100962e+02   2.0690889e+02   1.6019649e+02   1.7007473e+02
   1.1366606e+02   9.2391155e+01   1.9133526e+02   2.0747913e+02   1.6044808e+02   1.7025854e+02
   1.1429118e+02   9.2358001e+01   1.9177141e+02   2.0937403e+02   1.6055602e+02   1.7064791e+02
   1.1423482e+02   9.2288011e+01   1.9165354e+02   2.0864392e+02   1.6053944e+02   1.7088588e+02
   1.1448016e+02   9.2726004e+01   1.9151171e+02   2.0773920e+02   1.6022559e+02   1.7028028e+02
   1.1485627e+02   9.3013334e+01   1.9273802e+02   2.0928709e+02   1.6046982e+02   1.7076468e+02
   1.1431697e+02   9.2760631e+01   1.9153713e+02   2.0867302e+02   1.6061753e+02   1.7045120e+02
   1.1471665e+02   9.2871879e+01   1.9234092e+02   2.0954421e+02   1.6067021e+02   1.7005262e+02
   1.1469824e+02   9.2808888e+01   1.9269676e+02   2.0990853e+02   1.6013828e+02   1.6979992e+02
   1.1442454e+02   9.2869301e+01   1.9307950e+02   2.0997447e+02   1.6086766e+02   1.7015466e+02
   1.1449011e+02   9.3396071e+01   1.9309939e+02   2.1071269e+02   1.6075567e+02   1.6968904e+02
   1.1494946e+02   9.3130107e+01   1.9286253e+02   2.1163398e+02   1.6078109e+02   1.7076395e+02
   1.1452068e+02   9.3134528e+01   1.9218694e+02   2.1048724e+02   1.6043777e+02   1.7074479e+02
   1.1501467e+02   9.3101374e+01   1.9204769e+02   2.0989564e+02   1.6063706e+02   1.7014656e+02
   1.1430371e+02   9.2999704e+01   1.9187787e+02   2.1001131e+02   1.6035120e+02   1.6945881e+02
   1.1367822e+02   9.2714216e+01   1.9130469e+02   2.0873859e+02   1.6045692e+02   1.6938698e+02
   1.1412026e+02   9.2893613e+01   1.9094700e+02   2.0850172e+02   1.6056817e+02   1.6994874e+02
   1.1491631e+02   9.3244671e+01   1.9256599e+02   2.0943444e+02   1.6064958e+02   1.7064128e+02
   1.1486842e+02   9.3552629e+01   1.9283306e+02   2.0933351e+02   1.6059175e+02   1.7083762e+02
   1.1555249e+02   9.3982886e+01   1.9389581e+02   2.0933866e+02   1.6049008e+02   1.7074848e+02
   1.1522832e+02   9.3483007e+01   1.9364827e+02   2.0973098e+02   1.6034641e+02   1.7026775e+02
   1.1438733e+02   9.2789364e+01   1.9169443e+02   2.1011666e+02   1.6039283e+02   1.6982202e+02
   1.1346935e+02   9.3147052e+01   1.9067256e+02   2.0847483e+02   1.6034862e+02   1.6877953e+02
   1.1316655e+02   9.3237303e+01   1.9081181e+02   2.0968788e+02   1.6068752e+02   1.6956343e+02
   1.1374342e+02   9.3555576e+01   1.9121112e+02   2.0915264e+02   1.6064995e+02   1.6981760e+02
   1.1374673e+02   9.3515792e+01   1.9122549e+02   2.0999915e+02   1.6043224e+02   1.6942750e+02
   1.1350950e+02   9.3236935e+01   1.9160675e+02   2.1029238e+02   1.6071368e+02   1.7018413e+02
   1.1355592e+02   9.2716427e+01   1.9102694e+02   2.0980650e+02   1.6031731e+02   1.7011377e+02
   1.1445474e+02   9.2863775e+01   1.9213021e+02   2.1061986e+02   1.6019685e+02   1.6966399e+02
   1.1434460e+02   9.3355182e+01   1.9309755e+02   2.1007725e+02   1.6020349e+02   1.7040405e+02
   1.1454499e+02   9.3445801e+01   1.9247795e+02   2.0927199e+02   1.6020606e+02   1.6946507e+02
   1.1427940e+02   9.3033962e+01   1.9171137e+02   2.0913790e+02   1.6004177e+02   1.6936340e+02
   1.1418325e+02   9.3031752e+01   1.9173053e+02   2.0997705e+02   1.6038878e+02   1.7033590e+02
   1.1473323e+02   9.3182048e+01   1.9172832e+02   2.1019181e+02   1.6019538e+02   1.7026812e+02
   1.1481280e+02   9.3198993e+01   1.9295352e+02   2.0928672e+02   1.6055528e+02   1.7102770e+02
   1.1525005e+02   9.3204150e+01   1.9352486e+02   2.0989785e+02   1.6073357e+02   1.7110432e+02
   1.1596912e+02   9.3962626e+01   1.9425939e+02   2.1114921e+02   1.6049118e+02   1.7094813e+02
   1.1521764e+02   9.3363286e+01   1.9331121e+02   2.1143617e+02   1.6051807e+02   1.7051382e+02
   1.1489458e+02   9.3713239e+01   1.9267466e+02   2.1163509e+02   1.6025432e+02   1.6965478e+02
   1.1509055e+02   9.3449485e+01   1.9312776e+02   2.1260943e+02   1.6107321e+02   1.7049688e+02
   1.1468276e+02   9.3382810e+01   1.9322869e+02   2.1284408e+02   1.6093249e+02   1.7051935e+02
   1.1491999e+02   9.3381705e+01   1.9253468e+02   2.1218212e+02   1.6039504e+02   1.6898066e+02
   1.1515870e+02   9.3494795e+01   1.9256341e+02   2.1226353e+02   1.6026316e+02   1.7051530e+02
   1.1446506e+02   9.2793048e+01   1.9198581e+02   2.1016529e+02   1.6020349e+02   1.7027438e+02
   1.1447905e+02   9.3325344e+01   1.9188450e+02   2.0901560e+02   1.5972387e+02   1.6915417e+02
   1.1556280e+02   9.4385148e+01   1.9236191e+02   2.0928046e+02   1.5938570e+02   1.6975719e+02
   1.1469750e+02   9.4037037e+01   1.9195413e+02   2.0940976e+02   1.5942770e+02   1.6857398e+02
   1.1450779e+02   9.3705503e+01   1.9194713e+02   2.0964846e+02   1.6000935e+02   1.6908602e+02
   1.1389334e+02   9.3292927e+01   1.9167343e+02   2.0923847e+02   1.5998173e+02   1.6890552e+02
   1.1364212e+02   9.3279666e+01   1.9190734e+02   2.0922152e+02   1.5993457e+02   1.6953101e+02
   1.1355997e+02   9.2638700e+01   1.9148372e+02   2.0777124e+02   1.5964982e+02   1.6887015e+02
   1.1299341e+02   9.3360708e+01   1.9095179e+02   2.0738409e+02   1.5977949e+02   1.6859608e+02
   1.1352792e+02   9.3489637e+01   1.9075324e+02   2.0902960e+02   1.6038804e+02   1.6886426e+02
   1.1351871e+02   9.3460905e+01   1.9102436e+02   2.0999547e+02   1.6092549e+02   1.6981318e+02
   1.1447463e+02   9.4488660e+01   1.9160528e+02   2.1161299e+02   1.6135280e+02   1.6900424e+02
   1.1504266e+02   9.4556072e+01   1.9211400e+02   2.1276709e+02   1.6150973e+02   1.6963231e+02
   1.1438917e+02   9.4229327e+01   1.9163512e+02   2.1209813e+02   1.6131928e+02   1.6995464e+02
   1.1460946e+02   9.4485713e+01   1.9046186e+02   2.1143322e+02   1.6087318e+02   1.6972919e+02
   1.1423077e+02   9.3487059e+01   1.9140931e+02   2.1103022e+02   1.6075162e+02   1.6932730e+02
   1.1324759e+02   9.3504004e+01   1.9096210e+02   2.1098160e+02   1.6046503e+02   1.6907128e+02
   1.1314813e+02   9.3341552e+01   1.9047954e+02   2.0949043e+02   1.6047608e+02   1.6936598e+02
   1.1368890e+02   9.3187205e+01   1.9199391e+02   2.0815656e+02   1.5974339e+02   1.6917664e+02
   1.1330506e+02   9.2685852e+01   1.9196407e+02   2.0802579e+02   1.5979717e+02   1.6969567e+02
   1.1427940e+02   9.2972444e+01   1.9212542e+02   2.0693725e+02   1.5959457e+02   1.7003052e+02
   1.1420388e+02   9.3543051e+01   1.9153934e+02   2.0651363e+02   1.5917683e+02   1.6920279e+02
   1.1412726e+02   9.2990863e+01   1.9195965e+02   2.0688936e+02   1.5974597e+02   1.6918732e+02
   1.1429597e+02   9.3113531e+01   1.9188119e+02   2.0741429e+02   1.6008855e+02   1.6938808e+02
   1.1439654e+02   9.3170260e+01   1.9143878e+02   2.0737451e+02   1.5990989e+02   1.6959768e+02
   1.1387640e+02   9.3428856e+01   1.9197291e+02   2.0709197e+02   1.6006056e+02   1.6975645e+02
   1.1362185e+02   9.3190889e+01   1.9154708e+02   2.0734688e+02   1.6009592e+02   1.7009425e+02
   1.1373937e+02   9.2933766e+01   1.9159496e+02   2.0848699e+02   1.6024106e+02   1.6935382e+02
   1.1354450e+02   9.2763946e+01   1.9195339e+02   2.0874301e+02   1.6022927e+02   1.7019666e+02
   1.1359202e+02   9.2455988e+01   1.9144356e+02   2.0868812e+02   1.6035710e+02   1.6970009e+02
   1.1374857e+02   9.2919767e+01   1.9214973e+02   2.0955563e+02   1.6020643e+02   1.6903150e+02
   1.1354744e+02   9.2695061e+01   1.9173900e+02   2.0932098e+02   1.5900554e+02   1.6895340e+02
   1.1272671e+02   9.2241596e+01   1.9095805e+02   2.0758190e+02   1.5922288e+02   1.6906355e+02
   1.1277129e+02   9.2921241e+01   1.9022978e+02   2.0710339e+02   1.5935292e+02   1.6868633e+02
   1.1319454e+02   9.3175049e+01   1.9047622e+02   2.0832749e+02   1.5942954e+02   1.6876922e+02
   1.1344651e+02   9.3715449e+01   1.9013990e+02   2.0854040e+02   1.5969440e+02   1.6887199e+02
   1.1406943e+02   9.3795017e+01   1.9070498e+02   2.0837795e+02   1.5976697e+02   1.6860419e+02
   1.1382962e+02   9.3524264e+01   1.9086706e+02   2.0937734e+02   1.5949916e+02   1.6866976e+02
   1.1352497e+02   9.3090692e+01   1.9093595e+02   2.0807405e+02   1.5940670e+02   1.6870917e+02
   1.1347635e+02   9.2895823e+01   1.9089211e+02   2.0790791e+02   1.5945017e+02   1.6814851e+02
   1.1305677e+02   9.3203413e+01   1.9141741e+02   2.0953537e+02   1.5926672e+02   1.6915269e+02
   1.1346272e+02   9.3159577e+01   1.9074697e+02   2.0972435e+02   1.5941075e+02   1.6863697e+02
   1.1345498e+02   9.2975760e+01   1.9032151e+02   2.0897029e+02   1.5928293e+02   1.6884694e+02
   1.1329732e+02   9.3157367e+01   1.9087996e+02   2.0895114e+02   1.5993715e+02   1.6889704e+02
   1.1379352e+02   9.3380968e+01   1.9150545e+02   2.1058265e+02   1.6031915e+02   1.6967983e+02
   1.1453320e+02   9.3660193e+01   1.9195155e+02   2.1101475e+02   1.6046577e+02   1.6941129e+02
   1.1509792e+02   9.3544893e+01   1.9302572e+02   2.1104864e+02   1.6032505e+02   1.7015356e+02
   1.1426466e+02   9.3728342e+01   1.9223888e+02   2.1033474e+02   1.5990547e+02   1.6954280e+02
   1.1468055e+02   9.3817119e+01   1.9147893e+02   2.1005736e+02   1.6007050e+02   1.6984634e+02
   1.1410479e+02   9.3423331e+01   1.9070866e+02   2.0910438e+02   1.5973934e+02   1.6858945e+02
   1.1375668e+02   9.3359971e+01   1.9176221e+02   2.0981976e+02   1.5997694e+02   1.6927020e+02
   1.1409779e+02   9.3312819e+01   1.9126454e+02   2.0932135e+02   1.5976623e+02   1.6944113e+02
   1.1318202e+02   9.3779177e+01   1.9096358e+02   2.0892351e+02   1.5986201e+02   1.6912801e+02
   1.1403922e+02   9.4112185e+01   1.8997634e+02   2.0968862e+02   1.5990216e+02   1.6940945e+02
   1.1338868e+02   9.3616726e+01   1.9003933e+02   2.1021133e+02   1.6014160e+02   1.6925989e+02
   1.1387787e+02   9.3226989e+01   1.9025152e+02   2.1117242e+02   1.6103048e+02   1.6930888e+02
   1.1274845e+02   9.3281876e+01   1.9009827e+02   2.1001168e+02   1.6006682e+02   1.6838759e+02
   1.1310835e+02   9.3279666e+01   1.9017968e+02   2.0825897e+02   1.5966308e+02   1.6864213e+02
   1.1368558e+02   9.3411911e+01   1.9055653e+02   2.0711444e+02   1.5939933e+02   1.6844653e+02
   1.1385540e+02   9.3605306e+01   1.9109398e+02   2.0834517e+02   1.5938091e+02   1.6886610e+02
   1.1362628e+02   9.3484112e+01   1.9126306e+02   2.0905391e+02   1.6018249e+02   1.6932877e+02
   1.1387087e+02   9.3322397e+01   1.9079707e+02   2.0835917e+02   1.6005687e+02   1.6858835e+02
   1.1359533e+02   9.3277824e+01   1.9086117e+02   2.0924399e+02   1.5981412e+02   1.6948570e+02
   1.1391839e+02   9.2968761e+01   1.9133674e+02   2.0797053e+02   1.5975297e+02   1.7003826e+02
   1.1380751e+02   9.3579152e+01   1.9107114e+02   2.0704813e+02   1.5985464e+02   1.6907754e+02
   1.1391950e+02   9.3758917e+01   1.9148335e+02   2.0743603e+02   1.5985316e+02   1.6936929e+02
   1.1455273e+02   9.3901108e+01   1.9109177e+02   2.0912317e+02   1.6025506e+02   1.6960653e+02
   1.1468718e+02   9.4363782e+01   1.9215599e+02   2.0984407e+02   1.6006461e+02   1.6946065e+02
   1.1464887e+02   9.4073506e+01   1.9362690e+02   2.1132308e+02   1.6013018e+02   1.7040921e+02
   1.1516828e+02   9.3970730e+01   1.9310455e+02   2.0892277e+02   1.5973455e+02   1.6983307e+02
   1.1479917e+02   9.3599412e+01   1.9302093e+02   2.0690889e+02   1.5982001e+02   1.6958700e+02
   1.1381120e+02   9.3282245e+01   1.9074329e+02   2.0613494e+02   1.5985059e+02   1.6885100e+02
   1.1304756e+02   9.3099533e+01   1.8958329e+02   2.0834775e+02   1.5978207e+02   1.6889336e+02
   1.1309766e+02   9.3185731e+01   1.8954498e+02   2.0844426e+02   1.5973492e+02   1.6849552e+02
   1.1287406e+02   9.3235830e+01   1.8926023e+02   2.0811125e+02   1.5994931e+02   1.6864471e+02
   1.1325312e+02   9.3078167e+01   1.8963670e+02   2.0869917e+02   1.6010624e+02   1.6818498e+02
   1.1301073e+02   9.3362181e+01   1.8983673e+02   2.0958032e+02   1.5952089e+02   1.6931404e+02
   1.1335994e+02   9.3231409e+01   1.8988793e+02   2.0787697e+02   1.5952274e+02   1.6922452e+02
   1.1398507e+02   9.3451327e+01   1.9079339e+02   2.0689047e+02   1.5935844e+02   1.6906870e+02
   1.1322070e+02   9.3711029e+01   1.9038708e+02   2.0717264e+02   1.5959309e+02   1.6930962e+02
   1.1357618e+02   9.3804226e+01   1.9044159e+02   2.0789796e+02   1.5979091e+02   1.6916448e+02
   1.1431660e+02   9.3555576e+01   1.9022241e+02   2.0726658e+02   1.5926009e+02   1.6895967e+02
   1.1386572e+02   9.3808647e+01   1.9150250e+02   2.0853819e+02   1.6005614e+02   1.6986623e+02
   1.1361743e+02   9.3851378e+01   1.9103467e+02   2.0952837e+02   1.6033131e+02   1.6911328e+02
   1.1354671e+02   9.3564417e+01   1.9156181e+02   2.1060476e+02   1.6060390e+02   1.6976161e+02
   1.1410295e+02   9.3514687e+01   1.9212468e+02   2.1132566e+02   1.6018470e+02   1.7035174e+02
   1.1385945e+02   9.3699977e+01   1.9171321e+02   2.1056055e+02   1.5987342e+02   1.6992701e+02
   1.1406501e+02   9.3725027e+01   1.9197218e+02   2.1048393e+02   1.5981117e+02   1.7019113e+02
   1.1338683e+02   9.3362549e+01   1.9108146e+02   2.0939687e+02   1.5981191e+02   1.7004526e+02
   1.1319233e+02   9.3923579e+01   1.9128885e+02   2.0955784e+02   1.5961593e+02   1.6905139e+02
   1.1421162e+02   9.4454033e+01   1.9134374e+02   2.1024780e+02   1.6033573e+02   1.6980655e+02
   1.1362075e+02   9.3719501e+01   1.9113155e+02   2.1059481e+02   1.6014234e+02   1.6953617e+02
   1.1376589e+02   9.3646195e+01   1.9061326e+02   2.0992658e+02   1.6025800e+02   1.6965073e+02
   1.1434976e+02   9.3459063e+01   1.9146125e+02   2.0807773e+02   1.5937207e+02   1.6897993e+02
   1.1338610e+02   9.3422594e+01   1.9088032e+02   2.0746918e+02   1.5962146e+02   1.6952696e+02
   1.1456120e+02   9.3962994e+01   1.9119565e+02   2.0858866e+02   1.5983180e+02   1.7000658e+02
   1.1500877e+02   9.4108133e+01   1.9274465e+02   2.1029827e+02   1.6021085e+02   1.7065270e+02
   1.1496862e+02   9.4250692e+01   1.9314691e+02   2.1079410e+02   1.6058512e+02   1.7035948e+02
   1.1600816e+02   9.4249955e+01   1.9263414e+02   2.1052371e+02   1.6024695e+02   1.6936524e+02
   1.1524969e+02   9.4252166e+01   1.9268719e+02   2.0897729e+02   1.5993126e+02   1.6995758e+02
   1.1482569e+02   9.3624830e+01   1.9312186e+02   2.0983044e+02   1.6033241e+02   1.6996937e+02
   1.1470965e+02   9.3895951e+01   1.9249747e+02   2.1039920e+02   1.6017696e+02   1.6881305e+02
   1.1448200e+02   9.3555208e+01   1.9281612e+02   2.0963262e+02   1.6006792e+02   1.6996164e+02
   1.1496825e+02   9.3993938e+01   1.9263488e+02   2.1037268e+02   1.6012023e+02   1.7013293e+02
   1.1473434e+02   9.3830749e+01   1.9144246e+02   2.0856324e+02   1.5934813e+02   1.6957779e+02
   1.1404953e+02   9.3782861e+01   1.9129216e+02   2.0914011e+02   1.6004619e+02   1.6983749e+02
   1.1457152e+02   9.4063560e+01   1.9132532e+02   2.1032848e+02   1.6052876e+02   1.7026407e+02
   1.1458625e+02   9.4237799e+01   1.9279475e+02   2.1146527e+02   1.6048934e+02   1.7013145e+02
   1.1461277e+02   9.4763833e+01   1.9305666e+02   2.1170766e+02   1.6085955e+02   1.7046962e+02
   1.1470708e+02   9.4864030e+01   1.9248826e+02   2.1056092e+02   1.6009924e+02   1.6990159e+02
   1.1465845e+02   9.4491975e+01   1.9166901e+02   2.1001536e+02   1.6033094e+02   1.7081147e+02
   1.1510602e+02   9.4147917e+01   1.9083317e+02   2.1057344e+02   1.6073210e+02   1.7056134e+02
   1.1433392e+02   9.4263585e+01   1.9136768e+02   2.1050566e+02   1.5982775e+02   1.6905102e+02
   1.1392466e+02   9.3652458e+01   1.9195597e+02   2.0986470e+02   1.5998394e+02   1.7025744e+02
   1.1416447e+02   9.3691136e+01   1.9195081e+02   2.0993837e+02   1.6007308e+02   1.7046151e+02
   1.1410516e+02   9.4088241e+01   1.9199686e+02   2.1047730e+02   1.5991984e+02   1.7052635e+02
   1.1484927e+02   9.3995043e+01   1.9268203e+02   2.1113263e+02   1.6028711e+02   1.7130214e+02
   1.1454573e+02   9.4334312e+01   1.9280875e+02   2.1001831e+02   1.6023259e+02   1.7076211e+02
   1.1464372e+02   9.4820931e+01   1.9250668e+02   2.0934051e+02   1.6001267e+02   1.6983492e+02
   1.1500730e+02   9.4895342e+01   1.9305850e+02   2.0979250e+02   1.6023922e+02   1.7083689e+02
   1.1598606e+02   9.5011010e+01   1.9249526e+02   2.1035021e+02   1.6036373e+02   1.7067185e+02
   1.1572378e+02   9.5328178e+01   1.9301982e+02   2.1033216e+02   1.6015523e+02   1.7022613e+02
   1.1513144e+02   9.4849295e+01   1.9236633e+02   2.1001389e+02   1.6024916e+02   1.7061255e+02
   1.1510381e+02   9.4669162e+01   1.9235897e+02   2.1145275e+02   1.6047166e+02   1.7001505e+02
   1.1464593e+02   9.4391778e+01   1.9325595e+02   2.1274646e+02   1.6099290e+02   1.7052156e+02
   1.1463119e+02   9.4000200e+01   1.9339667e+02   2.1196257e+02   1.6046503e+02   1.7008614e+02
   1.1503861e+02   9.4240009e+01   1.9234239e+02   2.1206166e+02   1.6036262e+02   1.7037789e+02
   1.1513070e+02   9.4576332e+01   1.9258809e+02   2.1254865e+02   1.6057664e+02   1.7153274e+02
   1.1552486e+02   9.4690527e+01   1.9342172e+02   2.1290818e+02   1.6020017e+02   1.7070796e+02
   1.1496309e+02   9.4086399e+01   1.9213610e+02   2.1090240e+02   1.5950726e+02   1.6970599e+02
   1.1415194e+02   9.3988044e+01   1.9169000e+02   2.1029459e+02   1.6003256e+02   1.7054514e+02
   1.1426098e+02   9.3638828e+01   1.9195560e+02   2.1000947e+02   1.6009261e+02   1.7024012e+02
   1.1458220e+02   9.3807542e+01   1.9160786e+02   2.0909149e+02   1.5951574e+02   1.7027291e+02
   1.1390366e+02   9.3674191e+01   1.9188671e+02   2.0799116e+02   1.5958352e+02   1.7096103e+02
   1.1471371e+02   9.3769231e+01   1.9230040e+02   2.0797385e+02   1.6013534e+02   1.7129809e+02
   1.1553702e+02   9.4366729e+01   1.9395659e+02   2.1049866e+02   1.6093175e+02   1.7167788e+02
   1.1562395e+02   9.4207593e+01   1.9371936e+02   2.1189737e+02   1.6085698e+02   1.7206540e+02
   1.1554807e+02   9.4442245e+01   1.9314949e+02   2.1087182e+02   1.6077483e+02   1.7117358e+02
   1.1475239e+02   9.4148653e+01   1.9280101e+02   2.1103538e+02   1.6016333e+02   1.7118426e+02
   1.1497967e+02   9.3642143e+01   1.9183404e+02   2.1029459e+02   1.6021343e+02   1.7112421e+02
   1.1480506e+02   9.3708082e+01   1.9127043e+02   2.0842547e+02   1.5950026e+02   1.7047293e+02
   1.1431992e+02   9.4124341e+01   1.9135073e+02   2.0827076e+02   1.6024953e+02   1.7124320e+02
   1.1483785e+02   9.4554967e+01   1.9172058e+02   2.0776867e+02   1.6000014e+02   1.7067664e+02
   1.1526037e+02   9.4214592e+01   1.9220020e+02   2.0835695e+02   1.5974007e+02   1.7098681e+02
   1.1504487e+02   9.4157126e+01   1.9138389e+02   2.0882736e+02   1.5974965e+02   1.7140749e+02
   1.1481832e+02   9.3880479e+01   1.9095879e+02   2.0909959e+02   1.5951316e+02   1.7066707e+02
   1.1491852e+02   9.3837748e+01   1.9101736e+02   2.0884320e+02   1.5971650e+02   1.7125941e+02
   1.1514581e+02   9.3814541e+01   1.9129916e+02   2.0800479e+02   1.5984653e+02   1.7152942e+02
   1.1529684e+02   9.4501185e+01   1.9148556e+02   2.0941750e+02   1.5929066e+02   1.7024786e+02
   1.1476602e+02   9.3989885e+01   1.9210369e+02   2.1051856e+02   1.5995594e+02   1.7117026e+02
   1.1530826e+02   9.4105186e+01   1.9270855e+02   2.1139823e+02   1.6022043e+02   1.7161636e+02
   1.1530973e+02   9.4102975e+01   1.9239728e+02   2.1080920e+02   1.5985464e+02   1.7095734e+02
   1.1496015e+02   9.3675297e+01   1.9158355e+02   2.1048467e+02   1.5976218e+02   1.7153716e+02
   1.1416152e+02   9.3634776e+01   1.9050238e+02   2.0932467e+02   1.5938018e+02   1.7038158e+02
   1.1418988e+02   9.3807910e+01   1.8999734e+02   2.0936592e+02   1.5971908e+02   1.6986586e+02
   1.1478075e+02   9.4746520e+01   1.9238954e+02   2.1138386e+02   1.6035010e+02   1.7109585e+02
   1.1516459e+02   9.4947650e+01   1.9248384e+02   2.1181559e+02   1.6066653e+02   1.7112385e+02
   1.1468829e+02   9.4622010e+01   1.9113487e+02   2.1106817e+02   1.6013497e+02   1.6992590e+02
   1.1426024e+02   9.4328050e+01   1.8978479e+02   2.1117684e+02   1.5960599e+02   1.6986881e+02
   1.1390845e+02   9.4266901e+01   1.8950777e+02   2.1136470e+02   1.5949805e+02   1.7008357e+02
   1.1334815e+02   9.3435487e+01   1.8880308e+02   2.0885389e+02   1.5965793e+02   1.6964520e+02
   1.1373089e+02   9.3992096e+01   1.8893790e+02   2.0789575e+02   1.5875616e+02   1.6932435e+02
   1.1297426e+02   9.3253880e+01   1.8938695e+02   2.0672875e+02   1.5945569e+02   1.6973030e+02
   1.1359496e+02   9.3592045e+01   1.8955529e+02   2.0784602e+02   1.5973786e+02   1.6975166e+02
   1.1357544e+02   9.3844747e+01   1.9002386e+02   2.1005073e+02   1.5984138e+02   1.6961095e+02
   1.1292269e+02   9.3258669e+01   1.8951698e+02   2.0898245e+02   1.5963546e+02   1.6937298e+02
   1.1327411e+02   9.3644353e+01   1.8890475e+02   2.0828696e+02   1.5996110e+02   1.7013109e+02
   1.1410295e+02   9.3919527e+01   1.8993287e+02   2.1113853e+02   1.6006645e+02   1.7088183e+02
   1.1335073e+02   9.4266901e+01   1.8943189e+02   2.1117426e+02   1.6038325e+02   1.7123915e+02
   1.1382520e+02   9.4039247e+01   1.8897953e+02   2.1053513e+02   1.6028232e+02   1.7058455e+02
   1.1432729e+02   9.4311842e+01   1.8970301e+02   2.1076389e+02   1.5961078e+02   1.7069875e+02
   1.1300741e+02   9.3225147e+01   1.8977005e+02   2.0963373e+02   1.5944427e+02   1.7061107e+02
   1.1283280e+02   9.2819939e+01   1.8940795e+02   2.0701351e+02   1.5891492e+02   1.6980766e+02
   1.1272745e+02   9.2691377e+01   1.8932469e+02   2.0576841e+02   1.5891124e+02   1.6950228e+02
   1.1228614e+02   9.2436465e+01   1.8890991e+02   2.0604653e+02   1.5972202e+02   1.7016498e+02
   1.1288990e+02   9.2547713e+01   1.8939542e+02   2.0727800e+02   1.5993310e+02   1.7017971e+02
   1.1295437e+02   9.2930450e+01   1.8942784e+02   2.0882442e+02   1.5993236e+02   1.7057460e+02
   1.1358133e+02   9.3867218e+01   1.9074734e+02   2.1039994e+02   1.6055049e+02   1.7133750e+02
   1.1340231e+02   9.2991968e+01   1.9118055e+02   2.0955453e+02   1.6006940e+02   1.7079600e+02
   1.1327964e+02   9.3529422e+01   1.9063609e+02   2.0892867e+02   1.5908253e+02   1.6937372e+02
   1.1307409e+02   9.3708082e+01   1.9057605e+02   2.0955453e+02   1.5962551e+02   1.7048914e+02
   1.1383514e+02   9.3466430e+01   1.9041286e+02   2.0954385e+02   1.5937318e+02   1.6997158e+02
   1.1362959e+02   9.3662035e+01   1.9046517e+02   2.0843358e+02   1.5876684e+02   1.7013882e+02
   1.1361449e+02   9.3696662e+01   1.9019073e+02   2.0873490e+02   1.5966935e+02   1.7051493e+02
   1.1405690e+02   9.3418910e+01   1.9080039e+02   2.0809541e+02   1.5938018e+02   1.7081368e+02
   1.1467687e+02   9.3974045e+01   1.9169258e+02   2.0854446e+02   1.5911679e+02   1.7075658e+02
   1.1395265e+02   9.3546735e+01   1.9139862e+02   2.0991995e+02   1.5981780e+02   1.7089140e+02
   1.1381672e+02   9.3492216e+01   1.9057421e+02   2.1050530e+02   1.5987085e+02   1.6958000e+02
   1.1465661e+02   9.3843642e+01   1.9160454e+02   2.1070311e+02   1.5985206e+02   1.7098350e+02
   1.1484264e+02   9.3441013e+01   1.9165206e+02   2.0958179e+02   1.5965756e+02   1.7109548e+02
   1.1464519e+02   9.3620041e+01   1.9169921e+02   2.0887120e+02   1.5908216e+02   1.7084204e+02
   1.1476307e+02   9.3718764e+01   1.9141594e+02   2.0906865e+02   1.5964835e+02   1.7202746e+02
   1.1372537e+02   9.3629987e+01   1.9213168e+02   2.0994537e+02   1.6007529e+02   1.7136439e+02
   1.1479364e+02   9.4010146e+01   1.9193239e+02   2.0950738e+02   1.6004435e+02   1.7134045e+02
   1.1550239e+02   9.4045141e+01   1.9242785e+02   2.1029901e+02   1.5918936e+02   1.7110174e+02
   1.1424772e+02   9.4203172e+01   1.9193129e+02   2.1020323e+02   1.5976549e+02   1.7074700e+02
   1.1329032e+02   9.3252775e+01   1.9091458e+02   2.0978808e+02   1.6025211e+02   1.7176702e+02
   1.1352313e+02   9.3117583e+01   1.9074771e+02   2.0982307e+02   1.6061201e+02   1.7161931e+02
   1.1413942e+02   9.3505846e+01   1.9117355e+02   2.0949338e+02   1.6010402e+02   1.7099565e+02
   1.1335479e+02   9.3308031e+01   1.9077166e+02   2.0888594e+02   1.5959788e+02   1.7083725e+02
   1.1324133e+02   9.3404544e+01   1.9024857e+02   2.0855293e+02   1.5982885e+02   1.7049135e+02
   1.1290353e+02   9.3436960e+01   1.8982420e+02   2.0767584e+02   1.5944685e+02   1.7005225e+02
   1.1345830e+02   9.3782493e+01   1.9113855e+02   2.0993248e+02   1.6028011e+02   1.7129956e+02
   1.1356734e+02   9.3656510e+01   1.9048469e+02   2.1045299e+02   1.6019980e+02   1.7129993e+02
   1.1403333e+02   9.3479691e+01   1.9066188e+02   2.1092892e+02   1.6046392e+02   1.7038305e+02
   1.1376883e+02   9.3731657e+01   1.9064199e+02   2.1103391e+02   1.5997731e+02   1.6972183e+02
   1.1318791e+02   9.3218885e+01   1.9060589e+02   2.1107553e+02   1.5989000e+02   1.7031232e+02
   1.1280370e+02   9.2882930e+01   1.8984299e+02   2.0841147e+02   1.5958204e+02   1.7030312e+02
   1.1299452e+02   9.3129002e+01   1.9055542e+02   2.0806668e+02   1.5971687e+02   1.6924773e+02
   1.1417588e+02   9.3408227e+01   1.9154045e+02   2.0978513e+02   1.6007456e+02   1.7083615e+02
   1.1366937e+02   9.2857881e+01   1.9228345e+02   2.1015534e+02   1.5982038e+02   1.7123951e+02
   1.1338462e+02   9.3063801e+01   1.9215194e+02   2.0941860e+02   1.5957026e+02   1.7030680e+02
   1.1382814e+02   9.3477113e+01   1.9213021e+02   2.1016197e+02   1.5983917e+02   1.7164767e+02
   1.1353492e+02   9.2918294e+01   1.9120781e+02   2.0905391e+02   1.5991431e+02   1.7064607e+02
   1.1388671e+02   9.3324607e+01   1.9139899e+02   2.0935156e+02   1.5977507e+02   1.6978113e+02
   1.1472181e+02   9.3744182e+01   1.9220020e+02   2.0927052e+02   1.6000051e+02   1.7142002e+02
   1.1505113e+02   9.3849904e+01   1.9207643e+02   2.0921673e+02   1.5974560e+02   1.7154931e+02
   1.1554402e+02   9.3925789e+01   1.9166901e+02   2.0907086e+02   1.5945643e+02   1.7145464e+02
   1.1476491e+02   9.3413385e+01   1.9067735e+02   2.0928599e+02   1.5961004e+02   1.7186759e+02
   1.1477117e+02   9.3725027e+01   1.9023383e+02   2.0795396e+02   1.6000714e+02   1.7117579e+02
   1.1566926e+02   9.4109238e+01   1.9202522e+02   2.0979471e+02   1.6055896e+02   1.7204514e+02
   1.1513844e+02   9.4297475e+01   1.9188414e+02   2.0908486e+02   1.5996183e+02   1.7132682e+02
   1.1473507e+02   9.3912528e+01   1.9029461e+02   2.0780808e+02   1.6010513e+02   1.7083615e+02
   1.1482532e+02   9.4049562e+01   1.9182667e+02   2.0869365e+02   1.6020606e+02   1.7223154e+02
   1.1471334e+02   9.3451695e+01   1.9179573e+02   2.0829028e+02   1.5972681e+02   1.7151800e+02
   1.1568584e+02   9.4382201e+01   1.9131574e+02   2.0777714e+02   1.5983143e+02   1.7184401e+02
   1.1538819e+02   9.3941629e+01   1.9196113e+02   2.1024707e+02   1.6010550e+02   1.7277452e+02
   1.1540919e+02   9.4067980e+01   1.9187861e+02   2.1253576e+02   1.6038362e+02   1.7227611e+02
   1.1567773e+02   9.3780282e+01   1.9112050e+02   2.1316641e+02   1.6022301e+02   1.7241204e+02
