   1.0000198e+02   8.4105471e+01   1.0879338e+02   1.1899588e+02   1.5745715e+02   1.6235248e+02
   9.9746720e+01   8.4323670e+01   1.0824441e+02   1.1869569e+02   1.5681043e+02   1.6217088e+02
   9.9602644e+01   8.3879861e+01   1.0854924e+02   1.2017258e+02   1.5726628e+02   1.6297372e+02
   1.0067186e+02   8.4516388e+01   1.1000435e+02   1.2222763e+02   1.5620216e+02   1.6396789e+02
   1.0159700e+02   8.4982434e+01   1.1117271e+02   1.2388566e+02   1.5704021e+02   1.6471004e+02
   1.0117451e+02   8.4980581e+01   1.1132327e+02   1.2406262e+02   1.5711526e+02   1.6391878e+02
   1.0142235e+02   8.4942130e+01   1.1134180e+02   1.2406031e+02   1.5646113e+02   1.6450204e+02
   1.0117265e+02   8.4793885e+01   1.1159938e+02   1.2488955e+02   1.5733392e+02   1.6493797e+02
   1.0126948e+02   8.4769331e+01   1.1146364e+02   1.2401908e+02   1.5685351e+02   1.6402256e+02
   1.0136722e+02   8.4608115e+01   1.1100640e+02   1.2317825e+02   1.5700964e+02   1.6407583e+02
   1.0183234e+02   8.4841138e+01   1.1171427e+02   1.2478902e+02   1.5733670e+02   1.6500422e+02
   1.0172209e+02   8.5139018e+01   1.1226185e+02   1.2423311e+02   1.5743723e+02   1.6406518e+02
   1.0111243e+02   8.4887001e+01   1.1175550e+02   1.2313794e+02   1.5684286e+02   1.6417312e+02
   1.0159330e+02   8.5017642e+01   1.1177496e+02   1.2427341e+02   1.5696979e+02   1.6472765e+02
   1.0167900e+02   8.5318765e+01   1.1251572e+02   1.2384350e+02   1.5728343e+02   1.6423797e+02
   1.0138066e+02   8.4583562e+01   1.1128343e+02   1.2388519e+02   1.5723525e+02   1.6356300e+02
   1.0120832e+02   8.5280777e+01   1.1163042e+02   1.2372537e+02   1.5704114e+02   1.6417080e+02
   1.0167900e+02   8.5129289e+01   1.1205014e+02   1.2548948e+02   1.5708468e+02   1.6496947e+02
   1.0129310e+02   8.5569855e+01   1.1230586e+02   1.2318473e+02   1.5701427e+02   1.6340039e+02
   1.0107398e+02   8.4959271e+01   1.1223637e+02   1.2234113e+02   1.5744325e+02   1.6407861e+02
   9.9970941e+01   8.4811952e+01   1.1122552e+02   1.2227256e+02   1.5685259e+02   1.6343652e+02
   1.0029893e+02   8.4385747e+01   1.1006087e+02   1.2187416e+02   1.5668350e+02   1.6374413e+02
   1.0112725e+02   8.4900436e+01   1.1102354e+02   1.2169811e+02   1.5694987e+02   1.6441772e+02
   1.0014930e+02   8.4918966e+01   1.1066127e+02   1.2326210e+02   1.5690540e+02   1.6455948e+02
   1.0124400e+02   8.5117244e+01   1.1059502e+02   1.2300406e+02   1.5736125e+02   1.6463175e+02
   1.0174710e+02   8.5698643e+01   1.1075809e+02   1.2280022e+02   1.5730613e+02   1.6551659e+02
   1.0129264e+02   8.5485541e+01   1.1209322e+02   1.2385323e+02   1.5811869e+02   1.6551196e+02
   1.0232526e+02   8.5277071e+01   1.1227204e+02   1.2428962e+02   1.5712730e+02   1.6562731e+02
   1.0308826e+02   8.5851521e+01   1.1333987e+02   1.2468896e+02   1.5771380e+02   1.6590342e+02
   1.0224743e+02   8.6036827e+01   1.1331717e+02   1.2737127e+02   1.5720328e+02   1.6569309e+02
   1.0228495e+02   8.5587459e+01   1.1224980e+02   1.2415018e+02   1.5742102e+02   1.6515802e+02
   1.0149555e+02   8.6036364e+01   1.1135292e+02   1.2283219e+02   1.5778283e+02   1.6553141e+02
   1.0120786e+02   8.5377600e+01   1.1149144e+02   1.2407004e+02   1.5803762e+02   1.6516914e+02
   1.0134591e+02   8.5597651e+01   1.1138350e+02   1.2336031e+02   1.5723247e+02   1.6554485e+02
   1.0100402e+02   8.5782494e+01   1.1185279e+02   1.2429889e+02   1.5718382e+02   1.6586635e+02
   1.0168919e+02   8.5471179e+01   1.1191950e+02   1.2404224e+02   1.5729547e+02   1.6515524e+02
   1.0170448e+02   8.6006252e+01   1.1224193e+02   1.2342934e+02   1.5740804e+02   1.6565186e+02
   1.0208621e+02   8.6243907e+01   1.1264821e+02   1.2641601e+02   1.5758779e+02   1.6569031e+02
   1.0160581e+02   8.5630080e+01   1.1226231e+02   1.2479829e+02   1.5734736e+02   1.6508390e+02
   1.0090998e+02   8.5783421e+01   1.1240546e+02   1.2476632e+02   1.5744788e+02   1.6453771e+02
   1.0082057e+02   8.6075741e+01   1.1263941e+02   1.2373648e+02   1.5754146e+02   1.6389562e+02
   1.0145385e+02   8.6116972e+01   1.1123525e+02   1.2281412e+02   1.5742194e+02   1.6435055e+02
   1.0151362e+02   8.5736168e+01   1.1183657e+02   1.2494005e+02   1.5760076e+02   1.6545590e+02
   1.0181335e+02   8.6075278e+01   1.1163644e+02   1.2461252e+02   1.5784398e+02   1.6538502e+02
   1.0141726e+02   8.6139209e+01   1.1195331e+02   1.2406726e+02   1.5761466e+02   1.6497642e+02
   1.0022944e+02   8.5551324e+01   1.1180136e+02   1.2444667e+02   1.5767257e+02   1.6502831e+02
   1.0119304e+02   8.5966411e+01   1.1149746e+02   1.2449763e+02   1.5736357e+02   1.6542810e+02
   1.0209502e+02   8.6524646e+01   1.1236562e+02   1.2481080e+02   1.5779719e+02   1.6534611e+02
   1.0142977e+02   8.5768133e+01   1.1205106e+02   1.2487473e+02   1.5740063e+02   1.6488747e+02
   1.0175035e+02   8.5894141e+01   1.1244160e+02   1.2555666e+02   1.5742565e+02   1.6532758e+02
   1.0103089e+02   8.5549471e+01   1.1119634e+02   1.2465653e+02   1.5701102e+02   1.6559812e+02
   1.0059959e+02   8.5559200e+01   1.1214603e+02   1.2640212e+02   1.5797554e+02   1.6587701e+02
   1.0214690e+02   8.6249003e+01   1.1227204e+02   1.2583740e+02   1.5723015e+02   1.6534379e+02
   1.0136444e+02   8.5993743e+01   1.1275199e+02   1.2494422e+02   1.5771056e+02   1.6560600e+02
   1.0202275e+02   8.5624984e+01   1.1121441e+02   1.2464773e+02   1.5756926e+02   1.6529329e+02
   1.0103228e+02   8.5427169e+01   1.1118337e+02   1.2462873e+02   1.5758316e+02   1.6526642e+02
   1.0076220e+02   8.5665288e+01   1.1066405e+02   1.2456527e+02   1.5713889e+02   1.6482817e+02
   1.0185458e+02   8.5933056e+01   1.1179117e+02   1.2480848e+02   1.5718058e+02   1.6561619e+02
   1.0163546e+02   8.5855690e+01   1.1233458e+02   1.2497248e+02   1.5785926e+02   1.6560137e+02
   1.0169800e+02   8.5913598e+01   1.1222942e+02   1.2515871e+02   1.5701010e+02   1.6547072e+02
   1.0119257e+02   8.5979845e+01   1.1243650e+02   1.2599444e+02   1.5783147e+02   1.6610262e+02
   1.0104479e+02   8.6141989e+01   1.1111110e+02   1.2437996e+02   1.5730335e+02   1.6544061e+02
   1.0164704e+02   8.6265217e+01   1.1221043e+02   1.2386435e+02   1.5719448e+02   1.6603267e+02
   1.0133109e+02   8.5773229e+01   1.1209507e+02   1.2395607e+02   1.5787594e+02   1.6580984e+02
   1.0170680e+02   8.6063697e+01   1.1216271e+02   1.2462827e+02   1.5746688e+02   1.6561341e+02
   1.0199866e+02   8.6407440e+01   1.1245086e+02   1.2441841e+02   1.5731122e+02   1.6572969e+02
   1.0188932e+02   8.6609887e+01   1.1227482e+02   1.2446381e+02   1.5723200e+02   1.6508112e+02
   1.0190600e+02   8.6478783e+01   1.1234848e+02   1.2393152e+02   1.5701797e+02   1.6581771e+02
   1.0070753e+02   8.6434309e+01   1.1257131e+02   1.2504892e+02   1.5735847e+02   1.6625828e+02
   1.0104062e+02   8.7264945e+01   1.1290162e+02   1.2623302e+02   1.5744974e+02   1.6543274e+02
   1.0021647e+02   8.5462377e+01   1.1247681e+02   1.2561040e+02   1.5812472e+02   1.6573896e+02
   1.0152427e+02   8.6784075e+01   1.1180322e+02   1.2532178e+02   1.5767118e+02   1.6670857e+02
   9.9771273e+01   8.6105391e+01   1.1014333e+02   1.2503548e+02   1.5742472e+02   1.6527198e+02
   1.0115644e+02   8.6557075e+01   1.1032401e+02   1.2443231e+02   1.5667655e+02   1.6589322e+02
   1.0074135e+02   8.6392152e+01   1.1143075e+02   1.2601529e+02   1.5716483e+02   1.6516404e+02
   1.0153307e+02   8.6874875e+01   1.1153452e+02   1.2668841e+02   1.5707727e+02   1.6571023e+02
   1.0213578e+02   8.7081492e+01   1.1228270e+02   1.2683434e+02   1.5769990e+02   1.6624577e+02
   1.0138807e+02   8.6440795e+01   1.1216966e+02   1.2596896e+02   1.5810758e+02   1.6661314e+02
   1.0186987e+02   8.6426434e+01   1.1213445e+02   1.2508320e+02   1.5794219e+02   1.6632916e+02
   1.0214319e+02   8.6906841e+01   1.1250877e+02   1.2572158e+02   1.5768554e+02   1.6673915e+02
   1.0185968e+02   8.6877192e+01   1.1298269e+02   1.2675559e+02   1.5811221e+02   1.6575054e+02
   1.0163499e+02   8.6476930e+01   1.1275384e+02   1.2776319e+02   1.5799500e+02   1.6488516e+02
   1.0226596e+02   8.7163027e+01   1.1259725e+02   1.2701085e+02   1.5782915e+02   1.6556430e+02
   1.0163175e+02   8.7181557e+01   1.1254537e+02   1.2637386e+02   1.5722644e+02   1.6498291e+02
   1.0207973e+02   8.6973551e+01   1.1290950e+02   1.2654527e+02   1.5738581e+02   1.6498013e+02
   1.0282744e+02   8.7682811e+01   1.1365165e+02   1.2765757e+02   1.5782359e+02   1.6594650e+02
   1.0292055e+02   8.7938534e+01   1.1308600e+02   1.2748894e+02   1.5805754e+02   1.6523353e+02
   1.0230395e+02   8.7704121e+01   1.1307581e+02   1.2624831e+02   1.5728250e+02   1.6534055e+02
   1.0114671e+02   8.6953630e+01   1.1273948e+02   1.2497526e+02   1.5795748e+02   1.6568151e+02
   1.0105220e+02   8.6839667e+01   1.1177959e+02   1.2495302e+02   1.5760493e+02   1.6487496e+02
   1.0182678e+02   8.6966602e+01   1.1261440e+02   1.2649106e+02   1.5781016e+02   1.6584412e+02
   1.0131719e+02   8.7433111e+01   1.1227853e+02   1.2550616e+02   1.5810109e+02   1.6561156e+02
   1.0188608e+02   8.7399756e+01   1.1209832e+02   1.2697703e+02   1.5818911e+02   1.6607343e+02
   1.0176980e+02   8.7209353e+01   1.1342372e+02   1.2691773e+02   1.5819838e+02   1.6676370e+02
   1.0222658e+02   8.7460443e+01   1.1262551e+02   1.2752739e+02   1.5837720e+02   1.6586913e+02
   1.0150203e+02   8.6891090e+01   1.1285946e+02   1.2704235e+02   1.5757945e+02   1.6590295e+02
   1.0279455e+02   8.7747205e+01   1.1345569e+02   1.2752785e+02   1.5808302e+02   1.6674054e+02
   1.0245961e+02   8.7906569e+01   1.1400883e+02   1.2834413e+02   1.5828037e+02   1.6708289e+02
   1.0237622e+02   8.7812526e+01   1.1382908e+02   1.2898946e+02   1.5785417e+02   1.6659090e+02
   1.0205008e+02   8.7875530e+01   1.1430346e+02   1.2902837e+02   1.5798203e+02   1.6578945e+02
   1.0124816e+02   8.7775464e+01   1.1356641e+02   1.2833116e+02   1.5858613e+02   1.6568151e+02
   1.0209548e+02   8.8071028e+01   1.1237535e+02   1.2741760e+02   1.5748309e+02   1.6511447e+02
   1.0202136e+02   8.7875530e+01   1.1248051e+02   1.2702058e+02   1.5753405e+02   1.6546748e+02
   1.0147053e+02   8.7616564e+01   1.1245503e+02   1.2620384e+02   1.5768415e+02   1.6592287e+02
   1.0133526e+02   8.7864875e+01   1.1247264e+02   1.2607134e+02   1.5741685e+02   1.6543876e+02
   1.0135472e+02   8.7542442e+01   1.1192922e+02   1.2659298e+02   1.5708793e+02   1.6521454e+02
   1.0024288e+02   8.7103729e+01   1.1213584e+02   1.2509988e+02   1.5762578e+02   1.6591963e+02
   1.0160210e+02   8.7962160e+01   1.1242260e+02   1.2663004e+02   1.5771426e+02   1.6616238e+02
   1.0241467e+02   8.8553288e+01   1.1366184e+02   1.2746809e+02   1.5731076e+02   1.6641023e+02
   1.0292102e+02   8.8850705e+01   1.1385224e+02   1.2735228e+02   1.5783147e+02   1.6685821e+02
   1.0157755e+02   8.8461561e+01   1.1268944e+02   1.2607181e+02   1.5773557e+02   1.6560044e+02
   1.0148072e+02   8.7641580e+01   1.1298362e+02   1.2666155e+02   1.5706152e+02   1.6588859e+02
   1.0168502e+02   8.7857462e+01   1.1327779e+02   1.2792256e+02   1.5795192e+02   1.6580057e+02
   1.0132182e+02   8.8128936e+01   1.1291089e+02   1.2675744e+02   1.5796952e+02   1.6487682e+02
   1.0168271e+02   8.7547537e+01   1.1320089e+02   1.2684546e+02   1.5729362e+02   1.6492500e+02
   1.0061534e+02   8.7763419e+01   1.1314669e+02   1.2637386e+02   1.5763875e+02   1.6538039e+02
   1.0164565e+02   8.8318412e+01   1.1288170e+02   1.2722302e+02   1.5722088e+02   1.6523168e+02
   1.0182725e+02   8.7841711e+01   1.1353629e+02   1.2769833e+02   1.5735431e+02   1.6533869e+02
   1.0191712e+02   8.8337406e+01   1.1359235e+02   1.2842335e+02   1.5805059e+02   1.6585199e+02
   1.0247258e+02   8.8809011e+01   1.1383278e+02   1.2721793e+02   1.5761744e+02   1.6503479e+02
   1.0230626e+02   8.8210934e+01   1.1408387e+02   1.2770945e+02   1.5698508e+02   1.6495465e+02
   1.0198059e+02   8.8114112e+01   1.1332273e+02   1.2710257e+02   1.5693829e+02   1.6503942e+02
   1.0119257e+02   8.7701342e+01   1.1238323e+02   1.2685704e+02   1.5719031e+02   1.6433711e+02
   1.0193009e+02   8.8255408e+01   1.1362200e+02   1.2854889e+02   1.5729593e+02   1.6482447e+02
   1.0112169e+02   8.8022848e+01   1.1422471e+02   1.2723739e+02   1.5767396e+02   1.6483512e+02
   1.0158450e+02   8.7701805e+01   1.1383742e+02   1.2744308e+02   1.5709766e+02   1.6528449e+02
   1.0233869e+02   8.7845417e+01   1.1435720e+02   1.2730780e+02   1.5709627e+02   1.6609984e+02
   1.0176563e+02   8.8124767e+01   1.1421405e+02   1.2762421e+02   1.5774345e+02   1.6522473e+02
   1.0319110e+02   8.8525955e+01   1.1395184e+02   1.2868833e+02   1.5771797e+02   1.6516960e+02
   1.0295113e+02   8.8503255e+01   1.1447255e+02   1.2790912e+02   1.5802094e+02   1.6605212e+02
   1.0309057e+02   8.9116619e+01   1.1442206e+02   1.2787391e+02   1.5756926e+02   1.6599838e+02
   1.0334954e+02   8.8582010e+01   1.1440584e+02   1.2875180e+02   1.5812472e+02   1.6639170e+02
   1.0222983e+02   8.8327677e+01   1.1420710e+02   1.2757650e+02   1.5735384e+02   1.6578853e+02
   1.0085393e+02   8.8149320e+01   1.1314715e+02   1.2695572e+02   1.5786529e+02   1.6540494e+02
   1.0184902e+02   8.8098824e+01   1.1267091e+02   1.2679033e+02   1.5768415e+02   1.6492453e+02
   1.0201348e+02   8.8155806e+01   1.1326389e+02   1.2654619e+02   1.5777078e+02   1.6649269e+02
   1.0095770e+02   8.8340185e+01   1.1370492e+02   1.2729205e+02   1.5752664e+02   1.6540448e+02
   1.0217840e+02   8.8453222e+01   1.1333987e+02   1.2749728e+02   1.5765913e+02   1.6556430e+02
   1.0197364e+02   8.8465731e+01   1.1381425e+02   1.2678246e+02   1.5795284e+02   1.6676324e+02
   1.0275888e+02   8.9205566e+01   1.1383556e+02   1.2671019e+02   1.5750857e+02   1.6597754e+02
   1.0213810e+02   8.9226413e+01   1.1412650e+02   1.2740648e+02   1.5761142e+02   1.6566622e+02
   1.0248833e+02   8.9273203e+01   1.1418857e+02   1.2657955e+02   1.5834755e+02   1.6624345e+02
   1.0225762e+02   8.8739057e+01   1.1446144e+02   1.2776829e+02   1.5815159e+02   1.6663121e+02
   1.0249111e+02   8.9469165e+01   1.1483298e+02   1.2946291e+02   1.5730937e+02   1.6712273e+02
   1.0271857e+02   8.9750367e+01   1.1525501e+02   1.2975153e+02   1.5803253e+02   1.6661592e+02
   1.0258144e+02   8.9870353e+01   1.1551398e+02   1.2950137e+02   1.5778236e+02   1.6544941e+02
   1.0316099e+02   9.0246988e+01   1.1548850e+02   1.2902930e+02   1.5733855e+02   1.6545822e+02
   1.0223585e+02   8.9944939e+01   1.1550703e+02   1.2888985e+02   1.5775920e+02   1.6617628e+02
   1.0164611e+02   8.9593320e+01   1.1383139e+02   1.2654573e+02   1.5769573e+02   1.6556801e+02
   1.0127411e+02   8.9204640e+01   1.1400280e+02   1.2656426e+02   1.5737191e+02   1.6486292e+02
   1.0087663e+02   8.9243554e+01   1.1421220e+02   1.2712018e+02   1.5742518e+02   1.6541652e+02
   1.0159191e+02   8.9348715e+01   1.1382167e+02   1.2703679e+02   1.5681321e+02   1.6500607e+02
   1.0222566e+02   8.9753610e+01   1.1464165e+02   1.2895657e+02   1.5704994e+02   1.6562175e+02
   1.0247814e+02   8.9566450e+01   1.1514522e+02   1.2949859e+02   1.5742750e+02   1.6730757e+02
   1.0278204e+02   9.0348907e+01   1.1594342e+02   1.2970984e+02   1.5790652e+02   1.6644636e+02
   1.0350427e+02   9.0322037e+01   1.1558393e+02   1.2867444e+02   1.5797601e+02   1.6592750e+02
   1.0302340e+02   9.0373923e+01   1.1514661e+02   1.2815280e+02   1.5763412e+02   1.6661406e+02
   1.0199588e+02   8.9886104e+01   1.1450545e+02   1.2735830e+02   1.5771102e+02   1.6555967e+02
   1.0136908e+02   8.9067513e+01   1.1404033e+02   1.2711786e+02   1.5745113e+02   1.6606000e+02
   1.0155763e+02   8.9545604e+01   1.1455872e+02   1.2772798e+02   1.5743769e+02   1.6624438e+02
   1.0098549e+02   8.9967176e+01   1.1404728e+02   1.2694460e+02   1.5685120e+02   1.6594279e+02
   1.0204823e+02   9.0184911e+01   1.1368825e+02   1.2841176e+02   1.5781248e+02   1.6638753e+02
   1.0226689e+02   9.0274784e+01   1.1421776e+02   1.2896954e+02   1.5735153e+02   1.6657469e+02
   1.0237158e+02   9.0452215e+01   1.1408295e+02   1.2685056e+02   1.5782915e+02   1.6579269e+02
   1.0193426e+02   9.0534213e+01   1.1416726e+02   1.2826120e+02   1.5770870e+02   1.6659692e+02
   1.0150435e+02   8.9748514e+01   1.1418904e+02   1.2781415e+02   1.5756046e+02   1.6696522e+02
   1.0072606e+02   8.9504836e+01   1.1325370e+02   1.2611119e+02   1.5778792e+02   1.6563472e+02
   1.0049675e+02   8.9348715e+01   1.1273021e+02   1.2621264e+02   1.5758131e+02   1.6607668e+02
   1.0012382e+02   8.9986633e+01   1.1223035e+02   1.2528287e+02   1.5775503e+02   1.6541282e+02
   1.0147517e+02   9.0006090e+01   1.1241843e+02   1.2467135e+02   1.5834801e+02   1.6615821e+02
   1.0073626e+02   8.9733226e+01   1.1275013e+02   1.2539637e+02   1.5794358e+02   1.6586311e+02
   1.0011872e+02   8.9168968e+01   1.1258660e+02   1.2437950e+02   1.5804179e+02   1.6529237e+02
   1.0105174e+02   9.0161284e+01   1.1316985e+02   1.2423774e+02   1.5733948e+02   1.6537298e+02
   1.0119072e+02   9.0522631e+01   1.1437388e+02   1.2591522e+02   1.5795748e+02   1.6536834e+02
   1.0035360e+02   8.9609997e+01   1.1263848e+02   1.2440127e+02   1.5820996e+02   1.6535259e+02
   1.0129681e+02   8.9885177e+01   1.1306330e+02   1.2500166e+02   1.5823683e+02   1.6667753e+02
   1.0130793e+02   9.0619454e+01   1.1432802e+02   1.2772520e+02   1.5785185e+02   1.6666780e+02
   1.0054307e+02   8.9987096e+01   1.1460459e+02   1.2616817e+02   1.5785185e+02   1.6616238e+02
   1.0045505e+02   9.0177035e+01   1.1420896e+02   1.2644983e+02   1.5792968e+02   1.6582466e+02
   1.0109668e+02   9.1470937e+01   1.1610093e+02   1.2729020e+02   1.5802697e+02   1.6694576e+02
   1.0110270e+02   9.0595827e+01   1.1524158e+02   1.2588233e+02   1.5821366e+02   1.6664557e+02
   1.0062044e+02   9.1053997e+01   1.1386707e+02   1.2562012e+02   1.5763180e+02   1.6615636e+02
   1.0027577e+02   9.0511976e+01   1.1299937e+02   1.2571231e+02   1.5784537e+02   1.6634305e+02
   1.0002097e+02   9.0057512e+01   1.1191069e+02   1.2455508e+02   1.5739693e+02   1.6509270e+02
   1.0030912e+02   8.9765192e+01   1.1322683e+02   1.2656287e+02   1.5730474e+02   1.6553929e+02
   9.9639242e+01   8.9791134e+01   1.1284186e+02   1.2432761e+02   1.5761420e+02   1.6550686e+02
   9.8936004e+01   9.0244209e+01   1.1234616e+02   1.2348910e+02   1.5755119e+02   1.6522936e+02
   9.9185242e+01   9.0063072e+01   1.1278071e+02   1.2357341e+02   1.5710599e+02   1.6617628e+02
   9.9762471e+01   9.0303043e+01   1.1311843e+02   1.2299063e+02   1.5849811e+02   1.6721677e+02
   1.0089979e+02   9.1187881e+01   1.1399771e+02   1.2623997e+02   1.5897018e+02   1.6717045e+02
   1.0100541e+02   9.1373188e+01   1.1427613e+02   1.2583184e+02   1.5903967e+02   1.6859823e+02
   1.0034850e+02   9.0953005e+01   1.1363219e+02   1.2455508e+02   1.5905866e+02   1.6836706e+02
   1.0109714e+02   9.1563127e+01   1.1415846e+02   1.2382636e+02   1.5882008e+02   1.6843609e+02
   1.0016644e+02   9.1726196e+01   1.1534627e+02   1.2600232e+02   1.5884185e+02   1.6805668e+02
   1.0031746e+02   9.1992574e+01   1.1632284e+02   1.2699046e+02   1.5836978e+02   1.6718388e+02
   1.0026650e+02   9.2279336e+01   1.1511510e+02   1.2634606e+02   1.5806079e+02   1.6686006e+02
   9.9804165e+01   9.2545714e+01   1.1507804e+02   1.2656982e+02   1.5781618e+02   1.6750724e+02
   9.8948513e+01   9.1117465e+01   1.1377163e+02   1.2470656e+02   1.5876541e+02   1.6704027e+02
   9.9237127e+01   9.1638639e+01   1.1364424e+02   1.2479922e+02   1.5893590e+02   1.6614061e+02
   1.0003348e+02   9.2617520e+01   1.1471392e+02   1.2682508e+02   1.5862365e+02   1.6670116e+02
   9.9686959e+01   9.3010370e+01   1.1472179e+02   1.2570629e+02   1.5916151e+02   1.6664510e+02
   9.9397881e+01   9.3194286e+01   1.1478989e+02   1.2520921e+02   1.5927501e+02   1.6716304e+02
   9.9656846e+01   9.3766420e+01   1.1536110e+02   1.2578088e+02   1.6019135e+02   1.6803675e+02
   9.9736528e+01   9.3658479e+01   1.1558764e+02   1.2475521e+02   1.6050451e+02   1.6910922e+02
   9.9876898e+01   9.4096728e+01   1.1513086e+02   1.2539034e+02   1.6013066e+02   1.6930425e+02
   9.9024025e+01   9.3904010e+01   1.1541298e+02   1.2692144e+02   1.6021127e+02   1.6998108e+02
   1.0028133e+02   9.3668671e+01   1.1506461e+02   1.2560669e+02   1.6014641e+02   1.6958314e+02
   9.9937122e+01   9.3686738e+01   1.1559505e+02   1.2688716e+02   1.5894701e+02   1.6828321e+02
   9.8659898e+01   9.3774295e+01   1.1598697e+02   1.2565024e+02   1.5893034e+02   1.6833880e+02
   9.7585584e+01   9.4187528e+01   1.1507063e+02   1.2518419e+02   1.5908136e+02   1.6745026e+02
   9.7681017e+01   9.4213471e+01   1.1428215e+02   1.2357017e+02   1.5966230e+02   1.6894985e+02
   9.8498218e+01   9.5350326e+01   1.1418533e+02   1.2520596e+02   1.6047116e+02   1.6844999e+02
   9.9139841e+01   9.4954697e+01   1.1521563e+02   1.2466302e+02   1.6048598e+02   1.6891557e+02
   9.9488681e+01   9.6146217e+01   1.1551629e+02   1.2714936e+02   1.5962477e+02   1.6887990e+02
   9.9422897e+01   9.5192352e+01   1.1417329e+02   1.2427665e+02   1.5902392e+02   1.6791214e+02
   9.9570216e+01   9.6098500e+01   1.1441372e+02   1.2512072e+02   1.5821876e+02   1.6786674e+02
   9.9422897e+01   9.4969985e+01   1.1430022e+02   1.2393569e+02   1.5855138e+02   1.6822994e+02
   9.7444751e+01   9.4798113e+01   1.1457355e+02   1.2289844e+02   1.5803392e+02   1.6693650e+02
   9.7183933e+01   9.4413602e+01   1.1505164e+02   1.2474177e+02   1.5849348e+02   1.6771849e+02
   9.7814438e+01   9.5084411e+01   1.1450128e+02   1.2505401e+02   1.5940750e+02   1.6720705e+02
   9.7703717e+01   9.5180307e+01   1.1429837e+02   1.2514064e+02   1.5932874e+02   1.6648991e+02
   9.7775060e+01   9.4698511e+01   1.1460598e+02   1.2520921e+02   1.5951637e+02   1.6794734e+02
   9.7861227e+01   9.5297977e+01   1.1335099e+02   1.2602872e+02   1.5967295e+02   1.6795893e+02
   9.8784980e+01   9.5933115e+01   1.1439241e+02   1.2511192e+02   1.5949181e+02   1.6876316e+02
   9.9471077e+01   9.6477452e+01   1.1498539e+02   1.2823572e+02   1.6097427e+02   1.7021966e+02
   9.9875971e+01   9.6212464e+01   1.1551120e+02   1.2655638e+02   1.6127631e+02   1.7073018e+02
   1.0017617e+02   9.6552038e+01   1.1654891e+02   1.2919978e+02   1.6051702e+02   1.7029657e+02
   1.0008305e+02   9.6597901e+01   1.1563118e+02   1.2799899e+02   1.6031226e+02   1.6957526e+02
   9.9987155e+01   9.7341443e+01   1.1589617e+02   1.2801475e+02   1.5991478e+02   1.6920465e+02
   9.9972330e+01   9.6885589e+01   1.1598234e+02   1.2805366e+02   1.6008340e+02   1.7030444e+02
   1.0035082e+02   9.7370629e+01   1.1399446e+02   1.2652164e+02   1.6012093e+02   1.6930935e+02
   9.9611446e+01   9.7319670e+01   1.1450359e+02   1.2675698e+02   1.5930419e+02   1.6921252e+02
   9.7779229e+01   9.6100354e+01   1.1502291e+02   1.2591708e+02   1.5985965e+02   1.6891835e+02
   1.0029013e+02   9.7218214e+01   1.1441465e+02   1.2720403e+02   1.6112251e+02   1.6778011e+02
   1.0309150e+02   9.7373408e+01   1.1491358e+02   1.2641601e+02   1.6078525e+02   1.7026043e+02
   1.0394252e+02   9.7385453e+01   1.1533747e+02   1.2948191e+02   1.6013761e+02   1.7019326e+02
   1.0312439e+02   9.7379431e+01   1.1515402e+02   1.2862070e+02   1.5889466e+02   1.6956044e+02
   1.0210104e+02   9.6415838e+01   1.1527956e+02   1.2829595e+02   1.5821783e+02   1.6880300e+02
   1.0103136e+02   9.6430662e+01   1.1318699e+02   1.2538154e+02   1.5783240e+02   1.6654735e+02
   1.0086504e+02   9.6156872e+01   1.1351962e+02   1.2600371e+02   1.5763134e+02   1.6768653e+02
   1.0023917e+02   9.6086919e+01   1.1318468e+02   1.2506142e+02   1.5753174e+02   1.6610401e+02
   1.0053613e+02   9.7152431e+01   1.1282425e+02   1.2439988e+02   1.5724405e+02   1.6635695e+02
   1.0061256e+02   9.6534434e+01   1.1289282e+02   1.2408996e+02   1.5742287e+02   1.6610957e+02
   9.9893112e+01   9.5978978e+01   1.1150487e+02   1.2367811e+02   1.5754146e+02   1.6472348e+02
   9.9888479e+01   9.6509881e+01   1.1221089e+02   1.2582998e+02   1.5780182e+02   1.6595576e+02
   9.9309397e+01   9.6417227e+01   1.1247171e+02   1.2515130e+02   1.5811869e+02   1.6570143e+02
   1.0026558e+02   9.8009473e+01   1.1305079e+02   1.2535467e+02   1.5829983e+02   1.6546470e+02
   9.9964918e+01   9.7096375e+01   1.1315781e+02   1.2735505e+02   1.5858474e+02   1.6644451e+02
   1.0046571e+02   9.7713446e+01   1.1419506e+02   1.2762190e+02   1.5900492e+02   1.6682809e+02
   1.0090859e+02   9.7641639e+01   1.1461756e+02   1.2756352e+02   1.5877468e+02   1.6621380e+02
   1.0117173e+02   9.8016885e+01   1.1534766e+02   1.2853731e+02   1.5949181e+02   1.6711208e+02
   1.0083956e+02   9.8274924e+01   1.1575858e+02   1.2911732e+02   1.5994859e+02   1.6660295e+02
   1.0175822e+02   9.7897825e+01   1.1552185e+02   1.2831309e+02   1.5962894e+02   1.6689944e+02
   1.0216358e+02   9.8145209e+01   1.1495620e+02   1.2765062e+02   1.6000419e+02   1.6773841e+02
   1.0188099e+02   9.8694180e+01   1.1516467e+02   1.2844605e+02   1.6036831e+02   1.6738679e+02
   1.0255226e+02   9.8632102e+01   1.1528559e+02   1.2801660e+02   1.5968546e+02   1.6700460e+02
   1.0259395e+02   9.8915158e+01   1.1561821e+02   1.2964452e+02   1.6011861e+02   1.6784496e+02
   1.0253373e+02   9.8916547e+01   1.1575488e+02   1.2912983e+02   1.5911611e+02   1.6706807e+02
   1.0149833e+02   9.8792855e+01   1.1580398e+02   1.2722395e+02   1.5980545e+02   1.6732703e+02
   1.0159654e+02   9.8805363e+01   1.1605878e+02   1.2854055e+02   1.6050637e+02   1.6847500e+02
   1.0184531e+02   9.8556126e+01   1.1569882e+02   1.2673891e+02   1.6130365e+02   1.6818083e+02
   1.0113003e+02   9.8835476e+01   1.1605044e+02   1.2778358e+02   1.6003708e+02   1.6875482e+02
   1.0117960e+02   9.8534353e+01   1.1465832e+02   1.2553674e+02   1.6093489e+02   1.6856071e+02
   1.0115366e+02   9.9195897e+01   1.1399539e+02   1.2432113e+02   1.6027520e+02   1.6792650e+02
   1.0125836e+02   9.8548714e+01   1.1517533e+02   1.2617743e+02   1.6003939e+02   1.6941034e+02
   1.0116895e+02   9.9978816e+01   1.1509472e+02   1.2886391e+02   1.6058281e+02   1.6837772e+02
   1.0053613e+02   9.9301521e+01   1.1549406e+02   1.2858873e+02   1.5981054e+02   1.6754801e+02
   1.0122315e+02   9.9302448e+01   1.1533655e+02   1.2825703e+02   1.6072040e+02   1.6809003e+02
   1.0114764e+02   9.9613299e+01   1.1444754e+02   1.2645725e+02   1.6037526e+02   1.6697171e+02
   1.0132275e+02   9.8795635e+01   1.1519015e+02   1.2846319e+02   1.6053416e+02   1.6734417e+02
   1.0096048e+02   9.9235274e+01   1.1577665e+02   1.2667915e+02   1.6175811e+02   1.6783662e+02
   1.0053890e+02   9.8475981e+01   1.1437388e+02   1.2763301e+02   1.6113085e+02   1.6819658e+02
   1.0028318e+02   9.8359702e+01   1.1586189e+02   1.2631224e+02   1.6146255e+02   1.6784867e+02
   1.0106795e+02   9.8824821e+01   1.1530921e+02   1.2764182e+02   1.6096361e+02   1.6745860e+02
   1.0120091e+02   9.9743940e+01   1.1546997e+02   1.2731382e+02   1.6191562e+02   1.6758044e+02
   9.9866706e+01   9.8700202e+01   1.1512391e+02   1.2690615e+02   1.6074217e+02   1.6752809e+02
   9.9754595e+01   9.8591335e+01   1.1465416e+02   1.2682045e+02   1.6121424e+02   1.6792140e+02
   1.0020350e+02   9.8934151e+01   1.1520961e+02   1.2746855e+02   1.6043317e+02   1.6747574e+02
   9.9865316e+01   9.8455598e+01   1.1564786e+02   1.2778080e+02   1.6025852e+02   1.6704537e+02
   1.0043235e+02   9.8550104e+01   1.1656930e+02   1.2990116e+02   1.5983926e+02   1.6759156e+02
   9.9438185e+01   9.8467643e+01   1.1605137e+02   1.2806756e+02   1.5997407e+02   1.6666780e+02
   9.9100001e+01   9.8213310e+01   1.1554780e+02   1.2599259e+02   1.5970909e+02   1.6625133e+02
   9.8361555e+01   9.8485710e+01   1.1371836e+02   1.2595738e+02   1.6017791e+02   1.6549250e+02
   9.8084522e+01   9.7460966e+01   1.1379294e+02   1.2471444e+02   1.6040121e+02   1.6612532e+02
   9.8456524e+01   9.7397498e+01   1.1353583e+02   1.2379115e+02   1.6147228e+02   1.6738865e+02
   9.7637007e+01   9.8194316e+01   1.1320877e+02   1.2440451e+02   1.6159458e+02   1.6754291e+02
   9.8183661e+01   9.7556398e+01   1.1388143e+02   1.2406957e+02   1.6170623e+02   1.6826237e+02
   9.9168101e+01   9.9172270e+01   1.1414503e+02   1.2603845e+02   1.6288802e+02   1.6803120e+02
   1.0017385e+02   9.8600137e+01   1.1416773e+02   1.2525739e+02   1.6274394e+02   1.6706529e+02
   1.0047497e+02   9.8643220e+01   1.1424324e+02   1.2712435e+02   1.6233905e+02   1.6734649e+02
   1.0016366e+02   9.8758574e+01   1.1539353e+02   1.2804115e+02   1.6129438e+02   1.6782087e+02
   9.9994567e+01   9.8787296e+01   1.1535739e+02   1.2760568e+02   1.6076765e+02   1.6657469e+02
   9.9509528e+01   9.8937394e+01   1.1427335e+02   1.2642157e+02   1.6076811e+02   1.6663954e+02
   9.8545471e+01   9.9138452e+01   1.1268435e+02   1.2329870e+02   1.6075746e+02   1.6600904e+02
   9.9876898e+01   9.9100927e+01   1.1301605e+02   1.2448095e+02   1.6066851e+02   1.6663074e+02
   9.9676767e+01   9.9325148e+01   1.1386614e+02   1.2394310e+02   1.6207406e+02   1.6764391e+02
   1.0041290e+02   9.8829453e+01   1.1457725e+02   1.2548763e+02   1.6177757e+02   1.6716952e+02
   1.0082474e+02   9.9095831e+01   1.1565435e+02   1.2525275e+02   1.6253964e+02   1.6819843e+02
   1.0102765e+02   9.9700393e+01   1.1582668e+02   1.2809535e+02   1.6227975e+02   1.6763325e+02
   1.0112216e+02   9.9004568e+01   1.1518413e+02   1.2631271e+02   1.6252713e+02   1.6803583e+02
   1.0113513e+02   1.0022527e+02   1.1604210e+02   1.2741899e+02   1.6350092e+02   1.6750446e+02
   1.0094009e+02   9.9219523e+01   1.1526706e+02   1.2538200e+02   1.6174236e+02   1.6764668e+02
   1.0030912e+02   1.0016737e+02   1.1657625e+02   1.2846736e+02   1.6320674e+02   1.6852689e+02
   1.0017895e+02   9.8695569e+01   1.1559181e+02   1.2509663e+02   1.6220331e+02   1.6803027e+02
   1.0001495e+02   1.0021323e+02   1.1582900e+02   1.2712064e+02   1.6406518e+02   1.6781485e+02
   1.0085022e+02   9.9269093e+01   1.1432802e+02   1.2458565e+02   1.6329013e+02   1.6695457e+02
   1.0077239e+02   9.9218597e+01   1.1565249e+02   1.2626823e+02   1.6410919e+02   1.6790843e+02
   1.0038742e+02   9.9005031e+01   1.1593370e+02   1.2735042e+02   1.6278888e+02   1.6747296e+02
   1.0063341e+02   1.0091647e+02   1.1584984e+02   1.2789291e+02   1.6344903e+02   1.6819565e+02
   9.9945461e+01   9.8987890e+01   1.1535786e+02   1.2526480e+02   1.6123184e+02   1.6694576e+02
   1.0054632e+02   9.9976037e+01   1.1565064e+02   1.2694784e+02   1.6213382e+02   1.6761333e+02
   1.0072467e+02   9.9639242e+01   1.1461570e+02   1.2551543e+02   1.6180907e+02   1.6607158e+02
   1.0193936e+02   1.0080389e+02   1.1481120e+02   1.2762931e+02   1.6138518e+02   1.6587330e+02
   1.0017524e+02   1.0001356e+02   1.1448970e+02   1.2522588e+02   1.6171920e+02   1.6626754e+02
   9.9709195e+01   9.8440773e+01   1.1354834e+02   1.2273676e+02   1.6181602e+02   1.6578621e+02
   9.9305227e+01   9.9358503e+01   1.1400141e+02   1.2423727e+02   1.6313262e+02   1.6586913e+02
   9.8641831e+01   9.7941372e+01   1.1411862e+02   1.2335939e+02   1.6208657e+02   1.6647694e+02
   9.7757456e+01   9.9796289e+01   1.1381425e+02   1.2390187e+02   1.6333414e+02   1.6602711e+02
   9.9113435e+01   9.8485247e+01   1.1330744e+02   1.2220539e+02   1.6167889e+02   1.6620268e+02
   9.9873192e+01   9.9192654e+01   1.1434794e+02   1.2499610e+02   1.6263368e+02   1.6697541e+02
   9.9797216e+01   9.8917937e+01   1.1489783e+02   1.2462086e+02   1.6218988e+02   1.6675304e+02
   1.0125326e+02   1.0007193e+02   1.1602079e+02   1.2942029e+02   1.6203190e+02   1.6693511e+02
   1.0054354e+02   1.0039576e+02   1.1693620e+02   1.2820978e+02   1.6160940e+02   1.6593770e+02
   1.0069039e+02   9.9921834e+01   1.1632238e+02   1.2618901e+02   1.6129485e+02   1.6589322e+02
   1.0123102e+02   1.0039251e+02   1.1589015e+02   1.2557611e+02   1.6340502e+02   1.6569911e+02
   1.0038464e+02   9.8984647e+01   1.1422702e+02   1.2371842e+02   1.6127168e+02   1.6534379e+02
   9.8791929e+01   9.9908400e+01   1.1413252e+02   1.2263159e+02   1.6223620e+02   1.6438251e+02
   9.9646191e+01   9.8919327e+01   1.1308507e+02   1.2190056e+02   1.6098631e+02   1.6463546e+02
   9.9114362e+01   9.8909598e+01   1.1410704e+02   1.2407235e+02   1.6242429e+02   1.6616423e+02
   9.9565120e+01   9.8706225e+01   1.1405608e+02   1.2529028e+02   1.6183918e+02   1.6542532e+02
   9.8463010e+01   9.9670744e+01   1.1439426e+02   1.2456573e+02   1.6311131e+02   1.6655152e+02
   9.8770619e+01   9.8580679e+01   1.1439473e+02   1.2286647e+02   1.6204858e+02   1.6544571e+02
   9.7901995e+01   9.9456715e+01   1.1390088e+02   1.2103564e+02   1.6377378e+02   1.6730896e+02
   9.9444670e+01   9.8822504e+01   1.1359698e+02   1.2270294e+02   1.6276618e+02   1.6533360e+02
   9.8989743e+01   1.0020952e+02   1.1433728e+02   1.2265754e+02   1.6418192e+02   1.6847269e+02
   9.9917202e+01   9.9636463e+01   1.1453510e+02   1.2306382e+02   1.6342957e+02   1.6672247e+02
   1.0046478e+02   1.0072421e+02   1.1545885e+02   1.2499240e+02   1.6465816e+02   1.6823503e+02
   1.0017153e+02   9.9111119e+01   1.1488440e+02   1.2523191e+02   1.6377841e+02   1.6823040e+02
   1.0072004e+02   9.8296234e+01   1.1617784e+02   1.2645354e+02   1.6276757e+02   1.6866355e+02
   1.0184995e+02   1.0103599e+02   1.1666890e+02   1.2777663e+02   1.6294685e+02   1.6829201e+02
   1.0273108e+02   1.0105313e+02   1.1532867e+02   1.2728232e+02   1.6277776e+02   1.6838328e+02
   1.0028040e+02   1.0072004e+02   1.1397223e+02   1.2507301e+02   1.6227697e+02   1.6710559e+02
   9.9519256e+01   9.9749036e+01   1.1341955e+02   1.2356554e+02   1.6080147e+02   1.6495279e+02
   9.8028003e+01   9.9438185e+01   1.1311843e+02   1.2162631e+02   1.6043456e+02   1.6444505e+02
   9.9243150e+01   1.0016598e+02   1.1149561e+02   1.2108799e+02   1.5974754e+02   1.6332858e+02
   9.9483122e+01   9.9289013e+01   1.1203161e+02   1.2186396e+02   1.5972576e+02   1.6411243e+02
   9.8326810e+01   9.9855587e+01   1.1143909e+02   1.1994604e+02   1.5976746e+02   1.6378212e+02
   9.8892921e+01   9.8880413e+01   1.1179627e+02   1.2095411e+02   1.5969102e+02   1.6404572e+02
   9.9950557e+01   1.0067047e+02   1.1252035e+02   1.2295959e+02   1.6080703e+02   1.6387941e+02
   1.0010992e+02   9.9297815e+01   1.1285668e+02   1.2216601e+02   1.6020617e+02   1.6412077e+02
   9.9966771e+01   1.0036101e+02   1.1354973e+02   1.2427851e+02   1.6195963e+02   1.6545729e+02
   9.9790730e+01   9.9349701e+01   1.1372531e+02   1.2388288e+02   1.6191516e+02   1.6571116e+02
   1.0100449e+02   1.0105498e+02   1.1421127e+02   1.2463661e+02   1.6246228e+02   1.6657330e+02
   1.0091461e+02   9.9600791e+01   1.1366045e+02   1.2384674e+02   1.6239186e+02   1.6561897e+02
   1.0133758e+02   1.0055373e+02   1.1419552e+02   1.2378559e+02   1.6296909e+02   1.6594140e+02
   1.0200653e+02   9.9980206e+01   1.1451934e+02   1.2544362e+02   1.6282038e+02   1.6560368e+02
   1.0230858e+02   1.0098735e+02   1.1498632e+02   1.2534726e+02   1.6290006e+02   1.6647323e+02
   1.0251288e+02   1.0099985e+02   1.1488347e+02   1.2584295e+02   1.6288755e+02   1.6658164e+02
   1.0225345e+02   1.0075340e+02   1.1487143e+02   1.2528194e+02   1.6233997e+02   1.6664232e+02
   1.0295484e+02   1.0154882e+02   1.1644144e+02   1.2700668e+02   1.6341660e+02   1.6638984e+02
   1.0256430e+02   1.0058755e+02   1.1538148e+02   1.2537645e+02   1.6297326e+02   1.6736085e+02
   1.0326754e+02   1.0212930e+02   1.1710252e+02   1.2624507e+02   1.6368947e+02   1.6741598e+02
