   1.1486121e+02   9.3925871e+01   1.3479364e+02   1.9159834e+02   1.2200218e+02   1.3012743e+02
   1.1532453e+02   9.3881930e+01   1.3595122e+02   1.9209154e+02   1.2205069e+02   1.2973583e+02
   1.1497616e+02   9.3452361e+01   1.3794545e+02   1.9171646e+02   1.2228235e+02   1.3036085e+02
   1.1484609e+02   9.3626016e+01   1.3931852e+02   1.9134067e+02   1.2202995e+02   1.2994358e+02
   1.1483168e+02   9.3169028e+01   1.3905769e+02   1.9142398e+02   1.2181341e+02   1.2964127e+02
   1.1526301e+02   9.3331083e+01   1.3907773e+02   1.9118846e+02   1.2238007e+02   1.3038229e+02
   1.1509041e+02   9.3652732e+01   1.3942539e+02   1.9140711e+02   1.2229184e+02   1.3055419e+02
   1.1519341e+02   9.3946963e+01   1.3927915e+02   1.9156635e+02   1.2221310e+02   1.3044592e+02
   1.1527250e+02   9.4046094e+01   1.3836904e+02   1.9122748e+02   1.2212486e+02   1.3031796e+02
   1.1457717e+02   9.3420020e+01   1.3739812e+02   1.9057856e+02   1.2200253e+02   1.2998190e+02
   1.1518848e+02   9.4000044e+01   1.3755139e+02   1.9057680e+02   1.2224579e+02   1.3055771e+02
   1.1507670e+02   9.4064022e+01   1.3661350e+02   1.9099793e+02   1.2204542e+02   1.3005396e+02
   1.1526547e+02   9.4032384e+01   1.3801365e+02   1.9183281e+02   1.2237656e+02   1.3088217e+02
   1.1542752e+02   9.4072459e+01   1.3905382e+02   1.9186129e+02   1.2205456e+02   1.3095036e+02
   1.1493995e+02   9.3948017e+01   1.3918037e+02   1.9223567e+02   1.2230450e+02   1.3086670e+02
   1.1511466e+02   9.3717414e+01   1.3798552e+02   1.9174388e+02   1.2202362e+02   1.3134021e+02
   1.1465416e+02   9.3636211e+01   1.3793244e+02   1.9143383e+02   1.2150301e+02   1.3074050e+02
   1.1506229e+02   9.4196197e+01   1.3734574e+02   1.9227293e+02   1.2200499e+02   1.3129732e+02
   1.1494839e+02   9.4157880e+01   1.3732852e+02   1.9190980e+02   1.2214807e+02   1.3101048e+02
   1.1490550e+02   9.4205688e+01   1.3761572e+02   1.9143875e+02   1.2208198e+02   1.3075632e+02
   1.1488933e+02   9.3775065e+01   1.3772258e+02   1.9162752e+02   1.2206370e+02   1.3139259e+02
   1.1518216e+02   9.4127649e+01   1.3863937e+02   1.9184195e+02   1.2226020e+02   1.3150473e+02
   1.1535898e+02   9.4077380e+01   1.3890688e+02   1.9236749e+02   1.2238605e+02   1.3126252e+02
   1.1484188e+02   9.4110424e+01   1.3781503e+02   1.9156741e+02   1.2188688e+02   1.3065402e+02
   1.1493890e+02   9.4058397e+01   1.3722587e+02   1.9112308e+02   1.2186016e+02   1.3095353e+02
   1.1454062e+02   9.3532158e+01   1.3671580e+02   1.9053918e+02   1.2103477e+02   1.3018719e+02
   1.1514771e+02   9.3415802e+01   1.3673865e+02   1.9094731e+02   1.2169108e+02   1.2996995e+02
   1.1498495e+02   9.3725851e+01   1.3694113e+02   1.9152558e+02   1.2201905e+02   1.3029230e+02
   1.1495718e+02   9.3903373e+01   1.3675482e+02   1.9130728e+02   1.2237621e+02   1.3077354e+02
   1.1491113e+02   9.4267558e+01   1.3687715e+02   1.9143031e+02   1.2246198e+02   1.3022129e+02
   1.1548939e+02   9.4096011e+01   1.3684481e+02   1.9106999e+02   1.2175049e+02   1.2977520e+02
   1.1479442e+02   9.3769440e+01   1.3671228e+02   1.9080494e+02   1.2152023e+02   1.2999631e+02
   1.1488054e+02   9.2958813e+01   1.3699070e+02   1.9140571e+02   1.2244933e+02   1.2987433e+02
   1.1484082e+02   9.4135031e+01   1.3704167e+02   1.9154280e+02   1.2191781e+02   1.3042131e+02
   1.1500463e+02   9.3610197e+01   1.3680860e+02   1.9096840e+02   1.2165381e+02   1.3009017e+02
   1.1448226e+02   9.3438651e+01   1.3678821e+02   1.9062004e+02   1.2137786e+02   1.2970349e+02
   1.1425869e+02   9.3179925e+01   1.3650805e+02   1.9032756e+02   1.2156347e+02   1.2910905e+02
   1.1525246e+02   9.3825685e+01   1.3688524e+02   1.9135333e+02   1.2209745e+02   1.3000194e+02
   1.1502643e+02   9.4281267e+01   1.3869315e+02   1.9199979e+02   1.2257482e+02   1.3148469e+02
   1.1537726e+02   9.4507652e+01   1.3853567e+02   1.9246908e+02   1.2265743e+02   1.3131068e+02
   1.1528305e+02   9.4582176e+01   1.3832897e+02   1.9250353e+02   1.2271438e+02   1.3191391e+02
   1.1547006e+02   9.4859885e+01   1.3812262e+02   1.9263782e+02   1.2298646e+02   1.3121682e+02
   1.1535898e+02   9.5124235e+01   1.3806356e+02   1.9270707e+02   1.2287222e+02   1.3151141e+02
   1.1482782e+02   9.4511167e+01   1.3828538e+02   1.9236151e+02   1.2216318e+02   1.3161229e+02
   1.1457964e+02   9.3998637e+01   1.3725434e+02   1.9137829e+02   1.2244546e+02   1.3117218e+02
   1.1426959e+02   9.3828497e+01   1.3573644e+02   1.9042494e+02   1.2211467e+02   1.3096372e+02
   1.1443340e+02   9.3827091e+01   1.3681774e+02   1.9093712e+02   1.2178283e+02   1.3078268e+02
   1.1480567e+02   9.4639124e+01   1.3795424e+02   1.9199557e+02   1.2210975e+02   1.3223731e+02
   1.1499198e+02   9.4648616e+01   1.3708069e+02   1.9239315e+02   1.2258959e+02   1.3166151e+02
   1.1484399e+02   9.4813131e+01   1.3630029e+02   1.9146968e+02   1.2245741e+02   1.3121331e+02
   1.1488582e+02   9.4052773e+01   1.3681739e+02   1.9151257e+02   1.2218568e+02   1.3082979e+02
   1.1451320e+02   9.3511769e+01   1.3743222e+02   1.9155757e+02   1.2224298e+02   1.3100626e+02
   1.1489461e+02   9.3764519e+01   1.3843618e+02   1.9242795e+02   1.2258713e+02   1.3062942e+02
   1.1456065e+02   9.3563795e+01   1.3912272e+02   1.9207783e+02   1.2209709e+02   1.3136622e+02
   1.1499479e+02   9.3819709e+01   1.3832194e+02   1.9194073e+02   1.2283566e+02   1.3120663e+02
   1.1440493e+02   9.3195041e+01   1.3706663e+02   1.9136352e+02   1.2270208e+02   1.3067687e+02
   1.1458526e+02   9.3237225e+01   1.3647078e+02   1.9117088e+02   1.2242261e+02   1.3050673e+02
   1.1458245e+02   9.3273081e+01   1.3691230e+02   1.9156214e+02   1.2227251e+02   1.3094369e+02
   1.1516388e+02   9.4077029e+01   1.3740445e+02   1.9212493e+02   1.2280929e+02   1.3118519e+02
   1.1517196e+02   9.4655646e+01   1.3789202e+02   1.9297704e+02   1.2287538e+02   1.3130435e+02
   1.1529746e+02   9.4981866e+01   1.3800697e+02   1.9281077e+02   1.2299244e+02   1.3054505e+02
   1.1500288e+02   9.4331184e+01   1.3693480e+02   1.9183211e+02   1.2278679e+02   1.3090080e+02
   1.1497862e+02   9.4172996e+01   1.3719493e+02   1.9242268e+02   1.2288347e+02   1.3151773e+02
   1.1481481e+02   9.4270370e+01   1.3778375e+02   1.9242725e+02   1.2254424e+02   1.3170510e+02
   1.1525774e+02   9.4616626e+01   1.3706417e+02   1.9223813e+02   1.2245741e+02   1.3116726e+02
   1.1479477e+02   9.4133273e+01   1.3691512e+02   1.9218821e+02   1.2283706e+02   1.3149629e+02
   1.1474696e+02   9.3934308e+01   1.3750323e+02   1.9152136e+02   1.2275902e+02   1.3158734e+02
   1.1486016e+02   9.3382758e+01   1.3666518e+02   1.9078315e+02   1.2239484e+02   1.3118940e+02
   1.1440141e+02   9.3585942e+01   1.3587740e+02   1.9098000e+02   1.2250768e+02   1.3155464e+02
   1.1482852e+02   9.4040469e+01   1.3605035e+02   1.9091989e+02   1.2248167e+02   1.3115812e+02
   1.1483344e+02   9.4482694e+01   1.3728352e+02   1.9227609e+02   1.2258783e+02   1.3195433e+02
   1.1487246e+02   9.4551945e+01   1.3857961e+02   1.9297704e+02   1.2345505e+02   1.3307325e+02
   1.1490972e+02   9.4646155e+01   1.3844919e+02   1.9238050e+02   1.2316856e+02   1.3269044e+02
   1.1467736e+02   9.4077732e+01   1.3732852e+02   1.9149991e+02   1.2314325e+02   1.3197050e+02
   1.1422811e+02   9.3952236e+01   1.3581870e+02   1.9094344e+02   1.2241593e+02   1.3151457e+02
   1.1467771e+02   9.4172996e+01   1.3701811e+02   1.9140078e+02   1.2173080e+02   1.3137466e+02
   1.1524192e+02   9.4036603e+01   1.3844673e+02   1.9244096e+02   1.2220361e+02   1.3165307e+02
   1.1471603e+02   9.3745888e+01   1.3846888e+02   1.9237276e+02   1.2229500e+02   1.3159226e+02
   1.1453464e+02   9.3355690e+01   1.3654882e+02   1.9132872e+02   1.2228059e+02   1.3049900e+02
   1.1383088e+02   9.2769690e+01   1.3527453e+02   1.9070897e+02   1.2176666e+02   1.2963283e+02
   1.1459088e+02   9.2872337e+01   1.3560743e+02   1.9040982e+02   1.2116695e+02   1.3003393e+02
   1.1432442e+02   9.2899405e+01   1.3602961e+02   1.9094801e+02   1.2166752e+02   1.3023992e+02
   1.1462674e+02   9.3186604e+01   1.3520317e+02   1.9098528e+02   1.2179689e+02   1.3066949e+02
   1.1475962e+02   9.3480835e+01   1.3512056e+02   1.9115858e+02   1.2204999e+02   1.3086283e+02
   1.1542647e+02   9.4573037e+01   1.3591959e+02   1.9167252e+02   1.2216705e+02   1.3171178e+02
   1.1556989e+02   9.4486912e+01   1.3740339e+02   1.9259704e+02   1.2266200e+02   1.3202640e+02
   1.1556392e+02   9.4758996e+01   1.3871038e+02   1.9331135e+02   1.2293022e+02   1.3203061e+02
   1.1511115e+02   9.4002153e+01   1.3759287e+02   1.9274398e+02   1.2240925e+02   1.3139470e+02
   1.1453499e+02   9.3172192e+01   1.3612664e+02   1.9152171e+02   1.2181060e+02   1.3098130e+02
   1.1446785e+02   9.2995724e+01   1.3571429e+02   1.9120111e+02   1.2159757e+02   1.3044065e+02
   1.1431599e+02   9.2998536e+01   1.3605035e+02   1.9141695e+02   1.2161901e+02   1.3070675e+02
   1.1500077e+02   9.3315967e+01   1.3738476e+02   1.9207783e+02   1.2191078e+02   1.3110117e+02
   1.1493960e+02   9.3456931e+01   1.3815145e+02   1.9224902e+02   1.2181798e+02   1.3123159e+02
   1.1473431e+02   9.3053375e+01   1.3778199e+02   1.9174458e+02   1.2186227e+02   1.3108746e+02
   1.1501905e+02   9.3776119e+01   1.3687399e+02   1.9126052e+02   1.2178072e+02   1.3095247e+02
   1.1461584e+02   9.3356042e+01   1.3564891e+02   1.9135579e+02   1.2183766e+02   1.3142458e+02
   1.1492695e+02   9.4115697e+01   1.3569601e+02   1.9183106e+02   1.2249397e+02   1.3127096e+02
   1.1515263e+02   9.4282673e+01   1.3761044e+02   1.9255450e+02   1.2241909e+02   1.3202675e+02
   1.1560891e+02   9.4526635e+01   1.3847907e+02   1.9258087e+02   1.2266692e+02   1.3204854e+02
   1.1517653e+02   9.4087926e+01   1.3815320e+02   1.9226555e+02   1.2230590e+02   1.3166081e+02
   1.1508654e+02   9.4243654e+01   1.3718017e+02   1.9224059e+02   1.2230028e+02   1.3255545e+02
   1.1504225e+02   9.4265800e+01   1.3655515e+02   1.9199979e+02   1.2164327e+02   1.3173428e+02
   1.1452866e+02   9.3821115e+01   1.3686133e+02   1.9124435e+02   1.2176841e+02   1.3164217e+02
   1.1451882e+02   9.3762058e+01   1.3688910e+02   1.9103379e+02   1.2204612e+02   1.3036261e+02
   1.1443973e+02   9.3947314e+01   1.3689016e+02   1.9218188e+02   1.2200183e+02   1.3183200e+02
   1.1460635e+02   9.4553703e+01   1.3636989e+02   1.9240229e+02   1.2217795e+02   1.3158628e+02
   1.1556814e+02   9.5080997e+01   1.3701776e+02   1.9274468e+02   1.2251787e+02   1.3234840e+02
   1.1538675e+02   9.4597644e+01   1.3772082e+02   1.9329025e+02   1.2247745e+02   1.3182427e+02
   1.1549994e+02   9.4939682e+01   1.3846466e+02   1.9313066e+02   1.2264794e+02   1.3251537e+02
   1.1569398e+02   9.4342082e+01   1.3813809e+02   1.9270988e+02   1.2200816e+02   1.3168155e+02
   1.1527637e+02   9.4162450e+01   1.3708526e+02   1.9179379e+02   1.2152129e+02   1.3212904e+02
   1.1460178e+02   9.3778580e+01   1.3583487e+02   1.9150624e+02   1.2147664e+02   1.3113175e+02
   1.1404215e+02   9.3166919e+01   1.3549072e+02   1.9121166e+02   1.2148473e+02   1.3101188e+02
   1.1474696e+02   9.3867517e+01   1.3476340e+02   1.9133329e+02   1.2184505e+02   1.3146184e+02
   1.1494734e+02   9.3736045e+01   1.3578073e+02   1.9205639e+02   1.2242437e+02   1.3126498e+02
   1.1492870e+02   9.4671113e+01   1.3675236e+02   1.9170099e+02   1.2247428e+02   1.3144321e+02
   1.1527250e+02   9.4659513e+01   1.3623737e+02   1.9110620e+02   1.2195824e+02   1.3086705e+02
   1.1476911e+02   9.4305523e+01   1.3590201e+02   1.9111604e+02   1.2196879e+02   1.3160737e+02
   1.1481551e+02   9.4200415e+01   1.3597091e+02   1.9172208e+02   1.2192801e+02   1.3157327e+02
   1.1499268e+02   9.4392702e+01   1.3690246e+02   1.9243569e+02   1.2207108e+02   1.3220111e+02
   1.1519868e+02   9.4578661e+01   1.3743679e+02   1.9260653e+02   1.2250276e+02   1.3137079e+02
   1.1479864e+02   9.4256309e+01   1.3756088e+02   1.9195831e+02   1.2237551e+02   1.3194695e+02
   1.1456944e+02   9.3856971e+01   1.3633755e+02   1.9132380e+02   1.2242929e+02   1.3218494e+02
   1.1450581e+02   9.4023596e+01   1.3567316e+02   1.9072514e+02   1.2230028e+02   1.3255474e+02
   1.1465521e+02   9.3664684e+01   1.3530792e+02   1.9101480e+02   1.2269786e+02   1.3121928e+02
   1.1523700e+02   9.4045742e+01   1.3741007e+02   1.9267684e+02   1.2337315e+02   1.3300119e+02
   1.1581632e+02   9.5135132e+01   1.4005076e+02   1.9400175e+02   1.2330389e+02   1.3364800e+02
   1.1554880e+02   9.4800828e+01   1.4042514e+02   1.9426012e+02   1.2296924e+02   1.3340509e+02
   1.1481375e+02   9.4002153e+01   1.3854235e+02   1.9234816e+02   1.2218990e+02   1.3218634e+02
   1.1481973e+02   9.3847831e+01   1.3620186e+02   1.9097192e+02   1.2160917e+02   1.3102735e+02
   1.1467490e+02   9.3570475e+01   1.3567176e+02   1.9092973e+02   1.2147840e+02   1.3053802e+02
   1.1513294e+02   9.3943096e+01   1.3582713e+02   1.9119584e+02   1.2152445e+02   1.3099852e+02
   1.1461233e+02   9.3553601e+01   1.3533218e+02   1.9178747e+02   1.2177052e+02   1.3173884e+02
   1.1456979e+02   9.4106909e+01   1.3465584e+02   1.9240792e+02   1.2191641e+02   1.3205311e+02
   1.1460178e+02   9.3654490e+01   1.3425052e+02   1.9164088e+02   1.2222189e+02   1.3102278e+02
   1.1452761e+02   9.3825333e+01   1.3435141e+02   1.9099371e+02   1.2208795e+02   1.3075280e+02
   1.1453464e+02   9.3848886e+01   1.3525836e+02   1.9131607e+02   1.2160284e+02   1.3105336e+02
   1.1470302e+02   9.3555359e+01   1.3590341e+02   1.9138250e+02   1.2221099e+02   1.3160280e+02
   1.1462463e+02   9.3432675e+01   1.3655585e+02   1.9156003e+02   1.2269610e+02   1.3193816e+02
   1.1405761e+02   9.2684620e+01   1.3640399e+02   1.9162541e+02   1.2255127e+02   1.3191496e+02
   1.1489882e+02   9.3538485e+01   1.3645743e+02   1.9138672e+02   1.2222786e+02   1.3112261e+02
   1.1483520e+02   9.4115697e+01   1.3637833e+02   1.9193300e+02   1.2248975e+02   1.3160140e+02
   1.1534245e+02   9.4534720e+01   1.3683145e+02   1.9309480e+02   1.2225282e+02   1.3234664e+02
   1.1501659e+02   9.4198306e+01   1.3698472e+02   1.9277386e+02   1.2286765e+02   1.3138661e+02
   1.1498108e+02   9.4697830e+01   1.3732957e+02   1.9225254e+02   1.2295588e+02   1.3211885e+02
   1.1516142e+02   9.4420473e+01   1.3811524e+02   1.9242514e+02   1.2269188e+02   1.3197296e+02
   1.1518567e+02   9.3882984e+01   1.3836553e+02   1.9307020e+02   1.2215088e+02   1.3261204e+02
   1.1477825e+02   9.3578208e+01   1.3698156e+02   1.9229156e+02   1.2218181e+02   1.3213572e+02
   1.1448718e+02   9.3181683e+01   1.3573855e+02   1.9216184e+02   1.2199585e+02   1.3156660e+02
   1.1461162e+02   9.3120165e+01   1.3561727e+02   1.9163174e+02   1.2197160e+02   1.3142177e+02
   1.1463447e+02   9.3050211e+01   1.3611433e+02   1.9207748e+02   1.2182888e+02   1.3177576e+02
   1.1491113e+02   9.3918489e+01   1.3656253e+02   1.9223461e+02   1.2216986e+02   1.3262751e+02
   1.1496175e+02   9.4020432e+01   1.3626690e+02   1.9219419e+02   1.2255830e+02   1.3214943e+02
   1.1537023e+02   9.4171238e+01   1.3653371e+02   1.9220403e+02   1.2206721e+02   1.3193148e+02
   1.1480672e+02   9.3845371e+01   1.3653476e+02   1.9216466e+02   1.2179900e+02   1.3136236e+02
   1.1476665e+02   9.3233709e+01   1.3664128e+02   1.9210665e+02   1.2218568e+02   1.3143231e+02
   1.1470759e+02   9.3359205e+01   1.3643352e+02   1.9174388e+02   1.2216740e+02   1.3077038e+02
   1.1484891e+02   9.3106807e+01   1.3667889e+02   1.9233796e+02   1.2218216e+02   1.3096302e+02
   1.1472095e+02   9.2629079e+01   1.3712955e+02   1.9268422e+02   1.2246585e+02   1.3108219e+02
   1.1510869e+02   9.3455876e+01   1.3854129e+02   1.9297458e+02   1.2225247e+02   1.3133248e+02
   1.1498319e+02   9.2918739e+01   1.3763189e+02   1.9214778e+02   1.2222611e+02   1.3042834e+02
   1.1450933e+02   9.3202423e+01   1.3600676e+02   1.9134595e+02   1.2180849e+02   1.3032710e+02
   1.1462744e+02   9.3399280e+01   1.3559020e+02   1.9166584e+02   1.2214947e+02   1.3052818e+02
   1.1519305e+02   9.3311749e+01   1.3697171e+02   1.9254501e+02   1.2219517e+02   1.3089412e+02
   1.1526512e+02   9.3781744e+01   1.3902957e+02   1.9327127e+02   1.2283741e+02   1.3096091e+02
   1.1514876e+02   9.4023245e+01   1.3904011e+02   1.9304981e+02   1.2263142e+02   1.3100731e+02
   1.1476138e+02   9.3882984e+01   1.3699878e+02   1.9250775e+02   1.2250276e+02   1.3050533e+02
   1.1473290e+02   9.3764870e+01   1.3676642e+02   1.9213161e+02   1.2231188e+02   1.3067758e+02
   1.1486262e+02   9.3420723e+01   1.3721497e+02   1.9269933e+02   1.2275586e+02   1.3099220e+02
   1.1494980e+02   9.3950478e+01   1.3630275e+02   1.9244694e+02   1.2277062e+02   1.3068074e+02
   1.1512240e+02   9.3855213e+01   1.3668240e+02   1.9222934e+02   1.2245601e+02   1.3084807e+02
   1.1548553e+02   9.4094254e+01   1.3617163e+02   1.9220297e+02   1.2192063e+02   1.3062133e+02
   1.1466752e+02   9.3901264e+01   1.3621874e+02   1.9224410e+02   1.2165417e+02   1.3056614e+02
   1.1488828e+02   9.3552195e+01   1.3721075e+02   1.9260618e+02   1.2159300e+02   1.3051939e+02
   1.1477262e+02   9.3724796e+01   1.3640540e+02   1.9195479e+02   1.2127557e+02   1.3050357e+02
   1.1463201e+02   9.3197502e+01   1.3532550e+02   1.9111851e+02   1.2162429e+02   1.3000827e+02
   1.1474907e+02   9.3429160e+01   1.3474196e+02   1.9153647e+02   1.2184786e+02   1.3004623e+02
   1.1505666e+02   9.3710735e+01   1.3558598e+02   1.9237979e+02   1.2175646e+02   1.3110504e+02
   1.1537866e+02   9.3866814e+01   1.3635935e+02   1.9290076e+02   1.2204226e+02   1.3102419e+02
   1.1534035e+02   9.4175808e+01   1.3814828e+02   1.9296931e+02   1.2220747e+02   1.3138415e+02
   1.1533507e+02   9.4384617e+01   1.3905417e+02   1.9326916e+02   1.2235230e+02   1.3090010e+02
   1.1508760e+02   9.3991255e+01   1.3810961e+02   1.9248385e+02   1.2159792e+02   1.3110469e+02
   1.1498952e+02   9.3787368e+01   1.3523973e+02   1.9113749e+02   1.2105657e+02   1.3051658e+02
   1.1448543e+02   9.3445682e+01   1.3425650e+02   1.9158534e+02   1.2084108e+02   1.3069199e+02
   1.1477087e+02   9.3396467e+01   1.3612453e+02   1.9211298e+02   1.2230098e+02   1.3074683e+02
   1.1487422e+02   9.4100230e+01   1.3634529e+02   1.9206060e+02   1.2240644e+02   1.3064313e+02
   1.1486191e+02   9.3597894e+01   1.3663424e+02   1.9191894e+02   1.2247745e+02   1.3041252e+02
   1.1451460e+02   9.3176762e+01   1.3670490e+02   1.9161768e+02   1.2190692e+02   1.3085897e+02
   1.1462287e+02   9.3106104e+01   1.3615265e+02   1.9150448e+02   1.2122284e+02   1.3077776e+02
   1.1470794e+02   9.3153561e+01   1.3595685e+02   1.9143629e+02   1.2158035e+02   1.2993058e+02
   1.1484469e+02   9.3229491e+01   1.3643422e+02   1.9215728e+02   1.2175576e+02   1.3030003e+02
   1.1491992e+02   9.3726554e+01   1.3704729e+02   1.9218153e+02   1.2222575e+02   1.3076405e+02
   1.1501623e+02   9.3525830e+01   1.3622366e+02   1.9169185e+02   1.2212873e+02   1.3096935e+02
   1.1501975e+02   9.3526182e+01   1.3669963e+02   1.9136212e+02   1.2201132e+02   1.3122174e+02
   1.1530133e+02   9.3367642e+01   1.3715451e+02   1.9148445e+02   1.2190199e+02   1.3085018e+02
   1.1469494e+02   9.3466773e+01   1.3730250e+02   1.9104082e+02   1.2216283e+02   1.3109168e+02
   1.1443094e+02   9.3477671e+01   1.3601485e+02   1.9137090e+02   1.2253053e+02   1.3150402e+02
   1.1428084e+02   9.3545867e+01   1.3571148e+02   1.9177200e+02   1.2254811e+02   1.3174201e+02
   1.1494066e+02   9.4227835e+01   1.3603735e+02   1.9245924e+02   1.2284655e+02   1.3166362e+02
   1.1502573e+02   9.4320639e+01   1.3837150e+02   1.9339220e+02   1.2304130e+02   1.3175291e+02
   1.1493503e+02   9.4381102e+01   1.3896418e+02   1.9309902e+02   1.2280718e+02   1.3205135e+02
   1.1454413e+02   9.3635859e+01   1.3899617e+02   1.9273660e+02   1.2187633e+02   1.3148926e+02
   1.1421510e+02   9.2618884e+01   1.3758689e+02   1.9161522e+02   1.2148719e+02   1.3117710e+02
   1.1447558e+02   9.2713446e+01   1.3540530e+02   1.9072514e+02   1.2204085e+02   1.3041112e+02
   1.1419893e+02   9.2162599e+01   1.3460838e+02   1.9075573e+02   1.2185946e+02   1.2964303e+02
   1.1448964e+02   9.2787970e+01   1.3618358e+02   1.9123346e+02   1.2247745e+02   1.3026805e+02
   1.1453745e+02   9.2881828e+01   1.3641102e+02   1.9162647e+02   1.2253158e+02   1.3024801e+02
   1.1438278e+02   9.3133523e+01   1.3530371e+02   1.9071530e+02   1.2203487e+02   1.2944898e+02
   1.1413636e+02   9.2720828e+01   1.3474337e+02   1.9034795e+02   1.2119015e+02   1.2924158e+02
   1.1463588e+02   9.3307882e+01   1.3489312e+02   1.9060633e+02   1.2079819e+02   1.2897196e+02
   1.1446996e+02   9.3034744e+01   1.3592275e+02   1.9126861e+02   1.2105516e+02   1.2955796e+02
   1.1503416e+02   9.3120868e+01   1.3666940e+02   1.9199874e+02   1.2122987e+02   1.3029652e+02
   1.1457120e+02   9.3606682e+01   1.3545275e+02   1.9236573e+02   1.2059184e+02   1.3110047e+02
   1.1462674e+02   9.3177465e+01   1.3458483e+02   1.9195409e+02   1.2076972e+02   1.3065859e+02
   1.1463201e+02   9.3449197e+01   1.3495815e+02   1.9228031e+02   1.2158492e+02   1.3030847e+02
   1.1519833e+02   9.4296031e+01   1.3727473e+02   1.9309164e+02   1.2180989e+02   1.3049021e+02
   1.1456100e+02   9.4243654e+01   1.3924752e+02   1.9341716e+02   1.2242648e+02   1.3148785e+02
   1.1439508e+02   9.3403850e+01   1.3906226e+02   1.9234113e+02   1.2220396e+02   1.3122385e+02
   1.1308177e+02   9.2129204e+01   1.3628236e+02   1.9044427e+02   1.2103020e+02   1.2947992e+02
   1.1441758e+02   9.3119111e+01   1.3474864e+02   1.9077717e+02   1.2134482e+02   1.2945074e+02
   1.1460178e+02   9.3512824e+01   1.3533394e+02   1.9112448e+02   1.2129069e+02   1.2954917e+02
   1.1453780e+02   9.3629883e+01   1.3670631e+02   1.9209470e+02   1.2122425e+02   1.2964267e+02
   1.1502010e+02   9.3520557e+01   1.3625108e+02   1.9179907e+02   1.2128787e+02   1.2982652e+02
   1.1449527e+02   9.3002403e+01   1.3495991e+02   1.9092762e+02   1.2032468e+02   1.2907320e+02
   1.1425342e+02   9.2705009e+01   1.3355590e+02   1.9078842e+02   1.2038936e+02   1.2952351e+02
   1.1417784e+02   9.2673371e+01   1.3385470e+02   1.9078420e+02   1.2096200e+02   1.2959276e+02
   1.1392614e+02   9.2684620e+01   1.3408812e+02   1.9095575e+02   1.2157296e+02   1.3033308e+02
   1.1456944e+02   9.4279510e+01   1.3563977e+02   1.9206974e+02   1.2166788e+02   1.3042694e+02
   1.1499233e+02   9.4238029e+01   1.3752045e+02   1.9281042e+02   1.2248694e+02   1.3035733e+02
   1.1479758e+02   9.3959969e+01   1.3807903e+02   1.9226168e+02   1.2242999e+02   1.3038510e+02
   1.1480180e+02   9.3144069e+01   1.3693023e+02   1.9223215e+02   1.2213190e+02   1.3108957e+02
   1.1466471e+02   9.3579614e+01   1.3682618e+02   1.9210033e+02   1.2153605e+02   1.3101962e+02
   1.1446187e+02   9.2936667e+01   1.3674779e+02   1.9126193e+02   1.2104286e+02   1.2963389e+02
   1.1420912e+02   9.2719422e+01   1.3591994e+02   1.9140114e+02   1.2080804e+02   1.2940820e+02
   1.1409663e+02   9.2472999e+01   1.3544010e+02   1.9142891e+02   1.2144360e+02   1.2989613e+02
   1.1450757e+02   9.2948970e+01   1.3561165e+02   1.9155405e+02   1.2106043e+02   1.3013376e+02
   1.1456417e+02   9.3725499e+01   1.3568547e+02   1.9196604e+02   1.2201589e+02   1.3067512e+02
   1.1481832e+02   9.4401490e+01   1.3655515e+02   1.9238050e+02   1.2203522e+02   1.3059637e+02
   1.1505420e+02   9.5038110e+01   1.3738300e+02   1.9234394e+02   1.2213014e+02   1.3048670e+02
   1.1462287e+02   9.3736396e+01   1.3736121e+02   1.9194355e+02   1.2191219e+02   1.3023957e+02
   1.1438032e+02   9.2901514e+01   1.3762450e+02   1.9213864e+02   1.2192941e+02   1.3072433e+02
   1.1436942e+02   9.3340926e+01   1.3718826e+02   1.9206271e+02   1.2191535e+02   1.3089201e+02
   1.1459088e+02   9.3587699e+01   1.3564469e+02   1.9180785e+02   1.2165135e+02   1.3063856e+02
   1.1479864e+02   9.3367994e+01   1.3567703e+02   1.9191050e+02   1.2138419e+02   1.3094052e+02
   1.1487105e+02   9.4272830e+01   1.3618464e+02   1.9258017e+02   1.2197089e+02   1.3179579e+02
   1.1492273e+02   9.3975437e+01   1.3712744e+02   1.9274574e+02   1.2186262e+02   1.3151668e+02
   1.1527918e+02   9.3924465e+01   1.3725012e+02   1.9240440e+02   1.2195472e+02   1.3138942e+02
   1.1498143e+02   9.3804242e+01   1.3864745e+02   1.9289830e+02   1.2229957e+02   1.3084315e+02
   1.1490093e+02   9.2873040e+01   1.4023883e+02   1.9283608e+02   1.2183274e+02   1.3069375e+02
   1.1456171e+02   9.3214727e+01   1.3861757e+02   1.9209681e+02   1.2154133e+02   1.2968415e+02
   1.1424006e+02   9.2912763e+01   1.3602364e+02   1.9107035e+02   1.2085866e+02   1.2961947e+02
   1.1431704e+02   9.2822420e+01   1.3520633e+02   1.9090302e+02   1.2105411e+02   1.2883627e+02
   1.1485910e+02   9.3144069e+01   1.3520633e+02   1.9073674e+02   1.2114937e+02   1.2933930e+02
   1.1411069e+02   9.3146881e+01   1.3455495e+02   1.9066327e+02   1.2076655e+02   1.2914737e+02
   1.1451952e+02   9.3404201e+01   1.3548896e+02   1.9182156e+02   1.2151496e+02   1.3017700e+02
   1.1521661e+02   9.3577857e+01   1.3713096e+02   1.9264766e+02   1.2192625e+02   1.3027437e+02
   1.1501553e+02   9.3855565e+01   1.3802138e+02   1.9197624e+02   1.2160073e+02   1.2986906e+02
   1.1438665e+02   9.3391195e+01   1.3717033e+02   1.9111288e+02   1.2179056e+02   1.3029125e+02
   1.1448296e+02   9.3005918e+01   1.3696574e+02   1.9147601e+02   1.2113039e+02   1.3049021e+02
   1.1462674e+02   9.3730420e+01   1.3721075e+02   1.9245994e+02   1.2195683e+02   1.3111207e+02
   1.1506123e+02   9.3821467e+01   1.3850614e+02   1.9361472e+02   1.2239835e+02   1.3140419e+02
   1.1512837e+02   9.4620493e+01   1.3902254e+02   1.9360874e+02   1.2280964e+02   1.3132299e+02
   1.1519762e+02   9.4636312e+01   1.3925384e+02   1.9445733e+02   1.2300826e+02   1.3150367e+02
   1.1482325e+02   9.4098823e+01   1.3982894e+02   1.9302133e+02   1.2285710e+02   1.3166819e+02
   1.1446890e+02   9.2903623e+01   1.3851387e+02   1.9270285e+02   1.2222294e+02   1.3139470e+02
   1.1449386e+02   9.2592871e+01   1.3781187e+02   1.9251197e+02   1.2184821e+02   1.3077144e+02
   1.1430368e+02   9.2408318e+01   1.3638782e+02   1.9176321e+02   1.2185173e+02   1.3013517e+02
   1.1433954e+02   9.3308585e+01   1.3545311e+02   1.9141344e+02   1.2193012e+02   1.2997135e+02
   1.1456593e+02   9.2845972e+01   1.3636708e+02   1.9169009e+02   1.2191711e+02   1.3010072e+02
   1.1520044e+02   9.4024651e+01   1.3707928e+02   1.9284381e+02   1.2222435e+02   1.3134935e+02
   1.1508197e+02   9.3942393e+01   1.3645707e+02   1.9336267e+02   1.2224157e+02   1.3116796e+02
   1.1501975e+02   9.3670309e+01   1.3537788e+02   1.9317249e+02   1.2203628e+02   1.3141825e+02
   1.1460916e+02   9.3705813e+01   1.3408144e+02   1.9226590e+02   1.2199726e+02   1.3050919e+02
   1.1441406e+02   9.3574341e+01   1.3476833e+02   1.9225254e+02   1.2226372e+02   1.3046385e+02
   1.1446222e+02   9.3346902e+01   1.3638009e+02   1.9270109e+02   1.2213365e+02   1.3011970e+02
   1.1425377e+02   9.2703954e+01   1.3742940e+02   1.9242479e+02   1.2234633e+02   1.3036120e+02
   1.1401332e+02   9.2790782e+01   1.3707541e+02   1.9137336e+02   1.2134974e+02   1.3050779e+02
   1.1418170e+02   9.2963032e+01   1.3630697e+02   1.9071389e+02   1.2095884e+02   1.3029089e+02
   1.1420807e+02   9.2350316e+01   1.3625776e+02   1.9113257e+02   1.2135994e+02   1.2961033e+02
   1.1422705e+02   9.2710633e+01   1.3646164e+02   1.9173579e+02   1.2179302e+02   1.3016048e+02
   1.1388818e+02   9.2602011e+01   1.3495639e+02   1.9193476e+02   1.2107098e+02   1.2979559e+02
   1.1412546e+02   9.2276143e+01   1.3275828e+02   1.9091216e+02   1.2025508e+02   1.2971439e+02
   1.1376233e+02   9.2577755e+01   1.3233715e+02   1.9087208e+02   1.2091631e+02   1.2990421e+02
   1.1440879e+02   9.2811171e+01   1.3421150e+02   1.9125033e+02   1.2137365e+02   1.3042553e+02
   1.1477719e+02   9.3835176e+01   1.3596282e+02   1.9224129e+02   1.2161304e+02   1.3109344e+02
   1.1493433e+02   9.3915325e+01   1.3768215e+02   1.9279354e+02   1.2238992e+02   1.3134162e+02
   1.1487457e+02   9.4112533e+01   1.3747932e+02   1.9336865e+02   1.2263529e+02   1.3085088e+02
   1.1474907e+02   9.3511066e+01   1.3782593e+02   1.9341856e+02   1.2254951e+02   1.3065438e+02
   1.1463412e+02   9.3125438e+01   1.3936950e+02   1.9378064e+02   1.2247253e+02   1.3166748e+02
   1.1430263e+02   9.2789376e+01   1.3948269e+02   1.9319780e+02   1.2250030e+02   1.3148328e+02
   1.1378061e+02   9.2743677e+01   1.3726489e+02   1.9198432e+02   1.2204542e+02   1.2977169e+02
   1.1371417e+02   9.2297938e+01   1.3537436e+02   1.9156284e+02   1.2191887e+02   1.3011548e+02
   1.1456065e+02   9.2821014e+01   1.3627147e+02   1.9262903e+02   1.2200570e+02   1.3084350e+02
   1.1439297e+02   9.2932097e+01   1.3690176e+02   1.9263149e+02   1.2228305e+02   1.3055208e+02
   1.1442813e+02   9.3399280e+01   1.3650277e+02   1.9212529e+02   1.2207776e+02   1.3062977e+02
   1.1465135e+02   9.2995372e+01   1.3670279e+02   1.9251443e+02   1.2235406e+02   1.3041534e+02
   1.1469810e+02   9.3388031e+01   1.3690281e+02   1.9289021e+02   1.2183872e+02   1.3116761e+02
   1.1448050e+02   9.3362721e+01   1.3728598e+02   1.9323155e+02   1.2231047e+02   1.3097989e+02
   1.1487773e+02   9.3971921e+01   1.3802173e+02   1.9375779e+02   1.2252561e+02   1.3135005e+02
   1.1517372e+02   9.3981413e+01   1.3824706e+02   1.9273554e+02   1.2190867e+02   1.3116445e+02
   1.1434165e+02   9.3536025e+01   1.3687118e+02   1.9174634e+02   1.2149317e+02   1.3029898e+02
   1.1382701e+02   9.3062514e+01   1.3508435e+02   1.9135051e+02   1.2138700e+02   1.3009544e+02
   1.1386252e+02   9.2708876e+01   1.3390954e+02   1.9167287e+02   1.2165030e+02   1.3073347e+02
   1.1437469e+02   9.3451658e+01   1.3486570e+02   1.9299673e+02   1.2170549e+02   1.3148715e+02
   1.1487949e+02   9.3868923e+01   1.3639028e+02   1.9339993e+02   1.2232067e+02   1.3185766e+02
   1.1491042e+02   9.4141007e+01   1.3761466e+02   1.9354300e+02   1.2259134e+02   1.3212201e+02
   1.1466892e+02   9.3898452e+01   1.3853039e+02   1.9350152e+02   1.2214174e+02   1.3134021e+02
   1.1465592e+02   9.4126946e+01   1.3842001e+02   1.9301958e+02   1.2222505e+02   1.3127061e+02
   1.1433075e+02   9.3435487e+01   1.3748143e+02   1.9265996e+02   1.2189918e+02   1.3109273e+02
   1.1413882e+02   9.3487514e+01   1.3608937e+02   1.9238858e+02   1.2182044e+02   1.3136587e+02
   1.1438524e+02   9.3121220e+01   1.3563379e+02   1.9255696e+02   1.2218744e+02   1.3138837e+02
   1.1447839e+02   9.3845722e+01   1.3844497e+02   1.9424571e+02   1.2280964e+02   1.3217052e+02
   1.1537058e+02   9.4594128e+01   1.4002791e+02   1.9441585e+02   1.2307224e+02   1.3224470e+02
   1.1452058e+02   9.3525127e+01   1.3874975e+02   1.9346110e+02   1.2270629e+02   1.3176345e+02
   1.1409699e+02   9.2600253e+01   1.3715978e+02   1.9166443e+02   1.2092017e+02   1.2981949e+02
   1.1400348e+02   9.2052219e+01   1.3500807e+02   1.9105453e+02   1.2093423e+02   1.2967959e+02
   1.1364632e+02   9.2585137e+01   1.3354325e+02   1.9039400e+02   1.2107836e+02   1.2997100e+02
   1.1391419e+02   9.2257160e+01   1.3389302e+02   1.9052758e+02   1.2119331e+02   1.2944898e+02
   1.1410929e+02   9.2664231e+01   1.3447796e+02   1.9102781e+02   1.2108785e+02   1.3037491e+02
   1.1490691e+02   9.3409123e+01   1.3552763e+02   1.9175723e+02   1.2139896e+02   1.3044592e+02
   1.1421194e+02   9.3431269e+01   1.3590271e+02   1.9180153e+02   1.2131740e+02   1.3039495e+02
   1.1469494e+02   9.3266753e+01   1.3725575e+02   1.9203213e+02   1.2128998e+02   1.3157433e+02
   1.1463975e+02   9.3175707e+01   1.3840701e+02   1.9261426e+02   1.2153957e+02   1.3193746e+02
   1.1475575e+02   9.3303312e+01   1.3811805e+02   1.9184617e+02   1.2072191e+02   1.3199792e+02
   1.1459686e+02   9.2662474e+01   1.3613121e+02   1.9137793e+02   1.2067586e+02   1.3118097e+02
   1.1420350e+02   9.2810468e+01   1.3569601e+02   1.9203600e+02   1.2142391e+02   1.3116550e+02
   1.1459124e+02   9.3520909e+01   1.3807130e+02   1.9360663e+02   1.2202257e+02   1.3198562e+02
   1.1492835e+02   9.3509660e+01   1.3797744e+02   1.9404604e+02   1.2212205e+02   1.3172197e+02
   1.1419401e+02   9.3000645e+01   1.3762837e+02   1.9301501e+02   1.2181482e+02   1.3144743e+02
   1.1429244e+02   9.2754223e+01   1.3580042e+02   1.9192105e+02   1.2166190e+02   1.3072152e+02
   1.1440141e+02   9.2767230e+01   1.3471630e+02   1.9196429e+02   1.2141688e+02   1.3130787e+02
   1.1448191e+02   9.2177363e+01   1.3484953e+02   1.9182508e+02   1.2096025e+02   1.3110152e+02
   1.1480497e+02   9.3124032e+01   1.3603805e+02   1.9249896e+02   1.2157015e+02   1.3150191e+02
   1.1495191e+02   9.3505442e+01   1.3798588e+02   1.9340731e+02   1.2235160e+02   1.3251010e+02
   1.1508408e+02   9.3626016e+01   1.3904152e+02   1.9312574e+02   1.2305220e+02   1.3266759e+02
   1.1469037e+02   9.2885344e+01   1.3704061e+02   1.9264449e+02   1.2260224e+02   1.3166045e+02
   1.1418768e+02   9.2431167e+01   1.3457745e+02   1.9254115e+02   1.2254635e+02   1.3157257e+02
   1.1389837e+02   9.2383008e+01   1.3450081e+02   1.9175056e+02   1.2244405e+02   1.3122772e+02
   1.1460916e+02   9.3352878e+01   1.3607426e+02   1.9289584e+02   1.2235617e+02   1.3223802e+02
   1.1491992e+02   9.4005668e+01   1.3812965e+02   1.9466157e+02   1.2301669e+02   1.3350423e+02
   1.1509463e+02   9.3780689e+01   1.3878068e+02   1.9469426e+02   1.2308102e+02   1.3278675e+02
   1.1465978e+02   9.3661521e+01   1.3873358e+02   1.9400808e+02   1.2333694e+02   1.3312457e+02
   1.1473466e+02   9.3828849e+01   1.3753275e+02   1.9350715e+02   1.2301212e+02   1.3219548e+02
   1.1454237e+02   9.3447088e+01   1.3729371e+02   1.9302731e+02   1.2274496e+02   1.3135497e+02
   1.1424814e+02   9.3313155e+01   1.3691863e+02   1.9233550e+02   1.2260505e+02   1.3110222e+02
   1.1433251e+02   9.3268511e+01   1.3647570e+02   1.9215411e+02   1.2152902e+02   1.3092857e+02
   1.1393352e+02   9.2442065e+01   1.3577159e+02   1.9137161e+02   1.2025016e+02   1.3038510e+02
   1.1356828e+02   9.1399780e+01   1.3484355e+02   1.9083693e+02   1.2038936e+02   1.3027332e+02
   1.1400031e+02   9.2052570e+01   1.3548931e+02   1.9117299e+02   1.2122671e+02   1.3084455e+02
   1.1459264e+02   9.2864955e+01   1.3577054e+02   1.9213056e+02   1.2152516e+02   1.3136236e+02
   1.1451847e+02   9.2373868e+01   1.3572695e+02   1.9235483e+02   1.2166401e+02   1.3085264e+02
   1.1430122e+02   9.2868119e+01   1.3560778e+02   1.9275523e+02   1.2189883e+02   1.3087268e+02
   1.1428822e+02   9.2828044e+01   1.3760728e+02   1.9395675e+02   1.2261490e+02   1.3182005e+02
   1.1450124e+02   9.3210157e+01   1.3764560e+02   1.9423095e+02   1.2288030e+02   1.3233328e+02
   1.1439157e+02   9.3468883e+01   1.3561762e+02   1.9285822e+02   1.2228692e+02   1.3241132e+02
   1.1396727e+02   9.2481085e+01   1.3519508e+02   1.9236151e+02   1.2181446e+02   1.3238460e+02
   1.1435958e+02   9.2636812e+01   1.3506010e+02   1.9206869e+02   1.2180075e+02   1.3201726e+02
   1.1419858e+02   9.3205587e+01   1.3515571e+02   1.9245713e+02   1.2149563e+02   1.3175045e+02
   1.1435606e+02   9.2949322e+01   1.3683286e+02   1.9299392e+02   1.2107168e+02   1.3141227e+02
   1.1407378e+02   9.2449095e+01   1.3660683e+02   1.9287229e+02   1.2081436e+02   1.3141403e+02
   1.1408749e+02   9.2464914e+01   1.3593786e+02   1.9281007e+02   1.2086041e+02   1.3168541e+02
   1.1391138e+02   9.2973226e+01   1.3504498e+02   1.9272148e+02   1.2136626e+02   1.3228231e+02
