   1.3169597e+02   9.8864981e+01   1.3948764e+02   1.8707234e+02   1.3677824e+02   1.5182825e+02
   1.3126251e+02   9.9643013e+01   1.3949641e+02   1.8709173e+02   1.3704161e+02   1.5170754e+02
   1.3251241e+02   9.9843465e+01   1.4076314e+02   1.8747142e+02   1.3837015e+02   1.5270211e+02
   1.3366501e+02   1.0030619e+02   1.4134694e+02   1.8843564e+02   1.3875459e+02   1.5382216e+02
   1.3438086e+02   1.0049750e+02   1.4115746e+02   1.8822933e+02   1.3860096e+02   1.5307229e+02
   1.3388814e+02   1.0020523e+02   1.4082752e+02   1.8797913e+02   1.3821396e+02   1.5227268e+02
   1.3357174e+02   1.0022974e+02   1.4084983e+02   1.8865914e+02   1.3870960e+02   1.5235096e+02
   1.3395947e+02   1.0034130e+02   1.4094274e+02   1.8866791e+02   1.3830870e+02   1.5272662e+02
   1.3344920e+02   1.0054797e+02   1.4090689e+02   1.8899237e+02   1.3838771e+02   1.5237510e+02
   1.3360466e+02   1.0047957e+02   1.4113917e+02   1.8937352e+02   1.3825420e+02   1.5282758e+02
   1.3400885e+02   1.0071112e+02   1.4125952e+02   1.8965042e+02   1.3828200e+02   1.5365682e+02
   1.3373159e+02   1.0071916e+02   1.4093213e+02   1.8783465e+02   1.3794803e+02   1.5278734e+02
   1.3298830e+02   1.0036508e+02   1.4121928e+02   1.8872132e+02   1.3811812e+02   1.5283087e+02
   1.3362002e+02   1.0031131e+02   1.4181405e+02   1.8932194e+02   1.3900479e+02   1.5340041e+02
   1.3378755e+02   1.0050737e+02   1.4144314e+02   1.8861085e+02   1.3844916e+02   1.5241131e+02
   1.3398581e+02   1.0016499e+02   1.4101078e+02   1.8805558e+02   1.3789682e+02   1.5247825e+02
   1.3441122e+02   1.0035081e+02   1.4121599e+02   1.8885264e+02   1.3875972e+02   1.5296658e+02
   1.3363868e+02   1.0052091e+02   1.4120062e+02   1.8857464e+02   1.3803436e+02   1.5295012e+02
   1.3388375e+02   1.0025205e+02   1.4089373e+02   1.8855854e+02   1.3760712e+02   1.5266041e+02
   1.3305488e+02   1.0033691e+02   1.4068632e+02   1.8838772e+02   1.3805191e+02   1.5225146e+02
   1.3406665e+02   1.0070161e+02   1.4055684e+02   1.8823738e+02   1.3759980e+02   1.5210003e+02
   1.3430112e+02   1.0031680e+02   1.4078509e+02   1.8896859e+02   1.3817409e+02   1.5321239e+02
   1.3437611e+02   1.0039946e+02   1.4172919e+02   1.8878167e+02   1.3886945e+02   1.5300389e+02
   1.3393752e+02   1.0034679e+02   1.4092299e+02   1.8747325e+02   1.3828456e+02   1.5223354e+02
   1.3386693e+02   9.9503282e+01   1.4106016e+02   1.8834273e+02   1.3859072e+02   1.5271309e+02
   1.3330690e+02   1.0012695e+02   1.4115380e+02   1.8885556e+02   1.3800034e+02   1.5279320e+02
   1.3386034e+02   1.0074257e+02   1.4116917e+02   1.8969541e+02   1.3836174e+02   1.5254739e+02
   1.3370781e+02   1.0004136e+02   1.4159311e+02   1.8970419e+02   1.3854902e+02   1.5301267e+02
   1.3404653e+02   9.9818226e+01   1.4096103e+02   1.8771613e+02   1.3821030e+02   1.5237803e+02
   1.3367672e+02   1.0006221e+02   1.4110954e+02   1.8827067e+02   1.3792462e+02   1.5252727e+02
   1.3328862e+02   1.0005891e+02   1.4162274e+02   1.8887568e+02   1.3801790e+02   1.5337443e+02
   1.3281090e+02   1.0048616e+02   1.4116368e+02   1.8859695e+02   1.3786317e+02   1.5238132e+02
   1.3378133e+02   1.0034313e+02   1.4090141e+02   1.8892762e+02   1.3814409e+02   1.5282356e+02
   1.3307170e+02   1.0047482e+02   1.4055464e+02   1.8795097e+02   1.3751384e+02   1.5174558e+02
   1.3328788e+02   1.0017048e+02   1.3993938e+02   1.8824653e+02   1.3704453e+02   1.5122616e+02
   1.3326228e+02   1.0021767e+02   1.4102175e+02   1.8898505e+02   1.3814117e+02   1.5281697e+02
   1.3306878e+02   1.0053810e+02   1.4101736e+02   1.8924184e+02   1.3869973e+02   1.5261140e+02
   1.3375792e+02   1.0054102e+02   1.4101700e+02   1.8867706e+02   1.3856658e+02   1.5240583e+02
   1.3386107e+02   1.0020121e+02   1.4127451e+02   1.8931975e+02   1.3841222e+02   1.5338285e+02
   1.3342505e+02   1.0097083e+02   1.4130122e+02   1.8846636e+02   1.3811337e+02   1.5293256e+02
   1.3413212e+02   1.0090535e+02   1.4059671e+02   1.8778710e+02   1.3789719e+02   1.5218928e+02
   1.3307756e+02   1.0064308e+02   1.4009155e+02   1.8846051e+02   1.3754639e+02   1.5211978e+02
   1.3307756e+02   1.0100228e+02   1.4064426e+02   1.8898469e+02   1.3776111e+02   1.5194018e+02
   1.3318729e+02   1.0027034e+02   1.4083666e+02   1.8906114e+02   1.3804570e+02   1.5238790e+02
   1.3357869e+02   1.0027107e+02   1.4085715e+02   1.8842137e+02   1.3791218e+02   1.5227670e+02
   1.3337128e+02   1.0056334e+02   1.4068230e+02   1.8917490e+02   1.3789682e+02   1.5167571e+02
   1.3361856e+02   9.9930889e+01   1.4103419e+02   1.8990684e+02   1.3821762e+02   1.5214282e+02
   1.3319973e+02   1.0008708e+02   1.4116404e+02   1.8916904e+02   1.3791657e+02   1.5246764e+02
   1.3252046e+02   9.9831760e+01   1.4025543e+02   1.8796779e+02   1.3699369e+02   1.5162340e+02
   1.3303293e+02   9.9574611e+01   1.3975137e+02   1.8744106e+02   1.3654596e+02   1.5097193e+02
   1.3243743e+02   9.9043486e+01   1.4019434e+02   1.8726548e+02   1.3670289e+02   1.5103156e+02
   1.3211334e+02   9.9652889e+01   1.4066474e+02   1.8793158e+02   1.3748494e+02   1.5098401e+02
   1.3284967e+02   9.9328435e+01   1.4111430e+02   1.8868218e+02   1.3774538e+02   1.5153452e+02
   1.3347114e+02   9.9890286e+01   1.4117173e+02   1.8831383e+02   1.3843672e+02   1.5197749e+02
   1.3270152e+02   1.0006623e+02   1.4084032e+02   1.8806363e+02   1.3793047e+02   1.5176240e+02
   1.3277395e+02   9.9964175e+01   1.4084910e+02   1.8869169e+02   1.3779842e+02   1.5206455e+02
   1.3320924e+02   1.0001978e+02   1.4060512e+02   1.8803181e+02   1.3701161e+02   1.5115885e+02
   1.3296709e+02   9.9819689e+01   1.4034724e+02   1.8861597e+02   1.3744471e+02   1.5126932e+02
   1.3263605e+02   1.0007318e+02   1.4091165e+02   1.8846161e+02   1.3786792e+02   1.5203236e+02
   1.3319168e+02   1.0080329e+02   1.4093469e+02   1.8880399e+02   1.3833394e+02   1.5189738e+02
   1.3378719e+02   1.0063028e+02   1.4170139e+02   1.9004803e+02   1.3866278e+02   1.5296365e+02
   1.3264190e+02   1.0053078e+02   1.4103090e+02   1.8808082e+02   1.3820774e+02   1.5126822e+02
   1.3304427e+02   1.0039727e+02   1.4095079e+02   1.8779039e+02   1.3787195e+02   1.5169107e+02
   1.3297440e+02   1.0045689e+02   1.4083008e+02   1.8857391e+02   1.3756395e+02   1.5196505e+02
   1.3218905e+02   1.0113653e+02   1.4048843e+02   1.8799889e+02   1.3705221e+02   1.5115081e+02
   1.3353735e+02   1.0044372e+02   1.4054513e+02   1.8839028e+02   1.3746995e+02   1.5161645e+02
   1.3288808e+02   1.0080586e+02   1.4047161e+02   1.8872205e+02   1.3746153e+02   1.5153818e+02
   1.3276151e+02   1.0094229e+02   1.4059341e+02   1.8913686e+02   1.3786975e+02   1.5183629e+02
   1.3284601e+02   1.0086292e+02   1.4119294e+02   1.8839796e+02   1.3823079e+02   1.5167717e+02
   1.3283979e+02   1.0044226e+02   1.4100200e+02   1.8800474e+02   1.3759322e+02   1.5079599e+02
   1.3241475e+02   1.0007208e+02   1.4044125e+02   1.8806875e+02   1.3736387e+02   1.5094596e+02
   1.3242462e+02   1.0021364e+02   1.4043210e+02   1.8836358e+02   1.3775453e+02   1.5133772e+02
   1.3237049e+02   1.0060577e+02   1.4018263e+02   1.8855452e+02   1.3776477e+02   1.5164535e+02
   1.3301391e+02   1.0047299e+02   1.4083520e+02   1.8902236e+02   1.3806508e+02   1.5260116e+02
   1.3285698e+02   1.0118079e+02   1.4117538e+02   1.8892580e+02   1.3816275e+02   1.5233230e+02
   1.3412152e+02   1.0114384e+02   1.4137876e+02   1.8928610e+02   1.3843563e+02   1.5252398e+02
   1.3390387e+02   1.0174483e+02   1.4158763e+02   1.8970639e+02   1.3865473e+02   1.5249508e+02
   1.3404287e+02   1.0173788e+02   1.4188026e+02   1.9125111e+02   1.3904540e+02   1.5211210e+02
   1.3342030e+02   1.0159779e+02   1.4105138e+02   1.9070828e+02   1.3834564e+02   1.5240473e+02
   1.3381425e+02   1.0175471e+02   1.4049831e+02   1.8919648e+02   1.3780062e+02   1.5161463e+02
   1.3264117e+02   1.0057468e+02   1.4038857e+02   1.8760127e+02   1.3701015e+02   1.5135382e+02
   1.3193812e+02   1.0109227e+02   1.4088166e+02   1.8899786e+02   1.3787853e+02   1.5172253e+02
   1.3325643e+02   1.0150159e+02   1.4075290e+02   1.8935925e+02   1.3786939e+02   1.5186592e+02
   1.3346822e+02   1.0172435e+02   1.4145411e+02   1.9078217e+02   1.3837820e+02   1.5285538e+02
   1.3370488e+02   1.0206124e+02   1.4154190e+02   1.9014424e+02   1.3857536e+02   1.5256458e+02
   1.3461094e+02   1.0240947e+02   1.4173358e+02   1.9090837e+02   1.3908710e+02   1.5292086e+02
   1.3396386e+02   1.0225035e+02   1.4206462e+02   1.9158581e+02   1.3885958e+02   1.5282465e+02
   1.3329081e+02   1.0217683e+02   1.4194281e+02   1.9122185e+02   1.3879191e+02   1.5295780e+02
   1.3340677e+02   1.0191529e+02   1.4144131e+02   1.9051954e+02   1.3869204e+02   1.5256714e+02
   1.3374585e+02   1.0181653e+02   1.4137730e+02   1.8913539e+02   1.3838515e+02   1.5174375e+02
   1.3295794e+02   1.0129967e+02   1.4065596e+02   1.8780648e+02   1.3768247e+02   1.5135126e+02
   1.3252448e+02   1.0137392e+02   1.4083008e+02   1.8843637e+02   1.3771466e+02   1.5188860e+02
   1.3282150e+02   1.0126968e+02   1.4094823e+02   1.8843856e+02   1.3769161e+02   1.5190762e+02
   1.3356003e+02   1.0137392e+02   1.4129573e+02   1.8909150e+02   1.3809691e+02   1.5202358e+02
   1.3390534e+02   1.0167058e+02   1.4112308e+02   1.8924476e+02   1.3802631e+02   1.5170754e+02
   1.3347992e+02   1.0259200e+02   1.4140876e+02   1.8889873e+02   1.3844331e+02   1.5236998e+02
   1.3280248e+02   1.0262931e+02   1.4147935e+02   1.8831493e+02   1.3870448e+02   1.5265785e+02
   1.3411274e+02   1.0205978e+02   1.4179869e+02   1.8974333e+02   1.3826261e+02   1.5186592e+02
   1.3387863e+02   1.0188713e+02   1.4075912e+02   1.8833944e+02   1.3772088e+02   1.5073527e+02
   1.3317742e+02   1.0077586e+02   1.4082276e+02   1.8813715e+02   1.3746117e+02   1.5164499e+02
   1.3262581e+02   1.0110726e+02   1.4106455e+02   1.8918916e+02   1.3801826e+02   1.5208393e+02
   1.3345907e+02   1.0147561e+02   1.4085239e+02   1.8968846e+02   1.3786975e+02   1.5216184e+02
   1.3346054e+02   1.0126492e+02   1.4135681e+02   1.8958970e+02   1.3799083e+02   1.5141234e+02
   1.3297477e+02   1.0148037e+02   1.4103492e+02   1.8890092e+02   1.3766198e+02   1.5106850e+02
   1.3257825e+02   1.0100814e+02   1.4118050e+02   1.8874327e+02   1.3774026e+02   1.5108935e+02
   1.3288040e+02   1.0152756e+02   1.4134621e+02   1.8938267e+02   1.3835515e+02   1.5213331e+02
   1.3345798e+02   1.0211538e+02   1.4124305e+02   1.8969615e+02   1.3838405e+02   1.5257884e+02
   1.3412993e+02   1.0215452e+02   1.4183015e+02   1.9023751e+02   1.3903077e+02   1.5239046e+02
   1.3417273e+02   1.0201479e+02   1.4183892e+02   1.8945912e+02   1.3843197e+02   1.5272882e+02
   1.3396276e+02   1.0219475e+02   1.4169700e+02   1.8980222e+02   1.3826700e+02   1.5279393e+02
   1.3425686e+02   1.0218159e+02   1.4176357e+02   1.9017899e+02   1.3873192e+02   1.5280490e+02
   1.3373707e+02   1.0258688e+02   1.4170870e+02   1.8978430e+02   1.3865437e+02   1.5279978e+02
   1.3389326e+02   1.0210587e+02   1.4143802e+02   1.8951874e+02   1.3830467e+02   1.5212892e+02
   1.3337567e+02   1.0169911e+02   1.4099432e+02   1.8876960e+02   1.3781305e+02   1.5149318e+02
   1.3333068e+02   1.0155975e+02   1.4109235e+02   1.8970054e+02   1.3813568e+02   1.5203089e+02
   1.3329922e+02   1.0205210e+02   1.4168785e+02   1.9023276e+02   1.3865986e+02   1.5248520e+02
   1.3482383e+02   1.0203673e+02   1.4137108e+02   1.9016948e+02   1.3890310e+02   1.5230779e+02
   1.3467313e+02   1.0235899e+02   1.4188099e+02   1.8988928e+02   1.3906917e+02   1.5260628e+02
   1.3470897e+02   1.0271893e+02   1.4209790e+02   1.9093068e+02   1.3904723e+02   1.5330567e+02
   1.3470056e+02   1.0297681e+02   1.4196220e+02   1.9059306e+02   1.3889250e+02   1.5295268e+02
   1.3360429e+02   1.0269479e+02   1.4187477e+02   1.9018484e+02   1.3887860e+02   1.5238278e+02
   1.3403300e+02   1.0210184e+02   1.4167469e+02   1.8988489e+02   1.3861779e+02   1.5255507e+02
   1.3446719e+02   1.0230193e+02   1.4112856e+02   1.9047454e+02   1.3905564e+02   1.5266736e+02
   1.3441378e+02   1.0249397e+02   1.4120648e+02   1.9028836e+02   1.3817775e+02   1.5276832e+02
   1.3371037e+02   1.0192078e+02   1.4095554e+02   1.8917270e+02   1.3804789e+02   1.5243180e+02
   1.3478176e+02   1.0235899e+02   1.4160189e+02   1.8906626e+02   1.3850147e+02   1.5242265e+02
   1.3449169e+02   1.0272149e+02   1.4153934e+02   1.8944704e+02   1.3820518e+02   1.5217465e+02
   1.3416029e+02   1.0244751e+02   1.4144204e+02   1.8887129e+02   1.3805667e+02   1.5222915e+02
   1.3337275e+02   1.0200418e+02   1.4113222e+02   1.8816203e+02   1.3748202e+02   1.5183520e+02
   1.3286759e+02   1.0161205e+02   1.4146106e+02   1.8927622e+02   1.3817628e+02   1.5259677e+02
   1.3415334e+02   1.0226755e+02   1.4158324e+02   1.8952203e+02   1.3817116e+02   1.5261798e+02
   1.3403336e+02   1.0247531e+02   1.4129939e+02   1.8978869e+02   1.3780903e+02   1.5190689e+02
   1.3331605e+02   1.0122834e+02   1.4088166e+02   1.9036225e+02   1.3757822e+02   1.5182459e+02
   1.3317705e+02   1.0201369e+02   1.4044746e+02   1.8935999e+02   1.3719963e+02   1.5134321e+02
   1.3364855e+02   1.0245922e+02   1.4169663e+02   1.9023166e+02   1.3842356e+02   1.5242960e+02
   1.3343274e+02   1.0266699e+02   1.4124305e+02   1.8921257e+02   1.3760894e+02   1.5178252e+02
   1.3342213e+02   1.0166582e+02   1.4081472e+02   1.8758884e+02   1.3718865e+02   1.5159268e+02
   1.3295648e+02   1.0176276e+02   1.4072363e+02   1.8778051e+02   1.3744068e+02   1.5143319e+02
   1.3318839e+02   1.0204478e+02   1.4072876e+02   1.8824945e+02   1.3749518e+02   1.5175875e+02
   1.3334458e+02   1.0211977e+02   1.4095591e+02   1.8864085e+02   1.3767149e+02   1.5211758e+02
   1.3278054e+02   1.0220426e+02   1.4047563e+02   1.8863170e+02   1.3683018e+02   1.5148879e+02
   1.3218430e+02   1.0174081e+02   1.4069254e+02   1.8899164e+02   1.3740301e+02   1.5130992e+02
   1.3343676e+02   1.0182458e+02   1.4111357e+02   1.8968078e+02   1.3753323e+02   1.5194603e+02
   1.3345322e+02   1.0226974e+02   1.4142266e+02   1.9036078e+02   1.3802155e+02   1.5187214e+02
   1.3381279e+02   1.0238460e+02   1.4189672e+02   1.9033225e+02   1.3869131e+02   1.5271967e+02
   1.3438159e+02   1.0305728e+02   1.4179247e+02   1.9011717e+02   1.3878532e+02   1.5258909e+02
   1.3355308e+02   1.0228145e+02   1.4179869e+02   1.9030079e+02   1.3885592e+02   1.5257519e+02
   1.3348541e+02   1.0243252e+02   1.4128768e+02   1.8967310e+02   1.3799705e+02   1.5241643e+02
   1.3426966e+02   1.0231546e+02   1.4127195e+02   1.8917307e+02   1.3837856e+02   1.5239193e+02
   1.3391667e+02   1.0231620e+02   1.4090214e+02   1.8861012e+02   1.3769966e+02   1.5179642e+02
   1.3306585e+02   1.0224377e+02   1.4091348e+02   1.8818434e+02   1.3763382e+02   1.5213880e+02
   1.3493540e+02   1.0278953e+02   1.4127232e+02   1.8856293e+02   1.3761663e+02   1.5266444e+02
   1.3471373e+02   1.0271344e+02   1.4191903e+02   1.8929158e+02   1.3828456e+02   1.5248740e+02
   1.3463581e+02   1.0250531e+02   1.4174455e+02   1.8936730e+02   1.3852415e+02   1.5190762e+02
   1.3445694e+02   1.0210367e+02   1.4122806e+02   1.8899017e+02   1.3779477e+02   1.5171192e+02
   1.3406775e+02   1.0204624e+02   1.4190221e+02   1.9028360e+02   1.3816421e+02   1.5277088e+02
   1.3357174e+02   1.0187725e+02   1.4147387e+02   1.8905455e+02   1.3768576e+02   1.5177082e+02
   1.3296014e+02   1.0124919e+02   1.4045002e+02   1.8619884e+02   1.3662717e+02   1.5015879e+02
   1.3271652e+02   1.0080586e+02   1.4064719e+02   1.8767663e+02   1.3711769e+02   1.5116288e+02
   1.3315547e+02   1.0203783e+02   1.4095737e+02   1.8856074e+02   1.3755700e+02   1.5114093e+02
   1.3315181e+02   1.0177227e+02   1.4140839e+02   1.8871144e+02   1.3802229e+02   1.5210368e+02
   1.3360575e+02   1.0176422e+02   1.4142631e+02   1.8864853e+02   1.3779074e+02   1.5218123e+02
   1.3402531e+02   1.0220975e+02   1.4121745e+02   1.8878204e+02   1.3761297e+02   1.5221342e+02
   1.3349017e+02   1.0211245e+02   1.4120611e+02   1.8902456e+02   1.3756578e+02   1.5226427e+02
   1.3260459e+02   1.0212233e+02   1.4116734e+02   1.8816715e+02   1.3774502e+02   1.5115483e+02
   1.3363502e+02   1.0159888e+02   1.4067206e+02   1.8783831e+02   1.3793523e+02   1.5114898e+02
   1.3402348e+02   1.0169326e+02   1.4091531e+02   1.8785111e+02   1.3750067e+02   1.5128505e+02
   1.3420894e+02   1.0200857e+02   1.4067060e+02   1.8836285e+02   1.3753323e+02   1.5102680e+02
   1.3383364e+02   1.0222877e+02   1.4097457e+02   1.8903114e+02   1.3807459e+02   1.5200968e+02
   1.3409408e+02   1.0261249e+02   1.4120904e+02   1.8913905e+02   1.3762138e+02   1.5173424e+02
   1.3403629e+02   1.0249690e+02   1.4096688e+02   1.8959043e+02   1.3819421e+02   1.5182971e+02
   1.3374402e+02   1.0214537e+02   1.4106016e+02   1.8889287e+02   1.3776258e+02   1.5026633e+02
   1.3266787e+02   1.0163729e+02   1.4091494e+02   1.8904651e+02   1.3793230e+02   1.5046276e+02
   1.3333141e+02   1.0205612e+02   1.4097383e+02   1.8995403e+02   1.3798607e+02   1.5087025e+02
   1.3366611e+02   1.0246105e+02   1.4090287e+02   1.8966798e+02   1.3767808e+02   1.5132382e+02
   1.3367599e+02   1.0191310e+02   1.4069876e+02   1.8891409e+02   1.3742459e+02   1.5161133e+02
   1.3311816e+02   1.0184104e+02   1.4059597e+02   1.8775600e+02   1.3674166e+02   1.5053701e+02
   1.3276005e+02   1.0133588e+02   1.4085678e+02   1.8797511e+02   1.3673471e+02   1.5034241e+02
   1.3278054e+02   1.0128796e+02   1.4098591e+02   1.8830176e+02   1.3742312e+02   1.5089805e+02
   1.3305817e+02   1.0183079e+02   1.4108101e+02   1.8876668e+02   1.3741691e+02   1.5125432e+02
   1.3363319e+02   1.0206563e+02   1.4104297e+02   1.8953959e+02   1.3720877e+02   1.5153123e+02
   1.3315839e+02   1.0188566e+02   1.4085934e+02   1.8871364e+02   1.3686237e+02   1.5053299e+02
   1.3322533e+02   1.0141672e+02   1.4082642e+02   1.8765980e+02   1.3716159e+02   1.5063907e+02
   1.3303073e+02   1.0158608e+02   1.4011094e+02   1.8720659e+02   1.3610336e+02   1.5005234e+02
   1.3286503e+02   1.0081500e+02   1.3974186e+02   1.8780356e+02   1.3626357e+02   1.4989176e+02
   1.3279663e+02   1.0123163e+02   1.4042149e+02   1.8834090e+02   1.3674788e+02   1.5030474e+02
   1.3343895e+02   1.0142696e+02   1.4027628e+02   1.8844405e+02   1.3688029e+02   1.5026852e+02
   1.3360795e+02   1.0146171e+02   1.4083959e+02   1.8865255e+02   1.3741325e+02   1.5060724e+02
   1.3353186e+02   1.0136697e+02   1.4113844e+02   1.8894738e+02   1.3754127e+02   1.5070235e+02
   1.3328313e+02   1.0142879e+02   1.4124342e+02   1.8824689e+02   1.3750872e+02   1.5046715e+02
   1.3384279e+02   1.0130662e+02   1.4104187e+02   1.8850587e+02   1.3748933e+02   1.5096242e+02
   1.3378024e+02   1.0172691e+02   1.4106492e+02   1.8867816e+02   1.3719121e+02   1.5074076e+02
   1.3350297e+02   1.0181689e+02   1.4080777e+02   1.8873010e+02   1.3743300e+02   1.5088268e+02
   1.3281529e+02   1.0123127e+02   1.4037467e+02   1.8803912e+02   1.3655474e+02   1.4978824e+02
   1.3314559e+02   1.0073343e+02   1.4052391e+02   1.8739460e+02   1.3698564e+02   1.4974435e+02
   1.3325387e+02   1.0095473e+02   1.4084800e+02   1.8861707e+02   1.3724791e+02   1.5037789e+02
   1.3351833e+02   1.0172618e+02   1.4074705e+02   1.8909589e+02   1.3716707e+02   1.5022719e+02
   1.3352748e+02   1.0141526e+02   1.4135023e+02   1.8873229e+02   1.3768686e+02   1.5083659e+02
   1.3370927e+02   1.0136697e+02   1.4154703e+02   1.8936291e+02   1.3808557e+02   1.5112776e+02
   1.3374402e+02   1.0155536e+02   1.4184807e+02   1.9024629e+02   1.3846123e+02   1.5181325e+02
   1.3374695e+02   1.0161425e+02   1.4233128e+02   1.9013034e+02   1.3870924e+02   1.5179825e+02
   1.3483480e+02   1.0188420e+02   1.4210010e+02   1.8999061e+02   1.3854024e+02   1.5172107e+02
   1.3449901e+02   1.0186262e+02   1.4228555e+02   1.9010290e+02   1.3872314e+02   1.5189555e+02
   1.3428466e+02   1.0217903e+02   1.4158909e+02   1.8923452e+02   1.3833723e+02   1.5074807e+02
   1.3378133e+02   1.0124370e+02   1.4149069e+02   1.8920087e+02   1.3839064e+02   1.5023707e+02
   1.3346895e+02   1.0138087e+02   1.4131475e+02   1.8862621e+02   1.3807094e+02   1.5025389e+02
   1.3329959e+02   1.0170606e+02   1.4105650e+02   1.8782953e+02   1.3775892e+02   1.5059627e+02
   1.3240743e+02   1.0122798e+02   1.4084069e+02   1.8750690e+02   1.3738984e+02   1.4988920e+02
   1.3228379e+02   1.0165229e+02   1.4049282e+02   1.8674679e+02   1.3747946e+02   1.5013464e+02
   1.3255338e+02   1.0160437e+02   1.3853805e+02   1.8299270e+02   1.3573135e+02   1.4893961e+02
   1.3190045e+02   1.0078354e+02   1.4021043e+02   1.8609935e+02   1.3696369e+02   1.5059188e+02
   1.3306402e+02   1.0129382e+02   1.4127744e+02   1.8719415e+02   1.3723474e+02   1.5040569e+02
   1.3244072e+02   1.0113945e+02   1.4058976e+02   1.8758774e+02   1.3708075e+02   1.4977105e+02
   1.3204201e+02   1.0085487e+02   1.4068669e+02   1.8836906e+02   1.3726218e+02   1.4965217e+02
   1.3274798e+02   1.0095144e+02   1.4077228e+02   1.8859000e+02   1.3771429e+02   1.5027547e+02
   1.3291478e+02   1.0112921e+02   1.4138535e+02   1.8916648e+02   1.3839393e+02   1.5099644e+02
   1.3271542e+02   1.0152280e+02   1.4117502e+02   1.8801974e+02   1.3781049e+02   1.5037241e+02
   1.3258155e+02   1.0170057e+02   1.4156056e+02   1.8851355e+02   1.3799229e+02   1.5051836e+02
   1.3292795e+02   1.0176642e+02   1.4089336e+02   1.8791585e+02   1.3740776e+02   1.4997955e+02
   1.3329849e+02   1.0147379e+02   1.4072473e+02   1.8885776e+02   1.3750726e+02   1.5036655e+02
   1.3285223e+02   1.0163693e+02   1.4025945e+02   1.8874473e+02   1.3679945e+02   1.4920700e+02
   1.3292868e+02   1.0141050e+02   1.4090580e+02   1.8872425e+02   1.3695491e+02   1.4982555e+02
   1.3343859e+02   1.0135600e+02   1.4070059e+02   1.8775856e+02   1.3666119e+02   1.4997662e+02
   1.3255777e+02   1.0083914e+02   1.3965846e+02   1.8637296e+02   1.3587730e+02   1.4975093e+02
   1.3167000e+02   1.0062845e+02   1.3972357e+02   1.8507770e+02   1.3575586e+02   1.4950659e+02
   1.3157197e+02   1.0032594e+02   1.4043356e+02   1.8495626e+02   1.3548774e+02   1.4928748e+02
   1.3140554e+02   9.9944789e+01   1.4027298e+02   1.8601156e+02   1.3586706e+02   1.4947659e+02
   1.3244401e+02   1.0060760e+02   1.4069474e+02   1.8726073e+02   1.3645452e+02   1.5010940e+02
   1.3329447e+02   1.0082780e+02   1.4100785e+02   1.8874510e+02   1.3743629e+02   1.5061602e+02
   1.3391814e+02   1.0136222e+02   1.4128914e+02   1.8882557e+02   1.3776038e+02   1.5114056e+02
   1.3419467e+02   1.0132820e+02   1.4181149e+02   1.8911783e+02   1.3805082e+02   1.5147050e+02
   1.3426564e+02   1.0185128e+02   1.4144460e+02   1.8881716e+02   1.3816970e+02   1.5141527e+02
   1.3385486e+02   1.0192883e+02   1.4156751e+02   1.8918331e+02   1.3792828e+02   1.5122360e+02
   1.3446975e+02   1.0157108e+02   1.4153898e+02   1.8971114e+02   1.3840856e+02   1.5177813e+02
   1.3447121e+02   1.0212160e+02   1.4165932e+02   1.8995293e+02   1.3840088e+02   1.5134248e+02
   1.3476055e+02   1.0183555e+02   1.4129756e+02   1.8851245e+02   1.3772344e+02   1.5089402e+02
   1.3327362e+02   1.0100411e+02   1.3980733e+02   1.8709612e+02   1.3664619e+02   1.4938844e+02
   1.3330654e+02   1.0057760e+02   1.3951982e+02   1.8784526e+02   1.3617213e+02   1.4984750e+02
   1.3286064e+02   1.0093754e+02   1.3983404e+02   1.8794804e+02   1.3607556e+02   1.4970813e+02
   1.3362916e+02   1.0118371e+02   1.4012191e+02   1.8812143e+02   1.3665533e+02   1.5014854e+02
   1.3371037e+02   1.0126748e+02   1.4080301e+02   1.8905638e+02   1.3747982e+02   1.5052092e+02
   1.3409408e+02   1.0193834e+02   1.4131475e+02   1.8961348e+02   1.3760126e+02   1.5088268e+02
   1.3478542e+02   1.0142184e+02   1.4131950e+02   1.8907906e+02   1.3785110e+02   1.5084062e+02
   1.3399934e+02   1.0119505e+02   1.4116514e+02   1.8856366e+02   1.3744946e+02   1.5044337e+02
   1.3039340e+02   1.0009001e+02   1.3987830e+02   1.8443245e+02   1.3780281e+02   1.4778665e+02
   1.3326447e+02   1.0456799e+02   1.4170358e+02   1.8920233e+02   1.3812800e+02   1.5024438e+02
   1.3247400e+02   1.0269150e+02   1.4056305e+02   1.8717220e+02   1.3811703e+02   1.4905410e+02
   1.3147613e+02   1.0079891e+02   1.3895175e+02   1.8254681e+02   1.3640660e+02   1.4892498e+02
   1.3118314e+02   1.0136990e+02   1.3952458e+02   1.8408312e+02   1.3601228e+02   1.4858407e+02
   1.3179473e+02   1.0091632e+02   1.3974113e+02   1.8482128e+02   1.3604117e+02   1.4848201e+02
   1.3146333e+02   1.0101106e+02   1.4058720e+02   1.8614690e+02   1.3759102e+02   1.4982409e+02
   1.3263678e+02   1.0178909e+02   1.4122733e+02   1.8750763e+02   1.3836796e+02   1.5123018e+02
   1.3368294e+02   1.0205868e+02   1.4207376e+02   1.8788147e+02   1.3852159e+02   1.5179862e+02
   1.3400410e+02   1.0263992e+02   1.4210339e+02   1.8834895e+02   1.3843051e+02   1.5164279e+02
   1.3347700e+02   1.0259529e+02   1.4203901e+02   1.8881130e+02   1.3874435e+02   1.5169729e+02
   1.3295721e+02   1.0311764e+02   1.4178698e+02   1.8892470e+02   1.3847952e+02   1.5124372e+02
   1.3375317e+02   1.0249799e+02   1.4213046e+02   1.9060074e+02   1.3887531e+02   1.5171558e+02
   1.3330069e+02   1.0260883e+02   1.4172626e+02   1.8998878e+02   1.3917306e+02   1.5074917e+02
   1.3362697e+02   1.0216586e+02   1.4137803e+02   1.8937096e+02   1.3845465e+02   1.5070710e+02
   1.3344627e+02   1.0207734e+02   1.4195634e+02   1.8894043e+02   1.3855817e+02   1.5067235e+02
   1.3317120e+02   1.0182458e+02   1.4118416e+02   1.8883654e+02   1.3834162e+02   1.5063541e+02
   1.3329483e+02   1.0184616e+02   1.4172334e+02   1.8904687e+02   1.3814044e+02   1.5067565e+02
   1.3336763e+02   1.0175178e+02   1.4151923e+02   1.8895103e+02   1.3820079e+02   1.5057981e+02
   1.3415810e+02   1.0177995e+02   1.4178515e+02   1.8947777e+02   1.3853512e+02   1.5108131e+02
   1.3392216e+02   1.0232168e+02   1.4146180e+02   1.8841223e+02   1.3789645e+02   1.5051763e+02
   1.3399971e+02   1.0197528e+02   1.4138608e+02   1.8884861e+02   1.3790377e+02   1.5066321e+02
   1.3390241e+02   1.0200784e+02   1.4186526e+02   1.8909223e+02   1.3864888e+02   1.5106448e+02
   1.3377621e+02   1.0218671e+02   1.4209022e+02   1.8973492e+02   1.3897443e+02   1.5111935e+02
   1.3399312e+02   1.0178251e+02   1.4225080e+02   1.8928939e+02   1.3864193e+02   1.5132602e+02
   1.3422138e+02   1.0229827e+02   1.4175589e+02   1.8905126e+02   1.3852561e+02   1.5128542e+02
   1.3407762e+02   1.0212708e+02   1.4093250e+02   1.8795902e+02   1.3808154e+02   1.5072686e+02
   1.3293453e+02   1.0164461e+02   1.4043430e+02   1.8686421e+02   1.3711037e+02   1.4925492e+02
   1.3263422e+02   1.0142843e+02   1.4100493e+02   1.8804681e+02   1.3776697e+02   1.5057432e+02
   1.3347883e+02   1.0241423e+02   1.4186709e+02   1.8799267e+02   1.3828529e+02   1.5051433e+02
   1.3389436e+02   1.0254372e+02   1.4153130e+02   1.8727133e+02   1.3804716e+02   1.5049824e+02
   1.3362441e+02   1.0174703e+02   1.4128732e+02   1.8633016e+02   1.3798644e+02   1.4987091e+02
   1.3294551e+02   1.0097412e+02   1.4018885e+02   1.8561651e+02   1.3679653e+02   1.4915945e+02
   1.3261886e+02   1.0179275e+02   1.4013289e+02   1.8582830e+02   1.3671020e+02   1.4930760e+02
   1.3283540e+02   1.0120310e+02   1.3994377e+02   1.8578989e+02   1.3670033e+02   1.5021804e+02
   1.3236793e+02   1.0137941e+02   1.4002754e+02   1.8587658e+02   1.3643440e+02   1.4935003e+02
   1.3235951e+02   1.0085670e+02   1.3982379e+02   1.8578257e+02   1.3602252e+02   1.4922456e+02
   1.3148089e+02   1.0032850e+02   1.3881129e+02   1.8514976e+02   1.3489662e+02   1.4796186e+02
   1.3120435e+02   9.9668252e+01   1.3839868e+02   1.8438160e+02   1.3518596e+02   1.4826583e+02
   1.3176218e+02   1.0022096e+02   1.3964236e+02   1.8707527e+02   1.3685249e+02   1.4970338e+02
   1.3259362e+02   1.0168887e+02   1.4065523e+02   1.8822055e+02   1.3754310e+02   1.5074588e+02
   1.3407726e+02   1.0178397e+02   1.4079387e+02   1.8831822e+02   1.3751677e+02   1.5038923e+02
   1.3383949e+02   1.0148842e+02   1.3995987e+02   1.8615604e+02   1.3702734e+02   1.4975349e+02
   1.3265361e+02   1.0121225e+02   1.3948837e+02   1.8507733e+02   1.3672447e+02   1.5003186e+02
   1.3277395e+02   1.0089913e+02   1.4048221e+02   1.8866828e+02   1.3713415e+02   1.5061968e+02
   1.3385230e+02   1.0092181e+02   1.3981465e+02   1.8781051e+02   1.3631661e+02   1.5027108e+02
   1.3343274e+02   1.0099899e+02   1.3971955e+02   1.8755043e+02   1.3596473e+02   1.5047556e+02
   1.3346090e+02   1.0130186e+02   1.4075034e+02   1.8859878e+02   1.3709501e+02   1.5143246e+02
   1.3348212e+02   1.0092949e+02   1.4147131e+02   1.8998000e+02   1.3823298e+02   1.5168961e+02
   1.3437976e+02   1.0166143e+02   1.4156568e+02   1.8963140e+02   1.3864632e+02   1.5216660e+02
   1.3455534e+02   1.0149354e+02   1.4235359e+02   1.8948801e+02   1.3891920e+02   1.5227926e+02
   1.3454839e+02   1.0090352e+02   1.4233823e+02   1.8965737e+02   1.3906222e+02   1.5257226e+02
   1.3455022e+02   1.0133552e+02   1.4193513e+02   1.8954727e+02   1.3865766e+02   1.5193250e+02
   1.3348907e+02   1.0095656e+02   1.4142814e+02   1.8843271e+02   1.3805850e+02   1.5139259e+02
   1.3385522e+02   1.0078318e+02   1.4127012e+02   1.8737449e+02   1.3744324e+02   1.5165852e+02
   1.3304902e+02   1.0102569e+02   1.4139266e+02   1.8767480e+02   1.3725559e+02   1.5173497e+02
   1.3302561e+02   1.0085304e+02   1.4122403e+02   1.8748203e+02   1.3733351e+02   1.5257519e+02
   1.3374329e+02   1.0094559e+02   1.4085788e+02   1.8724134e+02   1.3711001e+02   1.5203089e+02
   1.3401727e+02   1.0043751e+02   1.4033736e+02   1.8709868e+02   1.3671240e+02   1.5183410e+02
   1.3281455e+02   1.0027656e+02   1.3896602e+02   1.8614434e+02   1.3632722e+02   1.5124298e+02
   1.3297184e+02   1.0263224e+02   1.4024372e+02   1.8718464e+02   1.3536995e+02   1.5068004e+02
   1.3185655e+02   9.9738484e+01   1.3960688e+02   1.8403410e+02   1.3733936e+02   1.5102900e+02
   1.3225087e+02   9.9479140e+01   1.3945398e+02   1.8434356e+02   1.3602984e+02   1.4970960e+02
   1.3144065e+02   9.9363185e+01   1.3941996e+02   1.8463948e+02   1.3582609e+02   1.4975752e+02
   1.3151930e+02   9.9081528e+01   1.3957579e+02   1.8611654e+02   1.3656133e+02   1.5015623e+02
   1.3183643e+02   9.9500356e+01   1.4020934e+02   1.8685214e+02   1.3676653e+02   1.5066650e+02
   1.3280870e+02   1.0014963e+02   1.4123940e+02   1.8813057e+02   1.3734997e+02   1.5107399e+02
   1.3321290e+02   1.0081171e+02   1.4158397e+02   1.8841808e+02   1.3765759e+02   1.5161572e+02
   1.3332007e+02   1.0088011e+02   1.4123318e+02   1.8749666e+02   1.3752884e+02   1.5084940e+02
   1.3311779e+02   1.0068734e+02   1.4097859e+02   1.8742240e+02   1.3770551e+02   1.5080038e+02
   1.3338518e+02   1.0075574e+02   1.4118050e+02   1.8789244e+02   1.3760492e+02   1.5134102e+02
   1.3353296e+02   1.0125285e+02   1.4131219e+02   1.8815544e+02   1.3778306e+02   1.5171887e+02
   1.3338226e+02   1.0138161e+02   1.4113917e+02   1.8769418e+02   1.3740264e+02   1.5155756e+02
   1.3296270e+02   1.0097265e+02   1.4171200e+02   1.8736498e+02   1.3789170e+02   1.5145185e+02
   1.3348504e+02   1.0093608e+02   1.4092153e+02   1.8718428e+02   1.3726547e+02   1.5101363e+02
   1.3378097e+02   1.0112519e+02   1.4073534e+02   1.8730718e+02   1.3741617e+02   1.5086183e+02
   1.3339030e+02   1.0109849e+02   1.4138461e+02   1.8637076e+02   1.3766272e+02   1.5142844e+02
   1.3349273e+02   1.0125943e+02   1.4148594e+02   1.8661255e+02   1.3772966e+02   1.5224927e+02
   1.3358125e+02   1.0137283e+02   1.4121599e+02   1.8645745e+02   1.3703466e+02   1.5212673e+02
   1.3357430e+02   1.0114311e+02   1.4081947e+02   1.8612971e+02   1.3676763e+02   1.5151111e+02
   1.3345176e+02   1.0022242e+02   1.3995548e+02   1.8576758e+02   1.3648341e+02   1.5120494e+02
   1.3285845e+02   1.0018767e+02   1.4021409e+02   1.8682800e+02   1.3677312e+02   1.5145734e+02
   1.3420748e+02   1.0112226e+02   1.4172297e+02   1.8851245e+02   1.3783500e+02   1.5306132e+02
   1.3400263e+02   1.0154987e+02   1.4177711e+02   1.8843710e+02   1.3773514e+02   1.5275259e+02
   1.3397703e+02   1.0188493e+02   1.4122915e+02   1.8774832e+02   1.3765942e+02   1.5202577e+02
   1.3241036e+02   1.0123456e+02   1.4024079e+02   1.8671021e+02   1.3721938e+02   1.5077112e+02
   1.3223661e+02   1.0051835e+02   1.4015666e+02   1.8590804e+02   1.3645964e+02   1.5036765e+02
   1.3296818e+02   1.0069941e+02   1.4087105e+02   1.8730864e+02   1.3706392e+02   1.5133589e+02
   1.3275712e+02   1.0125212e+02   1.4035638e+02   1.8803729e+02   1.3725962e+02   1.5160182e+02
   1.3326667e+02   1.0154475e+02   1.4010143e+02   1.8692676e+02   1.3752591e+02   1.5134723e+02
   1.3320339e+02   1.0186847e+02   1.4024043e+02   1.8679837e+02   1.3786865e+02   1.5037972e+02
   1.3411018e+02   1.0109702e+02   1.4125110e+02   1.8808119e+02   1.3773551e+02   1.5199431e+02
   1.3310974e+02   1.0077879e+02   1.4045478e+02   1.8653866e+02   1.3690444e+02   1.5149135e+02
   1.3335702e+02   1.0077769e+02   1.3979270e+02   1.8584110e+02   1.3641026e+02   1.5152098e+02
   1.3242901e+02   1.0027473e+02   1.3989403e+02   1.8645087e+02   1.3609019e+02   1.5086073e+02
   1.3179473e+02   9.9672276e+01   1.3933071e+02   1.8514061e+02   1.3510841e+02   1.5034095e+02
   1.3171024e+02   9.9407811e+01   1.3871582e+02   1.8425467e+02   1.3514536e+02   1.4992102e+02
   1.3134262e+02   9.9606434e+01   1.3902272e+02   1.8562967e+02   1.3582975e+02   1.5070381e+02
   1.3142858e+02   1.0014890e+02   1.3990610e+02   1.8668315e+02   1.3663887e+02   1.5060176e+02
   1.3303293e+02   1.0087718e+02   1.4051257e+02   1.8774247e+02   1.3725413e+02   1.5069064e+02
   1.3288625e+02   1.0079378e+02   1.4081289e+02   1.8779514e+02   1.3769234e+02   1.5129310e+02
   1.3290893e+02   1.0101728e+02   1.4082350e+02   1.8855233e+02   1.3780391e+02   1.5175399e+02
   1.3330288e+02   1.0076781e+02   1.4136011e+02   1.8869242e+02   1.3816165e+02   1.5188677e+02
   1.3293709e+02   1.0086328e+02   1.4157153e+02   1.8842942e+02   1.3812763e+02   1.5185751e+02
   1.3329886e+02   1.0164644e+02   1.4202401e+02   1.8892141e+02   1.3828419e+02   1.5219879e+02
   1.3357503e+02   1.0197748e+02   1.4177052e+02   1.8963725e+02   1.3851537e+02   1.5238754e+02
   1.3388375e+02   1.0160254e+02   1.4144131e+02   1.8968115e+02   1.3845062e+02   1.5215819e+02
   1.3413505e+02   1.0137319e+02   1.4165310e+02   1.8930329e+02   1.3826261e+02   1.5208978e+02
   1.3424259e+02   1.0167680e+02   1.4152252e+02   1.8987721e+02   1.3864083e+02   1.5265164e+02
   1.3446719e+02   1.0197199e+02   1.4208364e+02   1.8993793e+02   1.3838588e+02   1.5294317e+02
   1.3463252e+02   1.0176166e+02   1.4171273e+02   1.8926415e+02   1.3853841e+02   1.5254848e+02
   1.3458680e+02   1.0188932e+02   1.4181881e+02   1.8831383e+02   1.3869314e+02   1.5259677e+02
   1.3346785e+02   1.0240508e+02   1.4035126e+02   1.8811777e+02   1.3915404e+02   1.5186336e+02
   1.3406738e+02   1.0203198e+02   1.4112893e+02   1.8773186e+02   1.3855122e+02   1.5096060e+02
   1.3339835e+02   1.0151146e+02   1.4109893e+02   1.8740229e+02   1.3802302e+02   1.5105753e+02
   1.3379084e+02   1.0104472e+02   1.4109601e+02   1.8784013e+02   1.3837381e+02   1.5148514e+02
   1.3381133e+02   1.0115774e+02   1.4153166e+02   1.8786684e+02   1.3826151e+02   1.5148075e+02
   1.3444817e+02   1.0133186e+02   1.4179503e+02   1.8882520e+02   1.3844587e+02   1.5211795e+02
