   1.1677692e+02   8.5562209e+01   1.5094356e+02   1.7592038e+02   1.2883853e+02   1.0024535e+02
   1.1791737e+02   8.6618871e+01   1.5219048e+02   1.7637773e+02   1.2929039e+02   1.0033353e+02
   1.1938821e+02   8.7829203e+01   1.5506264e+02   1.7704729e+02   1.2923844e+02   1.0203414e+02
   1.1879914e+02   8.9165032e+01   1.5418343e+02   1.7766087e+02   1.2930430e+02   1.0315337e+02
   1.1966445e+02   8.9816665e+01   1.5382486e+02   1.7782478e+02   1.2972213e+02   1.0264370e+02
   1.2003728e+02   8.9281382e+01   1.5479591e+02   1.7752440e+02   1.2932259e+02   1.0210915e+02
   1.1867584e+02   8.9788492e+01   1.5405281e+02   1.7754196e+02   1.2957688e+02   1.0218708e+02
   1.1947748e+02   8.9273698e+01   1.5378571e+02   1.7750317e+02   1.2958017e+02   1.0214244e+02
   1.1883610e+02   8.8758539e+01   1.5337410e+02   1.7855545e+02   1.2945138e+02   1.0264114e+02
   1.1810726e+02   8.8899403e+01   1.5380620e+02   1.7772600e+02   1.2896805e+02   1.0201036e+02
   1.1904245e+02   8.8829520e+01   1.5315933e+02   1.7712083e+02   1.2940016e+02   1.0231733e+02
   1.1926564e+02   8.9358217e+01   1.5319116e+02   1.7800772e+02   1.2882573e+02   1.0253284e+02
   1.1832972e+02   8.9467981e+01   1.5368912e+02   1.7767880e+02   1.2860620e+02   1.0172900e+02
   1.1868426e+02   8.9068074e+01   1.5319372e+02   1.7706119e+02   1.2893878e+02   1.0165289e+02
   1.1921771e+02   8.9860570e+01   1.5362034e+02   1.7697740e+02   1.2931710e+02   1.0187315e+02
   1.1999264e+02   9.0294504e+01   1.5392585e+02   1.7712815e+02   1.2960176e+02   1.0229172e+02
   1.2111407e+02   9.1153591e+01   1.5372425e+02   1.7744463e+02   1.2911331e+02   1.0210658e+02
   1.2032303e+02   9.1206644e+01   1.5376523e+02   1.7774941e+02   1.2924502e+02   1.0245563e+02
   1.1991764e+02   9.1153957e+01   1.5344435e+02   1.7779039e+02   1.2935845e+02   1.0303921e+02
   1.1925869e+02   8.9933015e+01   1.5263648e+02   1.7817164e+02   1.2957505e+02   1.0270443e+02
   1.2072111e+02   9.0256087e+01   1.5300529e+02   1.7772819e+02   1.2913343e+02   1.0243807e+02
   1.1949285e+02   8.9409806e+01   1.5336715e+02   1.7830409e+02   1.2938479e+02   1.0131958e+02
   1.1935784e+02   9.0186570e+01   1.5329726e+02   1.7805126e+02   1.2880743e+02   1.0180144e+02
   1.1765028e+02   8.8935625e+01   1.5198010e+02   1.7670336e+02   1.2859229e+02   1.0153727e+02
   1.1789578e+02   8.7487837e+01   1.5198412e+02   1.7707290e+02   1.2875987e+02   1.0212598e+02
   1.1851961e+02   8.8459981e+01   1.5325629e+02   1.7716766e+02   1.2903538e+02   1.0184425e+02
   1.2048000e+02   9.0215108e+01   1.5272795e+02   1.7728291e+02   1.2962664e+02   1.0233160e+02
   1.2088685e+02   9.1181764e+01   1.5407147e+02   1.7824408e+02   1.2965225e+02   1.0221013e+02
   1.1769967e+02   8.8993800e+01   1.5240342e+02   1.7776295e+02   1.2964530e+02   1.0130640e+02
   1.1890891e+02   8.8380585e+01   1.5278576e+02   1.7777027e+02   1.2916929e+02   1.0196426e+02
   1.1738282e+02   8.8556939e+01   1.5181216e+02   1.7780905e+02   1.2929259e+02   1.0181388e+02
   1.1875121e+02   8.8166910e+01   1.5202949e+02   1.7682373e+02   1.2917807e+02   1.0161228e+02
   1.1864035e+02   8.9498715e+01   1.5320067e+02   1.7770624e+02   1.2942979e+02   1.0186840e+02
   1.1873987e+02   8.9748611e+01   1.5277552e+02   1.7839739e+02   1.2987763e+02   1.0252625e+02
   1.1933699e+02   8.9553963e+01   1.5319153e+02   1.7818518e+02   1.2912355e+02   1.0219440e+02
   1.1900660e+02   9.0115589e+01   1.5300785e+02   1.7680947e+02   1.2925307e+02   1.0170668e+02
   1.1964140e+02   9.0429148e+01   1.5305834e+02   1.7672495e+02   1.2875950e+02   1.0132323e+02
   1.1979543e+02   9.0185106e+01   1.5362326e+02   1.7749842e+02   1.2900025e+02   1.0167777e+02
   1.2001752e+02   9.0800883e+01   1.5275174e+02   1.7770953e+02   1.2933759e+02   1.0186766e+02
   1.1879658e+02   9.0301090e+01   1.5228853e+02   1.7780905e+02   1.2911806e+02   1.0203231e+02
   1.1918332e+02   9.0129858e+01   1.5279711e+02   1.7748964e+02   1.2908550e+02   1.0103456e+02
   1.1947858e+02   8.8931966e+01   1.5136542e+02   1.7717132e+02   1.2937089e+02   1.0129250e+02
   1.1787493e+02   8.8121175e+01   1.5204303e+02   1.7615417e+02   1.2904233e+02   1.0062733e+02
   1.1798250e+02   8.7481983e+01   1.5150409e+02   1.7669129e+02   1.2921100e+02   1.0128006e+02
   1.1846436e+02   8.8688290e+01   1.5267893e+02   1.7692801e+02   1.2921392e+02   1.0196718e+02
   1.1784273e+02   8.7973726e+01   1.5248684e+02   1.7697082e+02   1.2927027e+02   1.0154057e+02
   1.1996410e+02   8.9755563e+01   1.5204705e+02   1.7740365e+02   1.2895488e+02   1.0103895e+02
   1.2098381e+02   8.9818860e+01   1.5291712e+02   1.7707766e+02   1.2816312e+02   1.0137482e+02
   1.1918112e+02   9.0359631e+01   1.5228963e+02   1.7664958e+02   1.2873828e+02   1.0113078e+02
   1.1876329e+02   8.9203449e+01   1.5153006e+02   1.7684057e+02   1.2927210e+02   1.0152666e+02
   1.1892391e+02   9.0072049e+01   1.5241366e+02   1.7768429e+02   1.2980921e+02   1.0211537e+02
   1.2055976e+02   9.0290114e+01   1.5354021e+02   1.7696387e+02   1.2931454e+02   1.0238575e+02
   1.1820093e+02   8.8198376e+01   1.5153006e+02   1.7711241e+02   1.2946968e+02   1.0190096e+02
   1.1914966e+02   8.7837618e+01   1.5060439e+02   1.7715595e+02   1.2943638e+02   1.0211390e+02
   1.1857961e+02   8.8113858e+01   1.5187289e+02   1.7623942e+02   1.2878841e+02   1.0172058e+02
   1.1771504e+02   8.7487105e+01   1.5127321e+02   1.7523801e+02   1.2836581e+02   1.0053257e+02
   1.1813763e+02   8.7724927e+01   1.5257831e+02   1.7622076e+02   1.2876865e+02   1.0019047e+02
   1.1829789e+02   8.8418270e+01   1.5186484e+02   1.7686691e+02   1.2929149e+02   1.0140775e+02
   1.1934028e+02   8.9198693e+01   1.5310810e+02   1.7748305e+02   1.2908916e+02   1.0146446e+02
   1.1979873e+02   8.9577745e+01   1.5281577e+02   1.7752549e+02   1.2875328e+02   1.0157130e+02
   1.1928101e+02   8.9736537e+01   1.5353765e+02   1.7775929e+02   1.2918319e+02   1.0193718e+02
   1.1920344e+02   8.9586160e+01   1.5377913e+02   1.7722876e+02   1.2857802e+02   1.0156947e+02
   1.1852254e+02   8.8364486e+01   1.5175215e+02   1.7635468e+02   1.2849095e+02   1.0081137e+02
   1.1790859e+02   8.7750539e+01   1.5221572e+02   1.7665982e+02   1.2931381e+02   1.0114981e+02
   1.1826386e+02   8.8533523e+01   1.5237195e+02   1.7718961e+02   1.2938260e+02   1.0122737e+02
   1.1959896e+02   8.8770247e+01   1.5251904e+02   1.7788186e+02   1.2988605e+02   1.0208317e+02
   1.1792615e+02   8.9870449e+01   1.5250989e+02   1.7736670e+02   1.2917880e+02   1.0219769e+02
   1.1939553e+02   8.8589502e+01   1.5135993e+02   1.7631223e+02   1.2870059e+02   1.0187645e+02
   1.1859901e+02   8.8845618e+01   1.5261014e+02   1.7604697e+02   1.2848546e+02   1.0175131e+02
   1.1960115e+02   8.9855082e+01   1.5271625e+02   1.7639090e+02   1.2846314e+02   1.0152154e+02
   1.1959676e+02   8.9566403e+01   1.5362436e+02   1.7667482e+02   1.2884585e+02   1.0182559e+02
   1.1924149e+02   8.8665239e+01   1.5111515e+02   1.7597782e+02   1.2846460e+02   1.0102541e+02
   1.1933077e+02   8.8514497e+01   1.5306896e+02   1.7558852e+02   1.2830691e+02   1.0093357e+02
   1.1761442e+02   8.8599381e+01   1.5158385e+02   1.7625625e+02   1.2894830e+02   1.0069904e+02
   1.2013021e+02   9.0705754e+01   1.5222121e+02   1.7751049e+02   1.2957615e+02   1.0175936e+02
   1.2089015e+02   9.0187667e+01   1.5309457e+02   1.7758769e+02   1.2971921e+02   1.0191011e+02
   1.1990337e+02   9.0139005e+01   1.5158641e+02   1.7681898e+02   1.2903464e+02   1.0129250e+02
   1.1883829e+02   8.7876401e+01   1.5155860e+02   1.7649737e+02   1.2929661e+02   1.0132616e+02
   1.1844863e+02   8.8743172e+01   1.5072220e+02   1.7632284e+02   1.2904196e+02   1.0112017e+02
   1.1896086e+02   8.8997093e+01   1.5171008e+02   1.7641614e+02   1.2850668e+02   1.0116993e+02
   1.2070428e+02   9.0528302e+01   1.5329617e+02   1.7804138e+02   1.2943858e+02   1.0177729e+02
   1.2024913e+02   9.0399878e+01   1.5220401e+02   1.7782222e+02   1.2916160e+02   1.0172717e+02
   1.1919649e+02   8.9000752e+01   1.5190546e+02   1.7782917e+02   1.2922307e+02   1.0134299e+02
   1.2102004e+02   8.8436930e+01   1.5077708e+02   1.7710985e+02   1.2864974e+02   1.0096357e+02
   1.1947090e+02   8.7866157e+01   1.5198778e+02   1.7709339e+02   1.2839765e+02   1.0047988e+02
   1.1831984e+02   8.8445711e+01   1.5204156e+02   1.7723279e+02   1.2903355e+02   1.0100711e+02
   1.1913063e+02   8.6960237e+01   1.5076354e+02   1.7729499e+02   1.2852022e+02   1.0068148e+02
   1.1899159e+02   8.8546694e+01   1.5110967e+02   1.7661116e+02   1.2836325e+02   1.0065111e+02
   1.1944126e+02   8.7936772e+01   1.5136432e+02   1.7591672e+02   1.2874011e+02   1.0060830e+02
   1.1976397e+02   8.9514448e+01   1.5205803e+02   1.7600929e+02   1.2873060e+02   1.0110115e+02
   1.2104052e+02   8.9647262e+01   1.5339715e+02   1.7663018e+02   1.2823117e+02   1.0247539e+02
   1.2045365e+02   8.9314677e+01   1.5291858e+02   1.7692655e+02   1.2871925e+02   1.0221964e+02
   1.1915075e+02   8.9616528e+01   1.5282455e+02   1.7717900e+02   1.2893549e+02   1.0160752e+02
   1.1943138e+02   8.8746465e+01   1.5328482e+02   1.7635065e+02   1.2883670e+02   1.0161191e+02
   1.1787420e+02   8.8499862e+01   1.5151762e+02   1.7629833e+02   1.2888280e+02   1.0062733e+02
   1.1839045e+02   8.7281480e+01   1.5200424e+02   1.7601916e+02   1.2869437e+02   1.0142275e+02
   1.1720207e+02   8.7305262e+01   1.5123150e+02   1.7564414e+02   1.2873791e+02   1.0107809e+02
   1.1813068e+02   8.7937869e+01   1.5176130e+02   1.7595038e+02   1.2871633e+02   1.0098040e+02
   1.1910685e+02   8.8897573e+01   1.5222597e+02   1.7599063e+02   1.2831057e+02   1.0124347e+02
   1.1820898e+02   8.8644384e+01   1.5116638e+02   1.7664482e+02   1.2834533e+02   1.0035804e+02
   1.1953273e+02   8.7589917e+01   1.5193290e+02   1.7697082e+02   1.2873755e+02   1.0068002e+02
   1.1933589e+02   8.9783736e+01   1.5226146e+02   1.7777283e+02   1.2883780e+02   1.0127823e+02
   1.1873841e+02   8.9323824e+01   1.5238183e+02   1.7799455e+02   1.2879572e+02   1.0243185e+02
   1.2040572e+02   8.8900866e+01   1.5275357e+02   1.7709375e+02   1.2848107e+02   1.0183034e+02
   1.1761515e+02   8.8736220e+01   1.5210596e+02   1.7714425e+02   1.2819422e+02   1.0143336e+02
   1.1968530e+02   8.8415709e+01   1.5289041e+02   1.7633894e+02   1.2822715e+02   1.0099175e+02
   1.1738575e+02   8.7619188e+01   1.5088648e+02   1.7644468e+02   1.2880743e+02   1.0103931e+02
   1.1922173e+02   8.8797322e+01   1.5109832e+02   1.7658006e+02   1.2860730e+02   1.0131262e+02
   1.1860266e+02   8.8482665e+01   1.5112211e+02   1.7623101e+02   1.2894756e+02   1.0099065e+02
   1.1889025e+02   9.0169373e+01   1.5253257e+02   1.7733194e+02   1.2903867e+02   1.0194267e+02
   1.2100760e+02   8.9418221e+01   1.5252087e+02   1.7682666e+02   1.2849314e+02   1.0144873e+02
   1.1928064e+02   8.9764710e+01   1.5291126e+02   1.7720352e+02   1.2885573e+02   1.0110297e+02
   1.1866413e+02   8.8397415e+01   1.5027034e+02   1.7575171e+02   1.2899915e+02   1.0191816e+02
   1.1833045e+02   8.8919160e+01   1.5146677e+02   1.7647432e+02   1.2840130e+02   1.0092333e+02
   1.1848997e+02   8.9023436e+01   1.5282821e+02   1.7608392e+02   1.2903464e+02   1.0075100e+02
   1.1899159e+02   8.9911062e+01   1.5308908e+02   1.7658738e+02   1.2853778e+02   1.0013742e+02
   1.1890525e+02   8.9916916e+01   1.5172398e+02   1.7634077e+02   1.2988788e+02   1.0273663e+02
   1.2035377e+02   9.0901134e+01   1.5250587e+02   1.7826201e+02   1.2825312e+02   1.0178973e+02
   1.2055866e+02   9.1155055e+01   1.5399317e+02   1.7802016e+02   1.2913819e+02   1.0221818e+02
   1.2177485e+02   9.1846935e+01   1.5306054e+02   1.7831470e+02   1.2886670e+02   1.0231989e+02
   1.2099296e+02   9.1189814e+01   1.5335544e+02   1.7842044e+02   1.2893732e+02   1.0289323e+02
   1.2037645e+02   9.0524643e+01   1.5220584e+02   1.7775197e+02   1.2960359e+02   1.0277066e+02
   1.1915222e+02   8.9094051e+01   1.5330897e+02   1.7750574e+02   1.2935845e+02   1.0230050e+02
   1.1805677e+02   8.8047268e+01   1.5153811e+02   1.7681605e+02   1.2937747e+02   1.0217171e+02
   1.1938418e+02   8.8363022e+01   1.5158714e+02   1.7652262e+02   1.2837716e+02   1.0114542e+02
   1.1844168e+02   8.8021656e+01   1.5174447e+02   1.7619223e+02   1.2899293e+02   1.0235538e+02
   1.1911856e+02   8.9336264e+01   1.5258197e+02   1.7693606e+02   1.2869255e+02   1.0218781e+02
   1.2083124e+02   9.0096563e+01   1.5274369e+02   1.7750025e+02   1.2890549e+02   1.0294299e+02
   1.1862718e+02   8.9442003e+01   1.5204815e+02   1.7745451e+02   1.2861937e+02   1.0211537e+02
   1.2045402e+02   8.9127346e+01   1.5142286e+02   1.7737329e+02   1.2876792e+02   1.0187425e+02
   1.1908526e+02   8.9734342e+01   1.5154689e+02   1.7699350e+02   1.2936759e+02   1.0242124e+02
   1.1957920e+02   9.0151445e+01   1.5190875e+02   1.7717754e+02   1.2932479e+02   1.0151825e+02
   1.2035633e+02   9.0908086e+01   1.5371839e+02   1.7761477e+02   1.2972433e+02   1.0239270e+02
   1.1948517e+02   9.1293724e+01   1.5388450e+02   1.7755952e+02   1.2851729e+02   1.0206963e+02
   1.1943907e+02   8.9788858e+01   1.5311872e+02   1.7722035e+02   1.2848107e+02   1.0127567e+02
   1.1938272e+02   8.9829105e+01   1.5189338e+02   1.7696204e+02   1.2851436e+02   1.0113298e+02
   1.1928503e+02   8.8809762e+01   1.5251172e+02   1.7657969e+02   1.2851143e+02   1.0067233e+02
   1.1885805e+02   8.9200156e+01   1.5232695e+02   1.7660823e+02   1.2912428e+02   1.0153069e+02
   1.1978043e+02   8.9884353e+01   1.5207047e+02   1.7598038e+02   1.2798823e+02   1.0100126e+02
   1.1794335e+02   9.0362924e+01   1.4840837e+02   1.7127077e+02   1.2699998e+02   9.8635478e+01
   1.2181692e+02   9.1120662e+01   1.5383730e+02   1.7792979e+02   1.3072025e+02   1.0354998e+02
   1.2008119e+02   9.1099075e+01   1.5305066e+02   1.7754342e+02   1.3054829e+02   1.0314751e+02
   1.2078880e+02   9.2776637e+01   1.5356582e+02   1.7772782e+02   1.3040267e+02   1.0340436e+02
   1.2001862e+02   9.0668800e+01   1.5339349e+02   1.7733926e+02   1.3079343e+02   1.0371536e+02
   1.1917673e+02   9.0374998e+01   1.5179716e+02   1.7729828e+02   1.3022851e+02   1.0281786e+02
   1.1878780e+02   8.9817031e+01   1.5301041e+02   1.7765721e+02   1.3048938e+02   1.0261552e+02
   1.1837253e+02   9.0049731e+01   1.5240342e+02   1.7906146e+02   1.3067854e+02   1.0261772e+02
   1.1982068e+02   9.0525009e+01   1.5186338e+02   1.7833775e+02   1.3024754e+02   1.0254784e+02
   1.1803848e+02   8.9124785e+01   1.5106064e+02   1.7715156e+02   1.2952200e+02   1.0224342e+02
   1.1878268e+02   8.8533523e+01   1.5088282e+02   1.7684861e+02   1.2933430e+02   1.0184498e+02
   1.1871938e+02   8.9578477e+01   1.5289443e+02   1.7687203e+02   1.2926039e+02   1.0190645e+02
   1.1941419e+02   8.9985336e+01   1.5216926e+02   1.7693533e+02   1.2937711e+02   1.0227452e+02
   1.1919283e+02   9.0185838e+01   1.5106613e+02   1.7636638e+02   1.2886670e+02   1.0190169e+02
   1.1865901e+02   9.0367315e+01   1.5187106e+02   1.7631150e+02   1.2919856e+02   1.0274066e+02
   1.2022973e+02   9.1847301e+01   1.5302468e+02   1.7692838e+02   1.2933832e+02   1.0314788e+02
   1.2111370e+02   9.0810030e+01   1.5241293e+02   1.7715998e+02   1.2915502e+02   1.0355876e+02
   1.1944090e+02   9.0418904e+01   1.5184984e+02   1.7654420e+02   1.2885500e+02   1.0222257e+02
   1.1920563e+02   9.0057780e+01   1.5191533e+02   1.7652554e+02   1.2942870e+02   1.0247722e+02
   1.2109138e+02   8.9887280e+01   1.5220767e+02   1.7608356e+02   1.2868230e+02   1.0249076e+02
   1.2015436e+02   8.9922770e+01   1.5302907e+02   1.7614320e+02   1.2902147e+02   1.0238173e+02
   1.2026010e+02   8.9522497e+01   1.5280699e+02   1.7624857e+02   1.2931637e+02   1.0198511e+02
   1.2093186e+02   8.9505301e+01   1.5303493e+02   1.7668141e+02   1.2932332e+02   1.0326716e+02
   1.1989093e+02   9.0477079e+01   1.5265734e+02   1.7679703e+02   1.2856851e+02   1.0309922e+02
   1.2018619e+02   9.0951626e+01   1.5172471e+02   1.7669165e+02   1.2841960e+02   1.0339778e+02
   1.1991142e+02   8.9670313e+01   1.5144920e+02   1.7583805e+02   1.2793737e+02   1.0261296e+02
   1.1867291e+02   8.9489568e+01   1.5280333e+02   1.7607551e+02   1.2849936e+02   1.0324557e+02
   1.1937028e+02   9.1211766e+01   1.5260173e+02   1.7636748e+02   1.2924502e+02   1.0346437e+02
   1.2035450e+02   9.0711242e+01   1.5198375e+02   1.7690167e+02   1.2862339e+02   1.0398684e+02
   1.2016388e+02   9.0205596e+01   1.5238330e+02   1.7604843e+02   1.2806250e+02   1.0369597e+02
   1.1862242e+02   8.8472055e+01   1.5202437e+02   1.7571585e+02   1.2817848e+02   1.0324740e+02
   1.1772931e+02   8.8528400e+01   1.5175545e+02   1.7572975e+02   1.2824544e+02   1.0268870e+02
   1.1873475e+02   8.9211499e+01   1.5161495e+02   1.7576085e+02   1.2820885e+02   1.0245307e+02
   1.1815592e+02   8.8392293e+01   1.5227060e+02   1.7609161e+02   1.2843497e+02   1.0314239e+02
   1.1940431e+02   9.0488421e+01   1.5222121e+02   1.7722035e+02   1.2826337e+02   1.0296494e+02
   1.1951517e+02   9.0659653e+01   1.5381938e+02   1.7737548e+02   1.2880890e+02   1.0387415e+02
   1.2093222e+02   9.1531180e+01   1.5326946e+02   1.7797150e+02   1.2890256e+02   1.0353901e+02
   1.1937284e+02   9.0940649e+01   1.5271259e+02   1.7589440e+02   1.2867389e+02   1.0454444e+02
   1.2388451e+02   9.3156054e+01   1.5385779e+02   1.7876253e+02   1.2912245e+02   1.0412551e+02
   1.2084661e+02   9.2251232e+01   1.5526533e+02   1.7701289e+02   1.2906099e+02   1.0372926e+02
   1.2303969e+02   9.2754318e+01   1.5381901e+02   1.7761989e+02   1.2892598e+02   1.0423381e+02
   1.1974750e+02   9.1730585e+01   1.5278979e+02   1.7752037e+02   1.2911660e+02   1.0420235e+02
   1.2077563e+02   9.0805273e+01   1.5145872e+02   1.7726645e+02   1.2924685e+02   1.0445297e+02
   1.2043902e+02   8.9823251e+01   1.5229548e+02   1.7717791e+02   1.2826264e+02   1.0273919e+02
   1.1881524e+02   8.8275211e+01   1.5107308e+02   1.7622369e+02   1.2824690e+02   1.0178315e+02
   1.1968311e+02   8.8762929e+01   1.5186558e+02   1.7623467e+02   1.2870938e+02   1.0275127e+02
   1.1904465e+02   8.7960920e+01   1.5221462e+02   1.7725767e+02   1.2845802e+02   1.0186218e+02
   1.2029706e+02   8.8814519e+01   1.5175764e+02   1.7691155e+02   1.2841521e+02   1.0207585e+02
   1.1897989e+02   8.9049048e+01   1.5096588e+02   1.7695435e+02   1.2807970e+02   1.0138763e+02
   1.1812885e+02   8.6594357e+01   1.5195851e+02   1.7590903e+02   1.2812799e+02   1.0094821e+02
   1.1714097e+02   8.6930967e+01   1.5186118e+02   1.7606526e+02   1.2822495e+02   1.0077332e+02
   1.1664996e+02   8.6585942e+01   1.5088099e+02   1.7558596e+02   1.2886744e+02   1.0268650e+02
   1.1834362e+02   8.8354241e+01   1.5070683e+02   1.7591599e+02   1.2887475e+02   1.0332167e+02
   1.1874865e+02   8.8803176e+01   1.5219450e+02   1.7627930e+02   1.2856851e+02   1.0220464e+02
   1.1993813e+02   9.0320482e+01   1.5278979e+02   1.7651274e+02   1.2938625e+02   1.0365023e+02
   1.2046353e+02   9.0983091e+01   1.5438064e+02   1.7622442e+02   1.2808079e+02   1.0307690e+02
   1.1920673e+02   9.0811859e+01   1.5311615e+02   1.7630675e+02   1.2841155e+02   1.0356645e+02
   1.1821227e+02   8.9306262e+01   1.5211840e+02   1.7643444e+02   1.2831898e+02   1.0211244e+02
   1.1928357e+02   8.7661996e+01   1.5084623e+02   1.7606234e+02   1.2881804e+02   1.0253832e+02
   1.1866852e+02   8.8832447e+01   1.5263246e+02   1.7629431e+02   1.2826739e+02   1.0148532e+02
   1.1914709e+02   8.8991971e+01   1.5220109e+02   1.7648200e+02   1.2859705e+02   1.0346656e+02
   1.1935930e+02   9.0520984e+01   1.5285309e+02   1.7694155e+02   1.2770943e+02   1.0179083e+02
   1.1987739e+02   9.0968822e+01   1.5386914e+02   1.7704875e+02   1.2861059e+02   1.0354779e+02
   1.1902087e+02   9.1037607e+01   1.5299468e+02   1.7676593e+02   1.2808482e+02   1.0319910e+02
   1.2006326e+02   9.0368046e+01   1.5267783e+02   1.7714278e+02   1.2854071e+02   1.0408563e+02
   1.1840509e+02   9.0576964e+01   1.5218316e+02   1.7784674e+02   1.2892268e+02   1.0315373e+02
   1.1844936e+02   8.9106491e+01   1.5253111e+02   1.7732536e+02   1.2865193e+02   1.0279005e+02
   1.1728769e+02   8.8866108e+01   1.5140749e+02   1.7674507e+02   1.2832630e+02   1.0320423e+02
   1.1861071e+02   8.8433271e+01   1.5247550e+02   1.7589769e+02   1.2755978e+02   1.0187901e+02
   1.1705133e+02   8.7422710e+01   1.5052938e+02   1.7609417e+02   1.2836142e+02   1.0213037e+02
   1.1809190e+02   8.8200937e+01   1.5184618e+02   1.7587501e+02   1.2774126e+02   1.0155301e+02
   1.1761369e+02   8.7992386e+01   1.5200498e+02   1.7551754e+02   1.2758905e+02   1.0195804e+02
   1.1847424e+02   8.9708730e+01   1.5272759e+02   1.7638248e+02   1.2805738e+02   1.0215378e+02
   1.1918478e+02   8.8618773e+01   1.5258233e+02   1.7725218e+02   1.2946236e+02   1.0350315e+02
   1.1799128e+02   8.8823300e+01   1.5064207e+02   1.7753501e+02   1.2884036e+02   1.0231843e+02
   1.1828252e+02   8.6989508e+01   1.5173422e+02   1.7682008e+02   1.2881036e+02   1.0211976e+02
   1.1826642e+02   8.8921722e+01   1.5158458e+02   1.7683837e+02   1.2843094e+02   1.0192511e+02
   1.1813068e+02   8.8114955e+01   1.5283589e+02   1.7694374e+02   1.2883597e+02   1.0210036e+02
   1.1857047e+02   8.9724097e+01   1.5432063e+02   1.7715303e+02   1.2881548e+02   1.0223574e+02
   1.2034060e+02   9.0907354e+01   1.5389036e+02   1.7731914e+02   1.2813970e+02   1.0220501e+02
   1.1745856e+02   8.9357485e+01   1.5115138e+02   1.7669531e+02   1.2780968e+02   1.0124603e+02
   1.1809299e+02   8.7513448e+01   1.5278503e+02   1.7595001e+02   1.2730110e+02   1.0035804e+02
   1.1626176e+02   8.6414344e+01   1.5040352e+02   1.7531594e+02   1.2766003e+02   1.0032036e+02
   1.1747905e+02   8.6992435e+01   1.5185204e+02   1.7514142e+02   1.2773650e+02   1.0086918e+02
   1.1727745e+02   8.6942309e+01   1.5082062e+02   1.7567231e+02   1.2817812e+02   1.0231843e+02
   1.1820825e+02   8.8533888e+01   1.5160324e+02   1.7609234e+02   1.2754990e+02   1.0117359e+02
   1.1854376e+02   8.8629383e+01   1.5229585e+02   1.7715669e+02   1.2827069e+02   1.0236819e+02
   1.1934357e+02   8.9805688e+01   1.5294236e+02   1.7714937e+02   1.2803616e+02   1.0249734e+02
   1.2095198e+02   9.1923038e+01   1.5412489e+02   1.7770917e+02   1.2850814e+02   1.0257125e+02
   1.2034572e+02   9.1839983e+01   1.5371473e+02   1.7710802e+02   1.2849277e+02   1.0359608e+02
   1.2136287e+02   9.2223060e+01   1.5434624e+02   1.7690898e+02   1.2846497e+02   1.0392391e+02
   1.1888329e+02   9.0715633e+01   1.5235439e+02   1.7742195e+02   1.2841192e+02   1.0339997e+02
   1.2102369e+02   9.0043511e+01   1.5156336e+02   1.7653030e+02   1.2805518e+02   1.0267663e+02
   1.1862389e+02   8.9176740e+01   1.5222706e+02   1.7656067e+02   1.2782248e+02   1.0196316e+02
   1.1842741e+02   8.8386439e+01   1.5150335e+02   1.7667628e+02   1.2828678e+02   1.0189072e+02
   1.1936479e+02   8.9686046e+01   1.5174447e+02   1.7754342e+02   1.2844009e+02   1.0282956e+02
   1.1905636e+02   8.9378340e+01   1.5249855e+02   1.7838238e+02   1.2841923e+02   1.0344168e+02
   1.1815336e+02   8.8777565e+01   1.5157946e+02   1.7763928e+02   1.2821654e+02   1.0284896e+02
   1.1919466e+02   8.8441321e+01   1.5067281e+02   1.7625662e+02   1.2792529e+02   1.0162545e+02
   1.1700121e+02   8.6918527e+01   1.5113089e+02   1.7596428e+02   1.2794139e+02   1.0142934e+02
   1.1699352e+02   8.7990556e+01   1.5116711e+02   1.7635175e+02   1.2809470e+02   1.0188706e+02
   1.1720500e+02   8.8070318e+01   1.5308176e+02   1.7647066e+02   1.2860912e+02   1.0236343e+02
   1.2067318e+02   9.0614650e+01   1.5321348e+02   1.7791662e+02   1.2900281e+02   1.0413320e+02
   1.1776590e+02   9.0070220e+01   1.5182826e+02   1.7771795e+02   1.2836142e+02   1.0309922e+02
   1.1911197e+02   8.8240818e+01   1.5159153e+02   1.7726389e+02   1.2848143e+02   1.0322801e+02
   1.1944785e+02   8.9707267e+01   1.5255343e+02   1.7706485e+02   1.2859266e+02   1.0251820e+02
   1.1951993e+02   9.0225353e+01   1.5335215e+02   1.7684935e+02   1.2876975e+02   1.0291920e+02
   1.1943138e+02   9.2078537e+01   1.5405208e+02   1.7708278e+02   1.2815690e+02   1.0363194e+02
   1.1995203e+02   9.1600331e+01   1.5207742e+02   1.7579561e+02   1.2803103e+02   1.0285481e+02
   1.2019424e+02   9.2141102e+01   1.5265514e+02   1.7689545e+02   1.2847009e+02   1.0402819e+02
   1.1991178e+02   9.0924550e+01   1.5127870e+02   1.7583769e+02   1.2878182e+02   1.0196060e+02
   1.1979873e+02   9.1246891e+01   1.5251245e+02   1.7672348e+02   1.2879609e+02   1.0357706e+02
   1.1989056e+02   9.1257501e+01   1.5380767e+02   1.7716254e+02   1.2936833e+02   1.0246259e+02
   1.1980678e+02   9.0998824e+01   1.5453577e+02   1.7695070e+02   1.2945175e+02   1.0240880e+02
   1.2042255e+02   9.1128712e+01   1.5459504e+02   1.7746220e+02   1.2880743e+02   1.0274468e+02
   1.1882768e+02   9.0230475e+01   1.5280808e+02   1.7680507e+02   1.2796591e+02   1.0164045e+02
   1.1837216e+02   8.8124834e+01   1.5271771e+02   1.7661006e+02   1.2872840e+02   1.0154496e+02
   1.1725769e+02   8.7575648e+01   1.5097356e+02   1.7679995e+02   1.2824142e+02   1.0113298e+02
   1.1806519e+02   8.6881939e+01   1.5011045e+02   1.7654823e+02   1.2820519e+02   1.0220501e+02
   1.1665142e+02   8.6036389e+01   1.4957590e+02   1.7681751e+02   1.2808006e+02   1.0142495e+02
   1.1745600e+02   8.7406245e+01   1.5023521e+02   1.7658408e+02   1.2785065e+02   1.0199719e+02
   1.1813434e+02   8.8209718e+01   1.5152092e+02   1.7638907e+02   1.2953407e+02   1.0391476e+02
   1.1986641e+02   9.0604405e+01   1.5398878e+02   1.7696606e+02   1.2827654e+02   1.0269419e+02
   1.1962127e+02   9.0205230e+01   1.5319116e+02   1.7717022e+02   1.2911441e+02   1.0392135e+02
   1.1884195e+02   8.9980213e+01   1.5274881e+02   1.7680873e+02   1.2827727e+02   1.0243551e+02
   1.1848522e+02   8.8727073e+01   1.5190655e+02   1.7626577e+02   1.2874889e+02   1.0289506e+02
   1.1842448e+02   9.0298529e+01   1.5258270e+02   1.7639492e+02   1.2830288e+02   1.0245966e+02
   1.1948736e+02   8.9895329e+01   1.5339020e+02   1.7647066e+02   1.2891610e+02   1.0309958e+02
   1.1832496e+02   9.0636603e+01   1.5332214e+02   1.7751232e+02   1.2878219e+02   1.0261955e+02
   1.1775089e+02   8.9454077e+01   1.5170093e+02   1.7738317e+02   1.2900281e+02   1.0387598e+02
   1.1939370e+02   8.8987580e+01   1.5131053e+02   1.7841678e+02   1.2851692e+02   1.0272163e+02
   1.1870548e+02   8.8333386e+01   1.5114552e+02   1.7811017e+02   1.2963908e+02   1.0365279e+02
   1.1881268e+02   8.9250282e+01   1.5138371e+02   1.7750683e+02   1.2962847e+02   1.0303519e+02
   1.1876512e+02   8.9839715e+01   1.5283589e+02   1.7766123e+02   1.2961566e+02   1.0374756e+02
   1.1962018e+02   9.0591233e+01   1.5295773e+02   1.7716730e+02   1.2946089e+02   1.0322837e+02
   1.1938199e+02   8.9988263e+01   1.5345715e+02   1.7760013e+02   1.2898086e+02   1.0361218e+02
   1.1908563e+02   8.9833129e+01   1.5232110e+02   1.7611649e+02   1.2890585e+02   1.0270846e+02
   1.1838570e+02   8.8668532e+01   1.5384426e+02   1.7718705e+02   1.2908733e+02   1.0222220e+02
   1.1912258e+02   9.0103149e+01   1.5393499e+02   1.7802016e+02   1.2933357e+02   1.0418076e+02
   1.1943833e+02   9.0931868e+01   1.5366132e+02   1.7760745e+02   1.2857034e+02   1.0264370e+02
   1.1775785e+02   8.8470225e+01   1.5006910e+02   1.7621381e+02   1.2863254e+02   1.0259906e+02
   1.1823678e+02   8.8196913e+01   1.4943430e+02   1.7666421e+02   1.2861022e+02   1.0204585e+02
   1.1885732e+02   8.8239721e+01   1.5195522e+02   1.7752988e+02   1.2906172e+02   1.0246332e+02
   1.1874975e+02   8.9330776e+01   1.5418709e+02   1.7747866e+02   1.2979165e+02   1.0354559e+02
   1.1969116e+02   9.1024070e+01   1.5450540e+02   1.7836555e+02   1.2928052e+02   1.0363340e+02
   1.1939480e+02   8.9695193e+01   1.5237122e+02   1.7827665e+02   1.2960249e+02   1.0400038e+02
   1.1797811e+02   8.8350948e+01   1.5096002e+02   1.7683654e+02   1.2897683e+02   1.0251637e+02
   1.1908489e+02   8.7836155e+01   1.5178874e+02   1.7773990e+02   1.3000130e+02   1.0382037e+02
   1.1820898e+02   8.8534620e+01   1.5258343e+02   1.7705424e+02   1.2797322e+02   1.0179229e+02
   1.1971640e+02   8.8498764e+01   1.5310591e+02   1.7686654e+02   1.2931052e+02   1.0204219e+02
   1.1771211e+02   8.8521814e+01   1.5360790e+02   1.7608173e+02   1.2835484e+02   1.0072539e+02
   1.1960444e+02   9.0010581e+01   1.5413367e+02   1.7832677e+02   1.3038401e+02   1.0234404e+02
   1.1897623e+02   9.0660751e+01   1.5469859e+02   1.7817530e+02   1.2921649e+02   1.0200304e+02
   1.1982470e+02   8.9428100e+01   1.5264234e+02   1.7702643e+02   1.2926881e+02   1.0303702e+02
   1.1741794e+02   8.8912209e+01   1.5127065e+02   1.7550547e+02   1.2845911e+02   1.0180364e+02
   1.2032852e+02   8.9470542e+01   1.5271442e+02   1.7798431e+02   1.2999910e+02   1.0444858e+02
   1.1846765e+02   8.8870864e+01   1.5144591e+02   1.7636273e+02   1.2722244e+02   1.0127128e+02
   1.2007680e+02   8.9392244e+01   1.5347252e+02   1.7735938e+02   1.2948029e+02   1.0272858e+02
   1.1996703e+02   9.0333288e+01   1.5351643e+02   1.7766672e+02   1.2919051e+02   1.0317861e+02
   1.2134311e+02   9.1001751e+01   1.5452772e+02   1.7798797e+02   1.2906026e+02   1.0354413e+02
   1.2019937e+02   9.1184691e+01   1.5326690e+02   1.7790345e+02   1.2885390e+02   1.0313727e+02
   1.1967213e+02   8.9116736e+01   1.5272539e+02   1.7738207e+02   1.2891354e+02   1.0291298e+02
   1.1824813e+02   8.8179716e+01   1.5133102e+02   1.7715669e+02   1.2933064e+02   1.0237441e+02
   1.1767150e+02   8.6891818e+01   1.5272320e+02   1.7710802e+02   1.2868523e+02   1.0152374e+02
   1.1672570e+02   8.6407026e+01   1.5207815e+02   1.7653688e+02   1.2888061e+02   1.0192364e+02
   1.1633896e+02   8.7291359e+01   1.5132407e+02   1.7663531e+02   1.2859010e+02   1.0163277e+02
   1.1751856e+02   8.6438492e+01   1.5068488e+02   1.7614942e+02   1.2844265e+02   1.0159216e+02
   1.1737843e+02   8.5880524e+01   1.5232366e+02   1.7614173e+02   1.2933906e+02   1.0213037e+02
   1.1670411e+02   8.7721634e+01   1.5189924e+02   1.7669202e+02   1.2927173e+02   1.0252149e+02
   1.1739563e+02   8.7022803e+01   1.5118906e+02   1.7706668e+02   1.2996874e+02   1.0431943e+02
   1.1803555e+02   8.8185570e+01   1.5268295e+02   1.7700814e+02   1.2877158e+02   1.0294848e+02
   1.1837875e+02   8.9240769e+01   1.5315494e+02   1.7757233e+02   1.3028412e+02   1.0479471e+02
   1.1920124e+02   9.0814786e+01   1.5535095e+02   1.7823054e+02   1.2982897e+02   1.0438090e+02
   1.1948663e+02   9.2004263e+01   1.5557121e+02   1.7802931e+02   1.2969103e+02   1.0420710e+02
   1.1923051e+02   9.1087367e+01   1.5410293e+02   1.7799528e+02   1.2890841e+02   1.0410575e+02
   1.1940431e+02   8.9926429e+01   1.5152384e+02   1.7707656e+02   1.2964310e+02   1.0507058e+02
   1.1786907e+02   8.8724512e+01   1.5082977e+02   1.7729718e+02   1.2934345e+02   1.0230416e+02
   1.1814458e+02   8.8588039e+01   1.5238915e+02   1.7796674e+02   1.2953883e+02   1.0356791e+02
   1.1970945e+02   9.0280967e+01   1.5321787e+02   1.7859679e+02   1.3010667e+02   1.0336302e+02
   1.1866084e+02   9.0821372e+01   1.5349008e+02   1.7845922e+02   1.2992703e+02   1.0376036e+02
   1.1899379e+02   8.9924599e+01   1.5151799e+02   1.7766123e+02   1.2880707e+02   1.0294811e+02
   1.1857303e+02   8.9080148e+01   1.5305761e+02   1.7718852e+02   1.2913672e+02   1.0382659e+02
   1.1883683e+02   8.9483714e+01   1.5301517e+02   1.7662799e+02   1.2913087e+02   1.0331509e+02
   1.1876548e+02   8.9909598e+01   1.5219267e+02   1.7674068e+02   1.2891976e+02   1.0395208e+02
   1.1857522e+02   8.8672923e+01   1.5182643e+02   1.7707327e+02   1.2876170e+02   1.0241100e+02
   1.1854156e+02   8.8765125e+01   1.5195192e+02   1.7739195e+02   1.2934674e+02   1.0385952e+02
   1.1904575e+02   8.9605918e+01   1.5202510e+02   1.7708095e+02   1.2912245e+02   1.0360523e+02
   1.1934357e+02   9.0895280e+01   1.5340081e+02   1.7762355e+02   1.2918173e+02   1.0295177e+02
   1.2046463e+02   9.1050779e+01   1.5419770e+02   1.7782442e+02   1.3012936e+02   1.0437614e+02
   1.1942516e+02   9.0826129e+01   1.5517094e+02   1.7688630e+02   1.2921319e+02   1.0258845e+02
   1.1988581e+02   9.0335849e+01   1.5383621e+02   1.7643151e+02   1.3070196e+02   1.0455396e+02
   1.1825435e+02   9.0035095e+01   1.5322336e+02   1.7643334e+02   1.2863510e+02   1.0276810e+02
   1.2032816e+02   9.1268844e+01   1.5439454e+02   1.7735719e+02   1.3126798e+02   1.0608004e+02
   1.1957700e+02   9.1775954e+01   1.5460931e+02   1.7900658e+02   1.2989117e+02   1.0557989e+02
   1.1989678e+02   9.1339093e+01   1.5440405e+02   1.7775088e+02   1.3054829e+02   1.0552574e+02
   1.1935565e+02   8.9953870e+01   1.5379084e+02   1.7841019e+02   1.2956261e+02   1.0367548e+02
   1.1736782e+02   8.9092954e+01   1.5231853e+02   1.7877607e+02   1.3109711e+02   1.0468165e+02
   1.1795579e+02   8.8262039e+01   1.5050011e+02   1.7884449e+02   1.2884146e+02   1.0293457e+02
   1.1873072e+02   8.8817812e+01   1.5143054e+02   1.7863228e+02   1.3073379e+02   1.0362316e+02
   1.1895720e+02   8.8894646e+01   1.5214218e+02   1.7872046e+02   1.2897464e+02   1.0251381e+02
   1.1813909e+02   8.9284309e+01   1.5198010e+02   1.7815517e+02   1.3049743e+02   1.0310068e+02
   1.1758698e+02   8.8699998e+01   1.5038010e+02   1.7667665e+02   1.2868596e+02   1.0173265e+02
   1.1926930e+02   8.9214792e+01   1.5265514e+02   1.7754671e+02   1.3056183e+02   1.0455835e+02
   1.1733379e+02   8.8530230e+01   1.5178215e+02   1.7527167e+02   1.2777309e+02   1.0136897e+02
   1.2075807e+02   8.9705803e+01   1.5313225e+02   1.7640041e+02   1.2966432e+02   1.0386866e+02
   1.1837362e+02   8.9335898e+01   1.5252672e+02   1.7662835e+02   1.2814812e+02   1.0248600e+02
   1.1877060e+02   8.9301139e+01   1.5376266e+02   1.7715595e+02   1.2995410e+02   1.0349986e+02
   1.1928064e+02   8.9821787e+01   1.5352192e+02   1.7776441e+02   1.2990398e+02   1.0359206e+02
   1.1851302e+02   8.9094417e+01   1.5308871e+02   1.7800187e+02   1.3014472e+02   1.0343290e+02
   1.1877646e+02   8.9909964e+01   1.5254172e+02   1.7873692e+02   1.2970311e+02   1.0292542e+02
   1.1842668e+02   8.8001533e+01   1.5259807e+02   1.7836190e+02   1.2982275e+02   1.0316764e+02
   1.1657532e+02   8.7170618e+01   1.4976469e+02   1.7745085e+02   1.2899220e+02   1.0237587e+02
   1.1848119e+02   8.6570575e+01   1.5059670e+02   1.7715156e+02   1.3012753e+02   1.0352437e+02
   1.1759979e+02   8.6486422e+01   1.4990885e+02   1.7691667e+02   1.2872730e+02   1.0227086e+02
   1.1725037e+02   8.7627237e+01   1.5226073e+02   1.7722657e+02   1.2986519e+02   1.0302714e+02
   1.1890561e+02   8.8850009e+01   1.5323433e+02   1.7786174e+02   1.3027864e+02   1.0371573e+02
   1.1917819e+02   9.0112662e+01   1.5359875e+02   1.7841056e+02   1.3019741e+02   1.0342668e+02
   1.1799018e+02   8.9396268e+01   1.5175032e+02   1.7663018e+02   1.3036389e+02   1.0335497e+02
   1.1894257e+02   8.9839349e+01   1.5181508e+02   1.7918805e+02   1.2771565e+02   1.0248381e+02
   1.1956456e+02   8.8874523e+01   1.5232878e+02   1.7788662e+02   1.3083002e+02   1.0362206e+02
   1.1815849e+02   8.9063317e+01   1.5289041e+02   1.7777758e+02   1.2920039e+02   1.0325216e+02
   1.1851412e+02   8.9243330e+01   1.5280881e+02   1.7646846e+02   1.2975323e+02   1.0376110e+02
   1.1872523e+02   9.0914672e+01   1.5633005e+02   1.7732426e+02   1.3020034e+02   1.0459713e+02
