   9.9951129e+01   1.2207769e+02   1.1961360e+02   1.8067818e+02   1.2460899e+02   1.0331516e+02
   1.0053716e+02   1.2261772e+02   1.2000986e+02   1.8112365e+02   1.2477077e+02   1.0286840e+02
   1.0100160e+02   1.2418024e+02   1.2034662e+02   1.8065502e+02   1.2483253e+02   1.0296779e+02
   1.0193243e+02   1.2594540e+02   1.2084548e+02   1.8159196e+02   1.2516639e+02   1.0377349e+02
   1.0252296e+02   1.2716570e+02   1.2120379e+02   1.8197342e+02   1.2540987e+02   1.0398867e+02
   1.0174395e+02   1.2666201e+02   1.2069142e+02   1.8160514e+02   1.2484797e+02   1.0251460e+02
   1.0154132e+02   1.2602356e+02   1.2018451e+02   1.8156815e+02   1.2495829e+02   1.0294913e+02
   1.0140912e+02   1.2508598e+02   1.2073387e+02   1.8209114e+02   1.2528089e+02   1.0371496e+02
   1.0133482e+02   1.2554014e+02   1.2096867e+02   1.8232015e+02   1.2493031e+02   1.0417522e+02
   1.0165325e+02   1.2535005e+02   1.2070879e+02   1.8253114e+02   1.2511203e+02   1.0437496e+02
   1.0172722e+02   1.2581900e+02   1.2088183e+02   1.8248708e+02   1.2480551e+02   1.0393914e+02
   1.0193179e+02   1.2569935e+02   1.2033665e+02   1.8110789e+02   1.2458454e+02   1.0321320e+02
   1.0210032e+02   1.2514355e+02   1.2028004e+02   1.8151927e+02   1.2479490e+02   1.0362683e+02
   1.0234284e+02   1.2536163e+02   1.2093972e+02   1.8186567e+02   1.2508662e+02   1.0389765e+02
   1.0198228e+02   1.2504899e+02   1.2096513e+02   1.8189655e+02   1.2502648e+02   1.0419774e+02
   1.0190541e+02   1.2599075e+02   1.2087250e+02   1.8207152e+02   1.2474408e+02   1.0411025e+02
   1.0154324e+02   1.2537899e+02   1.2070525e+02   1.8186696e+02   1.2510721e+02   1.0404850e+02
   1.0168605e+02   1.2537964e+02   1.2075478e+02   1.8195991e+02   1.2494189e+02   1.0403724e+02
   1.0155129e+02   1.2553177e+02   1.2071811e+02   1.8165500e+02   1.2531113e+02   1.0390151e+02
   1.0184494e+02   1.2630403e+02   1.2075575e+02   1.8112140e+02   1.2483028e+02   1.0340071e+02
   1.0095046e+02   1.2517089e+02   1.2022987e+02   1.8117994e+02   1.2495507e+02   1.0382721e+02
   1.0146348e+02   1.2565850e+02   1.2059846e+02   1.8176628e+02   1.2457039e+02   1.0386323e+02
   1.0186681e+02   1.2568359e+02   1.2042478e+02   1.8103455e+02   1.2451571e+02   1.0363004e+02
   1.0174588e+02   1.2510399e+02   1.2044118e+02   1.8121628e+02   1.2445267e+02   1.0331870e+02
   1.0203664e+02   1.2510013e+02   1.2059718e+02   1.8161125e+02   1.2484507e+02   1.0430549e+02
   1.0176164e+02   1.2509338e+02   1.2060715e+02   1.8139929e+02   1.2460223e+02   1.0375162e+02
   1.0253164e+02   1.2601777e+02   1.2025206e+02   1.8097023e+02   1.2458808e+02   1.0362747e+02
   1.0252296e+02   1.2564660e+02   1.2076025e+02   1.8048745e+02   1.2481645e+02   1.0338399e+02
   1.0238272e+02   1.2633845e+02   1.2072744e+02   1.8178430e+02   1.2494703e+02   1.0409996e+02
   1.0258278e+02   1.2537964e+02   1.2117613e+02   1.8232755e+02   1.2497694e+02   1.0497514e+02
   1.0249466e+02   1.2604865e+02   1.2127938e+02   1.8294123e+02   1.2468136e+02   1.0459175e+02
   1.0193146e+02   1.2627251e+02   1.2040709e+02   1.8237032e+02   1.2484861e+02   1.0437689e+02
   1.0151430e+02   1.2567008e+02   1.2062548e+02   1.8179459e+02   1.2466045e+02   1.0380694e+02
   1.0169313e+02   1.2602002e+02   1.1996902e+02   1.8113973e+02   1.2425551e+02   1.0345797e+02
   1.0164456e+02   1.2565207e+02   1.2018580e+02   1.8110242e+02   1.2416223e+02   1.0387095e+02
   1.0159471e+02   1.2540054e+02   1.2035788e+02   1.8141505e+02   1.2399305e+02   1.0411186e+02
   1.0257281e+02   1.2590230e+02   1.2030320e+02   1.8186020e+02   1.2427513e+02   1.0458531e+02
   1.0270018e+02   1.2620304e+02   1.2081879e+02   1.8187532e+02   1.2479876e+02   1.0467859e+02
   1.0287901e+02   1.2654269e+02   1.2092139e+02   1.8222237e+02   1.2495861e+02   1.0448174e+02
   1.0214600e+02   1.2669000e+02   1.2072551e+02   1.8132339e+02   1.2434331e+02   1.0367765e+02
   1.0275165e+02   1.2579680e+02   1.2029033e+02   1.8025329e+02   1.2371547e+02   1.0314951e+02
   1.0122772e+02   1.2412074e+02   1.1936658e+02   1.8029157e+02   1.2386568e+02   1.0334507e+02
   1.0206752e+02   1.2462861e+02   1.1987188e+02   1.8047522e+02   1.2423878e+02   1.0344060e+02
   1.0249305e+02   1.2498434e+02   1.2005232e+02   1.8064859e+02   1.2462346e+02   1.0306814e+02
   1.0138628e+02   1.2485922e+02   1.1961071e+02   1.8099724e+02   1.2441633e+02   1.0310899e+02
   1.0141073e+02   1.2449159e+02   1.2007483e+02   1.8101654e+02   1.2421884e+02   1.0394043e+02
   1.0178287e+02   1.2480326e+02   1.2013080e+02   1.8061031e+02   1.2423364e+02   1.0346408e+02
   1.0220614e+02   1.2491583e+02   1.2011890e+02   1.8069201e+02   1.2417671e+02   1.0410768e+02
   1.0232483e+02   1.2461671e+02   1.2005007e+02   1.8194447e+02   1.2491197e+02   1.0479438e+02
   1.0246957e+02   1.2570771e+02   1.2046724e+02   1.8205158e+02   1.2528443e+02   1.0382496e+02
   1.0250495e+02   1.2568069e+02   1.2007966e+02   1.8097602e+02   1.2475630e+02   1.0317524e+02
   1.0228141e+02   1.2556619e+02   1.2028776e+02   1.8099660e+02   1.2482320e+02   1.0394525e+02
   1.0219553e+02   1.2555364e+02   1.2041352e+02   1.8147810e+02   1.2435329e+02   1.0428651e+02
   1.0145930e+02   1.2527092e+02   1.1996998e+02   1.8113716e+02   1.2433753e+02   1.0415303e+02
   1.0123125e+02   1.2566622e+02   1.1998799e+02   1.8141827e+02   1.2426065e+02   1.0398320e+02
   1.0178930e+02   1.2489686e+02   1.2001919e+02   1.8172704e+02   1.2452729e+02   1.0472072e+02
   1.0235474e+02   1.2535487e+02   1.2045469e+02   1.8198661e+02   1.2484089e+02   1.0461619e+02
   1.0289928e+02   1.2541019e+02   1.2081332e+02   1.8191681e+02   1.2497630e+02   1.0430291e+02
   1.0295814e+02   1.2590134e+02   1.2057305e+02   1.8181485e+02   1.2485729e+02   1.0494555e+02
   1.0216497e+02   1.2538607e+02   1.2033472e+02   1.8142824e+02   1.2449320e+02   1.0435277e+02
   1.0227401e+02   1.2520113e+02   1.1998478e+02   1.8156719e+02   1.2454016e+02   1.0431353e+02
   1.0180409e+02   1.2617023e+02   1.2023984e+02   1.8089142e+02   1.2443948e+02   1.0329329e+02
   1.0212702e+02   1.2643622e+02   1.2035691e+02   1.8102812e+02   1.2446650e+02   1.0397162e+02
   1.0184623e+02   1.2521753e+02   1.2021410e+02   1.8084157e+02   1.2404419e+02   1.0386034e+02
   1.0101479e+02   1.2494060e+02   1.1976477e+02   1.8101686e+02   1.2428574e+02   1.0422894e+02
   1.0150175e+02   1.2537095e+02   1.1968790e+02   1.8117608e+02   1.2454177e+02   1.0410832e+02
   1.0201380e+02   1.2555493e+02   1.2030127e+02   1.8089303e+02   1.2472253e+02   1.0403885e+02
   1.0278413e+02   1.2544622e+02   1.2022665e+02   1.8063797e+02   1.2445910e+02   1.0370402e+02
   1.0183465e+02   1.2532914e+02   1.1972103e+02   1.8007124e+02   1.2424714e+02   1.0342934e+02
   1.0202763e+02   1.2500461e+02   1.1970913e+02   1.8091941e+02   1.2407635e+02   1.0370016e+02
   1.0154775e+02   1.2481612e+02   1.1961360e+02   1.8090944e+02   1.2460931e+02   1.0357247e+02
   1.0105371e+02   1.2453405e+02   1.2019867e+02   1.8139383e+02   1.2432434e+02   1.0367250e+02
   1.0137181e+02   1.2467750e+02   1.1991691e+02   1.8149772e+02   1.2458487e+02   1.0399350e+02
   1.0168927e+02   1.2557455e+02   1.2046080e+02   1.8140959e+02   1.2482963e+02   1.0474163e+02
   1.0231936e+02   1.2641467e+02   1.2087475e+02   1.8242854e+02   1.2459998e+02   1.0507678e+02
   1.0224088e+02   1.2602935e+02   1.2091978e+02   1.8286018e+02   1.2506089e+02   1.0544602e+02
   1.0234831e+02   1.2646035e+02   1.2087668e+02   1.8295249e+02   1.2521046e+02   1.0517166e+02
   1.0175714e+02   1.2565593e+02   1.2054282e+02   1.8228702e+02   1.2558517e+02   1.0455540e+02
   1.0196845e+02   1.2561476e+02   1.2047463e+02   1.8214292e+02   1.2485697e+02   1.0496067e+02
   1.0225664e+02   1.2602935e+02   1.2076507e+02   1.8203196e+02   1.2543978e+02   1.0489280e+02
   1.0352615e+02   1.2787781e+02   1.2133727e+02   1.8283863e+02   1.2540215e+02   1.0558690e+02
   1.0254805e+02   1.2661924e+02   1.2084227e+02   1.8303998e+02   1.2489268e+02   1.0563289e+02
   1.0252167e+02   1.2635356e+02   1.2112724e+02   1.8296214e+02   1.2458905e+02   1.0586898e+02
   1.0260176e+02   1.2628956e+02   1.2104394e+02   1.8341597e+02   1.2489653e+02   1.0579114e+02
   1.0332449e+02   1.2766650e+02   1.2159844e+02   1.8389618e+02   1.2502423e+02   1.0588281e+02
   1.0296907e+02   1.2760731e+02   1.2125429e+02   1.8350635e+02   1.2505832e+02   1.0589406e+02
   1.0278928e+02   1.2721588e+02   1.2109122e+02   1.8345200e+02   1.2485922e+02   1.0597898e+02
   1.0262588e+02   1.2646356e+02   1.2110215e+02   1.8350024e+02   1.2503259e+02   1.0570237e+02
   1.0240074e+02   1.2717664e+02   1.2055665e+02   1.8190137e+02   1.2461156e+02   1.0468309e+02
   1.0301507e+02   1.2776685e+02   1.2043218e+02   1.8167558e+02   1.2447680e+02   1.0485838e+02
   1.0268507e+02   1.2653625e+02   1.2021636e+02   1.8167076e+02   1.2472607e+02   1.0465800e+02
   1.0228784e+02   1.2557809e+02   1.2024080e+02   1.8089400e+02   1.2465723e+02   1.0395812e+02
   1.0217527e+02   1.2591581e+02   1.2018805e+02   1.8073897e+02   1.2473057e+02   1.0403434e+02
   1.0345443e+02   1.2669514e+02   1.2072326e+02   1.8136713e+02   1.2491455e+02   1.0504236e+02
   1.0355253e+02   1.2705281e+02   1.2079692e+02   1.8156848e+02   1.2491101e+02   1.0494298e+02
   1.0394268e+02   1.2746997e+02   1.2079627e+02   1.8228316e+02   1.2518215e+02   1.0492979e+02
   1.0373651e+02   1.2791351e+02   1.2144148e+02   1.8226804e+02   1.2520177e+02   1.0545181e+02
   1.0383300e+02   1.2684889e+02   1.2093522e+02   1.8145944e+02   1.2535519e+02   1.0495648e+02
   1.0408870e+02   1.2736255e+02   1.2053060e+02   1.8065791e+02   1.2495347e+02   1.0417329e+02
   1.0352519e+02   1.2720848e+02   1.2085417e+02   1.8158038e+02   1.2486341e+02   1.0476993e+02
   1.0323861e+02   1.2689842e+02   1.2065893e+02   1.8193482e+02   1.2444238e+02   1.0484681e+02
   1.0295010e+02   1.2640502e+02   1.2028422e+02   1.8169778e+02   1.2476627e+02   1.0464192e+02
   1.0221676e+02   1.2617988e+02   1.2035305e+02   1.8234073e+02   1.2456074e+02   1.0472716e+02
   1.0258278e+02   1.2675883e+02   1.2063899e+02   1.8294992e+02   1.2474247e+02   1.0528649e+02
   1.0243033e+02   1.2721524e+02   1.2073420e+02   1.8310463e+02   1.2466367e+02   1.0548912e+02
   1.0342452e+02   1.2810039e+02   1.2113046e+02   1.8327220e+02   1.2533043e+02   1.0598316e+02
   1.0323089e+02   1.2783246e+02   1.2119607e+02   1.8300009e+02   1.2514774e+02   1.0512695e+02
   1.0382656e+02   1.2778036e+02   1.2138069e+02   1.8316445e+02   1.2528990e+02   1.0583971e+02
   1.0398160e+02   1.2790097e+02   1.2119993e+02   1.8253018e+02   1.2482577e+02   1.0521733e+02
   1.0369534e+02   1.2748509e+02   1.2132633e+02   1.8283541e+02   1.2488303e+02   1.0573421e+02
   1.0313343e+02   1.2708368e+02   1.2068113e+02   1.8207313e+02   1.2483993e+02   1.0544184e+02
   1.0261977e+02   1.2673503e+02   1.2017583e+02   1.8161061e+02   1.2466528e+02   1.0480403e+02
   1.0285586e+02   1.2691900e+02   1.2061969e+02   1.8191327e+02   1.2494832e+02   1.0463967e+02
   1.0360431e+02   1.2700392e+02   1.2053414e+02   1.8193772e+02   1.2473121e+02   1.0464482e+02
   1.0278317e+02   1.2600201e+02   1.1999828e+02   1.8246649e+02   1.2503002e+02   1.0523020e+02
   1.0231775e+02   1.2585341e+02   1.2017905e+02   1.8256652e+02   1.2434750e+02   1.0454961e+02
   1.0277416e+02   1.2627637e+02   1.2030738e+02   1.8177658e+02   1.2472928e+02   1.0476929e+02
   1.0256638e+02   1.2593511e+02   1.2024144e+02   1.8219246e+02   1.2477174e+02   1.0437721e+02
   1.0321255e+02   1.2581160e+02   1.2035370e+02   1.8224199e+02   1.2477624e+02   1.0451938e+02
   1.0295492e+02   1.2568552e+02   1.2012115e+02   1.8081069e+02   1.2433077e+02   1.0411894e+02
   1.0243097e+02   1.2590809e+02   1.2001083e+02   1.8094064e+02   1.2441536e+02   1.0470207e+02
   1.0249498e+02   1.2606055e+02   1.2011150e+02   1.8170775e+02   1.2437098e+02   1.0506423e+02
   1.0278638e+02   1.2591613e+02   1.2011150e+02   1.8176564e+02   1.2481645e+02   1.0483973e+02
   1.0321127e+02   1.2615897e+02   1.2082811e+02   1.8141505e+02   1.2499849e+02   1.0547593e+02
   1.0346954e+02   1.2723807e+02   1.2098057e+02   1.8216640e+02   1.2538543e+02   1.0509190e+02
   1.0296103e+02   1.2667038e+02   1.2097285e+02   1.8190362e+02   1.2501361e+02   1.0491692e+02
   1.0335729e+02   1.2746129e+02   1.2121987e+02   1.8301457e+02   1.2544171e+02   1.0566538e+02
   1.0326273e+02   1.2718339e+02   1.2157400e+02   1.8360767e+02   1.2535358e+02   1.0607000e+02
   1.0369341e+02   1.2792316e+02   1.2171327e+02   1.8399139e+02   1.2543818e+02   1.0685062e+02
   1.0346247e+02   1.2775623e+02   1.2143762e+02   1.8408273e+02   1.2548417e+02   1.0590725e+02
   1.0442385e+02   1.2836156e+02   1.2131926e+02   1.8299044e+02   1.2506861e+02   1.0521283e+02
   1.0382817e+02   1.2628602e+02   1.2096835e+02   1.8232562e+02   1.2545072e+02   1.0454125e+02
   1.0406972e+02   1.2679357e+02   1.2175701e+02   1.8292322e+02   1.2555171e+02   1.0507324e+02
   1.0340329e+02   1.2808977e+02   1.2081975e+02   1.8182707e+02   1.2477335e+02   1.0392466e+02
   1.0372589e+02   1.2719787e+02   1.2079820e+02   1.8218506e+02   1.2473443e+02   1.0503818e+02
   1.0386741e+02   1.2562666e+02   1.2040387e+02   1.8175921e+02   1.2485569e+02   1.0460976e+02
   1.0330937e+02   1.2564563e+02   1.2022633e+02   1.8178623e+02   1.2477785e+02   1.0511441e+02
   1.0314147e+02   1.2601874e+02   1.2065346e+02   1.8165307e+02   1.2494800e+02   1.0523149e+02
   1.0307714e+02   1.2556072e+02   1.2080045e+02   1.8239734e+02   1.2506218e+02   1.0538491e+02
   1.0380727e+02   1.2627605e+02   1.2103493e+02   1.8283831e+02   1.2533493e+02   1.0540807e+02
   1.0304916e+02   1.2686883e+02   1.2096899e+02   1.8313197e+02   1.2503420e+02   1.0506616e+02
   1.0389797e+02   1.2632011e+02   1.2031735e+02   1.8228541e+02   1.2505157e+02   1.0541032e+02
   1.0326530e+02   1.2580034e+02   1.2027425e+02   1.8132306e+02   1.2445750e+02   1.0488090e+02
   1.0344124e+02   1.2604061e+02   1.2063031e+02   1.8148131e+02   1.2461832e+02   1.0462455e+02
   1.0345829e+02   1.2557101e+02   1.2039487e+02   1.8190169e+02   1.2508212e+02   1.0510766e+02
   1.0409964e+02   1.2558066e+02   1.2097060e+02   1.8270258e+02   1.2506990e+02   1.0545213e+02
   1.0407648e+02   1.2617698e+02   1.2077344e+02   1.8192324e+02   1.2474665e+02   1.0473166e+02
   1.0333735e+02   1.2630885e+02   1.2066955e+02   1.8215418e+02   1.2502616e+02   1.0474195e+02
   1.0333092e+02   1.2520209e+02   1.2079692e+02   1.8156719e+02   1.2521946e+02   1.0503722e+02
   1.0368376e+02   1.2567587e+02   1.2058817e+02   1.8202939e+02   1.2513069e+02   1.0507067e+02
   1.0361653e+02   1.2571865e+02   1.2040580e+02   1.8185152e+02   1.2506121e+02   1.0548912e+02
   1.0357697e+02   1.2635967e+02   1.2096417e+02   1.8223909e+02   1.2534973e+02   1.0546789e+02
   1.0409385e+02   1.2679646e+02   1.2082522e+02   1.8210143e+02   1.2525741e+02   1.0520125e+02
   1.0362586e+02   1.2615382e+02   1.2124239e+02   1.8146909e+02   1.2504610e+02   1.0545889e+02
   1.0384586e+02   1.2589330e+02   1.2121859e+02   1.8218216e+02   1.2539797e+02   1.0586287e+02
   1.0380598e+02   1.2591967e+02   1.2174254e+02   1.8331369e+02   1.2547581e+02   1.0620284e+02
   1.0352294e+02   1.2623970e+02   1.2135110e+02   1.8381642e+02   1.2525098e+02   1.0569047e+02
   1.0317460e+02   1.2648608e+02   1.2103493e+02   1.8243787e+02   1.2517733e+02   1.0535274e+02
   1.0381724e+02   1.2630371e+02   1.2094133e+02   1.8241085e+02   1.2502841e+02   1.0577795e+02
   1.0337916e+02   1.2584955e+02   1.2048203e+02   1.8158842e+02   1.2486630e+02   1.0509125e+02
   1.0338656e+02   1.2588236e+02   1.2026621e+02   1.8110757e+02   1.2493642e+02   1.0505362e+02
   1.0284782e+02   1.2575563e+02   1.2034147e+02   1.8124877e+02   1.2476338e+02   1.0502146e+02
   1.0352905e+02   1.2632558e+02   1.2051034e+02   1.8272027e+02   1.2451636e+02   1.0564512e+02
   1.0325662e+02   1.2569581e+02   1.2046273e+02   1.8223395e+02   1.2501811e+02   1.0499283e+02
   1.0367604e+02   1.2562441e+02   1.2036045e+02   1.8131149e+02   1.2491037e+02   1.0448271e+02
   1.0331001e+02   1.2577075e+02   1.1997545e+02   1.8027645e+02   1.2465305e+02   1.0401633e+02
   1.0414885e+02   1.2577751e+02   1.1987703e+02   1.8068590e+02   1.2444720e+02   1.0454993e+02
   1.0315981e+02   1.2535487e+02   1.1964577e+02   1.8140605e+02   1.2445267e+02   1.0458499e+02
   1.0346311e+02   1.2623874e+02   1.2029902e+02   1.8199497e+02   1.2456975e+02   1.0504397e+02
   1.0294399e+02   1.2546455e+02   1.2015846e+02   1.8140733e+02   1.2449191e+02   1.0496742e+02
   1.0276065e+02   1.2510303e+02   1.1964834e+02   1.7992490e+02   1.2396474e+02   1.0390504e+02
   1.0299287e+02   1.2464469e+02   1.1940808e+02   1.8027934e+02   1.2450092e+02   1.0428265e+02
   1.0326884e+02   1.2463183e+02   1.1992752e+02   1.8056078e+02   1.2473025e+02   1.0441967e+02
   1.0316013e+02   1.2450960e+02   1.2016618e+02   1.8094578e+02   1.2483510e+02   1.0498801e+02
   1.0314598e+02   1.2467975e+02   1.2011407e+02   1.8078271e+02   1.2465241e+02   1.0461651e+02
   1.0347051e+02   1.2618567e+02   1.2043957e+02   1.8169006e+02   1.2451989e+02   1.0476125e+02
   1.0354867e+02   1.2628280e+02   1.2045919e+02   1.8107283e+02   1.2498595e+02   1.0451584e+02
   1.0415367e+02   1.2546745e+02   1.2022954e+02   1.8112268e+02   1.2467686e+02   1.0475514e+02
   1.0338431e+02   1.2539990e+02   1.1998896e+02   1.8046429e+02   1.2460963e+02   1.0478055e+02
   1.0386484e+02   1.2616026e+02   1.1997320e+02   1.8165918e+02   1.2487306e+02   1.0524628e+02
   1.0356507e+02   1.2630178e+02   1.2042060e+02   1.8173283e+02   1.2517507e+02   1.0514883e+02
   1.0346311e+02   1.2531756e+02   1.1996194e+02   1.8125938e+02   1.2446811e+02   1.0436628e+02
   1.0291021e+02   1.2477270e+02   1.1962004e+02   1.8062768e+02   1.2422688e+02   1.0443125e+02
   1.0255416e+02   1.2453598e+02   1.1932574e+02   1.8065502e+02   1.2435232e+02   1.0441806e+02
   1.0306524e+02   1.2439220e+02   1.1979662e+02   1.8023367e+02   1.2433785e+02   1.0391373e+02
   1.0290925e+02   1.2391843e+02   1.1911828e+02   1.8036554e+02   1.2414937e+02   1.0378507e+02
   1.0258793e+02   1.2321597e+02   1.1926559e+02   1.8077563e+02   1.2466785e+02   1.0425628e+02
   1.0314823e+02   1.2362927e+02   1.2012083e+02   1.8199079e+02   1.2490265e+02   1.0491532e+02
   1.0291472e+02   1.2469326e+02   1.2063545e+02   1.8149321e+02   1.2514098e+02   1.0541225e+02
   1.0222641e+02   1.2400591e+02   1.1977217e+02   1.8099853e+02   1.2453630e+02   1.0457438e+02
   1.0198260e+02   1.2354501e+02   1.1947884e+02   1.8142663e+02   1.2434299e+02   1.0452131e+02
   1.0278703e+02   1.2452472e+02   1.1955378e+02   1.8191617e+02   1.2453598e+02   1.0482815e+02
   1.0320548e+02   1.2400624e+02   1.1966507e+02   1.8195155e+02   1.2453919e+02   1.0458435e+02
   1.0284846e+02   1.2410369e+02   1.1974451e+02   1.8219792e+02   1.2454305e+02   1.0493301e+02
   1.0304016e+02   1.2431340e+02   1.1948463e+02   1.8203099e+02   1.2467621e+02   1.0490116e+02
   1.0273331e+02   1.2492806e+02   1.1982878e+02   1.8211784e+02   1.2473604e+02   1.0496613e+02
   1.0264325e+02   1.2451314e+02   1.2019738e+02   1.8272638e+02   1.2485858e+02   1.0545953e+02
   1.0311992e+02   1.2538285e+02   1.2055890e+02   1.8268103e+02   1.2519469e+02   1.0565605e+02
   1.0292340e+02   1.2538768e+02   1.2012662e+02   1.8219985e+02   1.2492194e+02   1.0547175e+02
   1.0352101e+02   1.2552405e+02   1.2037107e+02   1.8238576e+02   1.2459452e+02   1.0540710e+02
   1.0345057e+02   1.2536098e+02   1.2058849e+02   1.8200526e+02   1.2530244e+02   1.0524596e+02
   1.0435663e+02   1.2625932e+02   1.2055794e+02   1.8201781e+02   1.2536999e+02   1.0563772e+02
   1.0392241e+02   1.2585148e+02   1.2072969e+02   1.8219085e+02   1.2500428e+02   1.0553511e+02
   1.0315466e+02   1.2534201e+02   1.1993396e+02   1.8140798e+02   1.2487177e+02   1.0481593e+02
   1.0318618e+02   1.2512040e+02   1.2015235e+02   1.8217252e+02   1.2493931e+02   1.0515108e+02
   1.0328074e+02   1.2578587e+02   1.2023147e+02   1.8297211e+02   1.2441054e+02   1.0526043e+02
   1.0394300e+02   1.2599461e+02   1.2042188e+02   1.8253822e+02   1.2456557e+02   1.0489634e+02
   1.0282884e+02   1.2517314e+02   1.1975577e+02   1.8097183e+02   1.2450317e+02   1.0376545e+02
   1.0273428e+02   1.2467267e+02   1.1949878e+02   1.7995127e+02   1.2434878e+02   1.0340618e+02
   1.0241425e+02   1.2425937e+02   1.1935147e+02   1.7993680e+02   1.2446747e+02   1.0388028e+02
   1.0369405e+02   1.2521689e+02   1.2018291e+02   1.8105417e+02   1.2472542e+02   1.0502918e+02
   1.0366253e+02   1.2554496e+02   1.2025431e+02   1.8128286e+02   1.2457618e+02   1.0505266e+02
   1.0265805e+02   1.2508630e+02   1.1973261e+02   1.8114134e+02   1.2411624e+02   1.0434505e+02
   1.0238240e+02   1.2452922e+02   1.1953866e+02   1.8185570e+02   1.2424586e+02   1.0468277e+02
   1.0268893e+02   1.2479393e+02   1.1989600e+02   1.8222591e+02   1.2439349e+02   1.0463420e+02
   1.0302729e+02   1.2451539e+02   1.1997320e+02   1.8122722e+02   1.2424071e+02   1.0387288e+02
   1.0280407e+02   1.2402071e+02   1.1927653e+02   1.7922533e+02   1.2410466e+02   1.0298097e+02
   1.0306621e+02   1.2435875e+02   1.1907936e+02   1.7984191e+02   1.2446940e+02   1.0426914e+02
   1.0325758e+02   1.2476852e+02   1.1992624e+02   1.8083063e+02   1.2479136e+02   1.0500988e+02
   1.0294141e+02   1.2531467e+02   1.2036077e+02   1.8155239e+02   1.2467300e+02   1.0471783e+02
   1.0238465e+02   1.2491648e+02   1.1969852e+02   1.8140540e+02   1.2437033e+02   1.0431417e+02
   1.0266738e+02   1.2476016e+02   1.1973776e+02   1.8090879e+02   1.2437837e+02   1.0478634e+02
   1.0286132e+02   1.2474762e+02   1.1999217e+02   1.8066981e+02   1.2505639e+02   1.0458210e+02
   1.0358984e+02   1.2545265e+02   1.2070010e+02   1.8218474e+02   1.2515127e+02   1.0494491e+02
   1.0357376e+02   1.2494928e+02   1.2038393e+02   1.8161125e+02   1.2520949e+02   1.0488412e+02
   1.0322253e+02   1.2569034e+02   1.2028004e+02   1.8190202e+02   1.2523393e+02   1.0481078e+02
   1.0334571e+02   1.2588622e+02   1.2029644e+02   1.8196377e+02   1.2531081e+02   1.0494330e+02
   1.0258600e+02   1.2477399e+02   1.2049104e+02   1.8256556e+02   1.2528379e+02   1.0541997e+02
   1.0311220e+02   1.2483510e+02   1.2024209e+02   1.8298176e+02   1.2518569e+02   1.0509704e+02
   1.0225150e+02   1.2494735e+02   1.2000922e+02   1.8251989e+02   1.2528122e+02   1.0509286e+02
   1.0278252e+02   1.2542274e+02   1.2028261e+02   1.8253725e+02   1.2508276e+02   1.0550745e+02
   1.0280053e+02   1.2491069e+02   1.2026235e+02   1.8198918e+02   1.2467943e+02   1.0449172e+02
   1.0280761e+02   1.2492291e+02   1.1949235e+02   1.8106865e+02   1.2446329e+02   1.0391244e+02
   1.0335054e+02   1.2434331e+02   1.1966217e+02   1.8059777e+02   1.2421948e+02   1.0416782e+02
   1.0271369e+02   1.2383738e+02   1.1957243e+02   1.8062961e+02   1.2410820e+02   1.0416171e+02
   1.0331741e+02   1.2412814e+02   1.1986931e+02   1.8080941e+02   1.2427095e+02   1.0451713e+02
   1.0308937e+02   1.2382483e+02   1.1944024e+02   1.8103295e+02   1.2445557e+02   1.0380116e+02
   1.0269922e+02   1.2394287e+02   1.1958112e+02   1.8122496e+02   1.2468232e+02   1.0411540e+02
   1.0277866e+02   1.2410176e+02   1.1964223e+02   1.8140573e+02   1.2502776e+02   1.0469081e+02
   1.0194176e+02   1.2483414e+02   1.2018484e+02   1.8111143e+02   1.2462636e+02   1.0458081e+02
   1.0243226e+02   1.2472510e+02   1.1978311e+02   1.8121532e+02   1.2474311e+02   1.0463806e+02
   1.0134511e+02   1.2377337e+02   1.1915495e+02   1.8232336e+02   1.2452761e+02   1.0502660e+02
   1.0172819e+02   1.2368524e+02   1.1945471e+02   1.8265916e+02   1.2477206e+02   1.0559590e+02
   1.0226307e+02   1.2439092e+02   1.1974162e+02   1.8248965e+02   1.2509692e+02   1.0512309e+02
   1.0276676e+02   1.2510464e+02   1.2010668e+02   1.8203099e+02   1.2496730e+02   1.0498286e+02
   1.0195527e+02   1.2453180e+02   1.2006068e+02   1.8162734e+02   1.2475115e+02   1.0446952e+02
   1.0208875e+02   1.2465627e+02   1.1960235e+02   1.8113298e+02   1.2498113e+02   1.0357472e+02
   1.0321641e+02   1.2549125e+02   1.1984293e+02   1.8124362e+02   1.2507923e+02   1.0492110e+02
   1.0291504e+02   1.2519469e+02   1.1982782e+02   1.8191906e+02   1.2501233e+02   1.0475771e+02
   1.0304755e+02   1.2545490e+02   1.1950457e+02   1.8151862e+02   1.2473572e+02   1.0440745e+02
   1.0329843e+02   1.2579680e+02   1.1989986e+02   1.8134622e+02   1.2454981e+02   1.0447435e+02
   1.0342098e+02   1.2597692e+02   1.2019030e+02   1.8247132e+02   1.2546037e+02   1.0582588e+02
   1.0300767e+02   1.2617698e+02   1.2032153e+02   1.8313776e+02   1.2507762e+02   1.0577313e+02
   1.0328396e+02   1.2576593e+02   1.2046016e+02   1.8269389e+02   1.2554593e+02   1.0545567e+02
   1.0350589e+02   1.2532174e+02   1.1995197e+02   1.8255334e+02   1.2540859e+02   1.0370852e+02
   1.0445505e+02   1.2609882e+02   1.2046659e+02   1.8255205e+02   1.2517475e+02   1.0250205e+02
   1.0537655e+02   1.2653947e+02   1.2067083e+02   1.8211816e+02   1.2523490e+02   1.0381949e+02
   1.0463324e+02   1.2582447e+02   1.1994168e+02   1.8141023e+02   1.2465273e+02   1.0398706e+02
   1.0384007e+02   1.2460449e+02   1.1954156e+02   1.8106318e+02   1.2481677e+02   1.0373683e+02
   1.0397002e+02   1.2542724e+02   1.1981334e+02   1.8146877e+02   1.2463022e+02   1.0384104e+02
   1.0298516e+02   1.2426194e+02   1.1981141e+02   1.8164406e+02   1.2468071e+02   1.0445923e+02
   1.0368794e+02   1.2455206e+02   1.2014399e+02   1.8256170e+02   1.2480101e+02   1.0493719e+02
   1.0265387e+02   1.2370357e+02   1.1966314e+02   1.8122175e+02   1.2482352e+02   1.0379472e+02
   1.0370209e+02   1.2476434e+02   1.1939875e+02   1.8044660e+02   1.2471127e+02   1.0388671e+02
   1.0398449e+02   1.2482288e+02   1.2001983e+02   1.8128704e+02   1.2505446e+02   1.0462970e+02
   1.0327527e+02   1.2439574e+02   1.2003367e+02   1.8154725e+02   1.2495282e+02   1.0469789e+02
   1.0383364e+02   1.2438255e+02   1.2045147e+02   1.8243079e+02   1.2531788e+02   1.0518453e+02
   1.0343256e+02   1.2514452e+02   1.2064575e+02   1.8246006e+02   1.2498563e+02   1.0556599e+02
   1.0424984e+02   1.2554593e+02   1.2059525e+02   1.8331369e+02   1.2532946e+02   1.0594971e+02
   1.0364870e+02   1.2569195e+02   1.2052127e+02   1.8309819e+02   1.2497212e+02   1.0570848e+02
   1.0306557e+02   1.2538736e+02   1.2018548e+02   1.8323875e+02   1.2526513e+02   1.0561971e+02
   1.0277319e+02   1.2506958e+02   1.2022086e+02   1.8205801e+02   1.2441375e+02   1.0432285e+02
   1.0315562e+02   1.2412749e+02   1.1996837e+02   1.8163184e+02   1.2405738e+02   1.0451616e+02
   1.0234155e+02   1.2334173e+02   1.1992881e+02   1.8156944e+02   1.2422656e+02   1.0417394e+02
   1.0320966e+02   1.2337582e+02   1.1963419e+02   1.7993648e+02   1.2425808e+02   1.0312957e+02
   1.0303372e+02   1.2375568e+02   1.1922828e+02   1.7941928e+02   1.2458487e+02   1.0401344e+02
   1.0275615e+02   1.2427899e+02   1.1963966e+02   1.8031440e+02   1.2470548e+02   1.0356893e+02
   1.0239173e+02   1.2413843e+02   1.1889345e+02   1.7956949e+02   1.2479425e+02   1.0339428e+02
   1.0274103e+02   1.2362670e+02   1.1924597e+02   1.7962867e+02   1.2444045e+02   1.0346794e+02
   1.0279442e+02   1.2459902e+02   1.1958787e+02   1.8070327e+02   1.2479908e+02   1.0408227e+02
   1.0286197e+02   1.2471095e+02   1.1971396e+02   1.8113941e+02   1.2507826e+02   1.0379730e+02
   1.0309709e+02   1.2337293e+02   1.1955249e+02   1.8108537e+02   1.2502230e+02   1.0417201e+02
   1.0332802e+02   1.2500847e+02   1.1960106e+02   1.8128254e+02   1.2476016e+02   1.0427847e+02
   1.0350267e+02   1.2546294e+02   1.2000375e+02   1.8204450e+02   1.2492162e+02   1.0508385e+02
   1.0309805e+02   1.2459355e+02   1.1987767e+02   1.8141409e+02   1.2519823e+02   1.0455797e+02
   1.0284428e+02   1.2431855e+02   1.2033311e+02   1.8183415e+02   1.2490747e+02   1.0450587e+02
   1.0317621e+02   1.2455367e+02   1.1978246e+02   1.8188786e+02   1.2548514e+02   1.0442095e+02
   1.0225053e+02   1.2509981e+02   1.2004299e+02   1.8186406e+02   1.2476917e+02   1.0451230e+02
   1.0234252e+02   1.2434621e+02   1.1987960e+02   1.8177079e+02   1.2470548e+02   1.0474871e+02
   1.0181632e+02   1.2356077e+02   1.1937077e+02   1.8082163e+02   1.2430118e+02   1.0340168e+02
   1.0211448e+02   1.2420951e+02   1.1925208e+02   1.8078786e+02   1.2461767e+02   1.0405622e+02
   1.0216369e+02   1.2472735e+02   1.2002852e+02   1.8122111e+02   1.2480712e+02   1.0490277e+02
   1.0160629e+02   1.2378463e+02   1.1993428e+02   1.8117382e+02   1.2447229e+02   1.0396101e+02
   1.0194948e+02   1.2345076e+02   1.1967793e+02   1.8178365e+02   1.2462700e+02   1.0529163e+02
   1.0222319e+02   1.2362156e+02   1.2005714e+02   1.8188465e+02   1.2456943e+02   1.0505684e+02
   1.0254547e+02   1.2426387e+02   1.1991144e+02   1.8129862e+02   1.2521528e+02   1.0540035e+02
   1.0346601e+02   1.2576271e+02   1.2034115e+02   1.8138997e+02   1.2504192e+02   1.0502306e+02
   1.0294173e+02   1.2469583e+02   1.1971942e+02   1.8074476e+02   1.2486662e+02   1.0440487e+02
   1.0231936e+02   1.2423524e+02   1.1942126e+02   1.8112847e+02   1.2451925e+02   1.0399092e+02
   1.0249658e+02   1.2418507e+02   1.1955507e+02   1.8186824e+02   1.2457843e+02   1.0416075e+02
   1.0216015e+02   1.2413328e+02   1.2012984e+02   1.8195219e+02   1.2476820e+02   1.0429905e+02
   1.0209936e+02   1.2381100e+02   1.1973293e+02   1.8152570e+02   1.2466463e+02   1.0441581e+02
   1.0205883e+02   1.2432595e+02   1.2011793e+02   1.8161704e+02   1.2521206e+02   1.0480724e+02
   1.0156705e+02   1.2408600e+02   1.1981366e+02   1.8152538e+02   1.2476981e+02   1.0459400e+02
   1.0143357e+02   1.2307445e+02   1.1983907e+02   1.8152634e+02   1.2464147e+02   1.0447756e+02
   1.0242068e+02   1.2348936e+02   1.1983425e+02   1.8176017e+02   1.2495379e+02   1.0481175e+02
   1.0299995e+02   1.2451732e+02   1.2045694e+02   1.8283767e+02   1.2512779e+02   1.0547400e+02
   1.0372943e+02   1.2654044e+02   1.2108092e+02   1.8324358e+02   1.2514259e+02   1.0563836e+02
   1.0275390e+02   1.2466045e+02   1.2000793e+02   1.8215129e+02   1.2488528e+02   1.0482558e+02
   1.0216465e+02   1.2442083e+02   1.1950746e+02   1.8140347e+02   1.2461542e+02   1.0403402e+02
   1.0279507e+02   1.2406445e+02   1.1967343e+02   1.8096090e+02   1.2476627e+02   1.0351586e+02
   1.0262878e+02   1.2474504e+02   1.1979533e+02   1.8157041e+02   1.2530084e+02   1.0466830e+02
   1.0267960e+02   1.2560253e+02   1.2034340e+02   1.8245942e+02   1.2493738e+02   1.0467923e+02
   1.0282916e+02   1.2593511e+02   1.2034533e+02   1.8207023e+02   1.2496183e+02   1.0468566e+02
   1.0248822e+02   1.2504996e+02   1.1986995e+02   1.8117704e+02   1.2467750e+02   1.0361332e+02
   1.0262235e+02   1.2485504e+02   1.1980723e+02   1.8112172e+02   1.2473507e+02   1.0394428e+02
   1.0159310e+02   1.2433077e+02   1.2004106e+02   1.8169166e+02   1.2524970e+02   1.0483812e+02
   1.0262621e+02   1.2474858e+02   1.2017551e+02   1.8235874e+02   1.2497469e+02   1.0483233e+02
   1.0315080e+02   1.2490265e+02   1.1988217e+02   1.8200719e+02   1.2503741e+02   1.0467987e+02
   1.0202892e+02   1.2385796e+02   1.1932381e+02   1.8051800e+02   1.2445460e+02   1.0342805e+02
   1.0189126e+02   1.2386857e+02   1.1918196e+02   1.8074090e+02   1.2463118e+02   1.0377607e+02
   1.0256123e+02   1.2503195e+02   1.2010539e+02   1.8172511e+02   1.2498499e+02   1.0509575e+02
   1.0397516e+02   1.2669482e+02   1.2107578e+02   1.8355557e+02   1.2525870e+02   1.0588088e+02
   1.0351554e+02   1.2699941e+02   1.2047592e+02   1.8271866e+02   1.2516446e+02   1.0555023e+02
   1.0265676e+02   1.2490168e+02   1.1950457e+02   1.8109020e+02   1.2476756e+02   1.0321448e+02
   1.0264293e+02   1.2454756e+02   1.1992913e+02   1.8253307e+02   1.2539829e+02   1.0443768e+02
   1.0340875e+02   1.2612552e+02   1.2056212e+02   1.8310591e+02   1.2495411e+02   1.0434569e+02
   1.0261109e+02   1.2504320e+02   1.2009638e+02   1.8205158e+02   1.2491423e+02   1.0293562e+02
   1.0248275e+02   1.2449770e+02   1.1986641e+02   1.8181421e+02   1.2493545e+02   1.0343191e+02
   1.0324343e+02   1.2498756e+02   1.2008609e+02   1.8295571e+02   1.2512200e+02   1.0441034e+02
   1.0279410e+02   1.2432305e+02   1.2014463e+02   1.8237193e+02   1.2500621e+02   1.0421897e+02
   1.0376031e+02   1.2455528e+02   1.2043089e+02   1.8250702e+02   1.2554078e+02   1.0455926e+02
   1.0400990e+02   1.2547709e+02   1.2041963e+02   1.8393317e+02   1.2583090e+02   1.0491724e+02
   1.0286937e+02   1.2463665e+02   1.2007130e+02   1.8352983e+02   1.2488785e+02   1.0437335e+02
   1.0214021e+02   1.2385185e+02   1.1980562e+02   1.8215000e+02   1.2468297e+02   1.0431739e+02
   1.0326016e+02   1.2401428e+02   1.2040612e+02   1.8260544e+02   1.2475855e+02   1.0455058e+02
   1.0354963e+02   1.2371515e+02   1.2011600e+02   1.8274954e+02   1.2521882e+02   1.0556020e+02
   1.0276001e+02   1.2367849e+02   1.2046273e+02   1.8219728e+02   1.2469615e+02   1.0511859e+02
   1.0301410e+02   1.2401653e+02   1.2023758e+02   1.8191713e+02   1.2500332e+02   1.0473327e+02
   1.0257892e+02   1.2405995e+02   1.2040773e+02   1.8279617e+02   1.2512072e+02   1.0525400e+02
   1.0241810e+02   1.2412396e+02   1.2026846e+02   1.8293126e+02   1.2521335e+02   1.0485774e+02
   1.0182468e+02   1.2356334e+02   1.1974355e+02   1.8138804e+02   1.2533750e+02   1.0393689e+02
   1.0220454e+02   1.2374121e+02   1.1955056e+02   1.8081198e+02   1.2514613e+02   1.0348981e+02
   1.0184237e+02   1.2370518e+02   1.1961939e+02   1.8068332e+02   1.2473797e+02   1.0367186e+02
   1.0225150e+02   1.2423685e+02   1.1952033e+02   1.8085090e+02   1.2456010e+02   1.0386484e+02
   1.0232740e+02   1.2364857e+02   1.1950489e+02   1.8124941e+02   1.2448033e+02   1.0396616e+02
   1.0225117e+02   1.2373509e+02   1.1955217e+02   1.8120695e+02   1.2442887e+02   1.0372268e+02
   1.0187872e+02   1.2339930e+02   1.1976638e+02   1.8108537e+02   1.2453951e+02   1.0408613e+02
   1.0278670e+02   1.2484636e+02   1.2037782e+02   1.8250573e+02   1.2487016e+02   1.0492014e+02
   1.0297711e+02   1.2562987e+02   1.2039808e+02   1.8299623e+02   1.2508212e+02   1.0475450e+02
   1.0240202e+02   1.2493577e+02   1.2033890e+02   1.8306635e+02   1.2497984e+02   1.0459754e+02
   1.0217366e+02   1.2458840e+02   1.1989729e+02   1.8237225e+02   1.2503291e+02   1.0472362e+02
   1.0207910e+02   1.2432434e+02   1.2000568e+02   1.8253918e+02   1.2463472e+02   1.0421125e+02
   1.0203278e+02   1.2408761e+02   1.2009220e+02   1.8256878e+02   1.2472671e+02   1.0469660e+02
   1.0183433e+02   1.2309503e+02   1.1995840e+02   1.8237386e+02   1.2462507e+02   1.0450812e+02
   1.0230392e+02   1.2447647e+02   1.2035916e+02   1.8286694e+02   1.2512233e+02   1.0482107e+02
   1.0244866e+02   1.2522975e+02   1.2044440e+02   1.8295056e+02   1.2545812e+02   1.0464289e+02
   1.0250816e+02   1.2453308e+02   1.1982782e+02   1.8223427e+02   1.2484443e+02   1.0409095e+02
   1.0184719e+02   1.2414165e+02   1.1897547e+02   1.8015551e+02   1.2413972e+02   1.0258568e+02
   1.0165936e+02   1.2378173e+02   1.1895778e+02   1.8008926e+02   1.2430729e+02   1.0269311e+02
   1.0242711e+02   1.2407603e+02   1.1982170e+02   1.8214775e+02   1.2505896e+02   1.0416300e+02
   1.0269021e+02   1.2456267e+02   1.1994747e+02   1.8276272e+02   1.2485183e+02   1.0479470e+02
