   7.5679876e+01   8.1564516e+01   1.7593435e+02   1.7471883e+02   1.4972434e+02   1.7506795e+02
   7.6092104e+01   8.1939898e+01   1.7597521e+02   1.7403227e+02   1.4989580e+02   1.7526567e+02
   7.6453624e+01   8.1569988e+01   1.7816622e+02   1.7498842e+02   1.5087821e+02   1.7654430e+02
   7.6583129e+01   8.2030370e+01   1.7930550e+02   1.7601352e+02   1.5162132e+02   1.7803781e+02
   7.6521477e+01   8.2024533e+01   1.7970897e+02   1.7584352e+02   1.5210322e+02   1.7843216e+02
   7.6670682e+01   8.1912903e+01   1.7941530e+02   1.7557137e+02   1.5165597e+02   1.7720606e+02
   7.6224162e+01   8.1649515e+01   1.7899067e+02   1.7538314e+02   1.5090776e+02   1.7688029e+02
   7.6414955e+01   8.2216419e+01   1.7875136e+02   1.7570672e+02   1.5125031e+02   1.7771569e+02
   7.6822440e+01   8.2398821e+01   1.7833293e+02   1.7605875e+02   1.5215575e+02   1.7760625e+02
   7.6657913e+01   8.2140905e+01   1.7873932e+02   1.7617366e+02   1.5208133e+02   1.7751504e+02
   7.6502142e+01   8.1902324e+01   1.7895602e+02   1.7589495e+02   1.5161511e+02   1.7822532e+02
   7.6224892e+01   8.1529495e+01   1.7827602e+02   1.7472576e+02   1.5052910e+02   1.7657312e+02
   7.6641862e+01   8.1973096e+01   1.7814032e+02   1.7540867e+02   1.5137434e+02   1.7645639e+02
   7.6543000e+01   8.2126678e+01   1.7840480e+02   1.7502891e+02   1.5069654e+02   1.7600440e+02
   7.6492658e+01   8.2000821e+01   1.7926537e+02   1.7531638e+02   1.5092126e+02   1.7666542e+02
   7.6352573e+01   8.1948654e+01   1.7897864e+02   1.7511646e+02   1.5082240e+02   1.7645493e+02
   7.6416414e+01   8.2105884e+01   1.7889072e+02   1.7538095e+02   1.5139149e+02   1.7603796e+02
   7.6742913e+01   8.1798720e+01   1.7875939e+02   1.7541341e+02   1.5179752e+02   1.7610216e+02
   7.6297853e+01   8.1798355e+01   1.7764090e+02   1.7370541e+02   1.5032371e+02   1.7519891e+02
   7.5772536e+01   8.1530589e+01   1.7774159e+02   1.7421139e+02   1.5040871e+02   1.7713674e+02
   7.6408753e+01   8.1708248e+01   1.7787255e+02   1.7524487e+02   1.5124374e+02   1.7736146e+02
   7.6395985e+01   8.2200368e+01   1.7759275e+02   1.7473962e+02   1.5111387e+02   1.7694157e+02
   7.6753492e+01   8.2194166e+01   1.7846353e+02   1.7477683e+02   1.5142724e+02   1.7721226e+02
   7.6889928e+01   8.2042043e+01   1.7864375e+02   1.7490597e+02   1.5135246e+02   1.7734760e+02
   7.7240869e+01   8.2382770e+01   1.7890713e+02   1.7518322e+02   1.5195256e+02   1.7770876e+02
   7.7641788e+01   8.2273693e+01   1.7855583e+02   1.7563813e+02   1.5219333e+02   1.7802212e+02
   7.7394816e+01   8.2031099e+01   1.7893960e+02   1.7518505e+02   1.5109965e+02   1.7554073e+02
   7.6798363e+01   8.2341182e+01   1.7794697e+02   1.7532732e+02   1.5081474e+02   1.7616856e+02
   7.7144561e+01   8.1915092e+01   1.7800498e+02   1.7552614e+02   1.5144512e+02   1.7561333e+02
   7.6630188e+01   8.2154038e+01   1.7847703e+02   1.7560494e+02   1.5136887e+02   1.7600585e+02
   7.6958876e+01   8.2266397e+01   1.7878128e+02   1.7536052e+02   1.5083480e+02   1.7517666e+02
   7.6569631e+01   8.1977838e+01   1.7822860e+02   1.7516170e+02   1.5096066e+02   1.7652643e+02
   7.6637849e+01   8.1715545e+01   1.7884877e+02   1.7559436e+02   1.5208498e+02   1.7725895e+02
   7.6621798e+01   8.1770265e+01   1.7846499e+02   1.7558195e+02   1.5198831e+02   1.7686460e+02
   7.6675789e+01   8.1308789e+01   1.7747747e+02   1.7415192e+02   1.5112227e+02   1.7632177e+02
   7.6116910e+01   8.1505418e+01   1.7729799e+02   1.7395530e+02   1.5004792e+02   1.7475421e+02
   7.6768084e+01   8.2104060e+01   1.7797287e+02   1.7472904e+02   1.5096759e+02   1.7524706e+02
   7.6720660e+01   8.2008846e+01   1.7892501e+02   1.7604781e+02   1.5134370e+02   1.7620978e+02
   7.6984412e+01   8.1966529e+01   1.7932885e+02   1.7619117e+02   1.5273761e+02   1.7791961e+02
   7.7446253e+01   8.2431653e+01   1.7951490e+02   1.7575414e+02   1.5270952e+02   1.7819723e+02
   7.7257650e+01   8.2132515e+01   1.7897827e+02   1.7621160e+02   1.5203537e+02   1.7769708e+02
   7.7033661e+01   8.1510160e+01   1.7850913e+02   1.7525290e+02   1.5115875e+02   1.7687409e+02
   7.6313539e+01   8.1944641e+01   1.7757706e+02   1.7468563e+02   1.5146226e+02   1.7620358e+02
   7.6213218e+01   8.1749471e+01   1.7777807e+02   1.7503219e+02   1.5132181e+02   1.7605255e+02
   7.6126760e+01   8.1324476e+01   1.7656218e+02   1.7395420e+02   1.4998773e+02   1.7571401e+02
   7.6103413e+01   8.0956024e+01   1.7675881e+02   1.7320234e+02   1.4890973e+02   1.7362843e+02
   7.6325213e+01   8.1505418e+01   1.7666031e+02   1.7432703e+02   1.5008185e+02   1.7352191e+02
   7.6468216e+01   8.1696210e+01   1.7700104e+02   1.7450031e+02   1.5064474e+02   1.7450141e+02
   7.6426628e+01   8.1369711e+01   1.7733885e+02   1.7456415e+02   1.5045869e+02   1.7492859e+02
   7.6565618e+01   8.1578743e+01   1.7746762e+02   1.7435585e+02   1.5049663e+02   1.7510479e+02
   7.6596991e+01   8.1682347e+01   1.7803161e+02   1.7497638e+02   1.5062176e+02   1.7481076e+02
   7.6858555e+01   8.1492285e+01   1.7806991e+02   1.7473743e+02   1.5053201e+02   1.7469402e+02
   7.6807118e+01   8.2277706e+01   1.7823225e+02   1.7465061e+02   1.5129992e+02   1.7537839e+02
   7.6722119e+01   8.1787776e+01   1.7765659e+02   1.7450104e+02   1.5111096e+02   1.7474619e+02
   7.6715917e+01   8.1940628e+01   1.7762193e+02   1.7463164e+02   1.5128205e+02   1.7572860e+02
   7.6406929e+01   8.1382844e+01   1.7799257e+02   1.7425626e+02   1.5126381e+02   1.7652533e+02
   7.6574009e+01   8.1741446e+01   1.7752708e+02   1.7426647e+02   1.5149181e+02   1.7622145e+02
   7.6756775e+01   8.1742540e+01   1.7785322e+02   1.7476297e+02   1.5213277e+02   1.7571474e+02
   7.6677978e+01   8.2098953e+01   1.7844602e+02   1.7520511e+02   1.5261066e+02   1.7649870e+02
   7.6861838e+01   8.1861466e+01   1.7852300e+02   1.7523977e+02   1.5285216e+02   1.7617768e+02
   7.6734157e+01   8.2474700e+01   1.7834497e+02   1.7470861e+02   1.5204814e+02   1.7603285e+02
   7.7116471e+01   8.2424357e+01   1.7777697e+02   1.7503840e+02   1.5132254e+02   1.7594274e+02
   7.7018704e+01   8.2159875e+01   1.7723670e+02   1.7511318e+02   1.5107192e+02   1.7556079e+02
   7.6802375e+01   8.2185776e+01   1.7792289e+02   1.7513543e+02   1.5104894e+02   1.7435439e+02
   7.6627270e+01   8.2169360e+01   1.7644252e+02   1.7487423e+02   1.5022266e+02   1.7464477e+02
   7.6506155e+01   8.1742905e+01   1.7680660e+02   1.7445617e+02   1.5041455e+02   1.7503584e+02
   7.6353668e+01   8.1915821e+01   1.7678909e+02   1.7427997e+02   1.5071004e+02   1.7566659e+02
   7.6404740e+01   8.2204746e+01   1.7653883e+02   1.7359669e+02   1.5088770e+02   1.7532769e+02
   7.6455448e+01   8.2132150e+01   1.7667490e+02   1.7431098e+02   1.5065605e+02   1.7558487e+02
   7.6549202e+01   8.2293028e+01   1.7770073e+02   1.7453460e+02   1.5123171e+02   1.7644216e+02
   7.6704608e+01   8.2195990e+01   1.7814433e+02   1.7496434e+02   1.5170850e+02   1.7700140e+02
   7.6337981e+01   8.2268951e+01   1.7799549e+02   1.7416907e+02   1.5109016e+02   1.7728814e+02
   7.6238390e+01   8.2160240e+01   1.7730346e+02   1.7425991e+02   1.5154252e+02   1.7676209e+02
   7.6272316e+01   8.2338628e+01   1.7780215e+02   1.7428982e+02   1.5173550e+02   1.7691750e+02
   7.6758599e+01   8.3029566e+01   1.7723597e+02   1.7519380e+02   1.5216743e+02   1.7595624e+02
   7.7241963e+01   8.3423918e+01   1.7901293e+02   1.7583659e+02   1.5174462e+02   1.7585264e+02
   7.6935529e+01   8.3050359e+01   1.7828004e+02   1.7567425e+02   1.5129336e+02   1.7537474e+02
   7.6859285e+01   8.3090852e+01   1.7843727e+02   1.7523758e+02   1.5153887e+02   1.7617585e+02
   7.6883362e+01   8.2844975e+01   1.7726297e+02   1.7588583e+02   1.5175046e+02   1.7592596e+02
   7.7202929e+01   8.2786971e+01   1.7739758e+02   1.7511537e+02   1.5160198e+02   1.7623422e+02
   7.7076343e+01   8.3352416e+01   1.7768577e+02   1.7496835e+02   1.5172200e+02   1.7640021e+02
   7.7198917e+01   8.3512930e+01   1.7791049e+02   1.7561624e+02   1.5157900e+02   1.7621853e+02
   7.7138724e+01   8.2903344e+01   1.7815236e+02   1.7579938e+02   1.5172018e+02   1.7677158e+02
   7.7077802e+01   8.3019351e+01   1.7828332e+02   1.7545828e+02   1.5116458e+02   1.7601643e+02
   7.7186513e+01   8.3333811e+01   1.7873203e+02   1.7527005e+02   1.5149765e+02   1.7622656e+02
   7.7425824e+01   8.3218534e+01   1.7811806e+02   1.7620102e+02   1.5181867e+02   1.7675516e+02
   7.7664770e+01   8.3741661e+01   1.7827457e+02   1.7583184e+02   1.5244431e+02   1.7667417e+02
   7.7887665e+01   8.3479368e+01   1.7853686e+02   1.7683505e+02   1.5231773e+02   1.7677304e+02
   7.7045334e+01   8.3137912e+01   1.7724217e+02   1.7540393e+02   1.5146773e+02   1.7645164e+02
   7.7100055e+01   8.3295142e+01   1.7765987e+02   1.7551446e+02   1.5159651e+02   1.7662967e+02
   7.7115741e+01   8.3307910e+01   1.7738554e+02   1.7480492e+02   1.5229474e+02   1.7696018e+02
   7.6978211e+01   8.3257203e+01   1.7792399e+02   1.7465280e+02   1.5193322e+02   1.7613901e+02
   7.7116836e+01   8.3184242e+01   1.7789626e+02   1.7491582e+02   1.5128059e+02   1.7643085e+02
   7.7166449e+01   8.3294777e+01   1.7794515e+02   1.7486803e+02   1.5174097e+02   1.7546959e+02
   7.7022352e+01   8.3014609e+01   1.7777880e+02   1.7518578e+02   1.5204850e+02   1.7596098e+02
   7.6961065e+01   8.3037226e+01   1.7822678e+02   1.7556773e+02   1.5234910e+02   1.7722685e+02
   7.7495137e+01   8.3255014e+01   1.7859450e+02   1.7488518e+02   1.5210906e+02   1.7749425e+02
   7.7004841e+01   8.3052913e+01   1.7858830e+02   1.7499426e+02   1.5159213e+02   1.7698790e+02
   7.7042416e+01   8.2986519e+01   1.7788094e+02   1.7493625e+02   1.5101574e+02   1.7639291e+02
   7.7620264e+01   8.3287846e+01   1.7817169e+02   1.7555423e+02   1.5104274e+02   1.7623240e+02
   7.7441511e+01   8.3561449e+01   1.7818373e+02   1.7580120e+02   1.5197554e+02   1.7629660e+02
   7.7206942e+01   8.3731812e+01   1.7827858e+02   1.7584279e+02   1.5224914e+02   1.7574210e+02
   7.7565909e+01   8.3145208e+01   1.7816038e+02   1.7576326e+02   1.5206017e+02   1.7607699e+02
   7.7131428e+01   8.3395098e+01   1.7742056e+02   1.7469913e+02   1.5186938e+02   1.7652606e+02
   7.7177393e+01   8.3082097e+01   1.7786562e+02   1.7519818e+02   1.5159505e+02   1.7656802e+02
   7.7168273e+01   8.3138642e+01   1.7845186e+02   1.7578478e+02   1.5190586e+02   1.7660486e+02
   7.7102608e+01   8.3181688e+01   1.7794041e+02   1.7493662e+02   1.5128168e+02   1.7610800e+02
   7.6973468e+01   8.2855554e+01   1.7787438e+02   1.7450359e+02   1.5135209e+02   1.7657932e+02
   7.7717667e+01   8.3635868e+01   1.7769234e+02   1.7395420e+02   1.5061045e+02   1.7668840e+02
   7.7714383e+01   8.3366279e+01   1.7791487e+02   1.7507524e+02   1.5109782e+02   1.7628493e+02
   7.7048982e+01   8.3392545e+01   1.7746981e+02   1.7455321e+02   1.5079941e+02   1.7535249e+02
   7.7073424e+01   8.2690299e+01   1.7652971e+02   1.7469183e+02   1.5104785e+02   1.7586249e+02
   7.6698042e+01   8.3196645e+01   1.7716812e+02   1.7502928e+02   1.5133349e+02   1.7645930e+02
   7.7394451e+01   8.3141925e+01   1.7793311e+02   1.7551738e+02   1.5161511e+02   1.7698316e+02
   7.6986601e+01   8.2922678e+01   1.7792946e+02   1.7585081e+02   1.5129810e+02   1.7731732e+02
   7.7554600e+01   8.3043063e+01   1.7823225e+02   1.7570124e+02   1.5203464e+02   1.7776603e+02
   7.7644341e+01   8.2786607e+01   1.7866709e+02   1.7585446e+02   1.5229255e+02   1.7775691e+02
   7.7313465e+01   8.3229842e+01   1.7857699e+02   1.7491947e+02   1.5114853e+02   1.7843034e+02
   7.7545480e+01   8.3049995e+01   1.7800461e+02   1.7522518e+02   1.5211271e+02   1.7712981e+02
   7.7302885e+01   8.3584066e+01   1.7811697e+02   1.7496142e+02   1.5179825e+02   1.7746871e+02
   7.7521038e+01   8.3304992e+01   1.7822057e+02   1.7493041e+02   1.5191754e+02   1.7846207e+02
   7.6786324e+01   8.3094501e+01   1.7756356e+02   1.7466484e+02   1.5181247e+02   1.7711194e+02
   7.7099325e+01   8.3113105e+01   1.7787766e+02   1.7532805e+02   1.5194782e+02   1.7749535e+02
   7.6721389e+01   8.2978858e+01   1.7755554e+02   1.7456816e+02   1.5135173e+02   1.7673765e+02
   7.7263851e+01   8.3133534e+01   1.7826034e+02   1.7508144e+02   1.5199415e+02   1.7728668e+02
   7.7498055e+01   8.3758442e+01   1.7885643e+02   1.7579171e+02   1.5241987e+02   1.7758399e+02
   7.8017170e+01   8.3489218e+01   1.7982936e+02   1.7692406e+02   1.5212146e+02   1.7802942e+02
   7.7455738e+01   8.2846434e+01   1.7832090e+02   1.7555934e+02   1.5129044e+02   1.7838036e+02
   7.7015785e+01   8.2979588e+01   1.7832199e+02   1.7502928e+02   1.5050028e+02   1.7863390e+02
   7.7576488e+01   8.2831842e+01   1.7830484e+02   1.7616163e+02   1.5182123e+02   1.7798564e+02
   7.7888759e+01   8.3879557e+01   1.7762157e+02   1.7551556e+02   1.5131452e+02   1.7619519e+02
   7.7796464e+01   8.3603036e+01   1.7777041e+02   1.7552650e+02   1.5161511e+02   1.7602264e+02
   7.6977481e+01   8.2958429e+01   1.7624407e+02   1.7386300e+02   1.4997387e+02   1.7497674e+02
   7.6783406e+01   8.2762165e+01   1.7486657e+02   1.7343655e+02   1.4911074e+02   1.7388817e+02
   7.6408023e+01   8.2770920e+01   1.7499024e+02   1.7368096e+02   1.4956638e+02   1.7426100e+02
   7.7034026e+01   8.3030295e+01   1.7549404e+02   1.7374152e+02   1.4928475e+02   1.7524925e+02
   7.6515275e+01   8.2955146e+01   1.7582272e+02   1.7401512e+02   1.4993921e+02   1.7506539e+02
   7.6952674e+01   8.3373575e+01   1.7652132e+02   1.7441677e+02   1.4970063e+02   1.7615652e+02
   7.7197822e+01   8.3233491e+01   1.7636664e+02   1.7432010e+02   1.5079066e+02   1.7750957e+02
   7.6679072e+01   8.3083556e+01   1.7697258e+02   1.7425298e+02   1.5082605e+02   1.7820963e+02
   7.7129969e+01   8.2832937e+01   1.7755809e+02   1.7515988e+02   1.5091104e+02   1.7747820e+02
   7.6664845e+01   8.3103621e+01   1.7758472e+02   1.7524816e+02   1.5078154e+02   1.7738773e+02
   7.7102608e+01   8.3331623e+01   1.7781090e+02   1.7500775e+02   1.5068122e+02   1.7723670e+02
   7.6536069e+01   8.2791714e+01   1.7673035e+02   1.7487971e+02   1.5069289e+02   1.7615469e+02
   7.7267135e+01   8.3330528e+01   1.7705612e+02   1.7517045e+02   1.5082167e+02   1.7698170e+02
   7.7557153e+01   8.3646083e+01   1.7749826e+02   1.7571109e+02   1.5123864e+02   1.7618461e+02
   7.7186148e+01   8.3476085e+01   1.7735015e+02   1.7403592e+02   1.5005339e+02   1.7566330e+02
   7.7103338e+01   8.3051089e+01   1.7679675e+02   1.7476188e+02   1.5028030e+02   1.7579171e+02
   7.6459825e+01   8.3055102e+01   1.7596208e+02   1.7483958e+02   1.5090813e+02   1.7659282e+02
   7.6596262e+01   8.3300614e+01   1.7641407e+02   1.7432046e+02   1.5101027e+02   1.7653628e+02
   7.6565618e+01   8.2932163e+01   1.7663076e+02   1.7393523e+02   1.5039850e+02   1.7659428e+02
   7.6632377e+01   8.3009866e+01   1.7692443e+02   1.7407349e+02   1.5062066e+02   1.7675480e+02
   7.7131428e+01   8.3228383e+01   1.7744172e+02   1.7463529e+02   1.5090265e+02   1.7671357e+02
   7.7470695e+01   8.3633315e+01   1.7783571e+02   1.7517593e+02   1.5110548e+02   1.7669679e+02
   7.7411597e+01   8.3288941e+01   1.7740998e+02   1.7509968e+02   1.5055171e+02   1.7673364e+02
   7.7054454e+01   8.3468789e+01   1.7671795e+02   1.7429675e+02   1.5049809e+02   1.7499207e+02
   7.7011408e+01   8.3556706e+01   1.7688904e+02   1.7479580e+02   1.4997970e+02   1.7545901e+02
   7.6604652e+01   8.3009501e+01   1.7674640e+02   1.7450359e+02   1.5006580e+02   1.7533206e+02
   7.6400727e+01   8.2884739e+01   1.7612186e+02   1.7410523e+02   1.5061738e+02   1.7562719e+02
   7.6448516e+01   8.2867958e+01   1.7676063e+02   1.7513835e+02   1.5066115e+02   1.7655780e+02
   7.6850530e+01   8.2878172e+01   1.7696127e+02   1.7473379e+02   1.5061008e+02   1.7746653e+02
   7.6514546e+01   8.2965725e+01   1.7613317e+02   1.7441531e+02   1.4998627e+02   1.7643997e+02
   7.6705338e+01   8.3131346e+01   1.7658626e+02   1.7443866e+02   1.5011906e+02   1.7674640e+02
   7.7171191e+01   8.3211967e+01   1.7725494e+02   1.7508400e+02   1.5123207e+02   1.7735927e+02
   7.6780852e+01   8.2975210e+01   1.7752234e+02   1.7490050e+02   1.5069618e+02   1.7723086e+02
   7.6642592e+01   8.2847529e+01   1.7765331e+02   1.7362770e+02   1.4999356e+02   1.7701125e+02
   7.6444504e+01   8.2797916e+01   1.7652935e+02   1.7406401e+02   1.5066699e+02   1.7738992e+02
   7.6327037e+01   8.2888752e+01   1.7592633e+02   1.7378676e+02   1.4967582e+02   1.7637248e+02
   7.6297853e+01   8.2804117e+01   1.7604088e+02   1.7402643e+02   1.4987500e+02   1.7521897e+02
   7.6571090e+01   8.2456460e+01   1.7534337e+02   1.7353906e+02   1.4874265e+02   1.7474181e+02
   7.6349655e+01   8.2735169e+01   1.7544223e+02   1.7389073e+02   1.4957951e+02   1.7541268e+02
   7.6207017e+01   8.2776027e+01   1.7504204e+02   1.7319067e+02   1.4904398e+02   1.7503511e+02
   7.5896934e+01   8.2340452e+01   1.7557940e+02   1.7409137e+02   1.4990236e+02   1.7591648e+02
   7.5937427e+01   8.2694676e+01   1.7535432e+02   1.7370358e+02   1.4984290e+02   1.7603248e+02
   7.6076052e+01   8.2987613e+01   1.7552103e+02   1.7474801e+02   1.5067939e+02   1.7642720e+02
   7.6769178e+01   8.3282009e+01   1.7748841e+02   1.7602993e+02   1.5115254e+02   1.7750374e+02
   7.7026000e+01   8.3411514e+01   1.7787292e+02   1.7501687e+02   1.5104274e+02   1.7703788e+02
   7.6830465e+01   8.3013514e+01   1.7720898e+02   1.7496580e+02   1.5081729e+02   1.7756065e+02
   7.6490834e+01   8.2607488e+01   1.7652971e+02   1.7379405e+02   1.5026461e+02   1.7775691e+02
   7.6279248e+01   8.2885103e+01   1.7702840e+02   1.7450068e+02   1.5069435e+02   1.7798345e+02
   7.6549202e+01   8.3018986e+01   1.7667271e+02   1.7472868e+02   1.5060352e+02   1.7759311e+02
   7.6703514e+01   8.3204306e+01   1.7699739e+02   1.7509895e+02   1.5031496e+02   1.7720898e+02
   7.6495576e+01   8.2859932e+01   1.7601826e+02   1.7451782e+02   1.5027921e+02   1.7553745e+02
   7.6117640e+01   8.2749032e+01   1.7555496e+02   1.7364412e+02   1.4894001e+02   1.7502745e+02
   7.5768888e+01   8.2642874e+01   1.7533571e+02   1.7438248e+02   1.4971960e+02   1.7467834e+02
   7.5805733e+01   8.2717659e+01   1.7522663e+02   1.7456233e+02   1.4975206e+02   1.7495960e+02
   7.5825797e+01   8.2137257e+01   1.7468964e+02   1.7404978e+02   1.5022996e+02   1.7464879e+02
   7.6058907e+01   8.2641050e+01   1.7494355e+02   1.7342013e+02   1.4959082e+02   1.7454920e+02
   7.5995066e+01   8.2301418e+01   1.7547835e+02   1.7389948e+02   1.5012891e+02   1.7505591e+02
   7.5656164e+01   8.2568090e+01   1.7562536e+02   1.7432557e+02   1.4975644e+02   1.7531747e+02
   7.6053435e+01   8.2624634e+01   1.7612806e+02   1.7471591e+02   1.4984764e+02   1.7542910e+02
   7.6274870e+01   8.2803388e+01   1.7613609e+02   1.7428909e+02   1.5004135e+02   1.7610107e+02
   7.5988135e+01   8.2986884e+01   1.7598615e+02   1.7454372e+02   1.5005412e+02   1.7621635e+02
   7.6194978e+01   8.2932893e+01   1.7625356e+02   1.7459005e+02   1.5034560e+02   1.7635935e+02
   7.6057812e+01   8.2111721e+01   1.7642574e+02   1.7307977e+02   1.4991914e+02   1.7673947e+02
   7.5841484e+01   8.2365259e+01   1.7607845e+02   1.7341721e+02   1.5064218e+02   1.7706378e+02
   7.5865561e+01   8.2459743e+01   1.7576837e+02   1.7434673e+02   1.5016210e+02   1.7670007e+02
   7.6174549e+01   8.2577210e+01   1.7608502e+02   1.7464514e+02   1.5051596e+02   1.7765002e+02
   7.6067662e+01   8.2609677e+01   1.7626377e+02   1.7491947e+02   1.5107812e+02   1.7755882e+02
   7.6358045e+01   8.2815061e+01   1.7691969e+02   1.7515404e+02   1.5050684e+02   1.7759238e+02
   7.5995066e+01   8.2733710e+01   1.7554949e+02   1.7461158e+02   1.5092819e+02   1.7687883e+02
   7.6127490e+01   8.2967914e+01   1.7624589e+02   1.7445289e+02   1.5054186e+02   1.7754204e+02
   7.6803835e+01   8.2969738e+01   1.7707363e+02   1.7533644e+02   1.5134625e+02   1.7728996e+02
   7.6370449e+01   8.3136818e+01   1.7679419e+02   1.7475458e+02   1.5096248e+02   1.7644945e+02
   7.6345642e+01   8.2685556e+01   1.7683870e+02   1.7485636e+02   1.5150677e+02   1.7681207e+02
   7.5683524e+01   8.2573562e+01   1.7572970e+02   1.7380573e+02   1.5096212e+02   1.7698207e+02
   7.5920281e+01   8.2401374e+01   1.7569358e+02   1.7417710e+02   1.5041856e+02   1.7648411e+02
   7.5806828e+01   8.2314916e+01   1.7540721e+02   1.7426757e+02   1.5079613e+02   1.7602920e+02
   7.6093563e+01   8.2341547e+01   1.7578077e+02   1.7439197e+02   1.5003260e+02   1.7705539e+02
   7.5934874e+01   8.2462661e+01   1.7564178e+02   1.7389875e+02   1.4941389e+02   1.7605729e+02
   7.5841119e+01   8.2398456e+01   1.7493333e+02   1.7365652e+02   1.4913445e+02   1.7509421e+02
   7.5787858e+01   8.2337534e+01   1.7531857e+02   1.7350221e+02   1.4874594e+02   1.7477027e+02
   7.5814853e+01   8.2053352e+01   1.7519964e+02   1.7351644e+02   1.4910892e+02   1.7463201e+02
   7.5524470e+01   8.2232835e+01   1.7448572e+02   1.7305679e+02   1.4843914e+02   1.7377472e+02
   7.5698846e+01   8.2082172e+01   1.7452038e+02   1.7337891e+02   1.4934750e+02   1.7495559e+02
   7.5160761e+01   8.2218243e+01   1.7506174e+02   1.7374152e+02   1.4912679e+02   1.7559618e+02
   7.5794424e+01   8.2368177e+01   1.7507634e+02   1.7406583e+02   1.4981955e+02   1.7633345e+02
   7.6044315e+01   8.2339358e+01   1.7623969e+02   1.7412201e+02   1.5038536e+02   1.7619008e+02
   7.6129678e+01   8.2250711e+01   1.7584461e+02   1.7426538e+02   1.5019603e+02   1.7527953e+02
   7.6183669e+01   8.2508627e+01   1.7564506e+02   1.7360144e+02   1.4993447e+02   1.7441276e+02
   7.5815218e+01   8.2279530e+01   1.7492786e+02   1.7397755e+02   1.4948175e+02   1.7486657e+02
   7.6136610e+01   8.2251805e+01   1.7548893e+02   1.7402205e+02   1.4952625e+02   1.7484651e+02
   7.5881977e+01   8.1974920e+01   1.7515221e+02   1.7399032e+02   1.4945986e+02   1.7460428e+02
   7.5919917e+01   8.2438949e+01   1.7562682e+02   1.7418293e+02   1.4992352e+02   1.7480164e+02
   7.6172360e+01   8.2467769e+01   1.7630901e+02   1.7497638e+02   1.5042549e+02   1.7611748e+02
   7.6468216e+01   8.2504249e+01   1.7638124e+02   1.7420446e+02   1.5036639e+02   1.7619738e+02
   7.6341264e+01   8.2443327e+01   1.7599163e+02   1.7452913e+02   1.5096066e+02   1.7691823e+02
   7.6878619e+01   8.2642145e+01   1.7702147e+02   1.7505518e+02   1.5139623e+02   1.7732863e+02
   7.6788148e+01   8.2645793e+01   1.7813959e+02   1.7529668e+02   1.5168479e+02   1.7813813e+02
   7.6408388e+01   8.2361611e+01   1.7751176e+02   1.7513835e+02   1.5127147e+02   1.7819066e+02
   7.6990614e+01   8.2647252e+01   1.7707071e+02   1.7459188e+02   1.5101647e+02   1.7764856e+02
   7.6746925e+01   8.2416696e+01   1.7643267e+02   1.7444523e+02   1.5096066e+02   1.7659282e+02
   7.6369719e+01   8.2777122e+01   1.7621379e+02   1.7446857e+02   1.5101355e+02   1.7751468e+02
   7.6710445e+01   8.2354680e+01   1.7683943e+02   1.7504752e+02   1.5091871e+02   1.7741837e+02
   7.6125666e+01   8.2297770e+01   1.7677231e+02   1.7396879e+02   1.5072281e+02   1.7618242e+02
   7.6368260e+01   8.2500236e+01   1.7691312e+02   1.7464623e+02   1.5057980e+02   1.7680331e+02
   7.7016515e+01   8.2576115e+01   1.7700031e+02   1.7530872e+02   1.5087748e+02   1.7622255e+02
   7.6710810e+01   8.2183952e+01   1.7638634e+02   1.7454810e+02   1.4925520e+02   1.7468891e+02
   7.6385041e+01   8.2402104e+01   1.7555569e+02   1.7360946e+02   1.4985749e+02   1.7486767e+02
   7.6093928e+01   8.2283908e+01   1.7542035e+02   1.7334133e+02   1.4931321e+02   1.7401658e+02
   7.5949466e+01   8.2297406e+01   1.7580229e+02   1.7331981e+02   1.4981992e+02   1.7494428e+02
   7.6405105e+01   8.2380216e+01   1.7621197e+02   1.7460465e+02   1.5064437e+02   1.7658917e+02
   7.6657184e+01   8.2384229e+01   1.7641553e+02   1.7480930e+02   1.5103617e+02   1.7727792e+02
   7.6398174e+01   8.2065391e+01   1.7689853e+02   1.7478340e+02   1.5084647e+02   1.7726370e+02
   7.6600275e+01   8.2273693e+01   1.7733483e+02   1.7409757e+02   1.5055463e+02   1.7706123e+02
   7.6772097e+01   8.2744654e+01   1.7597485e+02   1.7418293e+02   1.5091141e+02   1.7644800e+02
   7.6845422e+01   8.2867958e+01   1.7681864e+02   1.7388781e+02   1.5075746e+02   1.7672050e+02
   7.6765166e+01   8.2359057e+01   1.7710099e+02   1.7452402e+02   1.5108579e+02   1.7732097e+02
   7.6338711e+01   8.2760341e+01   1.7703423e+02   1.7399214e+02   1.5028285e+02   1.7665119e+02
   7.6565983e+01   8.2549849e+01   1.7615579e+02   1.7452402e+02   1.5038317e+02   1.7616235e+02
   7.6685274e+01   8.2667316e+01   1.7636446e+02   1.7446894e+02   1.5103873e+02   1.7631958e+02
   7.6586412e+01   8.2303242e+01   1.7639437e+02   1.7443319e+02   1.5052581e+02   1.7684454e+02
   7.6822804e+01   8.2554227e+01   1.7680477e+02   1.7471482e+02   1.5122879e+02   1.7606057e+02
   7.6905980e+01   8.3071883e+01   1.7669570e+02   1.7453168e+02   1.5052764e+02   1.7573626e+02
   7.6653171e+01   8.2693582e+01   1.7656510e+02   1.7525801e+02   1.5161913e+02   1.7713638e+02
   7.7373657e+01   8.3476814e+01   1.7794588e+02   1.7587234e+02   1.5236442e+02   1.7833695e+02
   7.7315289e+01   8.3093041e+01   1.7769015e+02   1.7573554e+02   1.5241294e+02   1.7697441e+02
   7.6890293e+01   8.2926691e+01   1.7668585e+02   1.7394070e+02   1.5101137e+02   1.7680623e+02
   7.6696583e+01   8.2437490e+01   1.7715425e+02   1.7467724e+02   1.5106827e+02   1.7712325e+02
   7.6403646e+01   8.2240131e+01   1.7634403e+02   1.7351133e+02   1.4966634e+02   1.7579317e+02
   7.6723943e+01   8.2159875e+01   1.7609742e+02   1.7365725e+02   1.4968640e+02   1.7557210e+02
   7.6671776e+01   8.2519206e+01   1.7616637e+02   1.7447186e+02   1.5071916e+02   1.7673327e+02
   7.6348196e+01   8.1877152e+01   1.7645018e+02   1.7418804e+02   1.4996511e+02   1.7627946e+02
   7.6857826e+01   8.2169360e+01   1.7704262e+02   1.7499681e+02   1.5099203e+02   1.7692078e+02
   7.6667034e+01   8.2469593e+01   1.7731148e+02   1.7516754e+02   1.5069399e+02   1.7693063e+02
   7.6718106e+01   8.1936250e+01   1.7636737e+02   1.7424933e+02   1.5123280e+02   1.7572021e+02
   7.6380663e+01   8.2289745e+01   1.7679419e+02   1.7431207e+02   1.5073740e+02   1.7673218e+02
   7.6877890e+01   8.2465580e+01   1.7701381e+02   1.7509275e+02   1.5201457e+02   1.7671941e+02
   7.7059927e+01   8.2636308e+01   1.7778609e+02   1.7512267e+02   1.5238521e+02   1.7779230e+02
   7.7361254e+01   8.2665127e+01   1.7813156e+02   1.7518541e+02   1.5194745e+02   1.7759238e+02
   7.7517025e+01   8.2815791e+01   1.7746616e+02   1.7495777e+02   1.5178986e+02   1.7656400e+02
   7.6767354e+01   8.2686651e+01   1.7620248e+02   1.7416798e+02   1.5000852e+02   1.7568993e+02
   7.6644416e+01   8.2205110e+01   1.7596609e+02   1.7467213e+02   1.5064401e+02   1.7598725e+02
   7.7018339e+01   8.2625728e+01   1.7652898e+02   1.7422926e+02   1.4978088e+02   1.7607188e+02
   7.6309162e+01   8.2019426e+01   1.7680331e+02   1.7407276e+02   1.5087310e+02   1.7528719e+02
   7.6424804e+01   8.2812143e+01   1.7691896e+02   1.7380354e+02   1.5090083e+02   1.7563084e+02
   7.6719930e+01   8.2355774e+01   1.7710574e+02   1.7414828e+02   1.5055901e+02   1.7584279e+02
   7.5909702e+01   8.2178845e+01   1.7622182e+02   1.7333513e+02   1.4974039e+02   1.7528427e+02
   7.6416779e+01   8.2139446e+01   1.7649907e+02   1.7320125e+02   1.4993374e+02   1.7577968e+02
   7.6404375e+01   8.2592167e+01   1.7734833e+02   1.7382834e+02   1.5039740e+02   1.7654211e+02
   7.6666304e+01   8.2608947e+01   1.7688467e+02   1.7380719e+02   1.5038828e+02   1.7691567e+02
   7.6410942e+01   8.2246333e+01   1.7620650e+02   1.7392465e+02   1.5052654e+02   1.7537949e+02
   7.5928307e+01   8.2304337e+01   1.7613499e+02   1.7368461e+02   1.5026024e+02   1.7528318e+02
   7.6753127e+01   8.2619527e+01   1.7693866e+02   1.7436023e+02   1.5075053e+02   1.7630864e+02
   7.6095387e+01   8.2428005e+01   1.7621489e+02   1.7418366e+02   1.5066334e+02   1.7588802e+02
   7.6092469e+01   8.1997173e+01   1.7624407e+02   1.7390751e+02   1.5015991e+02   1.7582163e+02
   7.6081889e+01   8.1799449e+01   1.7652059e+02   1.7459917e+02   1.5085924e+02   1.7625465e+02
   7.6535704e+01   8.2712916e+01   1.7760442e+02   1.7522372e+02   1.5115473e+02   1.7751541e+02
   7.6282166e+01   8.2608947e+01   1.7694960e+02   1.7516243e+02   1.5162606e+02   1.7668256e+02
   7.6611583e+01   8.2435301e+01   1.7762485e+02   1.7507743e+02   1.5129992e+02   1.7773028e+02
   7.6131502e+01   8.2440408e+01   1.7772189e+02   1.7530361e+02   1.5182852e+02   1.7784045e+02
   7.6228540e+01   8.2820533e+01   1.7749097e+02   1.7445179e+02   1.5145533e+02   1.7658954e+02
   7.6088091e+01   8.2707809e+01   1.7674859e+02   1.7391298e+02   1.5076877e+02   1.7532185e+02
   7.5872127e+01   8.2761800e+01   1.7641808e+02   1.7382798e+02   1.5064218e+02   1.7509531e+02
   7.6198991e+01   8.2806671e+01   1.7681572e+02   1.7392319e+02   1.5087274e+02   1.7504898e+02
   7.6580210e+01   8.2773109e+01   1.7691057e+02   1.7441458e+02   1.5149546e+02   1.7659902e+02
   7.6761518e+01   8.2697959e+01   1.7794405e+02   1.7508363e+02   1.5225024e+02   1.7756831e+02
   7.6634566e+01   8.3112376e+01   1.7797579e+02   1.7507269e+02   1.5196241e+02   1.7751030e+02
   7.6967267e+01   8.3136088e+01   1.7768979e+02   1.7505737e+02   1.5172857e+02   1.7696602e+02
   7.6641497e+01   8.2983236e+01   1.7767957e+02   1.7497711e+02   1.5182743e+02   1.7684344e+02
   7.6354762e+01   8.2456825e+01   1.7785322e+02   1.7489831e+02   1.5174863e+02   1.7761719e+02
   7.6262832e+01   8.2315646e+01   1.7732389e+02   1.7500046e+02   1.5218676e+02   1.7760004e+02
   7.6259548e+01   8.2934717e+01   1.7686934e+02   1.7476115e+02   1.5208170e+02   1.7679930e+02
   7.6411671e+01   8.2565171e+01   1.7704810e+02   1.7539371e+02   1.5204777e+02   1.7704007e+02
   7.6323754e+01   8.2964995e+01   1.7740560e+02   1.7437847e+02   1.5117261e+02   1.7597156e+02
   7.6318646e+01   8.2622080e+01   1.7740378e+02   1.7422926e+02   1.5038682e+02   1.7416871e+02
   7.6015495e+01   8.2568090e+01   1.7608538e+02   1.7342341e+02   1.4994505e+02   1.7490415e+02
   7.6163605e+01   8.2737358e+01   1.7654613e+02   1.7389073e+02   1.5045212e+02   1.7611128e+02
   7.5520822e+01   8.2532704e+01   1.7569869e+02   1.7330084e+02   1.5076330e+02   1.7550133e+02
   7.5868115e+01   8.2217149e+01   1.7600877e+02   1.7439452e+02   1.5134261e+02   1.7549185e+02
   7.5933050e+01   8.2508627e+01   1.7582345e+02   1.7416944e+02   1.5123900e+02   1.7592377e+02
   7.6127854e+01   8.2837679e+01   1.7678070e+02   1.7452183e+02   1.5181393e+02   1.7508837e+02
   7.6065473e+01   8.2960253e+01   1.7676574e+02   1.7436169e+02   1.5139952e+02   1.7524123e+02
   7.6551391e+01   8.2929609e+01   1.7739430e+02   1.7426611e+02   1.5087529e+02   1.7607517e+02
   7.6280342e+01   8.2659655e+01   1.7769891e+02   1.7452840e+02   1.5159432e+02   1.7685621e+02
   7.5798802e+01   8.2599827e+01   1.7726151e+02   1.7374480e+02   1.5086690e+02   1.7624188e+02
   7.5945453e+01   8.2610772e+01   1.7624444e+02   1.7408845e+02   1.5061409e+02   1.7613354e+02
   7.6158498e+01   8.3004029e+01   1.7648448e+02   1.7312683e+02   1.4994140e+02   1.7496033e+02
   7.6016954e+01   8.2707080e+01   1.7730820e+02   1.7418512e+02   1.5081838e+02   1.7603723e+02
   7.6403281e+01   8.3103985e+01   1.7719365e+02   1.7376706e+02   1.5085778e+02   1.7714696e+02
   7.5988135e+01   8.2797186e+01   1.7704007e+02   1.7399579e+02   1.5062394e+02   1.7782111e+02
   7.6007105e+01   8.2445880e+01   1.7729215e+02   1.7385169e+02   1.5098765e+02   1.7804656e+02
   7.6044315e+01   8.2546566e+01   1.7689889e+02   1.7436679e+02   1.5142979e+02   1.7845733e+02
   7.5690820e+01   8.2472511e+01   1.7742129e+02   1.7428544e+02   1.5120581e+02   1.7772882e+02
   7.6147189e+01   8.2534892e+01   1.7739940e+02   1.7460647e+02   1.5178730e+02   1.7775691e+02
   7.6345277e+01   8.2815791e+01   1.7755481e+02   1.7478668e+02   1.5200363e+02   1.7857224e+02
   7.6471499e+01   8.2761070e+01   1.7774998e+02   1.7516206e+02   1.5196423e+02   1.7726734e+02
   7.6561605e+01   8.2615149e+01   1.7798491e+02   1.7525399e+02   1.5161621e+02   1.7614995e+02
   7.6751668e+01   8.2696135e+01   1.7794916e+02   1.7460246e+02   1.5190732e+02   1.7679237e+02
   7.6051975e+01   8.2492575e+01   1.7685730e+02   1.7436315e+02   1.5145971e+02   1.7575961e+02
   7.5874681e+01   8.2385323e+01   1.7742530e+02   1.7459115e+02   1.5131561e+02   1.7586613e+02
   7.5771077e+01   8.2631565e+01   1.7740706e+02   1.7459954e+02   1.5136595e+02   1.7717943e+02
   7.6049787e+01   8.2573926e+01   1.7779157e+02   1.7522992e+02   1.5208243e+02   1.7776895e+02
   7.5882707e+01   8.2484914e+01   1.7774487e+02   1.7508655e+02   1.5230313e+02   1.7788277e+02
   7.6922761e+01   8.3134994e+01   1.7831250e+02   1.7555715e+02   1.5174827e+02   1.7758290e+02
   7.6537528e+01   8.2698689e+01   1.7766498e+02   1.7539007e+02   1.5122660e+02   1.7638853e+02
   7.6288733e+01   8.2934352e+01   1.7749790e+02   1.7411690e+02   1.5049444e+02   1.7606714e+02
   7.6458001e+01   8.3031754e+01   1.7764273e+02   1.7457838e+02   1.5136377e+02   1.7665520e+02
   7.6003457e+01   8.2652724e+01   1.7741071e+02   1.7398703e+02   1.5133203e+02   1.7590699e+02
   7.6685638e+01   8.2884009e+01   1.7798236e+02   1.7501614e+02   1.5177782e+02   1.7621744e+02
   7.6189141e+01   8.2644333e+01   1.7837890e+02   1.7505445e+02   1.5159469e+02   1.7654613e+02
   7.6058907e+01   8.2670234e+01   1.7808633e+02   1.7360253e+02   1.5136449e+02   1.7718052e+02
   7.6051975e+01   8.2776392e+01   1.7748002e+02   1.7454263e+02   1.5176943e+02   1.7752417e+02
   7.5601079e+01   8.2890576e+01   1.7724400e+02   1.7385899e+02   1.5095592e+02   1.7560749e+02
   7.5783845e+01   8.2087644e+01   1.7729470e+02   1.7419388e+02   1.5110111e+02   1.7679821e+02
   7.5433999e+01   8.2314916e+01   1.7653555e+02   1.7351899e+02   1.5074068e+02   1.7601060e+02
   7.5571165e+01   8.2378392e+01   1.7744063e+02   1.7371453e+02   1.5098838e+02   1.7620905e+02
   7.5605821e+01   8.2664762e+01   1.7742348e+02   1.7376341e+02   1.5135902e+02   1.7647025e+02
   7.5812300e+01   8.3285657e+01   1.7784811e+02   1.7413806e+02   1.5170522e+02   1.7600111e+02
   7.6477701e+01   8.2816520e+01   1.7777260e+02   1.7489539e+02   1.5163956e+02   1.7573335e+02
   7.5878694e+01   8.2787336e+01   1.7681754e+02   1.7371307e+02   1.5153851e+02   1.7608976e+02
   7.5837836e+01   8.3228018e+01   1.7697696e+02   1.7418403e+02   1.5204522e+02   1.7617585e+02
   7.6035194e+01   8.2986519e+01   1.7696492e+02   1.7454044e+02   1.5186756e+02   1.7711084e+02
   7.6381757e+01   8.3259756e+01   1.7778135e+02   1.7478486e+02   1.5241768e+02   1.7626705e+02
   7.7022717e+01   8.3346215e+01   1.7846244e+02   1.7510990e+02   1.5213350e+02   1.7645456e+02
   7.6237295e+01   8.2884374e+01   1.7696857e+02   1.7338547e+02   1.5162533e+02   1.7640057e+02
   7.5872857e+01   8.2880726e+01   1.7698572e+02   1.7388598e+02   1.5120945e+02   1.7607407e+02
   7.6056353e+01   8.2767272e+01   1.7738919e+02   1.7484067e+02   1.5158447e+02   1.7669205e+02
   7.6021332e+01   8.2765083e+01   1.7763871e+02   1.7399396e+02   1.5159724e+02   1.7654503e+02
   7.5868844e+01   8.2835855e+01   1.7739794e+02   1.7460282e+02   1.5191352e+02   1.7638561e+02
   7.5409557e+01   8.2938730e+01   1.7623422e+02   1.7432812e+02   1.5177052e+02   1.7583622e+02
   7.5840390e+01   8.2821263e+01   1.7686095e+02   1.7381740e+02   1.5147430e+02   1.7535140e+02
