   9.5062847e+01   1.2433446e+02   1.5664952e+02   2.0044753e+02   1.0373337e+02   9.6781919e+01
   9.4953253e+01   1.2451292e+02   1.5700793e+02   2.0120395e+02   1.0409732e+02   9.6995183e+01
   9.5076917e+01   1.2495611e+02   1.5925757e+02   2.0078112e+02   1.0428504e+02   9.7606466e+01
   9.5001756e+01   1.2565625e+02   1.6132282e+02   2.0153495e+02   1.0460345e+02   9.8786824e+01
   9.4171285e+01   1.2510199e+02   1.6176342e+02   2.0104771e+02   1.0400143e+02   9.8337340e+01
   9.4817371e+01   1.2569031e+02   1.6223586e+02   2.0114249e+02   1.0407474e+02   9.9541394e+01
   9.5994027e+01   1.2567106e+02   1.6151202e+02   2.0130947e+02   1.0373374e+02   9.8129630e+01
   9.5466050e+01   1.2568402e+02   1.6193596e+02   2.0124949e+02   1.0390516e+02   9.8033365e+01
   9.5414215e+01   1.2564107e+02   1.6125877e+02   2.0125097e+02   1.0407918e+02   9.8754982e+01
   9.5408291e+01   1.2529155e+02   1.6199001e+02   2.0153607e+02   1.0409251e+02   9.9049701e+01
   9.5435319e+01   1.2548334e+02   1.6217847e+02   2.0153014e+02   1.0465455e+02   9.9238159e+01
   9.4597443e+01   1.2480134e+02   1.6064934e+02   2.0166417e+02   1.0410177e+02   9.8569487e+01
   9.5084692e+01   1.2573326e+02   1.6021800e+02   2.0149793e+02   1.0420951e+02   9.8286246e+01
   9.5030265e+01   1.2547372e+02   1.6108179e+02   2.0107992e+02   1.0378113e+02   9.8085570e+01
   9.4709629e+01   1.2417858e+02   1.6051753e+02   1.9949006e+02   1.0336534e+02   9.7777892e+01
   9.4259775e+01   1.2381907e+02   1.6005212e+02   2.0071596e+02   1.0345605e+02   9.7892670e+01
   9.4242373e+01   1.2406751e+02   1.6087297e+02   2.0100550e+02   1.0333239e+02   9.8554307e+01
   9.3451519e+01   1.2368985e+02   1.6048272e+02   2.0107918e+02   1.0332757e+02   9.8226265e+01
   9.3511129e+01   1.2378204e+02   1.6068266e+02   2.0039273e+02   1.0319687e+02   9.8168136e+01
   9.4242743e+01   1.2428447e+02   1.6077744e+02   2.0068005e+02   1.0280330e+02   9.6855599e+01
   9.3389316e+01   1.2402345e+02   1.6002102e+02   2.0057564e+02   1.0248933e+02   9.6730084e+01
   9.3471512e+01   1.2350547e+02   1.5896951e+02   2.0066857e+02   1.0290327e+02   9.6879665e+01
   9.3936546e+01   1.2374280e+02   1.5952267e+02   2.0068893e+02   1.0221275e+02   9.6412780e+01
   9.4155734e+01   1.2366504e+02   1.6016801e+02   2.0078261e+02   1.0234160e+02   9.7506128e+01
   9.3710694e+01   1.2374354e+02   1.6029205e+02   2.0093996e+02   1.0270370e+02   9.7534638e+01
   9.3620353e+01   1.2355138e+02   1.5977629e+02   2.0042643e+02   1.0245822e+02   9.7511312e+01
   9.4254961e+01   1.2449255e+02   1.5965966e+02   2.0017725e+02   1.0256486e+02   9.7162166e+01
   9.3357105e+01   1.2373465e+02   1.6034684e+02   2.0035719e+02   1.0244638e+02   9.7071825e+01
   9.3719209e+01   1.2370244e+02   1.6072783e+02   1.9997953e+02   1.0225237e+02   9.7113293e+01
   9.3886562e+01   1.2380389e+02   1.6172825e+02   2.0052528e+02   1.0261077e+02   9.7926362e+01
   9.4039476e+01   1.2409972e+02   1.6129616e+02   2.0067634e+02   1.0268149e+02   9.8058912e+01
   9.3945432e+01   1.2383758e+02   1.6147759e+02   2.0083370e+02   1.0323353e+02   9.7796034e+01
   9.3280463e+01   1.2381277e+02   1.6144649e+02   2.0072559e+02   1.0336571e+02   9.7655339e+01
   9.4152772e+01   1.2386572e+02   1.6083187e+02   2.0025759e+02   1.0329203e+02   9.7991526e+01
   9.3865088e+01   1.2361691e+02   1.6132319e+02   2.0037866e+02   1.0342754e+02   9.8341413e+01
   9.4281249e+01   1.2455179e+02   1.6112733e+02   2.0059082e+02   1.0368560e+02   9.7745680e+01
   9.3531493e+01   1.2342957e+02   1.6184561e+02   2.0097254e+02   1.0412398e+02   9.8271806e+01
   9.3682184e+01   1.2382055e+02   1.6179304e+02   2.0074040e+02   1.0342569e+02   9.7686070e+01
   9.4243854e+01   1.2463584e+02   1.6228510e+02   2.0035312e+02   1.0412213e+02   9.9097464e+01
   9.4081314e+01   1.2365542e+02   1.6192781e+02   2.0021168e+02   1.0339459e+02   9.8958620e+01
   9.4168323e+01   1.2410638e+02   1.6085927e+02   2.0035386e+02   1.0354898e+02   9.8256255e+01
   9.3878787e+01   1.2406380e+02   1.6010766e+02   2.0018835e+02   1.0298361e+02   9.7477619e+01
   9.3248621e+01   1.2425411e+02   1.5994697e+02   2.0036607e+02   1.0284958e+02   9.7837502e+01
   9.3901372e+01   1.2371540e+02   1.6034980e+02   2.0037718e+02   1.0275813e+02   9.8231078e+01
   9.3620723e+01   1.2407528e+02   1.6058899e+02   2.0069671e+02   1.0355417e+02   9.8455080e+01
   9.4219788e+01   1.2434149e+02   1.6083076e+02   2.0050603e+02   1.0370227e+02   9.8459893e+01
   9.3783263e+01   1.2430928e+02   1.6200001e+02   2.0074965e+02   1.0375558e+02   9.8094456e+01
   9.3875825e+01   1.2454328e+02   1.6242728e+02   2.0112509e+02   1.0396625e+02   9.8782751e+01
   9.4449343e+01   1.2511939e+02   1.6242987e+02   2.0098772e+02   1.0417582e+02   9.8539497e+01
   9.4435273e+01   1.2455513e+02   1.6265831e+02   2.0047678e+02   1.0371485e+02   9.8101861e+01
   9.4228674e+01   1.2464399e+02   1.6230917e+02   2.0008580e+02   1.0324575e+02   9.7765674e+01
   9.3759196e+01   1.2390941e+02   1.6137873e+02   2.0020502e+02   1.0320280e+02   9.7626830e+01
   9.3891376e+01   1.2388719e+02   1.6035610e+02   2.0059600e+02   1.0288142e+02   9.8063725e+01
   9.3911369e+01   1.2373095e+02   1.5934569e+02   2.0039532e+02   1.0290956e+02   9.7237697e+01
   9.3371544e+01   1.2292010e+02   1.5999473e+02   1.9973702e+02   1.0247378e+02   9.7361361e+01
   9.3718469e+01   1.2393237e+02   1.5941677e+02   1.9963520e+02   1.0204873e+02   9.7033689e+01
   9.3779560e+01   1.2377279e+02   1.5958042e+02   1.9973406e+02   1.0194802e+02   9.6813020e+01
   9.3591473e+01   1.2371133e+02   1.5950711e+02   2.0020131e+02   1.0249636e+02   9.6379457e+01
   9.3704029e+01   1.2426855e+02   1.5947712e+02   2.0049048e+02   1.0303730e+02   9.7910071e+01
   9.4089089e+01   1.2346881e+02   1.5898988e+02   2.0084592e+02   1.0353861e+02   9.6898918e+01
   9.4254961e+01   1.2424301e+02   1.6052123e+02   2.0091775e+02   1.0390442e+02   9.7751234e+01
   9.4249037e+01   1.2375687e+02   1.5919092e+02   2.0087702e+02   1.0312727e+02   9.7261023e+01
   9.4205718e+01   1.2461844e+02   1.6040534e+02   2.0128763e+02   1.0347419e+02   9.8277360e+01
   9.4303094e+01   1.2359655e+02   1.6023873e+02   2.0037533e+02   1.0280737e+02   9.7465401e+01
   9.4224231e+01   1.2350436e+02   1.5955303e+02   2.0009579e+02   1.0228680e+02   9.8260328e+01
   9.3458924e+01   1.2329739e+02   1.5842672e+02   2.0003174e+02   1.0248599e+02   9.7203264e+01
   9.3928401e+01   1.2371392e+02   1.5881512e+02   1.9983477e+02   1.0269518e+02   9.7579438e+01
   9.3500762e+01   1.2348399e+02   1.5929681e+02   1.9956485e+02   1.0227199e+02   9.7302121e+01
   9.3762158e+01   1.2373132e+02   1.5845116e+02   1.9954042e+02   1.0217498e+02   9.6765998e+01
   9.3551116e+01   1.2333959e+02   1.5911835e+02   1.9941490e+02   1.0184768e+02   9.6214696e+01
   9.2949089e+01   1.2357174e+02   1.5844894e+02   1.9912055e+02   1.0185768e+02   9.7062939e+01
   9.3280093e+01   1.2368467e+02   1.5846486e+02   1.9954745e+02   1.0178104e+02   9.7134027e+01
   9.3636273e+01   1.2367504e+02   1.5929755e+02   1.9983328e+02   1.0184583e+02   9.7529084e+01
   9.3758826e+01   1.2389164e+02   1.5943714e+02   1.9998842e+02   1.0194099e+02   9.7884524e+01
   9.3822879e+01   1.2359062e+02   1.5906355e+02   1.9952153e+02   1.0193284e+02   9.7952280e+01
   9.4246816e+01   1.2444627e+02   1.5993586e+02   2.0067227e+02   1.0264557e+02   9.8181835e+01
   9.3665893e+01   1.2359211e+02   1.6030871e+02   1.9984217e+02   1.0273999e+02   9.7931916e+01
   9.3586660e+01   1.2419043e+02   1.6044792e+02   1.9974516e+02   1.0278516e+02   9.8153696e+01
   9.3788816e+01   1.2353546e+02   1.5891583e+02   1.9913573e+02   1.0167033e+02   9.6987778e+01
   9.3428933e+01   1.2328554e+02   1.5817384e+02   1.9926162e+02   1.0189767e+02   9.6834124e+01
   9.3254545e+01   1.2315854e+02   1.5828973e+02   1.9875252e+02   1.0136895e+02   9.6662328e+01
   9.4238670e+01   1.2446849e+02   1.5935198e+02   1.9914166e+02   1.0166108e+02   9.7137729e+01
   9.4599664e+01   1.2385757e+02   1.5892434e+02   1.9882954e+02   1.0186360e+02   9.6726011e+01
   9.3928771e+01   1.2483096e+02   1.6043311e+02   1.9994177e+02   1.0207613e+02   9.8900120e+01
   9.5045446e+01   1.2512679e+02   1.6023614e+02   2.0044531e+02   1.0262336e+02   9.8532832e+01
   9.5338684e+01   1.2482911e+02   1.6123618e+02   2.0016836e+02   1.0373633e+02   9.7329889e+01
   9.4838476e+01   1.2476062e+02   1.6130505e+02   2.0018132e+02   1.0351418e+02   9.7736054e+01
   9.4866615e+01   1.2433927e+02   1.6060046e+02   1.9984772e+02   1.0287698e+02   9.7908590e+01
   9.3945062e+01   1.2364061e+02   1.5906096e+02   1.9917054e+02   1.0195691e+02   9.7520938e+01
   9.3758826e+01   1.2340735e+02   1.5793096e+02   1.9906909e+02   1.0205021e+02   9.6295040e+01
   9.3326004e+01   1.2348584e+02   1.5813201e+02   1.9885842e+02   1.0210686e+02   9.6265790e+01
   9.2878001e+01   1.2297083e+02   1.5957265e+02   1.9877363e+02   1.0194358e+02   9.7467252e+01
   9.3758086e+01   1.2330109e+02   1.5931162e+02   1.9875660e+02   1.0127787e+02   9.6834865e+01
   9.4352707e+01   1.2361284e+02   1.5850226e+02   1.9903391e+02   1.0175105e+02   9.7846759e+01
   9.4181652e+01   1.2438888e+02   1.5862925e+02   1.9948155e+02   1.0273184e+02   9.7243251e+01
   9.4260515e+01   1.2427114e+02   1.6099256e+02   1.9969925e+02   1.0344790e+02   9.8799412e+01
   9.3632571e+01   1.2423005e+02   1.6088778e+02   1.9942416e+02   1.0323020e+02   9.8813112e+01
   9.3597027e+01   1.2426929e+02   1.6144686e+02   1.9943490e+02   1.0348493e+02   9.9300731e+01
   9.4350856e+01   1.2440332e+02   1.6067414e+02   1.9975960e+02   1.0299916e+02   9.8259958e+01
   9.3836208e+01   1.2394755e+02   1.6071968e+02   2.0052676e+02   1.0352677e+02   9.8389916e+01
   9.3955799e+01   1.2432039e+02   1.6064045e+02   2.0051010e+02   1.0324241e+02   9.7973014e+01
   9.4013558e+01   1.2383277e+02   1.5974222e+02   2.0000249e+02   1.0285180e+02   9.7972273e+01
   9.3736611e+01   1.2387905e+02   1.5957672e+02   1.9998101e+02   1.0236751e+02   9.7177346e+01
   9.3349329e+01   1.2341439e+02   1.5927608e+02   2.0007395e+02   1.0304322e+02   9.7378762e+01
   9.3966166e+01   1.2377760e+02   1.5888028e+02   2.0003951e+02   1.0275220e+02   9.7245102e+01
   9.3430785e+01   1.2374687e+02   1.5919018e+02   2.0039458e+02   1.0241157e+02   9.6356872e+01
   9.3046095e+01   1.2338514e+02   1.5948971e+02   2.0085517e+02   1.0312764e+02   9.7052572e+01
   9.3940619e+01   1.2428040e+02   1.5926867e+02   2.0067449e+02   1.0361600e+02   9.7592026e+01
   9.4274214e+01   1.2430521e+02   1.6023577e+02   2.0022131e+02   1.0338533e+02   9.7346180e+01
   9.3630720e+01   1.2389645e+02   1.6001917e+02   2.0006691e+02   1.0277664e+02   9.7340256e+01
   9.3311194e+01   1.2379574e+02   1.5923720e+02   1.9989956e+02   1.0283514e+02   9.6873371e+01
   9.3418566e+01   1.2388719e+02   1.5916685e+02   2.0038829e+02   1.0285809e+02   9.6930019e+01
   9.3991343e+01   1.2427003e+02   1.5873181e+02   1.9996732e+02   1.0306951e+02   9.7380614e+01
   9.3708102e+01   1.2399457e+02   1.5976000e+02   1.9976849e+02   1.0279811e+02   9.7825654e+01
   9.4012077e+01   1.2426670e+02   1.5968706e+02   1.9927865e+02   1.0302656e+02   9.8072611e+01
   9.3572220e+01   1.2363765e+02   1.5997622e+02   1.9970481e+02   1.0257596e+02   9.8150364e+01
   9.4604848e+01   1.2418451e+02   1.6047051e+02   1.9946526e+02   1.0213129e+02   9.8112968e+01
   9.4573377e+01   1.2476839e+02   1.6111659e+02   1.9960151e+02   1.0292067e+02   9.8258477e+01
   9.5070993e+01   1.2520936e+02   1.6073227e+02   1.9926236e+02   1.0284254e+02   9.7649045e+01
   9.5443835e+01   1.2558368e+02   1.6171232e+02   1.9927643e+02   1.0370745e+02   9.8195534e+01
   9.4052064e+01   1.2489428e+02   1.6064971e+02   1.9921756e+02   1.0293844e+02   9.8342524e+01
   9.4039476e+01   1.2413304e+02   1.6029279e+02   1.9925829e+02   1.0249710e+02   9.7615722e+01
   9.3914702e+01   1.2421857e+02   1.5937642e+02   1.9902910e+02   1.0214129e+02   9.7028506e+01
   9.3791408e+01   1.2391385e+02   1.5906652e+02   1.9914462e+02   1.0236899e+02   9.6622341e+01
   9.4045770e+01   1.2419895e+02   1.5878365e+02   1.9874734e+02   1.0240195e+02   9.6775254e+01
   9.3946913e+01   1.2404270e+02   1.5915982e+02   1.9870513e+02   1.0177993e+02   9.7098113e+01
   9.4788862e+01   1.2433187e+02   1.5957672e+02   1.9838857e+02   1.0210427e+02   9.7241029e+01
   9.4845140e+01   1.2415674e+02   1.5990847e+02   1.9944563e+02   1.0235789e+02   9.7847129e+01
   9.4908453e+01   1.2456142e+02   1.5945454e+02   1.9896246e+02   1.0214833e+02   9.7904888e+01
   9.4530057e+01   1.2431891e+02   1.5972704e+02   1.9982773e+02   1.0295214e+02   9.8168136e+01
   9.4973247e+01   1.2457697e+02   1.5912687e+02   1.9919756e+02   1.0181066e+02   9.7992637e+01
   9.4420093e+01   1.2406825e+02   1.5911576e+02   1.9925977e+02   1.0213722e+02   9.8011890e+01
   9.3643678e+01   1.2326777e+02   1.5735707e+02   1.9932086e+02   1.0178955e+02   9.7641270e+01
   9.3485952e+01   1.2357470e+02   1.5720527e+02   1.9905243e+02   1.0208983e+02   9.7277314e+01
   9.3653305e+01   1.2379426e+02   1.5774695e+02   1.9919719e+02   1.0206058e+02   9.6189889e+01
   9.3116442e+01   1.2379278e+02   1.5819421e+02   1.9927199e+02   1.0261743e+02   9.5961815e+01
   9.3056832e+01   1.2334219e+02   1.5751147e+02   1.9869773e+02   1.0203207e+02   9.5352013e+01
   9.3400794e+01   1.2354953e+02   1.5815459e+02   1.9803313e+02   1.0133192e+02   9.5819639e+01
   9.3723652e+01   1.2343253e+02   1.5817088e+02   1.9878918e+02   1.0149631e+02   9.6340211e+01
   9.3262691e+01   1.2347659e+02   1.5827492e+02   1.9908797e+02   1.0241713e+02   9.7524641e+01
   9.3948765e+01   1.2386683e+02   1.5915945e+02   1.9977256e+02   1.0279293e+02   9.7637937e+01
   9.4169063e+01   1.2376464e+02   1.5973704e+02   2.0057341e+02   1.0355342e+02   9.8904193e+01
   9.4056878e+01   1.2361062e+02   1.6013358e+02   2.0074077e+02   1.0448164e+02   9.9140413e+01
   9.4522652e+01   1.2501942e+02   1.6087482e+02   1.9967704e+02   1.0457198e+02   9.9392553e+01
   9.5616742e+01   1.2424115e+02   1.6069858e+02   1.9950561e+02   1.0432317e+02   9.9298880e+01
   9.6066966e+01   1.2439518e+02   1.6129876e+02   2.0039458e+02   1.0350270e+02   9.9752807e+01
   9.5584530e+01   1.2466990e+02   1.6142871e+02   1.9966334e+02   1.0389702e+02   9.9155593e+01
   9.5815196e+01   1.2421820e+02   1.6119842e+02   1.9956856e+02   1.0348160e+02   9.9413287e+01
   9.6627525e+01   1.2561108e+02   1.5974445e+02   1.9987327e+02   1.0341458e+02   9.7230662e+01
   9.5034338e+01   1.2396236e+02   1.6107586e+02   2.0058304e+02   1.0373596e+02   1.0004753e+02
   9.4183873e+01   1.2430632e+02   1.6030093e+02   1.9964742e+02   1.0341051e+02   9.8710552e+01
   9.4141665e+01   1.2436074e+02   1.5965596e+02   1.9961632e+02   1.0315578e+02   9.8647239e+01
   9.4002451e+01   1.2409454e+02   1.5872885e+02   1.9914425e+02   1.0286698e+02   9.9064882e+01
   9.4039476e+01   1.2240212e+02   1.5723970e+02   1.9868070e+02   1.0285217e+02   9.9285181e+01
   9.4766277e+01   1.2316669e+02   1.5820717e+02   1.9869810e+02   1.0279885e+02   9.9196691e+01
   9.5028044e+01   1.2373984e+02   1.5860963e+02   1.9905354e+02   1.0307432e+02   9.9349604e+01
   9.6714904e+01   1.2642933e+02   1.6040608e+02   1.9904243e+02   1.0406511e+02   1.0032114e+02
   9.6428700e+01   1.2373502e+02   1.6087038e+02   2.0024389e+02   1.0467158e+02   9.9864252e+01
   9.6172117e+01   1.2451921e+02   1.6226289e+02   2.0103623e+02   1.0500555e+02   1.0059624e+02
   9.4635579e+01   1.2427114e+02   1.6115288e+02   2.0096625e+02   1.0491446e+02   9.9853515e+01
   9.4714072e+01   1.2424226e+02   1.5972223e+02   2.0008542e+02   1.0425727e+02   9.9892761e+01
   9.5023971e+01   1.2307264e+02   1.5810239e+02   1.9977256e+02   1.0345642e+02   9.8074092e+01
   9.5904426e+01   1.2343697e+02   1.5892360e+02   1.9925310e+02   1.0381445e+02   9.8075203e+01
   9.5376449e+01   1.2323333e+02   1.5813015e+02   1.9869958e+02   1.0328462e+02   9.8431754e+01
   9.4789232e+01   1.2304117e+02   1.5742705e+02   1.9834636e+02   1.0337904e+02   9.8636502e+01
   9.4008005e+01   1.2224032e+02   1.5811016e+02   1.9838116e+02   1.0289771e+02   9.9179289e+01
   9.4853286e+01   1.2360840e+02   1.5772140e+02   1.9812680e+02   1.0310135e+02   9.9470306e+01
   9.4925485e+01   1.2394273e+02   1.5837267e+02   1.9862183e+02   1.0312319e+02   1.0153815e+02
   9.5704491e+01   1.2554629e+02   1.6014580e+02   1.9860072e+02   1.0314911e+02   9.9783908e+01
   9.5824082e+01   1.2461955e+02   1.6150424e+02   1.9969111e+02   1.0332942e+02   1.0243823e+02
   9.5730038e+01   1.2430299e+02   1.5989810e+02   1.9952894e+02   1.0360489e+02   9.9587305e+01
   9.5406810e+01   1.2410786e+02   1.5781396e+02   1.9940565e+02   1.0321094e+02   9.9081543e+01
   9.4781457e+01   1.2357396e+02   1.5714677e+02   1.9772323e+02   1.0211908e+02   9.7793813e+01
   9.4832922e+01   1.2367060e+02   1.5627076e+02   1.9746257e+02   1.0143522e+02   9.6780438e+01
   9.3938027e+01   1.2241915e+02   1.5459464e+02   1.9707048e+02   1.0067584e+02   9.6443881e+01
   9.4482295e+01   1.2329331e+02   1.5473274e+02   1.9717748e+02   1.0069620e+02   9.7078489e+01
   9.6340581e+01   1.2493093e+02   1.5709123e+02   1.9721376e+02   1.0121900e+02   9.7949688e+01
   9.5402367e+01   1.2383240e+02   1.5710900e+02   1.9789539e+02   1.0228087e+02   9.8435456e+01
   9.5948486e+01   1.2467064e+02   1.5901542e+02   1.9825046e+02   1.0269926e+02   9.8216638e+01
   9.5268336e+01   1.2468286e+02   1.5916722e+02   1.9811384e+02   1.0270074e+02   9.7913774e+01
   9.4899567e+01   1.2508644e+02   1.5939715e+02   1.9910463e+02   1.0363229e+02   9.9369968e+01
   9.6075852e+01   1.2487095e+02   1.6015801e+02   1.9988882e+02   1.0323094e+02   9.9496964e+01
   9.5795202e+01   1.2565329e+02   1.6091703e+02   1.9949821e+02   1.0418655e+02   1.0025598e+02
   9.5393481e+01   1.2427781e+02   1.5988921e+02   2.0055120e+02   1.0417470e+02   1.0052663e+02
   9.5737813e+01   1.2629937e+02   1.6081965e+02   2.0031572e+02   1.0424098e+02   1.0149557e+02
   9.6124725e+01   1.2509495e+02   1.6028242e+02   2.0042643e+02   1.0491965e+02   1.0140671e+02
   9.6497197e+01   1.2450366e+02   1.6097516e+02   2.0081260e+02   1.0449423e+02   1.0064770e+02
   9.6189889e+01   1.2471322e+02   1.5993364e+02   2.0067264e+02   1.0425875e+02   9.9903498e+01
   9.5530844e+01   1.2437037e+02   1.5873959e+02   2.0030720e+02   1.0449275e+02   9.8391397e+01
   9.5115053e+01   1.2467027e+02   1.5804203e+02   2.0000508e+02   1.0415249e+02   9.9642102e+01
   9.5278333e+01   1.2441295e+02   1.5855150e+02   1.9931642e+02   1.0352232e+02   9.8690559e+01
   9.6011058e+01   1.2486391e+02   1.5938234e+02   2.0012837e+02   1.0389257e+02   9.9191507e+01
   9.5247232e+01   1.2458808e+02   1.5841784e+02   1.9999545e+02   1.0383852e+02   9.8695372e+01
   9.5604894e+01   1.2452847e+02   1.5939123e+02   2.0021168e+02   1.0423691e+02   9.9043407e+01
   9.5845186e+01   1.2501794e+02   1.6039646e+02   2.0025907e+02   1.0417063e+02   9.8780159e+01
   9.4316423e+01   1.2434927e+02   1.6050753e+02   2.0077483e+02   1.0414249e+02   9.9867214e+01
   9.4982873e+01   1.2528674e+02   1.6062009e+02   2.0100920e+02   1.0517623e+02   9.9097834e+01
   9.6209142e+01   1.2496166e+02   1.6105180e+02   2.0149164e+02   1.0509996e+02   9.9071916e+01
   9.5556391e+01   1.2453735e+02   1.6114621e+02   2.0109658e+02   1.0426468e+02   9.8048175e+01
   9.5330538e+01   1.2453809e+02   1.6143093e+02   2.0034127e+02   1.0384222e+02   9.9184472e+01
   9.5387557e+01   1.2429743e+02   1.5969557e+02   1.9967297e+02   1.0315578e+02   9.7874898e+01
   9.5329427e+01   1.2420450e+02   1.5768474e+02   1.9853223e+02   1.0243527e+02   9.6329844e+01
   9.3791778e+01   1.2379463e+02   1.5630186e+02   1.9802017e+02   1.0221756e+02   9.6212104e+01
   9.4380106e+01   1.2363246e+02   1.5627113e+02   1.9842300e+02   1.0279478e+02   9.7078860e+01
   9.4391954e+01   1.2423375e+02   1.5805166e+02   1.9818197e+02   1.0239232e+02   9.7009623e+01
   9.5280184e+01   1.2387720e+02   1.5861629e+02   1.9849779e+02   1.0213018e+02   9.5445686e+01
   9.5192805e+01   1.2432705e+02   1.5856816e+02   1.9830267e+02   1.0234826e+02   9.6606050e+01
   9.5267596e+01   1.2422597e+02   1.5795725e+02   1.9908649e+02   1.0291474e+02   9.5703380e+01
   9.5243900e+01   1.2445701e+02   1.5772029e+02   1.9934048e+02   1.0283403e+02   9.6887440e+01
   9.4374552e+01   1.2393051e+02   1.5756700e+02   1.9796463e+02   1.0201837e+02   9.7190305e+01
   9.4377144e+01   1.2361025e+02   1.5823642e+02   1.9785615e+02   1.0147521e+02   9.7697177e+01
   9.5107277e+01   1.2452773e+02   1.5839970e+02   1.9788096e+02   1.0169884e+02   9.7861939e+01
   9.4931409e+01   1.2431409e+02   1.5873181e+02   1.9777840e+02   1.0195802e+02   9.9137451e+01
   9.5143562e+01   1.2439962e+02   1.5979295e+02   1.9771138e+02   1.0185101e+02   9.9316282e+01
   9.5314247e+01   1.2400938e+02   1.5821198e+02   1.9782468e+02   1.0194987e+02   9.8831624e+01
   9.4840327e+01   1.2393977e+02   1.5720971e+02   1.9790095e+02   1.0161998e+02   9.8539497e+01
   9.4488960e+01   1.2406714e+02   1.5697238e+02   1.9740703e+02   1.0184546e+02   9.7220665e+01
   9.4844770e+01   1.2381352e+02   1.5867590e+02   1.9882657e+02   1.0212722e+02   9.7971163e+01
   9.4476371e+01   1.2407824e+02   1.5907799e+02   1.9811310e+02   1.0199578e+02   9.8017444e+01
   9.4474520e+01   1.2415748e+02   1.5842747e+02   1.9824454e+02   1.0164997e+02   9.8474703e+01
   9.5084322e+01   1.2487613e+02   1.6085890e+02   1.9856666e+02   1.0277701e+02   9.9090799e+01
   9.5293883e+01   1.2426189e+02   1.5939123e+02   1.9864145e+02   1.0262410e+02   9.9561387e+01
   9.4928817e+01   1.2446219e+02   1.5988958e+02   1.9929420e+02   1.0227199e+02   9.8061133e+01
   9.5054332e+01   1.2439185e+02   1.5932791e+02   1.9917461e+02   1.0262076e+02   9.7633494e+01
   9.4838476e+01   1.2468842e+02   1.5862000e+02   1.9868366e+02   1.0245193e+02   9.8224784e+01
   9.4483406e+01   1.2374835e+02   1.5903393e+02   1.9841078e+02   1.0203725e+02   9.7541302e+01
   9.5047297e+01   1.2427448e+02   1.5743334e+02   1.9763659e+02   1.0162553e+02   9.7308045e+01
   9.4134260e+01   1.2390126e+02   1.5774843e+02   1.9733373e+02   1.0176512e+02   9.7364693e+01
   9.4703334e+01   1.2374391e+02   1.5886732e+02   1.9776322e+02   1.0187915e+02   9.8345486e+01
   9.4880314e+01   1.2446516e+02   1.5884326e+02   1.9749738e+02   1.0199282e+02   9.8861985e+01
   9.5300178e+01   1.2531858e+02   1.5913835e+02   1.9823640e+02   1.0288883e+02   9.9760212e+01
   9.6204329e+01   1.2521380e+02   1.6037572e+02   1.9976368e+02   1.0366265e+02   1.0039667e+02
   9.6538294e+01   1.2413156e+02   1.6022281e+02   2.0001545e+02   1.0358823e+02   9.9115976e+01
   9.5738184e+01   1.2464510e+02   1.6038313e+02   1.9902281e+02   1.0282773e+02   9.8416574e+01
   9.5296105e+01   1.2392977e+02   1.5866220e+02   1.9828860e+02   1.0260077e+02   9.7443926e+01
   9.4487108e+01   1.2396495e+02   1.5820124e+02   1.9807089e+02   1.0258078e+02   9.7274352e+01
   9.4103159e+01   1.2314003e+02   1.5748037e+02   1.9755254e+02   1.0172698e+02   9.6647888e+01
   9.4427498e+01   1.2383499e+02   1.5795947e+02   1.9795130e+02   1.0167848e+02   9.7818249e+01
   9.4178320e+01   1.2328369e+02   1.5813608e+02   1.9834155e+02   1.0093909e+02   9.7003329e+01
   9.4510064e+01   1.2462733e+02   1.5931644e+02   1.9854185e+02   1.0215277e+02   9.7490208e+01
   9.3773266e+01   1.2423412e+02   1.5864554e+02   1.9939565e+02   1.0257374e+02   9.8063725e+01
   9.4824406e+01   1.2421524e+02   1.6086371e+02   1.9977627e+02   1.0316318e+02   9.8685375e+01
   9.5049148e+01   1.2464214e+02   1.6042719e+02   1.9897801e+02   1.0313800e+02   9.8523576e+01
   9.5182438e+01   1.2441961e+02   1.6072672e+02   1.9913462e+02   1.0316911e+02   9.8545050e+01
   9.4969174e+01   1.2365505e+02   1.5973519e+02   1.9899578e+02   1.0262743e+02   9.7028135e+01
   9.4257553e+01   1.2359988e+02   1.5875810e+02   1.9927384e+02   1.0315948e+02   9.6619009e+01
   9.4470447e+01   1.2330738e+02   1.5929866e+02   1.9943675e+02   1.0342162e+02   9.6231727e+01
   9.4584854e+01   1.2397087e+02   1.5946824e+02   1.9943230e+02   1.0370634e+02   9.6476092e+01
   9.4269401e+01   1.2337440e+02   1.5877217e+02   1.9846891e+02   1.0264890e+02   9.6839678e+01
   9.4478593e+01   1.2382795e+02   1.5907392e+02   1.9853223e+02   1.0270296e+02   9.7960796e+01
   9.4737768e+01   1.2384795e+02   1.5834305e+02   1.9876770e+02   1.0278071e+02   9.7991156e+01
   9.3945803e+01   1.2327702e+02   1.5990847e+02   1.9811643e+02   1.0269037e+02   9.7993748e+01
   9.5091357e+01   1.2429484e+02   1.6015950e+02   1.9896616e+02   1.0444573e+02   9.9213722e+01
   9.5854442e+01   1.2470508e+02   1.5961782e+02   1.9821011e+02   1.0287661e+02   9.8541718e+01
   9.5158742e+01   1.2306746e+02   1.5943232e+02   1.9718526e+02   1.0194617e+02   9.7774560e+01
   9.5169479e+01   1.2294417e+02   1.5920906e+02   1.9718637e+02   1.0247452e+02   9.7647934e+01
   9.5271298e+01   1.2408972e+02   1.5977295e+02   1.9739815e+02   1.0214833e+02   9.7209558e+01
   9.5678944e+01   1.2377908e+02   1.5939937e+02   1.9744480e+02   1.0236936e+02   9.7577216e+01
   9.5201691e+01   1.2435371e+02   1.6030574e+02   1.9723376e+02   1.0279441e+02   9.7833800e+01
   9.5562685e+01   1.2388571e+02   1.6038498e+02   1.9758735e+02   1.0321465e+02   9.8275138e+01
   9.5850740e+01   1.2446256e+02   1.6089185e+02   1.9769953e+02   1.0402068e+02   9.8461374e+01
   9.5785946e+01   1.2471730e+02   1.6175379e+02   1.9845040e+02   1.0420321e+02   9.8738691e+01
   9.6323549e+01   1.2475321e+02   1.6227140e+02   1.9838524e+02   1.0350751e+02   9.8720179e+01
   9.6051786e+01   1.2485244e+02   1.6219624e+02   1.9751996e+02   1.0390701e+02   9.9068954e+01
   9.4913637e+01   1.2390163e+02   1.6150758e+02   1.9807460e+02   1.0406215e+02   9.9806863e+01
   9.5541211e+01   1.2455957e+02   1.6284529e+02   1.9826676e+02   1.0426875e+02   9.9982362e+01
   9.5778911e+01   1.2462807e+02   1.6290453e+02   1.9880140e+02   1.0383778e+02   9.9206687e+01
   9.5995137e+01   1.2463029e+02   1.6153942e+02   1.9809015e+02   1.0343680e+02   9.9200763e+01
   9.5915904e+01   1.2453402e+02   1.6141538e+02   1.9807089e+02   1.0378742e+02   9.8812001e+01
   9.5967369e+01   1.2433483e+02   1.6150350e+02   1.9800758e+02   1.0371633e+02   9.8123335e+01
   9.5601932e+01   1.2438296e+02   1.6082039e+02   1.9724412e+02   1.0324204e+02   9.7729019e+01
   9.5113942e+01   1.2409639e+02   1.5942640e+02   1.9815013e+02   1.0336460e+02   9.7647934e+01
   9.4219788e+01   1.2334885e+02   1.5946305e+02   1.9794353e+02   1.0295436e+02   9.7678665e+01
   9.4614104e+01   1.2320149e+02   1.5985663e+02   1.9759882e+02   1.0282514e+02   9.7393943e+01
   9.4371960e+01   1.2316558e+02   1.5959412e+02   1.9725782e+02   1.0273369e+02   9.7005180e+01
   9.4785900e+01   1.2395976e+02   1.5962152e+02   1.9784652e+02   1.0282736e+02   9.8307350e+01
   9.4872909e+01   1.2322037e+02   1.5926867e+02   1.9764844e+02   1.0269259e+02   9.7716801e+01
   9.4799970e+01   1.2389867e+02   1.5950230e+02   1.9794279e+02   1.0244971e+02   9.7188824e+01
   9.5224647e+01   1.2399864e+02   1.5962967e+02   1.9709158e+02   1.0207205e+02   9.6471279e+01
   9.4103159e+01   1.2286382e+02   1.5940456e+02   1.9693904e+02   1.0306951e+02   9.6018463e+01
   9.5087654e+01   1.2428410e+02   1.6060454e+02   1.9748368e+02   1.0279589e+02   9.7214371e+01
   9.4635579e+01   1.2357989e+02   1.5804648e+02   1.9778802e+02   1.0228754e+02   9.7150688e+01
   9.4132779e+01   1.2352435e+02   1.5873070e+02   1.9747923e+02   1.0283181e+02   9.7593137e+01
   9.4823295e+01   1.2456549e+02   1.5989143e+02   1.9777914e+02   1.0265298e+02   9.7588324e+01
   9.5607115e+01   1.2468619e+02   1.6005879e+02   1.9792909e+02   1.0301101e+02   9.7888227e+01
   9.5253896e+01   1.2386905e+02   1.6066118e+02   1.9844151e+02   1.0341902e+02   9.9159666e+01
   9.6096956e+01   1.2436445e+02   1.6105217e+02   1.9769842e+02   1.0346864e+02   9.9058587e+01
   9.5036189e+01   1.2410416e+02   1.6172454e+02   1.9872031e+02   1.0410288e+02   9.9383667e+01
   9.4780346e+01   1.2375613e+02   1.6170529e+02   1.9843966e+02   1.0353898e+02   9.8883089e+01
   9.5106907e+01   1.2463029e+02   1.6196891e+02   1.9874734e+02   1.0372744e+02   9.9323687e+01
   9.4846251e+01   1.2402937e+02   1.6074116e+02   1.9828749e+02   1.0428023e+02   9.8306609e+01
   9.4854767e+01   1.2391682e+02   1.6096331e+02   1.9794205e+02   1.0344198e+02   9.7980419e+01
   9.4712961e+01   1.2346104e+02   1.6004176e+02   1.9776507e+02   1.0387776e+02   9.7120698e+01
   9.5230941e+01   1.2404936e+02   1.6034129e+02   1.9772286e+02   1.0345790e+02   9.8024849e+01
   9.5263153e+01   1.2436260e+02   1.5969964e+02   1.9790132e+02   1.0315578e+02   9.7430227e+01
   9.5699307e+01   1.2441702e+02   1.6033092e+02   1.9796537e+02   1.0367598e+02   9.7187713e+01
   9.5981808e+01   1.2511569e+02   1.6161273e+02   1.9876400e+02   1.0430725e+02   9.8654274e+01
   9.5458275e+01   1.2480616e+02   1.6139687e+02   1.9886286e+02   1.0443277e+02   9.8359925e+01
   9.5967739e+01   1.2487761e+02   1.6222771e+02   1.9935677e+02   1.0509811e+02   9.9987545e+01
   9.5665244e+01   1.2445331e+02   1.6118139e+02   1.9882398e+02   1.0405178e+02   9.8509877e+01
   9.5246862e+01   1.2454513e+02   1.6186598e+02   1.9869736e+02   1.0416952e+02   9.8885310e+01
   9.4600405e+01   1.2368911e+02   1.6038387e+02   1.9831045e+02   1.0338200e+02   9.7894891e+01
   9.5205764e+01   1.2534154e+02   1.6092406e+02   1.9939972e+02   1.0281811e+02   9.8038178e+01
   9.8222192e+01   1.2802992e+02   1.5890324e+02   2.0025981e+02   1.0394219e+02   9.7893410e+01
   9.5926271e+01   1.2456031e+02   1.6013321e+02   2.0009394e+02   1.0346197e+02   9.8004115e+01
   9.5858515e+01   1.2434631e+02   1.5964559e+02   2.0007543e+02   1.0366635e+02   9.7739386e+01
   9.4759612e+01   1.2389608e+02   1.5960856e+02   1.9910056e+02   1.0289734e+02   9.8064095e+01
   9.4057988e+01   1.2297046e+02   1.5726636e+02   1.9821085e+02   1.0151742e+02   9.5660431e+01
   9.3775117e+01   1.2260724e+02   1.5510558e+02   1.9791206e+02   1.0122603e+02   9.5348680e+01
   9.3648121e+01   1.2213480e+02   1.5499488e+02   1.9708640e+02   1.0058624e+02   9.4057248e+01
   9.3528531e+01   1.2230882e+02   1.5514372e+02   1.9685203e+02   1.0060364e+02   9.4279768e+01
   9.3328225e+01   1.2262353e+02   1.5582572e+02   1.9703456e+02   1.0114495e+02   9.6081406e+01
   9.4115747e+01   1.2329591e+02   1.5691166e+02   1.9742518e+02   1.0246193e+02   9.7126992e+01
   9.4816261e+01   1.2371133e+02   1.5830084e+02   1.9774915e+02   1.0154482e+02   9.6958528e+01
   9.4919561e+01   1.2408084e+02   1.5848004e+02   1.9802646e+02   1.0207761e+02   9.7215112e+01
   9.4391584e+01   1.2390052e+02   1.5888176e+02   1.9878140e+02   1.0298139e+02   9.9056366e+01
   9.5202432e+01   1.2485244e+02   1.6061787e+02   1.9897912e+02   1.0275072e+02   9.9228532e+01
   9.5449389e+01   1.2386868e+02   1.5971223e+02   1.9823158e+02   1.0253450e+02   9.7921919e+01
   9.5420879e+01   1.2395532e+02   1.5934865e+02   1.9868551e+02   1.0301175e+02   9.7094040e+01
   9.5543432e+01   1.2438000e+02   1.5800390e+02   1.9933604e+02   1.0354491e+02   9.7499834e+01
   9.4644094e+01   1.2367393e+02   1.5855261e+02   1.9890433e+02   1.0363488e+02   9.7197340e+01
   9.5193546e+01   1.2465769e+02   1.6042459e+02   1.9879029e+02   1.0354750e+02   9.8279211e+01
   9.5559723e+01   1.2455253e+02   1.6114066e+02   1.9838005e+02   1.0384518e+02   9.7696807e+01
   9.5448278e+01   1.2463695e+02   1.6112363e+02   1.9802350e+02   1.0317281e+02   9.7157353e+01
   9.5484562e+01   1.2433001e+02   1.6062490e+02   1.9789428e+02   1.0259855e+02   9.6978522e+01
   9.5161334e+01   1.2434779e+02   1.5991069e+02   1.9887989e+02   1.0299694e+02   9.8282543e+01
   9.6115839e+01   1.2492575e+02   1.6098589e+02   1.9894172e+02   1.0338570e+02   9.8662049e+01
   9.5812604e+01   1.2529674e+02   1.6217144e+02   2.0000323e+02   1.0407215e+02   9.9026376e+01
   9.5740035e+01   1.2487169e+02   1.6245838e+02   1.9951043e+02   1.0417211e+02   9.8639094e+01
   9.5622295e+01   1.2535709e+02   1.6195669e+02   1.9961743e+02   1.0407140e+02   9.8626876e+01
   9.5330538e+01   1.2437852e+02   1.6212589e+02   1.9934678e+02   1.0448571e+02   9.7870084e+01
   9.6277268e+01   1.2672331e+02   1.6327959e+02   1.9981699e+02   1.0306432e+02   9.9762063e+01
   9.6352799e+01   1.2469582e+02   1.6217514e+02   2.0028462e+02   1.0430503e+02   9.9256671e+01
   9.6184705e+01   1.2432557e+02   1.6214737e+02   2.0052158e+02   1.0390294e+02   9.8284765e+01
   9.5787797e+01   1.2451736e+02   1.6084113e+02   1.9975294e+02   1.0344790e+02   9.6829681e+01
   9.4956956e+01   1.2399124e+02   1.5994993e+02   1.9915128e+02   1.0347715e+02   9.7141802e+01
   9.5046927e+01   1.2417710e+02   1.5929792e+02   1.9889322e+02   1.0258855e+02   9.7083673e+01
   9.5047297e+01   1.2397198e+02   1.6090777e+02   1.9908168e+02   1.0277109e+02   9.6286524e+01
   9.5182068e+01   1.2462807e+02   1.6114362e+02   1.9905687e+02   1.0289438e+02   9.6641594e+01
   9.5958483e+01   1.2572030e+02   1.6219920e+02   1.9962520e+02   1.0375854e+02   9.7897853e+01
   9.4694078e+01   1.2405529e+02   1.6147092e+02   1.9904169e+02   1.0345975e+02   9.8539867e+01
   9.4661126e+01   1.2448959e+02   1.6183303e+02   1.9966408e+02   1.0259744e+02   9.7984862e+01
   9.5042484e+01   1.2425633e+02   1.6080447e+02   1.9949636e+02   1.0273332e+02   9.7757898e+01
   9.4751097e+01   1.2429373e+02   1.6112955e+02   1.9947747e+02   1.0333387e+02   9.8019295e+01
   9.4734435e+01   1.2411342e+02   1.5985478e+02   1.9888581e+02   1.0253672e+02   9.7596840e+01
   9.4587446e+01   1.2420154e+02   1.6073227e+02   1.9928161e+02   1.0244267e+02   9.6949272e+01
   9.3788446e+01   1.2360914e+02   1.5971705e+02   1.9912240e+02   1.0267038e+02   9.6664920e+01
   9.4729252e+01   1.2397754e+02   1.5948342e+02   1.9944341e+02   1.0203651e+02   9.7212150e+01
   9.4550051e+01   1.2430150e+02   1.5968150e+02   1.9946155e+02   1.0255819e+02   9.7287310e+01
   9.5199470e+01   1.2422968e+02   1.6075041e+02   1.9936270e+02   1.0351233e+02   9.7256580e+01
   9.4885127e+01   1.2453809e+02   1.6043015e+02   1.9940824e+02   1.0358342e+02   9.7540562e+01
   9.4745173e+01   1.2358026e+02   1.5897284e+02   1.9921237e+02   1.0283144e+02   9.7593878e+01
   9.4477112e+01   1.2448108e+02   1.6030093e+02   1.9977034e+02   1.0316540e+02   9.7622017e+01
   9.4775533e+01   1.2427670e+02   1.5945528e+02   1.9989289e+02   1.0287142e+02   9.6065855e+01
   9.5179106e+01   1.2427781e+02   1.6003324e+02   1.9993584e+02   1.0399476e+02   9.6633078e+01
   9.4390103e+01   1.2392866e+02   1.5998474e+02   1.9935455e+02   1.0311801e+02   9.6452026e+01
   9.4460821e+01   1.2404936e+02   1.5914686e+02   1.9823640e+02   1.0271407e+02   9.6603458e+01
   9.4169434e+01   1.2249357e+02   1.5802093e+02   1.9811792e+02   1.0269074e+02   9.7113663e+01
   9.4559677e+01   1.2332404e+02   1.5863666e+02   1.9768065e+02   1.0268889e+02   9.6192851e+01
   9.5265374e+01   1.2278644e+02   1.5857779e+02   1.9788429e+02   1.0147003e+02   9.6325030e+01
   9.5143192e+01   1.2335033e+02   1.5748407e+02   1.9786800e+02   1.0166182e+02   9.7051831e+01
   9.4858099e+01   1.2349917e+02   1.5774769e+02   1.9838487e+02   1.0301249e+02   9.8646129e+01
