   8.0548102e+01   8.7105793e+01   1.6688018e+02   2.2401941e+02   8.2823355e+01   1.6504084e+02
   8.0336450e+01   8.7184286e+01   1.6642008e+02   2.2343492e+02   8.2814945e+01   1.6423593e+02
   8.0079595e+01   8.7131023e+01   1.6814518e+02   2.2437298e+02   8.2841577e+01   1.6514176e+02
   8.0969653e+01   8.7235097e+01   1.6866940e+02   2.2388205e+02   8.3494753e+01   1.6494553e+02
   8.0637108e+01   8.7241054e+01   1.6830532e+02   2.2387574e+02   8.3425370e+01   1.6461894e+02
   8.0334348e+01   8.7646486e+01   1.6852748e+02   2.2428012e+02   8.3171319e+01   1.6465994e+02
   8.0002854e+01   8.7529797e+01   1.6831758e+02   2.2379199e+02   8.3259623e+01   1.6485302e+02
   8.0137063e+01   8.7419416e+01   1.6772853e+02   2.2342476e+02   8.3466369e+01   1.6446581e+02
   8.0347664e+01   8.7472679e+01   1.6833055e+02   2.2276072e+02   8.3802769e+01   1.6432634e+02
   8.1200227e+01   8.7592521e+01   1.6916174e+02   2.2378288e+02   8.3862340e+01   1.6540037e+02
   8.0608724e+01   8.7436586e+01   1.6843427e+02   2.2357579e+02   8.3338467e+01   1.6505170e+02
   7.9803117e+01   8.7539609e+01   1.6758697e+02   2.2259462e+02   8.2981393e+01   1.6445249e+02
   8.0384808e+01   8.7185688e+01   1.6750146e+02   2.2321731e+02   8.3255418e+01   1.6418197e+02
   8.0408636e+01   8.7376665e+01   1.6815569e+02   2.2344158e+02   8.3259623e+01   1.6381578e+02
   8.0487830e+01   8.7564138e+01   1.6850716e+02   2.2354951e+02   8.3482488e+01   1.6415008e+02
   8.0341356e+01   8.7232293e+01   1.6824400e+02   2.2334311e+02   8.3542059e+01   1.6420194e+02
   8.0535837e+01   8.7365802e+01   1.6915017e+02   2.2374294e+02   8.3648586e+01   1.6518907e+02
   8.0780428e+01   8.7767730e+01   1.6814132e+02   2.2372016e+02   8.3574648e+01   1.6491784e+02
   7.9608285e+01   8.7469876e+01   1.6745451e+02   2.2315949e+02   8.2934437e+01   1.6451907e+02
   7.9703598e+01   8.7180432e+01   1.6728946e+02   2.2390343e+02   8.2725239e+01   1.6493536e+02
   8.0281435e+01   8.7283104e+01   1.6765915e+02   2.2367425e+02   8.2760631e+01   1.6480116e+02
   7.9702898e+01   8.7175876e+01   1.6724916e+02   2.2326427e+02   8.2318405e+01   1.6436594e+02
   8.0351869e+01   8.7190594e+01   1.6781298e+02   2.2310658e+02   8.3208813e+01   1.6442796e+02
   8.0530931e+01   8.7573599e+01   1.6849700e+02   2.2326497e+02   8.3480035e+01   1.6441044e+02
   8.0692123e+01   8.7360546e+01   1.6860457e+02   2.2432077e+02   8.3606886e+01   1.6488841e+02
   8.0335399e+01   8.7216875e+01   1.6901491e+02   2.2455695e+02   8.3502462e+01   1.6472582e+02
   8.0686166e+01   8.7565189e+01   1.6847422e+02   2.2399839e+02   8.2650249e+01   1.6435437e+02
   8.0410739e+01   8.7383323e+01   1.6845845e+02   2.2356738e+02   8.2896592e+01   1.6362656e+02
   8.0397423e+01   8.7205311e+01   1.6872617e+02   2.2311779e+02   8.3272939e+01   1.6338898e+02
   8.0569828e+01   8.7254370e+01   1.6851872e+02   2.2298534e+02   8.3795760e+01   1.6385608e+02
   8.1220200e+01   8.7790507e+01   1.6966879e+02   2.2402362e+02   8.3828349e+01   1.6481482e+02
   8.1289933e+01   8.7268036e+01   1.6970944e+02   2.2474478e+02   8.3668910e+01   1.6526511e+02
   8.0725412e+01   8.7003121e+01   1.6820755e+02   2.2388661e+02   8.3209864e+01   1.6509480e+02
   8.0996284e+01   8.7201106e+01   1.6753616e+02   2.2364482e+02   8.3165361e+01   1.6475245e+02
   8.0622740e+01   8.7630016e+01   1.6823138e+02   2.2378113e+02   8.3009777e+01   1.6501982e+02
   8.0481523e+01   8.7499311e+01   1.6866590e+02   2.2350430e+02   8.3107543e+01   1.6451031e+02
   8.0873639e+01   8.7481439e+01   1.6899213e+02   2.2323028e+02   8.3433080e+01   1.6413677e+02
   8.0506753e+01   8.7336718e+01   1.6961728e+02   2.2327863e+02   8.3951696e+01   1.6454325e+02
   8.1105614e+01   8.7244558e+01   1.6996910e+02   2.2390343e+02   8.4056821e+01   1.6488806e+02
   8.1260148e+01   8.7421168e+01   1.7013765e+02   2.2399944e+02   8.4195585e+01   1.6550164e+02
   8.1492474e+01   8.7504567e+01   1.6902648e+02   2.2421390e+02   8.3686431e+01   1.6444478e+02
   8.1084940e+01   8.7566591e+01   1.6861999e+02   2.2458218e+02   8.2934087e+01   1.6472301e+02
   8.0445079e+01   8.7333914e+01   1.6862174e+02   2.2519016e+02   8.3181481e+01   1.6498197e+02
   8.0212753e+01   8.6931286e+01   1.6814483e+02   2.2476545e+02   8.3284853e+01   1.6434211e+02
   8.0354672e+01   8.7085819e+01   1.6715911e+02   2.2376326e+02   8.2849286e+01   1.6400851e+02
   8.0461199e+01   8.7444996e+01   1.6749796e+02   2.2402747e+02   8.2816697e+01   1.6391635e+02
   8.0609775e+01   8.7263831e+01   1.6740930e+02   2.2373032e+02   8.2708769e+01   1.6339529e+02
   8.0458746e+01   8.7151347e+01   1.6689174e+02   2.2349694e+02   8.2874165e+01   1.6280483e+02
   8.0593656e+01   8.7104392e+01   1.6545713e+02   2.2296676e+02   8.2287919e+01   1.6299616e+02
   7.9160803e+01   8.7367204e+01   1.6619056e+02   2.2345910e+02   8.2389890e+01   1.6401482e+02
   8.0523923e+01   8.7596026e+01   1.6797978e+02   2.2451736e+02   8.2933386e+01   1.6449489e+02
   8.0276529e+01   8.7358443e+01   1.6750707e+02   2.2455380e+02   8.3171669e+01   1.6402849e+02
   7.9598473e+01   8.7193397e+01   1.6735709e+02   2.2412804e+02   8.3256119e+01   1.6430041e+02
   8.0664790e+01   8.7103340e+01   1.6851977e+02   2.2462493e+02   8.3359492e+01   1.6480922e+02
   8.0310169e+01   8.7528045e+01   1.6867220e+02   2.2471044e+02   8.3343023e+01   1.6457584e+02
   8.0508855e+01   8.7515079e+01   1.6837190e+02   2.2430045e+02   8.3404696e+01   1.6406038e+02
   8.0651825e+01   8.7340923e+01   1.6807124e+02   2.2374013e+02   8.3406448e+01   1.6429095e+02
   8.0744685e+01   8.7423971e+01   1.6885582e+02   2.2402292e+02   8.3641577e+01   1.6466519e+02
   8.1107366e+01   8.7890726e+01   1.6961062e+02   2.2481801e+02   8.3920859e+01   1.6484601e+02
   8.1485115e+01   8.8134265e+01   1.6979424e+02   2.2460917e+02   8.3435182e+01   1.6465713e+02
   8.0828084e+01   8.7728133e+01   1.6914772e+02   2.2445078e+02   8.3966764e+01   1.6405547e+02
   8.0941269e+01   8.7661553e+01   1.6846371e+02   2.2395424e+02   8.3498958e+01   1.6386169e+02
   8.0859622e+01   8.7717270e+01   1.6882288e+02   2.2496589e+02   8.3589716e+01   1.6396331e+02
   8.1559754e+01   8.7917357e+01   1.6896796e+02   2.2513479e+02   8.3314989e+01   1.6388972e+02
   8.0671799e+01   8.7662254e+01   1.6850786e+02   2.2443501e+02   8.2694752e+01   1.6412380e+02
   8.0166849e+01   8.7553976e+01   1.6817146e+02   2.2474373e+02   8.2820552e+01   1.6473948e+02
   8.0687918e+01   8.7498610e+01   1.6718959e+02   2.2365884e+02   8.2524100e+01   1.6405407e+02
   7.9915250e+01   8.7278548e+01   1.6770190e+02   2.2287636e+02   8.2563346e+01   1.6340510e+02
   7.9982179e+01   8.7495456e+01   1.6811715e+02   2.2422476e+02   8.2777451e+01   1.6437645e+02
   8.1192868e+01   8.7137681e+01   1.6920869e+02   2.2489230e+02   8.2598388e+01   1.6411259e+02
   8.0266367e+01   8.7018890e+01   1.6736060e+02   2.2385437e+02   8.2114112e+01   1.6322218e+02
   7.9895977e+01   8.7360546e+01   1.6622279e+02   2.2369142e+02   8.2703513e+01   1.6361114e+02
   8.0274427e+01   8.7828702e+01   1.6717488e+02   2.2386698e+02   8.3131021e+01   1.6399345e+02
   8.0233778e+01   8.7683980e+01   1.6781123e+02   2.2337149e+02   8.3291161e+01   1.6406318e+02
   8.1059359e+01   8.7715518e+01   1.6866344e+02   2.2361048e+02   8.3272589e+01   1.6434211e+02
   8.0934961e+01   8.7620204e+01   1.6880501e+02   2.2397421e+02   8.3359142e+01   1.6454886e+02
   8.0882049e+01   8.7932075e+01   1.6891434e+02   2.2419217e+02   8.3560981e+01   1.6418758e+02
   8.0261461e+01   8.7896332e+01   1.6918276e+02   2.2434145e+02   8.3667158e+01   1.6398258e+02
   8.0865579e+01   8.8065233e+01   1.6877032e+02   2.2508994e+02   8.3315340e+01   1.6430917e+02
   8.0528478e+01   8.7647186e+01   1.6953703e+02   2.2465016e+02   8.2722435e+01   1.6423734e+02
   8.0306315e+01   8.7284155e+01   1.6887229e+02   2.2349379e+02   8.3358791e+01   1.6365740e+02
   8.0340655e+01   8.7518233e+01   1.6958399e+02   2.2296606e+02   8.3550469e+01   1.6367422e+02
   8.0781129e+01   8.7517182e+01   1.6949954e+02   2.2338271e+02   8.3860938e+01   1.6372853e+02
   8.0911834e+01   8.7758969e+01   1.7034369e+02   2.2424123e+02   8.4206098e+01   1.6410978e+02
   8.1119981e+01   8.7403647e+01   1.7027501e+02   2.2402642e+02   8.4150031e+01   1.6363742e+02
   8.1097905e+01   8.7277848e+01   1.6916839e+02   2.2333785e+02   8.3861639e+01   1.6359642e+02
   8.1308155e+01   8.7557129e+01   1.6940738e+02   2.2335853e+02   8.3567639e+01   1.6336515e+02
   8.0774120e+01   8.7336718e+01   1.6923287e+02   2.2308520e+02   8.3337416e+01   1.6358591e+02
   8.0821777e+01   8.7538908e+01   1.6835157e+02   2.2397561e+02   8.2379728e+01   1.6388026e+02
   8.0860673e+01   8.6962473e+01   1.6805407e+02   2.2383615e+02   8.2514989e+01   1.6381649e+02
   8.1020463e+01   8.7377015e+01   1.6744400e+02   2.2452612e+02   8.1607410e+01   1.6444583e+02
   8.0255855e+01   8.7223533e+01   1.6658933e+02   2.2425139e+02   8.2115164e+01   1.6428815e+02
   7.9984632e+01   8.7300625e+01   1.6655464e+02   2.2341705e+02   8.2827210e+01   1.6349656e+02
   8.0921996e+01   8.7884769e+01   1.6777163e+02   2.2445989e+02   8.2601191e+01   1.6414237e+02
   8.0832990e+01   8.7768781e+01   1.6889752e+02   2.2510080e+02   8.3211266e+01   1.6472336e+02
   8.0943722e+01   8.7083016e+01   1.6855587e+02   2.2385647e+02   8.3397337e+01   1.6435683e+02
   8.1039385e+01   8.7638426e+01   1.6866415e+02   2.2320750e+02   8.3430977e+01   1.6409086e+02
   8.1054453e+01   8.7460765e+01   1.6918872e+02   2.2271937e+02   8.3639825e+01   1.6375516e+02
   8.0940918e+01   8.7223183e+01   1.6846616e+02   2.2311184e+02   8.3348980e+01   1.6393317e+02
   8.1194270e+01   8.7336718e+01   1.6729016e+02   2.2312585e+02   8.2705966e+01   1.6336129e+02
   8.0984020e+01   8.7271540e+01   1.6706274e+02   2.2274039e+02   8.2223092e+01   1.6312091e+02
   8.0567725e+01   8.7027650e+01   1.6658723e+02   2.2247233e+02   8.1809951e+01   1.6281570e+02
   8.0457694e+01   8.7206012e+01   1.6656901e+02   2.2305612e+02   8.2599789e+01   1.6346852e+02
   8.1479508e+01   8.7410655e+01   1.6693379e+02   2.2428748e+02   8.2104651e+01   1.6441219e+02
   8.0625894e+01   8.7012933e+01   1.6640396e+02   2.2425560e+02   8.1673289e+01   1.6443707e+02
   7.9902635e+01   8.6868912e+01   1.6630865e+02   2.2334451e+02   8.1943460e+01   1.6410873e+02
   8.0319981e+01   8.7000668e+01   1.6723690e+02   2.2343877e+02   8.2838073e+01   1.6456673e+02
   8.0952132e+01   8.7555728e+01   1.6917190e+02   2.2382143e+02   8.3294665e+01   1.6474929e+02
   8.1734612e+01   8.7375614e+01   1.6922201e+02   2.2485481e+02   8.3208112e+01   1.6520869e+02
   8.0994883e+01   8.7570445e+01   1.6851872e+02   2.2368827e+02   8.2935488e+01   1.6477277e+02
   8.0683713e+01   8.7281352e+01   1.6841079e+02   2.2300181e+02   8.2920070e+01   1.6406458e+02
   8.1164134e+01   8.7448500e+01   1.6846756e+02   2.2261670e+02   8.3319545e+01   1.6403094e+02
   8.1039736e+01   8.7330060e+01   1.6783821e+02   2.2267417e+02   8.2963872e+01   1.6420895e+02
   8.0824931e+01   8.7238251e+01   1.6756033e+02   2.2282590e+02   8.2930232e+01   1.6424399e+02
   8.0602416e+01   8.7040616e+01   1.6750987e+02   2.2258306e+02   8.2924275e+01   1.6402148e+02
   8.0631501e+01   8.7347230e+01   1.6809822e+02   2.2216151e+02   8.3558879e+01   1.6426572e+02
   8.1248584e+01   8.7362298e+01   1.6849454e+02   2.2200487e+02   8.3347228e+01   1.6435578e+02
   8.1199876e+01   8.7402596e+01   1.6915683e+02   2.2165060e+02   8.3597074e+01   1.6409612e+02
   8.1707980e+01   8.7432031e+01   1.6947150e+02   2.2222984e+02   8.4472414e+01   1.6360448e+02
   8.1898256e+01   8.7314992e+01   1.7003147e+02   2.2281363e+02   8.4014420e+01   1.6435963e+02
   8.1644555e+01   8.7573949e+01   1.7006301e+02   2.2325165e+02   8.3608989e+01   1.6447492e+02
   8.1539430e+01   8.7819241e+01   1.6986923e+02   2.2376291e+02   8.3378064e+01   1.6462349e+02
   8.1754585e+01   8.7572197e+01   1.6910146e+02   2.2352182e+02   8.3371757e+01   1.6444969e+02
   8.1073726e+01   8.7287659e+01   1.6850330e+02   2.2360032e+02   8.2772545e+01   1.6456708e+02
   8.1267156e+01   8.7402245e+01   1.6876471e+02   2.2359892e+02   8.2941796e+01   1.6446406e+02
   8.1289933e+01   8.7460765e+01   1.6901036e+02   2.2425735e+02   8.3150294e+01   1.6450260e+02
   8.1816959e+01   8.7909648e+01   1.6956892e+02   2.2460356e+02   8.3441840e+01   1.6478434e+02
   8.1858308e+01   8.7987441e+01   1.7024382e+02   2.2515196e+02   8.3530495e+01   1.6495394e+02
   8.2081173e+01   8.7858137e+01   1.7006546e+02   2.2483659e+02   8.2896943e+01   1.6523357e+02
   8.1025018e+01   8.7211969e+01   1.6883270e+02   2.2379690e+02   8.2697205e+01   1.6446546e+02
   8.0303862e+01   8.7177979e+01   1.6789323e+02   2.2352708e+02   8.2887131e+01   1.6448683e+02
   7.9915600e+01   8.6931636e+01   1.6768999e+02   2.2281468e+02   8.2484152e+01   1.6417566e+02
   7.9635267e+01   8.7067598e+01   1.6614710e+02   2.2180548e+02   8.2745563e+01   1.6293799e+02
   7.9817484e+01   8.7209867e+01   1.6661701e+02   2.2193198e+02   8.2728743e+01   1.6324391e+02
   7.9957650e+01   8.7058837e+01   1.6651469e+02   2.2178726e+02   8.1661024e+01   1.6343523e+02
   8.0088005e+01   8.7277147e+01   1.6699231e+02   2.2155984e+02   8.2597337e+01   1.6274176e+02
   7.9890020e+01   8.7264181e+01   1.6731820e+02   2.2157176e+02   8.2953009e+01   1.6309077e+02
   8.0684414e+01   8.7270839e+01   1.6738022e+02   2.2235283e+02   8.2784809e+01   1.6348009e+02
   7.9939078e+01   8.7215123e+01   1.6700387e+02   2.2289738e+02   8.2625019e+01   1.6384207e+02
   7.9688881e+01   8.7179731e+01   1.6684198e+02   2.2185279e+02   8.2873114e+01   1.6319345e+02
   8.0494138e+01   8.7566941e+01   1.6692608e+02   2.2255958e+02   8.3266281e+01   1.6354561e+02
   8.0684414e+01   8.7819241e+01   1.6846266e+02   2.2311674e+02   8.3334262e+01   1.6403304e+02
   8.0847708e+01   8.7615299e+01   1.6856358e+02   2.2363781e+02   8.2844730e+01   1.6387115e+02
   8.0148277e+01   8.7256122e+01   1.6699336e+02   2.2273339e+02   8.1891948e+01   1.6377023e+02
   8.0209249e+01   8.7539258e+01   1.6747098e+02   2.2240960e+02   8.2621515e+01   1.6413712e+02
   8.0200138e+01   8.7601282e+01   1.6811469e+02   2.2236405e+02   8.3029400e+01   1.6406773e+02
   8.0804256e+01   8.7396639e+01   1.7009174e+02   2.2397316e+02   8.3531547e+01   1.6438872e+02
   8.0616783e+01   8.7355640e+01   1.6929209e+02   2.2279821e+02   8.3078458e+01   1.6410628e+02
   8.0401277e+01   8.7592872e+01   1.6863331e+02   2.2303860e+02   8.3403995e+01   1.6420650e+02
   8.0400927e+01   8.7526994e+01   1.6864627e+02   2.2364482e+02   8.3225633e+01   1.6465924e+02
   8.0409687e+01   8.7257523e+01   1.6857093e+02   2.2318998e+02   8.2247971e+01   1.6395735e+02
   8.0137063e+01   8.7528045e+01   1.6819634e+02   2.2289318e+02   8.2170529e+01   1.6434491e+02
   8.0055066e+01   8.7138382e+01   1.6803760e+02   2.2259778e+02   8.2463477e+01   1.6425240e+02
   8.0133910e+01   8.7529797e+01   1.6900475e+02   2.2352568e+02   8.3148191e+01   1.6484881e+02
   8.0667944e+01   8.7239302e+01   1.6970944e+02   2.2363010e+02   8.3604083e+01   1.6447982e+02
   8.0707191e+01   8.7162210e+01   1.6915893e+02   2.2310062e+02   8.3494052e+01   1.6447282e+02
   8.1191466e+01   8.7523139e+01   1.6814167e+02   2.2384911e+02   8.2857696e+01   1.6498618e+02
   8.0394269e+01   8.7301676e+01   1.6772643e+02   2.2299164e+02   8.2663916e+01   1.6444163e+02
   8.0052263e+01   8.7713065e+01   1.6768228e+02   2.2329055e+02   8.2639386e+01   1.6404215e+02
   7.9804869e+01   8.7551873e+01   1.6765600e+02   2.2279751e+02   8.2107805e+01   1.6394369e+02
   8.0473814e+01   8.7309735e+01   1.6727159e+02   2.2212822e+02   8.2168077e+01   1.6360834e+02
   8.0317528e+01   8.7446398e+01   1.6747799e+02   2.2162572e+02   8.2946001e+01   1.6367141e+02
   8.0362732e+01   8.7346179e+01   1.6808351e+02   2.2188433e+02   8.2960368e+01   1.6379020e+02
   8.0633954e+01   8.7635272e+01   1.6878118e+02   2.2299550e+02   8.3046921e+01   1.6455586e+02
   8.0738728e+01   8.7845872e+01   1.7000904e+02   2.2427627e+02   8.3156601e+01   1.6454255e+02
   8.0240436e+01   8.7744953e+01   1.6844934e+02   2.2431341e+02   8.2613806e+01   1.6410278e+02
   7.9657343e+01   8.7793660e+01   1.6754036e+02   2.2335818e+02   8.2670223e+01   1.6366125e+02
   7.9831500e+01   8.7681177e+01   1.6807439e+02   2.2375065e+02   8.2459272e+01   1.6432003e+02
   8.0977011e+01   8.7729534e+01   1.6819774e+02   2.2334206e+02   8.2433342e+01   1.6361500e+02
   8.0982618e+01   8.7681527e+01   1.6837786e+02   2.2309432e+02   8.2653053e+01   1.6348990e+02
   8.0495539e+01   8.8080651e+01   1.6785048e+02   2.2327618e+02   8.2117967e+01   1.6395560e+02
   7.9875302e+01   8.7268737e+01   1.6625328e+02   2.2321030e+02   8.1602505e+01   1.6408035e+02
   7.9721470e+01   8.7406450e+01   1.6572240e+02   2.2296711e+02   8.1410126e+01   1.6413607e+02
   7.9938027e+01   8.7655947e+01   1.6611311e+02   2.2323518e+02   8.2096592e+01   1.6435858e+02
   8.0118491e+01   8.7332162e+01   1.6705118e+02   2.2375555e+02   8.2351695e+01   1.6425170e+02
   7.9903686e+01   8.7551523e+01   1.6668955e+02   2.2351482e+02   8.1636495e+01   1.6370681e+02
   7.9570090e+01   8.7368956e+01   1.6604969e+02   2.2396755e+02   8.1229311e+01   1.6375096e+02
   8.0480471e+01   8.7493003e+01   1.6677435e+02   2.2448757e+02   8.1642802e+01   1.6454991e+02
   8.0171404e+01   8.7368605e+01   1.6787501e+02   2.2390693e+02   8.1966938e+01   1.6461298e+02
   8.0240436e+01   8.7569394e+01   1.6839993e+02   2.2293908e+02   8.2585072e+01   1.6424224e+02
   8.0169652e+01   8.7814335e+01   1.6896620e+02   2.2333085e+02   8.3127166e+01   1.6385994e+02
   8.0241487e+01   8.7818890e+01   1.6940703e+02   2.2362309e+02   8.3129969e+01   1.6423734e+02
   8.0533034e+01   8.7716569e+01   1.6868167e+02   2.2328634e+02   8.2700359e+01   1.6450400e+02
   7.9474426e+01   8.6693003e+01   1.6596384e+02   2.2257570e+02   8.1609513e+01   1.6399765e+02
   7.9124360e+01   8.7098434e+01   1.6467676e+02   2.2229221e+02   8.1132246e+01   1.6408771e+02
   7.8992253e+01   8.6585775e+01   1.6405687e+02   2.2291035e+02   8.1163433e+01   1.6480992e+02
   8.0390064e+01   8.7535404e+01   1.6395981e+02   2.2362905e+02   8.1259097e+01   1.6473668e+02
   8.1621427e+01   8.7545215e+01   1.6623541e+02   2.2382844e+02   8.2103249e+01   1.6450085e+02
   8.1743021e+01   8.7687835e+01   1.6698916e+02   2.2332769e+02   8.2773946e+01   1.6366090e+02
   8.1039035e+01   8.7369306e+01   1.6699161e+02   2.2374294e+02   8.2755024e+01   1.6443427e+02
   8.1711484e+01   8.7235097e+01   1.6685810e+02   2.2346541e+02   8.2749768e+01   1.6426712e+02
   8.1334786e+01   8.7469175e+01   1.6717698e+02   2.2372997e+02   8.2375523e+01   1.6412625e+02
   8.1409425e+01   8.7362648e+01   1.6648666e+02   2.2413050e+02   8.2748016e+01   1.6419564e+02
   8.0758352e+01   8.7126818e+01   1.6603392e+02   2.2348503e+02   8.2585072e+01   1.6383646e+02
   8.0839648e+01   8.6947055e+01   1.6588324e+02   2.2307294e+02   8.2546176e+01   1.6335078e+02
   8.0644817e+01   8.7379468e+01   1.6634544e+02   2.2208652e+02   8.2325413e+01   1.6401342e+02
   7.9826244e+01   8.7101588e+01   1.6640676e+02   2.2188923e+02   8.2429838e+01   1.6361605e+02
   8.1013805e+01   8.7165014e+01   1.6663418e+02   2.2275686e+02   8.2420026e+01   1.6376953e+02
   8.0827734e+01   8.7415211e+01   1.6736550e+02   2.2331473e+02   8.2652001e+01   1.6398434e+02
   8.1180954e+01   8.7455509e+01   1.6736305e+02   2.2391955e+02   8.2735751e+01   1.6462349e+02
   8.1779465e+01   8.7657348e+01   1.6855937e+02   2.2428608e+02   8.3048673e+01   1.6409402e+02
   8.1286429e+01   8.7839915e+01   1.6990532e+02   2.2481942e+02   8.3390679e+01   1.6428009e+02
   8.1960980e+01   8.7651742e+01   1.6923813e+02   2.2577640e+02   8.3036058e+01   1.6501491e+02
   8.1190765e+01   8.7667861e+01   1.6825731e+02   2.2509800e+02   8.2786561e+01   1.6483970e+02
   8.1288181e+01   8.7511575e+01   1.6869393e+02   2.2439716e+02   8.3044468e+01   1.6411259e+02
   8.1146613e+01   8.8038601e+01   1.6923638e+02   2.2373768e+02   8.3067245e+01   1.6353896e+02
   8.1011352e+01   8.7934528e+01   1.6881517e+02   2.2384841e+02   8.3077407e+01   1.6379441e+02
   8.1280472e+01   8.7735491e+01   1.6860037e+02   2.2360908e+02   8.2727341e+01   1.6420790e+02
   8.0925500e+01   8.7038513e+01   1.6709183e+02   2.2300286e+02   8.2643241e+01   1.6441850e+02
   8.1171492e+01   8.7180782e+01   1.6741666e+02   2.2272848e+02   8.3162909e+01   1.6422402e+02
   8.0818974e+01   8.7023445e+01   1.6705749e+02   2.2217202e+02   8.1962733e+01   1.6395700e+02
   8.0151430e+01   8.7231593e+01   1.6660650e+02   2.2220321e+02   8.2314551e+01   1.6290610e+02
   8.0387962e+01   8.7626161e+01   1.6680869e+02   2.2258446e+02   8.2280911e+01   1.6325161e+02
   8.0092210e+01   8.7243857e+01   1.6698039e+02   2.2287425e+02   8.2427385e+01   1.6341105e+02
   8.0205395e+01   8.7642281e+01   1.6633177e+02   2.2301267e+02   8.2428436e+01   1.6363917e+02
   8.1050949e+01   8.7414860e+01   1.6745241e+02   2.2360768e+02   8.2679684e+01   1.6357435e+02
   8.0659184e+01   8.7438689e+01   1.6710269e+02   2.2382038e+02   8.2316303e+01   1.6372573e+02
   8.0360979e+01   8.7833608e+01   1.6685179e+02   2.2347487e+02   8.2033166e+01   1.6413852e+02
   8.0645167e+01   8.7994799e+01   1.6743769e+02   2.2399138e+02   8.2684240e+01   1.6378039e+02
   8.1104563e+01   8.7793310e+01   1.6801623e+02   2.2503737e+02   8.2294226e+01   1.6402568e+02
   8.1242627e+01   8.7835710e+01   1.6581982e+02   2.2496554e+02   8.1770004e+01   1.6367807e+02
   8.0692824e+01   8.7918409e+01   1.6599117e+02   2.2419147e+02   8.1623530e+01   1.6398118e+02
   8.0454891e+01   8.7794712e+01   1.6567054e+02   2.2385262e+02   8.1714638e+01   1.6466589e+02
   8.0773069e+01   8.7574650e+01   1.6566108e+02   2.2320470e+02   8.1893350e+01   1.6387991e+02
   8.0082048e+01   8.7355290e+01   1.6630129e+02   2.2307574e+02   8.2206272e+01   1.6391846e+02
   7.9740392e+01   8.7402946e+01   1.6561237e+02   2.2269905e+02   8.1720595e+01   1.6335919e+02
   8.0074689e+01   8.7476183e+01   1.6587974e+02   2.2299970e+02   8.2205921e+01   1.6364373e+02
   7.9858833e+01   8.7506669e+01   1.6673650e+02   2.2344824e+02   8.2518142e+01   1.6392231e+02
   8.1086341e+01   8.7295018e+01   1.6767877e+02   2.2383615e+02   8.2650600e+01   1.6427413e+02
   8.0940568e+01   8.7364751e+01   1.6830252e+02   2.2434075e+02   8.2894139e+01   1.6460773e+02
   8.0764309e+01   8.7282403e+01   1.6789113e+02   2.2374083e+02   8.3036759e+01   1.6421386e+02
   8.1054453e+01   8.7590069e+01   1.6770295e+02   2.2291736e+02   8.3293263e+01   1.6393598e+02
   8.0993481e+01   8.7645434e+01   1.6729437e+02   2.2345069e+02   8.2102549e+01   1.6351653e+02
   8.1226157e+01   8.7168167e+01   1.6632336e+02   2.2315949e+02   8.1879333e+01   1.6377479e+02
   8.0867331e+01   8.7580958e+01   1.6629919e+02   2.2256519e+02   8.2491160e+01   1.6351478e+02
   8.0892561e+01   8.7581659e+01   1.6735008e+02   2.2214223e+02   8.2719632e+01   1.6416200e+02
   8.1679596e+01   8.7663656e+01   1.6760659e+02   2.2263772e+02   8.2482750e+01   1.6389883e+02
   8.1109118e+01   8.7516832e+01   1.6685670e+02   2.2313952e+02   8.2138642e+01   1.6307220e+02
   8.0761155e+01   8.7748457e+01   1.6700633e+02   2.2320014e+02   8.2855243e+01   1.6345416e+02
   8.0808111e+01   8.7665408e+01   1.6810208e+02   2.2335538e+02   8.3053929e+01   1.6364233e+02
   8.0602767e+01   8.7841317e+01   1.6856813e+02   2.2390062e+02   8.3105791e+01   1.6367246e+02
   8.1154322e+01   8.8072592e+01   1.6933239e+02   2.2443991e+02   8.3514376e+01   1.6383296e+02
   8.0946876e+01   8.7656998e+01   1.6917856e+02   2.2408249e+02   8.3816085e+01   1.6430567e+02
   8.0891510e+01   8.7484593e+01   1.6855306e+02   2.2413645e+02   8.3550819e+01   1.6405932e+02
   8.1580779e+01   8.8084156e+01   1.6780983e+02   2.2400540e+02   8.1948365e+01   1.6379896e+02
   8.0878895e+01   8.7593923e+01   1.6718013e+02   2.2351832e+02   8.1638247e+01   1.6411889e+02
   8.0599613e+01   8.7437287e+01   1.6714439e+02   2.2273339e+02   8.2191204e+01   1.6431758e+02
   8.0168951e+01   8.7182184e+01   1.6650979e+02   2.2200522e+02   8.2456820e+01   1.6406458e+02
   7.9778587e+01   8.7278548e+01   1.6658828e+02   2.2255432e+02   8.2753622e+01   1.6395175e+02
   8.0036844e+01   8.7829403e+01   1.6700177e+02   2.2295765e+02   8.2616259e+01   1.6344049e+02
   8.1226858e+01   8.7869701e+01   1.6827063e+02   2.2307014e+02   8.2765887e+01   1.6374500e+02
   8.1100008e+01   8.7428527e+01   1.6817707e+02   2.2222493e+02   8.2778151e+01   1.6333046e+02
   8.0420901e+01   8.7421168e+01   1.6536778e+02   2.2253645e+02   8.1905615e+01   1.6266817e+02
   8.0356774e+01   8.7387878e+01   1.6537969e+02   2.2348888e+02   8.2084677e+01   1.6322148e+02
   8.0578588e+01   8.7552924e+01   1.6737847e+02   2.2357894e+02   8.2663215e+01   1.6340650e+02
   8.1110870e+01   8.7987090e+01   1.6781894e+02   2.2396720e+02   8.2746964e+01   1.6358942e+02
   8.2127779e+01   8.7723928e+01   1.6929805e+02   2.2433794e+02   8.3366150e+01   1.6437890e+02
   8.2598388e+01   8.7757918e+01   1.7030620e+02   2.2416624e+02   8.3690986e+01   1.6396752e+02
   8.1743372e+01   8.7503866e+01   1.6939336e+02   2.2288442e+02   8.3413807e+01   1.6414097e+02
   8.1265054e+01   8.7559582e+01   1.6918556e+02   2.2325621e+02   8.3618800e+01   1.6380177e+02
   8.1388751e+01   8.7927169e+01   1.6838206e+02   2.2292997e+02   8.3590066e+01   1.6372538e+02
   8.1901410e+01   8.7720073e+01   1.6945398e+02   2.2340303e+02   8.3801718e+01   1.6424014e+02
   8.1623530e+01   8.7378768e+01   1.6868692e+02   2.2317806e+02   8.3170618e+01   1.6381543e+02
   8.0996284e+01   8.7140835e+01   1.6841465e+02   2.2196282e+02   8.3147140e+01   1.6387851e+02
   8.1064265e+01   8.7790156e+01   1.6763007e+02   2.2333961e+02   8.2511835e+01   1.6431268e+02
   8.0539341e+01   8.7531899e+01   1.6727509e+02   2.2368407e+02   8.1906316e+01   1.6451451e+02
   8.1057257e+01   8.7638426e+01   1.6784522e+02   2.2424018e+02   8.2577363e+01   1.6395595e+02
   8.1227559e+01   8.7524190e+01   1.6829691e+02   2.2381127e+02   8.2803381e+01   1.6394754e+02
   8.1500533e+01   8.7744602e+01   1.6955736e+02   2.2314443e+02   8.3309733e+01   1.6339318e+02
   8.1585685e+01   8.8064532e+01   1.7016498e+02   2.2327723e+02   8.3437285e+01   1.6411294e+02
   8.1926289e+01   8.7931024e+01   1.6980861e+02   2.2393567e+02   8.3515077e+01   1.6421316e+02
   8.1948015e+01   8.7730936e+01   1.6884076e+02   2.2359927e+02   8.2439299e+01   1.6386554e+02
   8.1233166e+01   8.7476884e+01   1.6615587e+02   2.2256519e+02   8.1211790e+01   1.6292608e+02
   8.0136713e+01   8.7459714e+01   1.6524513e+02   2.2274530e+02   8.0934961e+01   1.6304207e+02
   8.0529880e+01   8.7164663e+01   1.6540738e+02   2.2304771e+02   8.1385246e+01   1.6358626e+02
   8.1185509e+01   8.7824848e+01   1.6589270e+02   2.2342020e+02   8.1609863e+01   1.6387395e+02
   8.1382443e+01   8.7722526e+01   1.6709428e+02   2.2303930e+02   8.1668733e+01   1.6359012e+02
   8.0580340e+01   8.7591470e+01   1.6655849e+02   2.2324429e+02   8.1920332e+01   1.6411644e+02
   8.0783932e+01   8.7560283e+01   1.6654763e+02   2.2231254e+02   8.1790678e+01   1.6375762e+02
   8.0730318e+01   8.7397690e+01   1.6667063e+02   2.2273584e+02   8.2176136e+01   1.6382875e+02
   8.0654628e+01   8.7095982e+01   1.6571995e+02   2.2168249e+02   8.1689758e+01   1.6285319e+02
   8.0596459e+01   8.7286958e+01   1.6460702e+02   2.2225682e+02   8.2257433e+01   1.6238749e+02
   8.0664440e+01   8.7013634e+01   1.6671127e+02   2.2330246e+02   8.2273201e+01   1.6335218e+02
   8.1580428e+01   8.7721825e+01   1.6822858e+02   2.2408179e+02   8.2242014e+01   1.6427203e+02
   8.1498781e+01   8.7251216e+01   1.6826993e+02   2.2369703e+02   8.2463477e+01   1.6432914e+02
   8.1260148e+01   8.7286258e+01   1.6825766e+02   2.2323729e+02   8.2925677e+01   1.6360518e+02
   8.1014156e+01   8.7564138e+01   1.6839538e+02   2.2292927e+02   8.2530057e+01   1.6381964e+02
   8.0523573e+01   8.7660502e+01   1.6882989e+02   2.2408634e+02   8.3214770e+01   1.6414938e+02
   8.2133035e+01   8.8188580e+01   1.6986642e+02   2.2471429e+02   8.2829663e+01   1.6459091e+02
   8.1586035e+01   8.7772986e+01   1.6908535e+02   2.2486882e+02   8.3215471e+01   1.6444548e+02
   8.1553797e+01   8.7939434e+01   1.6843112e+02   2.2440102e+02   8.3180780e+01   1.6412555e+02
   8.1157125e+01   8.7875658e+01   1.6846055e+02   2.2417920e+02   8.2610302e+01   1.6413712e+02
   8.1214243e+01   8.7627213e+01   1.6944452e+02   2.2402467e+02   8.3163960e+01   1.6344119e+02
   8.1211440e+01   8.7990244e+01   1.6870199e+02   2.2368056e+02   8.3092825e+01   1.6390374e+02
   8.1815207e+01   8.7948544e+01   1.6930541e+02   2.2401591e+02   8.3079159e+01   1.6410943e+02
   8.1789627e+01   8.7659101e+01   1.6996209e+02   2.2408144e+02   8.3006272e+01   1.6454185e+02
   8.1178501e+01   8.7557830e+01   1.6930506e+02   2.2384526e+02   8.3008375e+01   1.6386064e+02
   8.1307804e+01   8.7614247e+01   1.6799029e+02   2.2317386e+02   8.2787613e+01   1.6393388e+02
   8.1315163e+01   8.7902290e+01   1.6793668e+02   2.2337325e+02   8.2855243e+01   1.6417917e+02
   8.1368777e+01   8.7441142e+01   1.6886248e+02   2.2428398e+02   8.2713324e+01   1.6405442e+02
   8.1126289e+01   8.7629315e+01   1.6919257e+02   2.2442975e+02   8.3065493e+01   1.6453449e+02
   8.0855767e+01   8.7225986e+01   1.6837821e+02   2.2392796e+02   8.3098081e+01   1.6363777e+02
   8.0433516e+01   8.7484593e+01   1.6755473e+02   2.2344789e+02   8.2923574e+01   1.6331995e+02
   8.0329092e+01   8.7332162e+01   1.6800957e+02   2.2351026e+02   8.3094227e+01   1.6373239e+02
   8.0733822e+01   8.7617051e+01   1.6817566e+02   2.2332139e+02   8.2961069e+01   1.6371311e+02
   8.0607322e+01   8.7938382e+01   1.6670637e+02   2.2384456e+02   8.1794533e+01   1.6371136e+02
   8.0086253e+01   8.7607589e+01   1.6604478e+02   2.2465086e+02   8.1311659e+01   1.6453694e+02
   8.0506753e+01   8.7432732e+01   1.6623891e+02   2.2435967e+02   8.1831326e+01   1.6359187e+02
   8.0863827e+01   8.7586915e+01   1.6788412e+02   2.2388240e+02   8.2602593e+01   1.6364548e+02
   8.0769214e+01   8.7893880e+01   1.6782069e+02   2.2436843e+02   8.2666018e+01   1.6364373e+02
   8.0408636e+01   8.7819241e+01   1.6835263e+02   2.2467224e+02   8.2506579e+01   1.6389533e+02
   8.0806008e+01   8.7894580e+01   1.6859546e+02   2.2442239e+02   8.2649899e+01   1.6343348e+02
   8.1847446e+01   8.7566591e+01   1.6885722e+02   2.2402958e+02   8.2534962e+01   1.6389813e+02
   8.1774559e+01   8.7349333e+01   1.6846441e+02   2.2390413e+02   8.2297731e+01   1.6393002e+02
   8.0929004e+01   8.7061290e+01   1.6685880e+02   2.2349274e+02   8.2163521e+01   1.6413291e+02
   8.0650774e+01   8.7386477e+01   1.6581141e+02   2.2334872e+02   8.2188401e+01   1.6399625e+02
   8.0642364e+01   8.7724628e+01   1.6601780e+02   2.2406182e+02   8.1945913e+01   1.6396997e+02
   8.0467856e+01   8.7647186e+01   1.6660019e+02   2.2393987e+02   8.2478896e+01   1.6342157e+02
   8.0734173e+01   8.7229841e+01   1.6712897e+02   2.2231569e+02   8.2584021e+01   1.6262892e+02
   8.0925500e+01   8.7592872e+01   1.6705468e+02   2.2175257e+02   8.2158265e+01   1.6216638e+02
   8.0924799e+01   8.7721475e+01   1.6688824e+02   2.2219970e+02   8.2204520e+01   1.6294009e+02
   8.1084239e+01   8.7737944e+01   1.6797628e+02   2.2246707e+02   8.2413718e+01   1.6320501e+02
   8.1327778e+01   8.7671015e+01   1.6840063e+02   2.2306138e+02   8.2659010e+01   1.6332730e+02
   8.1596547e+01   8.7628264e+01   1.6855867e+02   2.2330912e+02   8.2938992e+01   1.6366511e+02
   8.2504126e+01   8.7491602e+01   1.6906187e+02   2.2379585e+02   8.2483101e+01   1.6430672e+02
   8.2303688e+01   8.7548719e+01   1.6936042e+02   2.2423142e+02   8.2553885e+01   1.6419634e+02
   8.1620726e+01   8.7210217e+01   1.6765985e+02   2.2257290e+02   8.2906404e+01   1.6353370e+02
   8.0846656e+01   8.7441492e+01   1.6790094e+02   2.2270886e+02   8.2867157e+01   1.6334062e+02
   8.0934261e+01   8.7226336e+01   1.6870970e+02   2.2280627e+02   8.2511485e+01   1.6415534e+02
   8.0958790e+01   8.7492302e+01   1.6799345e+02   2.2330246e+02   8.2321909e+01   1.6510006e+02
   8.1001541e+01   8.7477234e+01   1.6820370e+02   2.2332594e+02   8.3169917e+01   1.6445915e+02
   8.0974558e+01   8.7711663e+01   1.6854290e+02   2.2345174e+02   8.3366500e+01   1.6411784e+02
   8.1295890e+01   8.7799618e+01   1.6887299e+02   2.2349905e+02   8.3588664e+01   1.6362971e+02
   8.2049986e+01   8.8084856e+01   1.6952792e+02   2.2434740e+02   8.3674867e+01   1.6372503e+02
   8.2103950e+01   8.8158444e+01   1.6989516e+02   2.2357474e+02   8.3553272e+01   1.6364268e+02
   8.1896153e+01   8.7720423e+01   1.7027115e+02   2.2360627e+02   8.3523137e+01   1.6395175e+02
   8.1374734e+01   8.7234746e+01   1.6923392e+02   2.2372682e+02   8.2536364e+01   1.6414483e+02
   8.1589539e+01   8.7101588e+01   1.6776708e+02   2.2334416e+02   8.1333385e+01   1.6306414e+02
   8.0914287e+01   8.7540660e+01   1.6747028e+02   2.2260233e+02   8.2332772e+01   1.6281675e+02
   8.1524011e+01   8.7511225e+01   1.6779196e+02   2.2298884e+02   8.2840876e+01   1.6313983e+02
   8.2029312e+01   8.7172022e+01   1.6744750e+02   2.2355687e+02   8.2096942e+01   1.6331749e+02
   8.1373683e+01   8.7371409e+01   1.6762236e+02   2.2369983e+02   8.2176487e+01   1.6309533e+02
   8.0497642e+01   8.7341273e+01   1.6706555e+02   2.2411227e+02   8.2198913e+01   1.6328876e+02
   8.0781829e+01   8.7551523e+01   1.6747238e+02   2.2368091e+02   8.2031414e+01   1.6340685e+02
   8.0799000e+01   8.7471277e+01   1.6698600e+02   2.2321941e+02   8.2317704e+01   1.6305013e+02
   8.0841751e+01   8.7344777e+01   1.6752109e+02   2.2292471e+02   8.2433692e+01   1.6391741e+02
   8.0301759e+01   8.8015824e+01   1.6766301e+02   2.2358770e+02   8.2889233e+01   1.6370961e+02
   8.0821427e+01   8.7769482e+01   1.6782945e+02   2.2390868e+02   8.2840525e+01   1.6432144e+02
   8.1322171e+01   8.7876359e+01   1.6873948e+02   2.2458394e+02   8.2982795e+01   1.6409717e+02
   8.1283626e+01   8.7888273e+01   1.6933659e+02   2.2431096e+02   8.2843679e+01   1.6406318e+02
   8.1412579e+01   8.7973424e+01   1.6962814e+02   2.2423247e+02   8.2863653e+01   1.6374745e+02
   8.1617572e+01   8.7859188e+01   1.6943436e+02   2.2445428e+02   8.2936189e+01   1.6391986e+02
   8.1922785e+01   8.8061028e+01   1.7035315e+02   2.2443010e+02   8.2454016e+01   1.6363847e+02
   8.2517792e+01   8.7976578e+01   1.7030760e+02   2.2369318e+02   8.2808638e+01   1.6347027e+02
   8.1815908e+01   8.7420117e+01   1.6923357e+02   2.2414101e+02   8.1998825e+01   1.6363988e+02
   8.1159929e+01   8.7874607e+01   1.6785363e+02   2.2437509e+02   8.1232815e+01   1.6361815e+02
   8.0876091e+01   8.7891076e+01   1.6777374e+02   2.2424368e+02   8.1872676e+01   1.6348639e+02
   8.0887655e+01   8.7844120e+01   1.6890909e+02   2.2464841e+02   8.2742058e+01   1.6382384e+02
   8.0704738e+01   8.7817489e+01   1.6922516e+02   2.2503983e+02   8.3046921e+01   1.6418092e+02
   8.1285027e+01   8.8088711e+01   1.6890278e+02   2.2517544e+02   8.3004520e+01   1.6447982e+02
   8.1254191e+01   8.8102377e+01   1.6888806e+02   2.2539480e+02   8.2914814e+01   1.6440519e+02
   8.1047095e+01   8.7681878e+01   1.6832284e+02   2.2402747e+02   8.2555987e+01   1.6340580e+02
