id	length	fscore	recall	precision
0	8	80.0	80.0	80.0
1	40	87.1	87.1	87.1
2	31	92.68	90.48	95.0
3	35	95.45	100.0	91.3
4	26	97.78	95.65	100.0
5	17	91.67	91.67	91.67
6	30	84.85	82.35	87.5
7	6	100.0	100.0	100.0
8	7	75.0	75.0	75.0
9	36	97.78	95.65	100.0
10	25	82.61	86.36	79.17
11	16	100.0	100.0	100.0
12	17	100.0	100.0	100.0
13	28	100.0	100.0	100.0
14	42	69.23	66.67	72.0
15	15	100.0	100.0	100.0
16	13	100.0	100.0	100.0
17	8	100.0	100.0	100.0
18	23	90.91	93.75	88.24
19	33	81.82	78.26	85.71
20	9	100.0	100.0	100.0
21	37	89.66	92.86	86.67
22	28	78.95	75.0	83.33
23	24	71.43	66.67	76.92
24	26	91.43	88.89	94.12
25	13	80.0	76.92	83.33
26	28	100.0	100.0	100.0
27	22	77.42	80.0	75.0
28	12	100.0	100.0	100.0
29	4	100.0	100.0	100.0
30	22	97.14	94.44	100.0
31	47	93.33	91.3	95.45
32	5	100.0	100.0	100.0
33	24	95.0	95.0	95.0
34	28	94.34	92.59	96.15
35	24	100.0	100.0	100.0
36	17	100.0	100.0	100.0
37	17	91.67	84.62	100.0
38	38	85.71	84.0	87.5
39	21	100.0	100.0	100.0
40	33	94.92	90.32	100.0
41	15	94.74	100.0	90.0
42	34	90.32	90.32	90.32
43	12	92.31	85.71	100.0
44	12	100.0	100.0	100.0
45	36	66.67	68.0	65.38
46	30	92.68	95.0	90.48
47	31	78.43	76.92	80.0
48	18	100.0	100.0	100.0
49	5	100.0	100.0	100.0
50	15	94.74	100.0	90.0
51	22	96.0	100.0	92.31
52	26	89.47	89.47	89.47
53	16	84.21	80.0	88.89
54	25	87.5	87.5	87.5
55	48	98.11	100.0	96.3
56	28	76.6	75.0	78.26
57	28	78.95	78.95	78.95
58	8	83.33	83.33	83.33
59	23	94.74	94.74	94.74
60	24	66.67	63.16	70.59
61	18	87.5	82.35	93.33
62	18	89.66	86.67	92.86
63	25	100.0	100.0	100.0
64	34	86.79	88.46	85.19
65	19	80.0	75.0	85.71
66	27	73.08	76.0	70.37
67	28	60.0	52.94	69.23
68	34	94.34	96.15	92.59
69	38	87.1	87.1	87.1
70	13	100.0	100.0	100.0
71	14	91.67	100.0	84.62
72	23	88.89	92.31	85.71
73	28	89.36	91.3	87.5
74	6	100.0	100.0	100.0
75	26	65.12	63.64	66.67
76	16	92.31	85.71	100.0
77	33	97.14	100.0	94.44
78	14	66.67	72.73	61.54
79	26	87.18	89.47	85.0
80	16	94.12	88.89	100.0
81	16	86.96	90.91	83.33
82	25	95.83	92.0	100.0
83	20	74.07	71.43	76.92
84	41	90.62	93.55	87.88
85	22	80.0	80.0	80.0
86	26	82.05	84.21	80.0
87	30	52.63	55.56	50.0
88	8	100.0	100.0	100.0
89	2	100.0	100.0	100.0
90	19	84.21	84.21	84.21
91	25	77.27	73.91	80.95
92	33	89.29	89.29	89.29
93	20	66.67	66.67	66.67
94	32	97.96	100.0	96.0
95	28	100.0	100.0	100.0
96	32	92.68	90.48	95.0
97	33	96.15	96.15	96.15
98	33	93.62	95.65	91.67
99	9	100.0	100.0	100.0
100	8	100.0	100.0	100.0
101	23	88.89	88.89	88.89
102	21	100.0	100.0	100.0
103	39	93.94	93.94	93.94
104	26	100.0	100.0	100.0
105	20	80.0	72.73	88.89
106	37	87.8	90.0	85.71
107	25	94.74	94.74	94.74
108	53	75.36	76.47	74.29
109	23	100.0	100.0	100.0
110	34	96.0	96.0	96.0
111	11	100.0	100.0	100.0
112	46	93.51	92.31	94.74
113	24	88.89	86.96	90.91
114	27	97.78	100.0	95.65
115	55	68.75	66.67	70.97
116	26	90.91	90.91	90.91
117	31	100.0	100.0	100.0
118	26	92.68	86.36	100.0
119	14	95.24	100.0	90.91
120	21	100.0	100.0	100.0
121	21	88.89	88.89	88.89
122	17	76.19	72.73	80.0
123	36	100.0	100.0	100.0
124	15	100.0	100.0	100.0
125	17	100.0	100.0	100.0
126	30	96.15	96.15	96.15
127	15	95.24	90.91	100.0
128	11	95.24	100.0	90.91
129	20	88.89	92.31	85.71
130	31	94.12	96.0	92.31
131	17	100.0	100.0	100.0
132	19	100.0	100.0	100.0
133	35	86.27	88.0	84.62
134	18	78.57	78.57	78.57
135	28	89.47	89.47	89.47
136	36	83.64	85.19	82.14
137	9	83.33	83.33	83.33
138	6	100.0	100.0	100.0
139	6	100.0	100.0	100.0
140	14	90.0	90.0	90.0
141	25	100.0	100.0	100.0
142	21	81.25	81.25	81.25
143	8	100.0	100.0	100.0
144	16	89.66	92.86	86.67
145	19	92.86	86.67	100.0
146	32	78.95	88.24	71.43
147	32	70.0	66.67	73.68
148	26	97.44	95.0	100.0
149	26	93.33	93.33	93.33
150	11	93.33	87.5	100.0
151	27	97.44	100.0	95.0
152	19	75.0	80.0	70.59
153	16	100.0	100.0	100.0
154	19	85.71	85.71	85.71
155	20	94.12	94.12	94.12
156	22	100.0	100.0	100.0
157	30	85.71	93.75	78.95
158	12	92.31	92.31	92.31
159	27	94.74	94.74	94.74
160	29	97.96	96.0	100.0
161	21	100.0	100.0	100.0
162	21	97.44	100.0	95.0
163	28	94.92	93.33	96.55
164	16	100.0	100.0	100.0
165	11	100.0	100.0	100.0
166	9	87.5	87.5	87.5
167	10	100.0	100.0	100.0
168	20	80.0	77.78	82.35
169	13	88.89	88.89	88.89
170	9	85.71	85.71	85.71
171	20	95.65	91.67	100.0
172	16	75.0	69.23	81.82
173	16	100.0	100.0	100.0
174	27	100.0	100.0	100.0
175	21	94.74	94.74	94.74
176	19	100.0	100.0	100.0
177	32	95.24	95.24	95.24
178	10	92.31	100.0	85.71
179	13	94.74	90.0	100.0
180	23	93.02	90.91	95.24
181	20	100.0	100.0	100.0
182	37	93.88	95.83	92.0
183	30	93.88	92.0	95.83
184	12	100.0	100.0	100.0
185	18	93.75	93.75	93.75
186	29	92.86	92.86	92.86
187	17	90.32	93.33	87.5
188	21	96.97	94.12	100.0
189	26	100.0	100.0	100.0
190	43	100.0	100.0	100.0
191	15	100.0	100.0	100.0
192	31	80.0	81.48	78.57
193	17	100.0	100.0	100.0
194	41	92.75	91.43	94.12
195	42	94.44	94.44	94.44
196	66	89.29	92.59	86.21
197	55	85.45	85.45	85.45
198	12	70.0	70.0	70.0
199	23	78.79	76.47	81.25
200	11	100.0	100.0	100.0
201	39	96.43	96.43	96.43
202	26	78.05	76.19	80.0
203	15	96.55	100.0	93.33
204	36	90.91	92.59	89.29
205	14	100.0	100.0	100.0
206	29	84.44	86.36	82.61
207	34	82.35	80.77	84.0
208	25	97.67	95.45	100.0
209	24	88.37	86.36	90.48
210	25	73.17	68.18	78.95
211	22	95.24	95.24	95.24
212	27	87.5	87.5	87.5
213	37	87.67	88.89	86.49
214	40	77.97	79.31	76.67
215	29	97.87	95.83	100.0
216	14	88.89	85.71	92.31
217	37	97.62	97.62	97.62
218	14	100.0	100.0	100.0
219	32	92.0	92.0	92.0
220	45	90.62	90.62	90.62
221	22	73.33	73.33	73.33
222	36	84.93	88.57	81.58
223	16	86.67	81.25	92.86
224	12	93.33	87.5	100.0
225	40	88.89	95.24	83.33
226	33	59.09	61.9	56.52
227	24	90.91	90.91	90.91
228	24	83.87	81.25	86.67
229	13	70.0	70.0	70.0
230	18	93.33	93.33	93.33
231	46	83.12	80.0	86.49
232	5	100.0	100.0	100.0
233	29	85.71	87.5	84.0
234	21	96.0	100.0	92.31
235	11	100.0	100.0	100.0
236	7	100.0	100.0	100.0
237	30	95.45	95.45	95.45
238	7	100.0	100.0	100.0
239	35	90.57	92.31	88.89
240	59	80.46	81.4	79.55
241	6	100.0	100.0	100.0
242	13	94.74	100.0	90.0
243	24	96.97	94.12	100.0
244	21	89.66	86.67	92.86
245	16	100.0	100.0	100.0
246	46	96.0	97.3	94.74
247	32	91.67	91.67	91.67
248	29	94.74	90.0	100.0
249	31	88.0	84.62	91.67
250	30	97.67	95.45	100.0
251	31	96.55	96.55	96.55
252	33	83.64	82.14	85.19
253	20	78.79	81.25	76.47
254	42	80.77	77.78	84.0
255	34	79.31	79.31	79.31
256	27	93.02	95.24	90.91
257	37	88.37	86.36	90.48
258	18	94.74	94.74	94.74
259	14	95.65	91.67	100.0
260	13	80.0	85.71	75.0
261	12	80.0	72.73	88.89
262	28	68.18	68.18	68.18
263	15	100.0	100.0	100.0
264	22	96.3	100.0	92.86
265	25	95.24	90.91	100.0
266	55	93.94	93.94	93.94
267	16	100.0	100.0	100.0
268	36	87.5	87.5	87.5
269	51	87.06	88.1	86.05
270	21	86.36	82.61	90.48
271	38	80.0	75.0	85.71
272	10	100.0	100.0	100.0
273	36	98.04	96.15	100.0
274	29	97.67	100.0	95.45
275	31	84.21	82.76	85.71
276	19	100.0	100.0	100.0
277	32	79.31	79.31	79.31
278	17	92.86	92.86	92.86
279	22	71.79	70.0	73.68
280	12	95.65	100.0	91.67
281	41	73.02	71.88	74.19
282	34	90.48	86.36	95.0
283	24	82.61	82.61	82.61
284	22	100.0	100.0	100.0
285	14	86.96	83.33	90.91
286	21	92.68	90.48	95.0
287	20	93.33	93.33	93.33
288	12	100.0	100.0	100.0
289	23	90.0	90.0	90.0
290	37	92.0	92.0	92.0
291	46	88.89	91.43	86.49
292	30	74.42	72.73	76.19
293	17	100.0	100.0	100.0
294	31	81.08	83.33	78.95
295	31	92.31	92.31	92.31
296	22	88.89	94.12	84.21
297	27	87.18	85.0	89.47
298	21	81.48	78.57	84.62
299	19	82.76	85.71	80.0
300	22	100.0	100.0	100.0
301	16	97.14	100.0	94.44
302	33	80.65	80.65	80.65
303	30	90.0	90.0	90.0
304	11	77.78	77.78	77.78
305	8	100.0	100.0	100.0
306	19	94.12	94.12	94.12
307	21	58.82	62.5	55.56
308	20	100.0	100.0	100.0
309	20	95.24	95.24	95.24
310	4	100.0	100.0	100.0
311	5	100.0	100.0	100.0
312	20	97.67	100.0	95.45
313	14	100.0	100.0	100.0
314	19	100.0	100.0	100.0
315	42	94.34	92.59	96.15
316	32	73.91	73.91	73.91
317	14	86.96	90.91	83.33
318	52	71.79	70.0	73.68
319	23	71.79	66.67	77.78
320	16	90.91	88.24	93.75
321	25	100.0	100.0	100.0
322	18	91.43	84.21	100.0
323	27	78.43	80.0	76.92
324	6	85.71	100.0	75.0
325	10	100.0	100.0	100.0
326	18	96.0	92.31	100.0
327	20	96.3	100.0	92.86
328	17	100.0	100.0	100.0
329	25	62.5	62.5	62.5
330	20	94.12	94.12	94.12
331	43	95.89	94.59	97.22
332	10	93.33	100.0	87.5
333	24	100.0	100.0	100.0
334	23	96.77	100.0	93.75
335	7	100.0	100.0	100.0
336	24	100.0	100.0	100.0
337	17	80.0	72.73	88.89
338	17	81.48	78.57	84.62
339	30	97.78	95.65	100.0
340	10	100.0	100.0	100.0
341	12	87.5	77.78	100.0
342	12	60.87	58.33	63.64
343	12	100.0	100.0	100.0
344	22	90.0	85.71	94.74
345	34	87.5	87.5	87.5
346	32	79.17	76.0	82.61
347	55	80.0	81.25	78.79
348	22	93.33	93.33	93.33
349	44	100.0	100.0	100.0
350	30	95.65	91.67	100.0
351	28	82.35	82.35	82.35
352	32	88.0	91.67	84.62
353	30	100.0	100.0	100.0
354	25	97.56	100.0	95.24
355	35	98.18	96.43	100.0
356	20	96.77	93.75	100.0
357	18	100.0	100.0	100.0
358	32	87.27	88.89	85.71
359	30	94.44	89.47	100.0
360	36	96.67	96.67	96.67
361	26	97.3	94.74	100.0
362	24	92.31	94.74	90.0
363	35	90.57	88.89	92.31
364	26	82.05	88.89	76.19
365	20	92.68	95.0	90.48
366	25	93.75	93.75	93.75
367	36	91.18	96.88	86.11
368	23	81.48	84.62	78.57
369	38	93.75	90.91	96.77
370	24	97.44	95.0	100.0
371	22	100.0	100.0	100.0
372	21	100.0	100.0	100.0
373	23	88.0	84.62	91.67
374	33	96.15	96.15	96.15
375	22	90.48	86.36	95.0
376	28	94.44	94.44	94.44
377	13	81.82	81.82	81.82
378	19	100.0	100.0	100.0
379	27	94.44	89.47	100.0
380	17	96.0	100.0	92.31
381	23	80.0	75.0	85.71
382	24	97.44	95.0	100.0
383	29	95.65	91.67	100.0
384	43	78.12	78.12	78.12
385	31	100.0	100.0	100.0
386	29	82.35	77.78	87.5
387	6	100.0	100.0	100.0
388	36	98.25	96.55	100.0
389	26	97.3	100.0	94.74
390	27	100.0	100.0	100.0
391	18	74.07	76.92	71.43
392	34	80.0	83.33	76.92
393	18	72.0	75.0	69.23
394	21	81.08	83.33	78.95
395	28	81.63	86.96	76.92
396	23	76.47	72.22	81.25
397	34	76.92	76.92	76.92
398	24	91.43	84.21	100.0
399	27	97.3	100.0	94.74
400	35	91.43	91.43	91.43
401	25	95.24	95.24	95.24
402	33	97.87	95.83	100.0
403	13	85.71	90.0	81.82
404	23	88.37	90.48	86.36
405	19	89.47	89.47	89.47
406	25	100.0	100.0	100.0
407	33	96.43	96.43	96.43
408	16	100.0	100.0	100.0
409	32	91.8	87.5	96.55
410	13	100.0	100.0	100.0
411	15	96.97	94.12	100.0
412	8	90.91	83.33	100.0
413	16	100.0	100.0	100.0
414	26	100.0	100.0	100.0
415	18	100.0	100.0	100.0
416	42	97.22	97.22	97.22
417	37	87.27	82.76	92.31
418	45	84.44	84.44	84.44
419	24	100.0	100.0	100.0
420	25	97.44	95.0	100.0
421	30	89.36	91.3	87.5
422	21	93.62	91.67	95.65
423	20	94.12	94.12	94.12
424	22	94.44	94.44	94.44
425	16	95.65	91.67	100.0
426	24	97.67	100.0	95.45
427	18	86.96	83.33	90.91
428	17	83.33	83.33	83.33
429	30	100.0	100.0	100.0
430	41	98.51	100.0	97.06
431	9	93.33	100.0	87.5
432	17	100.0	100.0	100.0
433	17	96.77	100.0	93.75
434	25	70.59	66.67	75.0
435	21	97.56	100.0	95.24
436	26	88.89	90.91	86.96
437	30	100.0	100.0	100.0
438	22	92.31	90.0	94.74
439	22	91.43	88.89	94.12
440	47	83.12	80.0	86.49
441	33	86.21	86.21	86.21
442	13	92.31	92.31	92.31
443	19	75.86	73.33	78.57
444	9	90.0	90.0	90.0
445	10	80.0	100.0	66.67
446	18	94.74	94.74	94.74
447	23	93.33	87.5	100.0
448	45	94.44	94.44	94.44
449	29	92.31	96.0	88.89
450	21	96.77	100.0	93.75
451	20	92.31	90.0	94.74
452	7	80.0	80.0	80.0
453	9	100.0	100.0	100.0
454	14	100.0	100.0	100.0
455	48	84.34	87.5	81.4
456	12	90.0	81.82	100.0
457	17	100.0	100.0	100.0
458	21	91.89	94.44	89.47
459	19	100.0	100.0	100.0
460	26	94.44	100.0	89.47
461	22	85.71	88.24	83.33
462	30	79.07	70.83	89.47
463	16	83.33	83.33	83.33
464	28	97.67	95.45	100.0
465	24	80.0	76.19	84.21
466	11	94.12	88.89	100.0
467	16	100.0	100.0	100.0
468	25	65.22	62.5	68.18
469	25	93.33	95.45	91.3
470	24	97.87	95.83	100.0
471	24	100.0	100.0	100.0
472	10	100.0	100.0	100.0
473	25	100.0	100.0	100.0
474	25	93.33	100.0	87.5
475	20	100.0	100.0	100.0
476	36	93.75	90.91	96.77
477	28	90.2	92.0	88.46
478	48	79.52	82.5	76.74
479	20	87.18	85.0	89.47
480	11	100.0	100.0	100.0
481	15	91.67	91.67	91.67
482	23	91.67	91.67	91.67
483	5	100.0	100.0	100.0
484	37	94.74	96.43	93.1
485	16	70.97	73.33	68.75
486	10	100.0	100.0	100.0
487	15	100.0	100.0	100.0
488	36	66.67	64.29	69.23
489	32	65.45	66.67	64.29
490	32	86.27	88.0	84.62
491	21	86.67	86.67	86.67
492	8	100.0	100.0	100.0
493	25	95.45	95.45	95.45
494	18	81.82	75.0	90.0
495	23	97.56	100.0	95.24
496	14	80.0	83.33	76.92
497	17	88.0	84.62	91.67
498	11	85.71	85.71	85.71
499	19	51.61	53.33	50.0
500	5	72.73	80.0	66.67
501	23	80.0	82.35	77.78
502	7	100.0	100.0	100.0
503	34	95.24	95.24	95.24
504	23	85.71	88.24	83.33
505	11	100.0	100.0	100.0
506	18	88.89	85.71	92.31
507	32	96.43	93.1	100.0
508	15	85.71	100.0	75.0
509	19	72.73	75.0	70.59
510	27	70.0	70.0	70.0
511	17	93.75	93.75	93.75
512	21	100.0	100.0	100.0
513	30	74.51	73.08	76.0
514	16	100.0	100.0	100.0
515	17	86.67	81.25	92.86
516	6	100.0	100.0	100.0
517	28	95.65	95.65	95.65
518	14	100.0	100.0	100.0
519	23	93.75	93.75	93.75
520	19	96.3	100.0	92.86
521	23	71.43	71.43	71.43
522	40	88.46	82.14	95.83
523	43	96.88	93.94	100.0
524	51	79.52	78.57	80.49
525	22	95.24	95.24	95.24
526	28	80.0	80.0	80.0
527	37	97.22	97.22	97.22
528	45	85.71	88.89	82.76
529	9	77.78	77.78	77.78
530	26	94.74	94.74	94.74
531	15	90.91	90.91	90.91
532	18	100.0	100.0	100.0
533	22	84.21	84.21	84.21
534	34	96.3	96.3	96.3
535	31	79.17	79.17	79.17
536	20	100.0	100.0	100.0
537	37	98.25	100.0	96.55
538	28	93.33	91.3	95.45
539	17	100.0	100.0	100.0
540	26	97.44	95.0	100.0
541	25	100.0	100.0	100.0
542	20	75.0	75.0	75.0
543	42	85.29	85.29	85.29
544	27	91.3	91.3	91.3
545	19	100.0	100.0	100.0
546	25	81.82	81.82	81.82
547	30	75.56	68.0	85.0
548	24	72.73	66.67	80.0
549	37	94.12	91.43	96.97
550	38	84.38	81.82	87.1
551	44	98.55	97.14	100.0
552	29	94.12	92.31	96.0
553	36	89.29	89.29	89.29
554	19	100.0	100.0	100.0
555	16	100.0	100.0	100.0
556	19	92.86	86.67	100.0
557	21	73.33	78.57	68.75
558	7	100.0	100.0	100.0
559	36	75.0	72.73	77.42
560	33	100.0	100.0	100.0
561	10	100.0	100.0	100.0
562	30	80.0	83.33	76.92
563	45	86.49	88.89	84.21
564	44	86.67	89.66	83.87
565	20	100.0	100.0	100.0
566	16	100.0	100.0	100.0
567	14	100.0	100.0	100.0
568	14	100.0	100.0	100.0
569	14	80.0	88.89	72.73
570	12	100.0	100.0	100.0
571	21	96.55	93.33	100.0
572	16	88.89	88.89	88.89
573	33	88.46	88.46	88.46
574	32	90.91	89.29	92.59
575	20	100.0	100.0	100.0
576	37	92.31	90.91	93.75
577	11	93.33	87.5	100.0
578	12	100.0	100.0	100.0
579	40	83.08	81.82	84.38
580	18	96.3	92.86	100.0
581	30	85.71	78.26	94.74
582	25	97.56	100.0	95.24
583	19	100.0	100.0	100.0
584	21	91.43	88.89	94.12
585	34	93.88	92.0	95.83
586	28	89.8	91.67	88.0
587	24	100.0	100.0	100.0
588	41	97.62	97.62	97.62
589	13	100.0	100.0	100.0
590	49	89.74	92.11	87.5
591	20	96.55	100.0	93.33
592	16	70.97	73.33	68.75
593	37	90.57	92.31	88.89
594	30	93.02	90.91	95.24
595	9	61.54	57.14	66.67
596	22	84.44	86.36	82.61
597	31	76.6	75.0	78.26
598	23	86.49	84.21	88.89
599	35	65.52	70.37	61.29
600	36	65.31	66.67	64.0
601	14	96.0	100.0	92.31
602	28	100.0	100.0	100.0
603	18	100.0	100.0	100.0
604	25	100.0	100.0	100.0
605	22	94.44	100.0	89.47
606	17	91.67	84.62	100.0
607	40	91.18	91.18	91.18
608	1	100.0	100.0	100.0
609	30	94.12	96.0	92.31
610	32	92.31	90.0	94.74
611	17	90.0	81.82	100.0
612	28	100.0	100.0	100.0
613	21	93.33	93.33	93.33
614	24	100.0	100.0	100.0
615	21	92.86	92.86	92.86
616	15	92.86	86.67	100.0
617	24	95.0	100.0	90.48
618	36	87.5	90.32	84.85
619	25	90.48	90.48	90.48
620	31	91.89	89.47	94.44
621	26	97.78	100.0	95.65
622	34	91.3	91.3	91.3
623	29	90.0	90.0	90.0
624	37	100.0	100.0	100.0
625	11	100.0	100.0	100.0
626	44	92.68	90.48	95.0
627	16	88.0	84.62	91.67
628	30	100.0	100.0	100.0
629	24	85.71	83.33	88.24
630	22	83.33	88.24	78.95
631	30	91.67	91.67	91.67
632	33	96.3	96.3	96.3
633	37	93.33	95.45	91.3
634	37	88.57	88.57	88.57
635	11	90.0	90.0	90.0
636	21	97.3	100.0	94.74
637	33	94.34	96.15	92.59
638	42	87.32	88.57	86.11
639	15	100.0	100.0	100.0
640	25	96.77	93.75	100.0
641	19	100.0	100.0	100.0
642	29	76.6	75.0	78.26
643	4	100.0	100.0	100.0
644	3	100.0	100.0	100.0
645	27	100.0	100.0	100.0
646	19	84.21	88.89	80.0
647	3	100.0	100.0	100.0
648	21	88.0	100.0	78.57
649	17	100.0	100.0	100.0
650	3	100.0	100.0	100.0
651	35	68.18	71.43	65.22
652	20	80.0	80.0	80.0
653	41	82.61	79.17	86.36
654	3	100.0	100.0	100.0
655	18	85.71	81.82	90.0
656	31	86.27	88.0	84.62
657	14	94.12	100.0	88.89
658	17	100.0	100.0	100.0
659	29	80.0	78.26	81.82
660	34	92.59	92.59	92.59
661	11	100.0	100.0	100.0
662	32	86.15	87.5	84.85
663	18	100.0	100.0	100.0
664	24	100.0	100.0	100.0
665	20	87.18	89.47	85.0
666	32	94.74	94.74	94.74
667	11	100.0	100.0	100.0
668	29	100.0	100.0	100.0
669	21	84.62	84.62	84.62
670	33	88.89	90.91	86.96
671	38	86.27	88.0	84.62
672	17	100.0	100.0	100.0
673	20	86.36	86.36	86.36
674	30	100.0	100.0	100.0
675	23	100.0	100.0	100.0
676	19	92.86	92.86	92.86
677	27	95.0	95.0	95.0
678	18	100.0	100.0	100.0
679	33	98.25	100.0	96.55
680	27	81.82	81.82	81.82
681	16	91.67	91.67	91.67
682	22	88.89	84.21	94.12
683	24	89.47	85.0	94.44
684	28	95.0	95.0	95.0
685	31	76.92	76.92	76.92
686	22	71.79	73.68	70.0
687	32	93.88	92.0	95.83
688	27	89.36	84.0	95.45
689	27	82.35	77.78	87.5
690	29	80.0	80.0	80.0
691	48	91.67	100.0	84.62
692	24	100.0	100.0	100.0
693	28	84.44	82.61	86.36
694	18	100.0	100.0	100.0
695	40	95.52	96.97	94.12
696	8	92.31	100.0	85.71
697	38	100.0	100.0	100.0
698	19	75.0	69.23	81.82
699	37	97.78	95.65	100.0
700	32	91.3	91.3	91.3
701	44	87.5	90.32	84.85
702	33	90.48	90.48	90.48
703	13	100.0	100.0	100.0
704	17	100.0	100.0	100.0
705	24	88.24	88.24	88.24
706	18	100.0	100.0	100.0
707	13	100.0	100.0	100.0
708	24	100.0	100.0	100.0
709	13	100.0	100.0	100.0
710	11	100.0	100.0	100.0
711	41	76.19	75.0	77.42
712	29	93.88	95.83	92.0
713	28	91.3	91.3	91.3
714	38	92.06	96.67	87.88
715	21	91.89	94.44	89.47
716	36	93.88	100.0	88.46
717	26	100.0	100.0	100.0
718	39	96.0	92.31	100.0
719	39	81.48	81.48	81.48
720	30	78.95	71.43	88.24
721	15	100.0	100.0	100.0
722	18	81.82	81.82	81.82
723	37	96.3	100.0	92.86
724	27	90.91	93.75	88.24
725	41	93.94	93.94	93.94
726	46	94.29	91.67	97.06
727	33	93.02	90.91	95.24
728	26	95.45	95.45	95.45
729	28	93.88	92.0	95.83
730	29	69.39	65.38	73.91
731	22	92.68	90.48	95.0
732	32	94.74	93.1	96.43
733	29	95.83	95.83	95.83
734	21	80.0	76.19	84.21
735	37	93.51	94.74	92.31
736	37	93.88	92.0	95.83
737	44	81.97	78.12	86.21
738	28	95.65	95.65	95.65
739	30	91.53	90.0	93.1
740	16	95.65	91.67	100.0
741	30	92.31	85.71	100.0
742	22	100.0	100.0	100.0
743	40	78.69	77.42	80.0
744	26	30.77	28.57	33.33
745	16	96.0	92.31	100.0
746	21	75.68	73.68	77.78
747	41	98.7	100.0	97.44
748	50	88.61	89.74	87.5
749	16	92.68	95.0	90.48
750	32	97.87	100.0	95.83
751	29	81.63	83.33	80.0
752	11	93.33	87.5	100.0
753	17	100.0	100.0	100.0
754	31	91.67	91.67	91.67
755	34	91.53	93.1	90.0
756	12	100.0	100.0	100.0
757	22	84.44	79.17	90.48
758	12	88.89	100.0	80.0
759	7	100.0	100.0	100.0
760	43	86.96	83.33	90.91
761	25	93.33	91.3	95.45
762	38	100.0	100.0	100.0
763	13	85.71	90.0	81.82
764	36	81.25	81.25	81.25
765	13	100.0	100.0	100.0
766	27	96.97	94.12	100.0
767	26	73.33	78.57	68.75
768	30	70.77	69.7	71.88
769	28	96.67	96.67	96.67
770	11	100.0	100.0	100.0
771	32	96.3	96.3	96.3
772	38	89.66	89.66	89.66
773	23	85.71	85.71	85.71
774	10	93.33	87.5	100.0
775	35	81.82	81.82	81.82
776	25	100.0	100.0	100.0
777	7	100.0	100.0	100.0
778	13	100.0	100.0	100.0
779	23	100.0	100.0	100.0
780	37	90.62	87.88	93.55
781	32	98.11	100.0	96.3
782	39	94.74	96.43	93.1
783	11	94.74	100.0	90.0
784	10	100.0	100.0	100.0
785	34	96.3	96.3	96.3
786	29	100.0	100.0	100.0
787	40	92.59	96.15	89.29
788	31	98.11	96.3	100.0
789	42	98.04	96.15	100.0
790	27	100.0	100.0	100.0
791	28	76.19	76.19	76.19
792	38	88.89	87.5	90.32
793	54	81.08	76.92	85.71
794	29	95.0	95.0	95.0
795	19	100.0	100.0	100.0
796	17	100.0	100.0	100.0
797	28	97.78	100.0	95.65
798	20	100.0	100.0	100.0
799	16	96.0	100.0	92.31
800	19	100.0	100.0	100.0
801	7	100.0	100.0	100.0
802	36	66.67	65.62	67.74
803	23	91.89	89.47	94.44
804	24	85.71	83.33	88.24
805	21	100.0	100.0	100.0
806	23	100.0	100.0	100.0
807	54	79.55	77.78	81.4
808	12	100.0	100.0	100.0
809	5	100.0	100.0	100.0
810	43	91.8	93.33	90.32
811	33	91.67	91.67	91.67
812	39	87.5	84.85	90.32
813	26	93.33	95.45	91.3
814	28	100.0	100.0	100.0
815	26	71.79	66.67	77.78
816	18	95.24	100.0	90.91
817	19	100.0	100.0	100.0
818	9	100.0	100.0	100.0
819	39	64.71	61.11	68.75
820	16	95.24	90.91	100.0
821	29	83.33	83.33	83.33
822	48	98.55	100.0	97.14
823	9	93.33	87.5	100.0
824	37	100.0	100.0	100.0
825	22	100.0	100.0	100.0
826	13	96.0	92.31	100.0
827	19	90.32	93.33	87.5
828	21	81.48	78.57	84.62
829	28	94.44	94.44	94.44
830	22	77.78	73.68	82.35
831	26	91.3	91.3	91.3
832	15	90.91	90.91	90.91
833	13	90.0	90.0	90.0
834	20	84.62	84.62	84.62
835	12	100.0	100.0	100.0
836	25	94.12	94.12	94.12
837	30	93.33	100.0	87.5
838	44	89.55	90.91	88.24
839	18	95.65	100.0	91.67
840	52	90.91	86.21	96.15
841	18	86.96	83.33	90.91
842	42	76.92	75.76	78.12
843	49	62.86	66.67	59.46
844	37	52.17	50.0	54.55
845	28	66.67	70.0	63.64
846	17	92.31	85.71	100.0
847	39	95.77	97.14	94.44
848	25	56.41	55.0	57.89
849	27	89.8	84.62	95.65
850	36	65.52	59.38	73.08
851	18	100.0	100.0	100.0
852	8	100.0	100.0	100.0
853	33	80.7	85.19	76.67
854	21	93.75	93.75	93.75
855	18	73.17	75.0	71.43
856	20	87.5	87.5	87.5
857	15	70.59	66.67	75.0
858	61	90.91	85.11	97.56
859	7	100.0	100.0	100.0
860	32	71.43	71.43	71.43
861	25	81.82	81.82	81.82
862	25	86.67	86.67	86.67
863	23	94.44	94.44	94.44
864	29	88.0	84.62	91.67
865	23	75.86	73.33	78.57
866	24	78.05	76.19	80.0
867	34	86.67	86.67	86.67
868	10	88.89	80.0	100.0
869	42	67.47	66.67	68.29
870	41	64.29	67.5	61.36
871	13	95.24	100.0	90.91
872	5	100.0	100.0	100.0
873	38	89.55	90.91	88.24
874	34	88.14	89.66	86.67
875	13	88.89	88.89	88.89
876	32	88.89	88.89	88.89
877	31	96.15	96.15	96.15
878	42	97.22	100.0	94.59
879	15	100.0	100.0	100.0
880	34	74.58	75.86	73.33
881	24	93.33	100.0	87.5
882	18	100.0	100.0	100.0
883	37	95.08	90.62	100.0
884	30	91.3	95.45	87.5
885	15	80.0	80.0	80.0
886	24	97.67	95.45	100.0
887	22	96.97	100.0	94.12
888	44	97.06	97.06	97.06
889	35	88.89	88.89	88.89
890	20	100.0	100.0	100.0
891	33	91.23	89.66	92.86
892	39	84.06	85.29	82.86
893	6	80.0	80.0	80.0
894	15	35.29	37.5	33.33
895	29	83.33	83.33	83.33
896	52	83.95	85.0	82.93
897	17	93.33	93.33	93.33
898	33	89.36	87.5	91.3
899	27	73.91	77.27	70.83
900	19	93.75	100.0	88.24
901	38	98.41	96.88	100.0
902	31	97.87	95.83	100.0
903	40	90.57	92.31	88.89
904	64	82.11	78.0	86.67
905	28	63.41	61.9	65.0
906	18	90.91	88.24	93.75
907	35	86.67	86.67	86.67
908	25	83.87	81.25	86.67
909	19	87.5	93.33	82.35
910	10	87.5	87.5	87.5
911	15	71.43	71.43	71.43
912	10	87.5	77.78	100.0
913	12	72.73	66.67	80.0
914	26	88.46	88.46	88.46
915	31	77.27	80.95	73.91
916	13	100.0	100.0	100.0
917	24	83.87	81.25	86.67
918	22	88.24	83.33	93.75
919	12	100.0	100.0	100.0
920	32	62.5	60.0	65.22
921	26	83.33	78.95	88.24
922	16	83.33	83.33	83.33
923	28	83.33	83.33	83.33
924	19	91.43	88.89	94.12
925	29	96.3	96.3	96.3
926	30	93.88	95.83	92.0
927	27	95.65	95.65	95.65
928	35	94.34	92.59	96.15
929	14	92.31	92.31	92.31
930	16	94.74	90.0	100.0
931	27	88.89	88.89	88.89
932	24	90.91	93.75	88.24
933	24	74.29	72.22	76.47
934	19	96.0	100.0	92.31
935	14	100.0	100.0	100.0
936	16	92.31	85.71	100.0
937	9	82.35	77.78	87.5
938	31	82.35	77.78	87.5
939	13	100.0	100.0	100.0
940	10	83.33	71.43	100.0
941	21	90.91	83.33	100.0
942	5	80.0	66.67	100.0
943	13	90.0	81.82	100.0
944	7	72.73	66.67	80.0
945	15	84.21	80.0	88.89
946	18	88.89	80.0	100.0
947	29	88.89	86.96	90.91
948	28	85.71	88.24	83.33
949	27	66.67	81.82	56.25
950	32	85.71	81.82	90.0
951	27	58.33	60.87	56.0
952	17	71.43	90.91	58.82
953	24	94.12	88.89	100.0
954	37	95.08	96.67	93.55
955	23	100.0	100.0	100.0
956	23	96.55	100.0	93.33
957	41	81.36	80.0	82.76
958	23	92.31	85.71	100.0
959	19	88.89	92.31	85.71
960	32	96.0	96.0	96.0
961	31	100.0	100.0	100.0
962	33	81.36	82.76	80.0
963	39	81.25	81.25	81.25
964	30	100.0	100.0	100.0
965	23	78.95	78.95	78.95
966	18	90.91	100.0	83.33
967	28	84.0	84.0	84.0
968	19	100.0	100.0	100.0
969	18	96.77	100.0	93.75
970	31	82.14	76.67	88.46
971	24	91.3	91.3	91.3
972	11	100.0	100.0	100.0
973	22	86.49	84.21	88.89
974	39	51.85	50.0	53.85
975	48	69.23	69.23	69.23
976	33	88.0	91.67	84.62
977	44	92.11	92.11	92.11
978	32	100.0	100.0	100.0
979	39	91.23	92.86	89.66
980	29	97.87	100.0	95.83
981	17	100.0	100.0	100.0
982	15	94.12	100.0	88.89
983	25	81.25	81.25	81.25
984	19	100.0	100.0	100.0
985	26	76.92	74.07	80.0
986	23	94.44	94.44	94.44
987	15	100.0	100.0	100.0
988	12	90.91	90.91	90.91
989	30	95.45	95.45	95.45
990	31	93.62	95.65	91.67
991	21	93.33	93.33	93.33
992	42	72.46	73.53	71.43
993	11	85.71	85.71	85.71
994	18	100.0	100.0	100.0
995	21	96.77	93.75	100.0
996	34	93.1	93.1	93.1
997	22	100.0	100.0	100.0
998	18	96.77	93.75	100.0
999	24	97.96	100.0	96.0
1000	28	100.0	100.0	100.0
1001	17	96.97	94.12	100.0
1002	21	97.14	100.0	94.44
1003	35	94.12	92.31	96.0
1004	17	100.0	100.0	100.0
1005	21	84.21	84.21	84.21
1006	13	100.0	100.0	100.0
1007	16	87.5	87.5	87.5
1008	16	90.91	83.33	100.0
1009	40	92.86	100.0	86.67
1010	56	76.19	75.0	77.42
1011	29	75.68	73.68	77.78
1012	17	76.19	72.73	80.0
1013	39	86.21	83.33	89.29
1014	67	71.84	71.15	72.55
1015	40	66.67	62.96	70.83
1016	31	92.68	86.36	100.0
1017	35	70.59	72.73	68.57
1018	43	90.2	92.0	88.46
1019	28	60.0	57.69	62.5
1020	21	96.97	100.0	94.12
1021	16	84.62	84.62	84.62
1022	14	88.89	88.89	88.89
1023	11	100.0	100.0	100.0
1024	20	56.25	60.0	52.94
1025	30	85.71	82.76	88.89
1026	11	100.0	100.0	100.0
1027	25	97.44	100.0	95.0
1028	28	100.0	100.0	100.0
1029	13	94.74	100.0	90.0
1030	29	86.27	88.0	84.62
1031	11	100.0	100.0	100.0
1032	21	100.0	100.0	100.0
1033	40	89.86	91.18	88.57
1034	18	81.48	84.62	78.57
1035	37	80.0	76.19	84.21
1036	18	80.0	75.0	85.71
1037	25	88.89	84.21	94.12
1038	14	94.74	90.0	100.0
1039	29	74.51	73.08	76.0
1040	21	83.87	86.67	81.25
1041	19	100.0	100.0	100.0
1042	12	100.0	100.0	100.0
1043	15	93.75	88.24	100.0
1044	34	72.73	71.43	74.07
1045	36	88.0	88.0	88.0
1046	9	100.0	100.0	100.0
1047	38	96.43	93.1	100.0
1048	35	78.43	80.0	76.92
1049	32	79.17	76.0	82.61
1050	38	98.46	100.0	96.97
1051	17	100.0	100.0	100.0
1052	18	88.24	100.0	78.95
1053	18	88.0	91.67	84.62
1054	47	78.48	79.49	77.5
1055	7	100.0	100.0	100.0
1056	20	91.89	89.47	94.44
1057	26	61.76	60.0	63.64
1058	20	68.75	61.11	78.57
1059	26	90.0	90.0	90.0
1060	37	90.91	89.29	92.59
1061	21	92.86	92.86	92.86
1062	9	100.0	100.0	100.0
1063	38	59.26	57.14	61.54
1064	15	100.0	100.0	100.0
1065	26	97.78	100.0	95.65
1066	11	100.0	100.0	100.0
1067	15	100.0	100.0	100.0
1068	28	66.67	65.38	68.0
1069	37	85.0	80.95	89.47
1070	10	80.0	75.0	85.71
1071	25	100.0	100.0	100.0
1072	37	89.29	86.21	92.59
1073	32	50.0	48.15	52.0
1074	19	88.0	84.62	91.67
1075	16	100.0	100.0	100.0
1076	28	89.8	88.0	91.67
1077	34	90.2	88.46	92.0
1078	7	100.0	100.0	100.0
1079	48	62.5	62.5	62.5
1080	18	100.0	100.0	100.0
1081	20	92.31	92.31	92.31
1082	26	68.09	72.73	64.0
1083	32	93.62	88.0	100.0
1084	35	90.62	85.29	96.67
1085	35	88.89	90.32	87.5
1086	19	96.3	100.0	92.86
1087	24	85.0	85.0	85.0
1088	18	96.77	93.75	100.0
1089	16	100.0	100.0	100.0
1090	17	100.0	100.0	100.0
1091	13	92.86	92.86	92.86
1092	45	92.96	94.29	91.67
1093	47	72.73	70.59	75.0
1094	28	98.18	100.0	96.43
1095	30	94.92	93.33	96.55
1096	11	100.0	100.0	100.0
1097	14	100.0	100.0	100.0
1098	18	86.96	90.91	83.33
1099	18	100.0	100.0	100.0
1100	3	100.0	100.0	100.0
1101	29	97.78	100.0	95.65
1102	46	90.91	92.11	89.74
1103	22	93.02	95.24	90.91
1104	25	86.49	84.21	88.89
1105	30	96.15	96.15	96.15
1106	37	91.89	89.47	94.44
1107	16	100.0	100.0	100.0
1108	17	100.0	100.0	100.0
1109	18	100.0	100.0	100.0
1110	13	72.73	66.67	80.0
1111	28	95.45	100.0	91.3
1112	42	90.62	90.62	90.62
1113	25	93.02	90.91	95.24
1114	38	91.18	93.94	88.57
1115	34	92.86	96.3	89.66
1116	45	96.67	96.67	96.67
1117	6	88.89	80.0	100.0
1118	44	88.61	87.5	89.74
1119	23	72.73	70.59	75.0
1120	26	83.72	81.82	85.71
1121	47	92.5	90.24	94.87
1122	29	94.44	100.0	89.47
1123	25	100.0	100.0	100.0
1124	32	88.52	90.0	87.1
1125	26	77.78	77.78	77.78
1126	15	82.35	87.5	77.78
1127	22	95.0	100.0	90.48
1128	29	80.0	78.57	81.48
1129	7	100.0	100.0	100.0
1130	13	85.71	85.71	85.71
1131	31	79.07	73.91	85.0
1132	13	83.33	76.92	90.91
1133	33	90.32	90.32	90.32
1134	22	100.0	100.0	100.0
1135	15	96.0	92.31	100.0
1136	12	87.5	87.5	87.5
1137	45	84.71	81.82	87.8
1138	16	100.0	100.0	100.0
1139	30	87.5	82.35	93.33
1140	15	100.0	100.0	100.0
1141	21	90.32	87.5	93.33
1142	18	83.87	76.47	92.86
1143	23	92.68	90.48	95.0
1144	20	100.0	100.0	100.0
1145	24	97.44	95.0	100.0
1146	25	100.0	100.0	100.0
1147	24	76.47	76.47	76.47
1148	5	100.0	100.0	100.0
1149	19	100.0	100.0	100.0
1150	25	93.02	90.91	95.24
1151	35	95.77	94.44	97.14
1152	26	95.24	95.24	95.24
1153	25	86.49	84.21	88.89
1154	30	82.76	82.76	82.76
1155	14	100.0	100.0	100.0
1156	14	85.71	80.0	92.31
1157	32	84.44	82.61	86.36
1158	20	71.43	76.92	66.67
1159	17	78.57	78.57	78.57
1160	11	100.0	100.0	100.0
1161	28	80.0	81.82	78.26
1162	27	69.57	69.57	69.57
1163	29	68.97	66.67	71.43
1164	18	89.66	86.67	92.86
1165	25	78.43	76.92	80.0
1166	25	95.45	91.3	100.0
1167	21	94.44	94.44	94.44
1168	39	98.46	100.0	96.97
1169	10	100.0	100.0	100.0
1170	26	94.44	94.44	94.44
1171	28	80.95	77.27	85.0
1172	54	87.64	84.78	90.7
1173	21	100.0	100.0	100.0
1174	26	95.24	90.91	100.0
1175	42	89.29	89.29	89.29
1176	34	94.55	96.3	92.86
1177	37	88.89	85.71	92.31
1178	39	98.41	100.0	96.88
1179	34	91.53	93.1	90.0
1180	38	86.57	85.29	87.88
1181	25	100.0	100.0	100.0
1182	45	96.0	94.74	97.3
1183	17	92.31	92.31	92.31
1184	47	92.96	94.29	91.67
1185	32	88.37	86.36	90.48
1186	19	76.47	76.47	76.47
1187	12	85.71	85.71	85.71
1188	23	82.93	77.27	89.47
1189	29	80.85	79.17	82.61
1190	18	100.0	100.0	100.0
1191	25	100.0	100.0	100.0
1192	30	88.89	88.89	88.89
1193	28	97.67	95.45	100.0
1194	22	85.0	85.0	85.0
1195	34	91.23	89.66	92.86
1196	36	96.15	92.59	100.0
1197	18	64.52	58.82	71.43
1198	34	87.5	91.3	84.0
1199	38	83.02	81.48	84.62
1200	24	91.43	84.21	100.0
1201	19	100.0	100.0	100.0
1202	21	100.0	100.0	100.0
1203	22	100.0	100.0	100.0
1204	13	100.0	100.0	100.0
1205	20	100.0	100.0	100.0
1206	17	100.0	100.0	100.0
1207	28	87.5	84.0	91.3
1208	18	100.0	100.0	100.0
1209	28	91.3	87.5	95.45
1210	30	75.68	70.0	82.35
1211	25	96.97	94.12	100.0
1212	18	100.0	100.0	100.0
1213	19	100.0	100.0	100.0
1214	21	93.33	93.33	93.33
1215	14	47.06	44.44	50.0
1216	24	90.32	87.5	93.33
1217	37	98.18	100.0	96.43
1218	12	87.5	77.78	100.0
1219	31	90.0	93.1	87.1
1220	20	90.91	93.75	88.24
1221	36	90.91	86.21	96.15
1222	26	85.71	78.95	93.75
1223	54	82.35	81.4	83.33
1224	33	93.33	96.55	90.32
1225	32	93.33	91.3	95.45
1226	12	88.0	91.67	84.62
1227	37	83.64	82.14	85.19
1228	14	96.97	100.0	94.12
1229	24	97.67	100.0	95.45
1230	24	96.0	92.31	100.0
1231	26	100.0	100.0	100.0
1232	28	100.0	100.0	100.0
1233	23	97.44	95.0	100.0
1234	20	100.0	100.0	100.0
1235	23	84.85	87.5	82.35
1236	30	88.89	90.91	86.96
1237	16	100.0	100.0	100.0
1238	44	82.67	81.58	83.78
1239	33	85.71	90.0	81.82
1240	18	96.0	100.0	92.31
1241	20	100.0	100.0	100.0
1242	40	89.66	86.67	92.86
1243	17	93.75	93.75	93.75
1244	18	100.0	100.0	100.0
1245	40	92.75	94.12	91.43
1246	35	96.67	100.0	93.55
1247	24	60.0	54.55	66.67
1248	15	96.3	100.0	92.86
1249	19	62.07	60.0	64.29
1250	32	90.2	92.0	88.46
1251	41	92.54	91.18	93.94
1252	22	94.44	100.0	89.47
1253	22	94.74	94.74	94.74
1254	31	96.88	96.88	96.88
1255	40	98.63	100.0	97.3
1256	40	92.0	85.19	100.0
1257	6	100.0	100.0	100.0
1258	43	85.71	82.76	88.89
1259	46	98.18	96.43	100.0
1260	23	88.89	88.89	88.89
1261	37	98.36	100.0	96.77
1262	15	100.0	100.0	100.0
1263	20	85.71	80.0	92.31
1264	23	58.06	52.94	64.29
1265	30	62.22	60.87	63.64
1266	20	81.25	86.67	76.47
1267	15	91.67	91.67	91.67
1268	51	78.26	77.14	79.41
1269	42	89.66	92.86	86.67
1270	31	95.45	95.45	95.45
1271	34	65.31	66.67	64.0
1272	29	90.0	90.0	90.0
1273	19	90.91	90.91	90.91
1274	24	85.0	89.47	80.95
1275	13	100.0	100.0	100.0
1276	34	100.0	100.0	100.0
1277	28	80.85	86.36	76.0
1278	14	100.0	100.0	100.0
1279	17	57.14	57.14	57.14
1280	34	91.67	91.67	91.67
1281	10	100.0	100.0	100.0
1282	21	96.0	92.31	100.0
1283	26	65.12	66.67	63.64
1284	12	50.0	44.44	57.14
1285	11	100.0	100.0	100.0
1286	40	81.36	85.71	77.42
1287	36	86.36	82.61	90.48
1288	35	69.23	72.0	66.67
1289	20	84.85	87.5	82.35
1290	19	83.33	76.92	90.91
1291	37	82.35	84.0	80.77
1292	13	100.0	100.0	100.0
1293	8	100.0	100.0	100.0
1294	22	72.22	65.0	81.25
1295	40	84.93	83.78	86.11
1296	32	100.0	100.0	100.0
1297	20	90.32	87.5	93.33
1298	29	74.51	76.0	73.08
1299	27	80.0	84.21	76.19
1300	27	93.75	93.75	93.75
1301	26	100.0	100.0	100.0
1302	11	100.0	100.0	100.0
1303	40	87.67	84.21	91.43
1304	27	100.0	100.0	100.0
1305	17	66.67	57.14	80.0
1306	50	90.14	91.43	88.89
1307	24	76.19	76.19	76.19
1308	29	97.87	100.0	95.83
1309	38	98.18	96.43	100.0
1310	24	87.18	89.47	85.0
1311	10	100.0	100.0	100.0
1312	25	91.89	94.44	89.47
1313	22	100.0	100.0	100.0
1314	22	81.82	75.0	90.0
1315	33	100.0	100.0	100.0
1316	31	68.42	72.22	65.0
1317	27	77.78	82.35	73.68
1318	25	77.78	73.68	82.35
1319	32	92.59	86.21	100.0
1320	34	100.0	100.0	100.0
1321	20	70.27	72.22	68.42
1322	39	85.29	80.56	90.62
1323	45	96.97	94.12	100.0
1324	21	92.86	86.67	100.0
1325	30	88.0	88.0	88.0
1326	17	100.0	100.0	100.0
1327	23	97.67	95.45	100.0
1328	24	100.0	100.0	100.0
1329	47	93.94	91.18	96.88
1330	9	100.0	100.0	100.0
1331	16	100.0	100.0	100.0
1332	38	70.37	70.37	70.37
1333	34	89.29	89.29	89.29
1334	19	100.0	100.0	100.0
1335	19	100.0	100.0	100.0
1336	15	100.0	100.0	100.0
1337	20	100.0	100.0	100.0
1338	34	90.57	92.31	88.89
1339	46	92.54	91.18	93.94
1340	24	82.76	85.71	80.0
1341	52	79.49	86.11	73.81
1342	30	93.33	96.55	90.32
1343	19	89.66	92.86	86.67
1344	32	74.07	74.07	74.07
1345	62	82.47	81.63	83.33
1346	25	76.19	84.21	69.57
1347	27	100.0	100.0	100.0
1348	46	67.65	69.7	65.71
1349	39	86.27	84.62	88.0
1350	19	85.71	85.71	85.71
1351	33	76.92	74.07	80.0
1352	9	90.91	100.0	83.33
1353	17	100.0	100.0	100.0
1354	38	93.1	93.1	93.1
1355	38	95.52	96.97	94.12
1356	13	100.0	100.0	100.0
1357	30	100.0	100.0	100.0
1358	43	78.12	78.12	78.12
1359	30	82.05	76.19	88.89
1360	33	97.3	94.74	100.0
1361	21	91.67	91.67	91.67
1362	30	96.0	96.0	96.0
1363	12	90.91	100.0	83.33
1364	39	100.0	100.0	100.0
1365	14	100.0	100.0	100.0
1366	18	91.67	91.67	91.67
1367	40	91.18	88.57	93.94
1368	41	72.46	73.53	71.43
1369	9	57.14	66.67	50.0
1370	20	97.44	100.0	95.0
1371	19	100.0	100.0	100.0
1372	24	93.02	95.24	90.91
1373	26	93.62	95.65	91.67
1374	7	85.71	75.0	100.0
1375	36	71.19	65.62	77.78
1376	27	94.74	94.74	94.74
1377	12	100.0	100.0	100.0
1378	18	96.55	100.0	93.33
1379	12	100.0	100.0	100.0
1380	43	86.96	90.91	83.33
1381	22	100.0	100.0	100.0
1382	25	88.37	86.36	90.48
1383	23	100.0	100.0	100.0
1384	8	84.21	88.89	80.0
1385	27	100.0	100.0	100.0
1386	28	50.0	45.45	55.56
1387	35	95.38	96.88	93.94
1388	13	100.0	100.0	100.0
1389	26	100.0	100.0	100.0
1390	12	100.0	100.0	100.0
1391	40	96.3	96.3	96.3
1392	24	82.93	77.27	89.47
1393	22	97.14	100.0	94.44
1394	24	100.0	100.0	100.0
1395	40	91.89	91.89	91.89
1396	9	100.0	100.0	100.0
1397	17	100.0	100.0	100.0
1398	10	92.31	85.71	100.0
1399	30	88.89	90.91	86.96
1400	23	100.0	100.0	100.0
1401	25	90.48	90.48	90.48
1402	9	87.5	100.0	77.78
1403	19	85.71	92.31	80.0
1404	13	100.0	100.0	100.0
1405	12	93.33	100.0	87.5
1406	16	92.31	85.71	100.0
1407	30	98.11	96.3	100.0
1408	26	85.11	80.0	90.91
1409	16	88.89	85.71	92.31
1410	33	80.85	76.0	86.36
1411	20	100.0	100.0	100.0
1412	27	82.93	80.95	85.0
1413	8	100.0	100.0	100.0
1414	33	90.0	87.1	93.1
1415	15	100.0	100.0	100.0
1416	6	44.44	40.0	50.0
1417	6	100.0	100.0	100.0
1418	8	75.0	75.0	75.0
1419	25	100.0	100.0	100.0
1420	11	94.12	100.0	88.89
1421	27	85.71	88.24	83.33
1422	21	88.24	88.24	88.24
1423	24	91.43	88.89	94.12
1424	26	73.68	73.68	73.68
1425	12	100.0	100.0	100.0
1426	26	93.62	95.65	91.67
1427	18	96.3	100.0	92.86
1428	19	100.0	100.0	100.0
1429	28	86.36	86.36	86.36
1430	29	94.74	94.74	94.74
1431	16	86.96	83.33	90.91
1432	5	85.71	75.0	100.0
1433	12	63.16	60.0	66.67
1434	15	100.0	100.0	100.0
1435	34	85.71	92.31	80.0
1436	14	93.33	100.0	87.5
1437	11	100.0	100.0	100.0
1438	24	97.96	100.0	96.0
1439	25	84.44	86.36	82.61
1440	10	88.89	88.89	88.89
1441	29	88.89	83.33	95.24
1442	17	100.0	100.0	100.0
1443	25	89.36	84.0	95.45
1444	19	86.49	88.89	84.21
1445	16	58.33	53.85	63.64
1446	6	100.0	100.0	100.0
1447	11	60.0	75.0	50.0
1448	19	34.48	33.33	35.71
1449	34	89.19	94.29	84.62
1450	17	91.89	94.44	89.47
1451	14	100.0	100.0	100.0
1452	20	100.0	100.0	100.0
1453	18	88.89	85.71	92.31
1454	18	100.0	100.0	100.0
1455	27	76.36	75.0	77.78
1456	32	100.0	100.0	100.0
1457	12	85.71	90.0	81.82
1458	12	95.24	100.0	90.91
1459	13	96.0	92.31	100.0
1460	22	89.47	89.47	89.47
1461	27	88.89	86.96	90.91
1462	3	100.0	100.0	100.0
1463	25	86.96	90.91	83.33
1464	28	87.18	85.0	89.47
1465	17	88.89	92.31	85.71
1466	21	96.97	94.12	100.0
1467	28	95.0	95.0	95.0
1468	17	88.89	92.31	85.71
1469	24	91.89	89.47	94.44
1470	13	100.0	100.0	100.0
1471	8	66.67	60.0	75.0
1472	16	78.79	81.25	76.47
1473	36	78.05	76.19	80.0
1474	31	94.74	94.74	94.74
1475	28	98.18	100.0	96.43
1476	31	87.27	88.89	85.71
1477	22	68.29	60.87	77.78
1478	27	88.37	86.36	90.48
1479	23	69.77	75.0	65.22
1480	24	85.71	88.24	83.33
1481	30	100.0	100.0	100.0
1482	19	83.33	76.92	90.91
1483	13	100.0	100.0	100.0
1484	13	60.0	54.55	66.67
1485	9	94.12	100.0	88.89
1486	11	100.0	100.0	100.0
1487	40	72.41	77.78	67.74
1488	21	88.24	83.33	93.75
1489	6	100.0	100.0	100.0
1490	19	80.0	82.35	77.78
1491	15	91.67	91.67	91.67
1492	43	77.42	77.42	77.42
1493	21	88.0	84.62	91.67
1494	22	76.92	76.92	76.92
1495	16	80.0	85.71	75.0
1496	34	88.89	85.71	92.31
1497	17	90.0	90.0	90.0
1498	2	100.0	100.0	100.0
1499	16	72.0	69.23	75.0
1500	16	69.57	80.0	61.54
1501	29	82.93	85.0	80.95
1502	40	64.52	64.52	64.52
1503	46	58.46	55.88	61.29
1504	19	74.29	81.25	68.42
1505	22	72.73	70.59	75.0
1506	17	83.87	81.25	86.67
1507	11	100.0	100.0	100.0
1508	30	92.31	94.74	90.0
1509	31	97.78	95.65	100.0
1510	31	95.24	95.24	95.24
1511	36	98.46	96.97	100.0
1512	24	100.0	100.0	100.0
1513	21	100.0	100.0	100.0
1514	12	88.89	92.31	85.71
1515	39	71.64	72.73	70.59
1516	39	81.36	82.76	80.0
1517	24	82.35	82.35	82.35
1518	17	84.62	78.57	91.67
1519	3	57.14	50.0	66.67
1520	37	47.89	45.95	50.0
1521	26	75.0	75.0	75.0
1522	34	97.96	96.0	100.0
1523	40	75.32	80.56	70.73
1524	35	64.79	62.16	67.65
1525	33	47.46	46.67	48.28
1526	10	100.0	100.0	100.0
1527	48	82.54	83.87	81.25
1528	11	58.33	63.64	53.85
1529	16	63.64	63.64	63.64
1530	19	92.86	92.86	92.86
1531	25	95.24	90.91	100.0
1532	56	90.91	89.74	92.11
1533	41	87.32	88.57	86.11
1534	26	87.8	90.0	85.71
1535	12	71.43	62.5	83.33
1536	26	95.24	95.24	95.24
1537	21	95.0	95.0	95.0
1538	33	76.6	72.0	81.82
1539	16	95.24	90.91	100.0
1540	46	81.69	82.86	80.56
1541	30	80.95	77.27	85.0
1542	24	84.44	79.17	90.48
1543	26	78.05	76.19	80.0
1544	36	82.35	84.85	80.0
1545	22	87.18	85.0	89.47
1546	23	100.0	100.0	100.0
1547	28	100.0	100.0	100.0
1548	21	96.3	92.86	100.0
1549	3	33.33	33.33	33.33
1550	18	82.76	80.0	85.71
1551	15	100.0	100.0	100.0
1552	4	33.33	25.0	50.0
1553	25	88.89	80.0	100.0
1554	25	100.0	100.0	100.0
1555	32	100.0	100.0	100.0
1556	22	84.85	87.5	82.35
1557	15	95.24	100.0	90.91
1558	29	95.24	95.24	95.24
1559	38	93.94	96.88	91.18
1560	20	75.68	73.68	77.78
1561	32	97.56	100.0	95.24
1562	36	77.14	77.14	77.14
1563	17	95.65	100.0	91.67
1564	14	66.67	69.23	64.29
1565	28	92.31	100.0	85.71
1566	22	78.95	83.33	75.0
1567	28	100.0	100.0	100.0
1568	18	100.0	100.0	100.0
1569	38	94.55	96.3	92.86
1570	24	70.27	72.22	68.42
1571	8	100.0	100.0	100.0
1572	32	95.45	100.0	91.3
1573	40	76.67	79.31	74.19
1574	31	66.67	68.18	65.22
1575	12	100.0	100.0	100.0
1576	15	100.0	100.0	100.0
1577	26	92.68	90.48	95.0
1578	20	94.44	94.44	94.44
1579	9	100.0	100.0	100.0
1580	22	97.3	100.0	94.74
1581	49	92.54	93.94	91.18
1582	13	100.0	100.0	100.0
1583	17	95.65	91.67	100.0
1584	35	71.43	71.43	71.43
1585	25	86.49	88.89	84.21
1586	18	92.86	92.86	92.86
1587	34	73.08	65.52	82.61
1588	44	96.0	97.3	94.74
1589	13	100.0	100.0	100.0
1590	28	88.89	86.96	90.91
1591	23	72.22	72.22	72.22
1592	33	89.8	88.0	91.67
1593	8	100.0	100.0	100.0
1594	12	95.24	90.91	100.0
1595	18	88.24	88.24	88.24
1596	28	100.0	100.0	100.0
1597	21	96.77	93.75	100.0
1598	31	93.75	93.75	93.75
1599	23	100.0	100.0	100.0
1600	27	91.89	94.44	89.47
1601	16	92.86	92.86	92.86
1602	19	100.0	100.0	100.0
1603	56	82.76	83.72	81.82
1604	23	83.87	81.25	86.67
1605	11	84.21	88.89	80.0
1606	34	50.79	48.48	53.33
1607	36	70.0	67.74	72.41
1608	27	66.67	72.22	61.9
1609	37	92.31	93.75	90.91
1610	23	54.55	52.94	56.25
1611	19	81.48	84.62	78.57
1612	17	63.64	63.64	63.64
1613	29	84.44	86.36	82.61
1614	16	40.0	38.46	41.67
1615	17	66.67	66.67	66.67
1616	26	87.5	84.0	91.3
1617	29	83.33	83.33	83.33
1618	12	100.0	100.0	100.0
1619	4	100.0	100.0	100.0
1620	24	80.0	85.71	75.0
1621	13	94.12	100.0	88.89
1622	23	82.76	85.71	80.0
1623	9	100.0	100.0	100.0
1624	42	89.29	89.29	89.29
1625	12	71.43	83.33	62.5
1626	19	85.71	85.71	85.71
1627	32	91.43	94.12	88.89
1628	8	100.0	100.0	100.0
1629	33	72.0	75.0	69.23
1630	23	80.0	80.0	80.0
1631	20	93.75	93.75	93.75
1632	40	78.12	83.33	73.53
1633	49	74.23	67.92	81.82
1634	25	75.0	71.43	78.95
1635	4	100.0	100.0	100.0
1636	21	94.44	94.44	94.44
1637	8	100.0	100.0	100.0
1638	2	100.0	100.0	100.0
1639	4	85.71	100.0	75.0
1640	16	100.0	100.0	100.0
1641	13	100.0	100.0	100.0
1642	36	88.14	89.66	86.67
1643	29	89.36	87.5	91.3
1644	11	100.0	100.0	100.0
1645	19	96.77	100.0	93.75
1646	12	100.0	100.0	100.0
1647	9	100.0	100.0	100.0
1648	28	95.0	90.48	100.0
1649	38	76.92	76.92	76.92
1650	22	93.75	93.75	93.75
1651	12	85.71	81.82	90.0
1652	20	88.37	90.48	86.36
1653	9	66.67	50.0	100.0
1654	21	76.92	71.43	83.33
1655	25	74.51	73.08	76.0
1656	3	100.0	100.0	100.0
1657	40	76.36	72.41	80.77
1658	17	100.0	100.0	100.0
1659	18	81.48	84.62	78.57
1660	11	100.0	100.0	100.0
1661	15	82.76	85.71	80.0
1662	8	92.31	85.71	100.0
1663	12	85.71	81.82	90.0
1664	30	97.96	100.0	96.0
1665	20	89.66	92.86	86.67
1666	3	100.0	100.0	100.0
1667	27	86.49	84.21	88.89
1668	14	100.0	100.0	100.0
1669	15	100.0	100.0	100.0
1670	15	87.5	87.5	87.5
1671	11	94.74	100.0	90.0
1672	20	84.62	78.57	91.67
1673	16	83.33	90.91	76.92
1674	23	85.71	88.24	83.33
1675	7	100.0	100.0	100.0
1676	18	88.0	84.62	91.67
1677	26	87.18	85.0	89.47
1678	3	100.0	100.0	100.0
1679	22	100.0	100.0	100.0
1680	20	100.0	100.0	100.0
1681	13	94.74	100.0	90.0
1682	9	90.91	83.33	100.0
1683	10	100.0	100.0	100.0
1684	21	96.55	100.0	93.33
1685	12	85.71	90.0	81.82
1686	11	100.0	100.0	100.0
1687	23	100.0	100.0	100.0
1688	14	100.0	100.0	100.0
1689	16	100.0	100.0	100.0
1690	15	81.82	90.0	75.0
1691	8	75.0	75.0	75.0
1692	19	91.67	91.67	91.67
1693	13	100.0	100.0	100.0
1694	9	100.0	100.0	100.0
1695	4	100.0	100.0	100.0
1696	14	100.0	100.0	100.0
1697	32	97.87	100.0	95.83
1698	25	98.04	96.15	100.0
1699	19	83.87	81.25	86.67
1700	13	80.0	72.73	88.89
1701	11	100.0	100.0	100.0
1702	9	100.0	100.0	100.0
1703	17	100.0	100.0	100.0
1704	24	91.43	88.89	94.12
1705	10	90.91	100.0	83.33
1706	20	76.47	76.47	76.47
1707	25	82.93	80.95	85.0
1708	26	92.68	90.48	95.0
1709	17	90.0	94.74	85.71
1710	4	0.0	0.0	0.0
1711	25	91.43	94.12	88.89
1712	18	100.0	100.0	100.0
1713	42	72.73	73.68	71.79
1714	13	90.91	90.91	90.91
1715	11	100.0	100.0	100.0
1716	19	82.35	77.78	87.5
1717	29	68.18	68.18	68.18
1718	3	100.0	100.0	100.0
1719	22	93.33	93.33	93.33
1720	16	100.0	100.0	100.0
1721	15	88.89	85.71	92.31
1722	25	100.0	100.0	100.0
1723	28	82.61	82.61	82.61
1724	24	92.31	90.0	94.74
1725	28	89.8	88.0	91.67
1726	3	66.67	100.0	50.0
1727	46	87.06	88.1	86.05
1728	23	96.77	93.75	100.0
1729	12	100.0	100.0	100.0
1730	17	92.31	100.0	85.71
1731	34	93.55	93.55	93.55
1732	20	92.31	94.74	90.0
1733	29	96.43	100.0	93.1
1734	3	100.0	100.0	100.0
1735	11	100.0	100.0	100.0
1736	34	95.83	95.83	95.83
1737	17	78.57	73.33	84.62
1738	25	100.0	100.0	100.0
1739	13	66.67	55.56	83.33
1740	4	100.0	100.0	100.0
1741	36	77.97	76.67	79.31
1742	38	95.08	93.55	96.67
1743	15	76.19	80.0	72.73
1744	14	100.0	100.0	100.0
1745	25	72.22	72.22	72.22
1746	18	72.73	80.0	66.67
1747	11	76.19	80.0	72.73
1748	17	78.57	84.62	73.33
1749	5	100.0	100.0	100.0
1750	30	93.55	93.55	93.55
1751	18	100.0	100.0	100.0
1752	12	94.12	88.89	100.0
1753	23	78.79	76.47	81.25
1754	14	100.0	100.0	100.0
1755	38	80.77	80.77	80.77
1756	16	100.0	100.0	100.0
1757	17	80.0	72.73	88.89
1758	15	52.17	46.15	60.0
1759	3	0.0	0.0	0.0
1760	23	88.0	91.67	84.62
1761	7	100.0	100.0	100.0
1762	7	100.0	100.0	100.0
1763	17	84.62	84.62	84.62
1764	12	81.48	84.62	78.57
1765	10	66.67	62.5	71.43
1766	17	82.76	85.71	80.0
1767	7	42.86	42.86	42.86
1768	12	83.33	83.33	83.33
1769	19	86.49	84.21	88.89
1770	21	84.21	84.21	84.21
1771	15	64.0	66.67	61.54
1772	21	43.48	41.67	45.45
1773	11	85.71	85.71	85.71
1774	39	58.18	61.54	55.17
1775	29	90.91	88.24	93.75
1776	10	100.0	100.0	100.0
1777	49	87.06	86.05	88.1
1778	17	100.0	100.0	100.0
1779	11	83.33	83.33	83.33
1780	8	100.0	100.0	100.0
1781	14	68.75	68.75	68.75
1782	10	85.71	85.71	85.71
1783	41	78.38	80.56	76.32
1784	21	100.0	100.0	100.0
1785	2	100.0	100.0	100.0
1786	4	85.71	100.0	75.0
1787	32	86.79	85.19	88.46
1788	28	92.31	90.0	94.74
1789	21	87.8	90.0	85.71
1790	43	92.06	90.62	93.55
1791	23	74.29	76.47	72.22
1792	33	93.88	95.83	92.0
1793	11	87.5	87.5	87.5
1794	48	91.89	89.47	94.44
1795	29	86.96	83.33	90.91
1796	53	77.78	79.55	76.09
1797	16	86.67	92.86	81.25
1798	48	93.51	97.3	90.0
1799	36	96.3	96.3	96.3
1800	19	96.0	100.0	92.31
1801	5	100.0	100.0	100.0
1802	5	85.71	100.0	75.0
1803	15	90.91	100.0	83.33
1804	4	66.67	50.0	100.0
1805	12	73.68	63.64	87.5
1806	20	71.43	71.43	71.43
1807	27	100.0	100.0	100.0
1808	24	100.0	100.0	100.0
1809	18	83.33	83.33	83.33
1810	28	87.18	89.47	85.0
1811	36	64.71	66.67	62.86
1812	20	88.89	88.89	88.89
1813	19	73.33	73.33	73.33
1814	33	90.91	90.91	90.91
1815	30	70.59	69.23	72.0
1816	28	97.78	100.0	95.65
1817	16	80.0	72.73	88.89
1818	25	66.67	68.75	64.71
1819	30	64.71	61.11	68.75
1820	14	100.0	100.0	100.0
1821	23	100.0	100.0	100.0
1822	32	64.71	64.71	64.71
1823	20	90.32	93.33	87.5
1824	13	100.0	100.0	100.0
1825	47	89.74	87.5	92.11
1826	17	96.55	100.0	93.33
1827	38	85.37	87.5	83.33
1828	39	90.41	91.67	89.19
1829	27	92.31	90.0	94.74
1830	22	77.27	73.91	80.95
1831	11	77.78	77.78	77.78
1832	26	85.0	77.27	94.44
1833	14	100.0	100.0	100.0
1834	31	84.62	81.48	88.0
1835	17	83.33	83.33	83.33
1836	16	97.3	100.0	94.74
1837	21	87.5	80.77	95.45
1838	12	100.0	100.0	100.0
1839	33	93.33	96.55	90.32
1840	13	100.0	100.0	100.0
1841	21	93.33	93.33	93.33
1842	29	96.77	96.77	96.77
1843	13	85.71	75.0	100.0
1844	25	95.65	95.65	95.65
1845	16	91.67	91.67	91.67
1846	18	100.0	100.0	100.0
1847	26	100.0	100.0	100.0
1848	20	90.0	85.71	94.74
1849	38	90.0	90.0	90.0
1850	12	100.0	100.0	100.0
1851	25	93.33	100.0	87.5
1852	19	100.0	100.0	100.0
1853	16	100.0	100.0	100.0
1854	25	100.0	100.0	100.0
1855	5	100.0	100.0	100.0
1856	21	94.12	94.12	94.12
1857	36	93.33	93.33	93.33
1858	17	100.0	100.0	100.0
1859	20	82.35	77.78	87.5
1860	28	80.0	77.78	82.35
1861	28	75.56	73.91	77.27
1862	17	80.0	82.35	77.78
1863	25	100.0	100.0	100.0
1864	22	83.87	86.67	81.25
1865	19	100.0	100.0	100.0
1866	23	97.67	100.0	95.45
1867	37	91.3	87.5	95.45
1868	7	100.0	100.0	100.0
1869	27	85.71	85.71	85.71
1870	20	100.0	100.0	100.0
1871	11	100.0	100.0	100.0
1872	5	100.0	100.0	100.0
1873	39	71.43	71.43	71.43
1874	12	100.0	100.0	100.0
1875	15	100.0	100.0	100.0
1876	9	100.0	100.0	100.0
1877	48	96.2	95.0	97.44
1878	7	100.0	100.0	100.0
1879	15	100.0	100.0	100.0
1880	24	100.0	100.0	100.0
1881	61	94.44	96.23	92.73
1882	6	50.0	100.0	33.33
1883	23	100.0	100.0	100.0
1884	3	100.0	100.0	100.0
1885	4	80.0	100.0	66.67
1886	14	100.0	100.0	100.0
1887	3	100.0	100.0	100.0
1888	22	76.47	72.22	81.25
1889	17	88.89	85.71	92.31
1890	10	100.0	100.0	100.0
1891	3	100.0	100.0	100.0
1892	3	66.67	100.0	50.0
1893	15	100.0	100.0	100.0
1894	3	100.0	100.0	100.0
1895	7	66.67	100.0	50.0
1896	11	100.0	100.0	100.0
1897	10	100.0	100.0	100.0
1898	56	98.51	100.0	97.06
1899	3	100.0	100.0	100.0
1900	15	100.0	100.0	100.0
1901	15	95.24	100.0	90.91
1902	4	100.0	100.0	100.0
1903	25	96.97	100.0	94.12
1904	28	82.93	80.95	85.0
1905	7	100.0	100.0	100.0
1906	7	100.0	100.0	100.0
1907	15	90.91	90.91	90.91
1908	3	100.0	100.0	100.0
1909	30	97.44	100.0	95.0
1910	12	100.0	100.0	100.0
1911	4	100.0	100.0	100.0
1912	60	96.0	96.0	96.0
1913	8	100.0	100.0	100.0
1914	24	100.0	100.0	100.0
1915	21	82.76	80.0	85.71
1916	4	100.0	100.0	100.0
1917	20	100.0	100.0	100.0
1918	15	100.0	100.0	100.0
1919	3	100.0	100.0	100.0
1920	34	100.0	100.0	100.0
1921	10	100.0	100.0	100.0
1922	11	100.0	100.0	100.0
1923	12	70.0	63.64	77.78
1924	20	94.12	88.89	100.0
1925	6	100.0	100.0	100.0
1926	9	100.0	100.0	100.0
1927	17	82.76	80.0	85.71
1928	19	100.0	100.0	100.0
1929	6	100.0	100.0	100.0
1930	6	66.67	100.0	50.0
1931	3	66.67	100.0	50.0
1932	20	100.0	100.0	100.0
1933	23	100.0	100.0	100.0
1934	8	87.5	87.5	87.5
1935	34	94.55	92.86	96.3
1936	21	94.44	94.44	94.44
1937	11	84.21	80.0	88.89
1938	17	100.0	100.0	100.0
1939	42	94.44	94.44	94.44
1940	20	96.97	94.12	100.0
1941	12	100.0	100.0	100.0
1942	29	97.96	100.0	96.0
1943	18	77.42	75.0	80.0
1944	7	90.91	100.0	83.33
1945	12	100.0	100.0	100.0
1946	8	100.0	100.0	100.0
1947	42	94.59	94.59	94.59
1948	14	73.68	77.78	70.0
1949	38	100.0	100.0	100.0
1950	29	63.64	63.64	63.64
1951	33	97.44	95.0	100.0
1952	25	100.0	100.0	100.0
1953	50	86.11	83.78	88.57
1954	38	91.43	91.43	91.43
1955	31	88.37	95.0	82.61
1956	23	88.24	83.33	93.75
1957	31	91.3	95.45	87.5
1958	23	88.89	85.71	92.31
1959	10	95.24	100.0	90.91
1960	23	100.0	100.0	100.0
1961	27	91.89	94.44	89.47
1962	22	94.12	94.12	94.12
1963	29	76.6	75.0	78.26
1964	34	85.71	91.3	80.77
1965	15	100.0	100.0	100.0
1966	44	94.74	97.3	92.31
1967	40	81.01	84.21	78.05
1968	21	82.05	80.0	84.21
1969	15	100.0	100.0	100.0
1970	22	97.44	95.0	100.0
1971	18	85.71	85.71	85.71
1972	18	96.77	93.75	100.0
1973	37	87.27	85.71	88.89
1974	6	72.73	80.0	66.67
1975	19	88.0	91.67	84.62
1976	15	100.0	100.0	100.0
1977	31	75.56	80.95	70.83
1978	23	81.48	78.57	84.62
1979	28	91.3	91.3	91.3
1980	22	90.91	93.75	88.24
1981	16	100.0	100.0	100.0
1982	52	81.58	83.78	79.49
1983	25	88.24	78.95	100.0
1984	33	87.32	88.57	86.11
1985	16	92.31	92.31	92.31
1986	25	80.95	85.0	77.27
1987	47	81.93	79.07	85.0
1988	22	85.71	83.33	88.24
1989	31	96.0	92.31	100.0
1990	33	88.46	82.14	95.83
1991	18	100.0	100.0	100.0
1992	16	95.0	95.0	95.0
1993	21	100.0	100.0	100.0
1994	17	83.33	83.33	83.33
1995	31	96.97	100.0	94.12
1996	42	90.62	93.55	87.88
1997	14	100.0	100.0	100.0
1998	11	100.0	100.0	100.0
1999	12	100.0	100.0	100.0
2000	25	75.56	73.91	77.27
2001	24	93.33	91.3	95.45
2002	3	100.0	100.0	100.0
2003	29	87.8	94.74	81.82
2004	19	100.0	100.0	100.0
2005	44	93.55	90.62	96.67
2006	26	100.0	100.0	100.0
2007	17	100.0	100.0	100.0
2008	45	90.0	90.0	90.0
2009	19	89.66	86.67	92.86
2010	21	100.0	100.0	100.0
2011	18	96.55	100.0	93.33
2012	27	89.8	91.67	88.0
2013	30	93.1	90.0	96.43
2014	23	96.97	100.0	94.12
2015	22	94.74	94.74	94.74
2016	28	92.68	95.0	90.48
2017	29	90.91	95.24	86.96
2018	50	90.62	93.55	87.88
2019	21	91.67	91.67	91.67
2020	53	97.87	95.83	100.0
2021	35	93.33	90.32	96.55
2022	29	92.59	92.59	92.59
2023	6	100.0	100.0	100.0
2024	11	100.0	100.0	100.0
2025	36	83.87	81.25	86.67
2026	14	77.42	75.0	80.0
2027	61	92.31	94.12	90.57
2028	34	96.3	96.3	96.3
2029	32	88.0	88.0	88.0
2030	51	86.57	80.56	93.55
2031	27	100.0	100.0	100.0
2032	38	92.06	87.88	96.67
2033	32	100.0	100.0	100.0
2034	21	95.0	95.0	95.0
2035	33	76.67	76.67	76.67
2036	39	100.0	100.0	100.0
2037	50	82.5	82.5	82.5
2038	50	94.12	91.43	96.97
2039	32	98.04	96.15	100.0
2040	20	94.74	90.0	100.0
2041	10	100.0	100.0	100.0
2042	42	100.0	100.0	100.0
2043	25	100.0	100.0	100.0
2044	38	87.5	87.5	87.5
2045	25	69.23	56.25	90.0
2046	9	90.91	83.33	100.0
2047	12	87.5	87.5	87.5
2048	7	100.0	100.0	100.0
2049	6	100.0	100.0	100.0
2050	12	100.0	100.0	100.0
2051	5	100.0	100.0	100.0
2052	10	100.0	100.0	100.0
2053	4	100.0	100.0	100.0
2054	14	100.0	100.0	100.0
2055	4	100.0	100.0	100.0
2056	18	85.71	85.71	85.71
2057	4	100.0	100.0	100.0
2058	12	100.0	100.0	100.0
2059	3	100.0	100.0	100.0
2060	10	100.0	100.0	100.0
2061	3	100.0	100.0	100.0
2062	9	100.0	100.0	100.0
2063	4	100.0	100.0	100.0
2064	9	100.0	100.0	100.0
2065	5	100.0	100.0	100.0
2066	11	100.0	100.0	100.0
2067	3	100.0	100.0	100.0
2068	8	100.0	100.0	100.0
2069	3	100.0	100.0	100.0
2070	9	100.0	100.0	100.0
2071	2	66.67	100.0	50.0
2072	18	76.19	72.73	80.0
2073	4	100.0	100.0	100.0
2074	19	70.0	70.0	70.0
2075	5	100.0	100.0	100.0
2076	19	72.73	72.73	72.73
2077	4	100.0	100.0	100.0
2078	39	76.47	72.22	81.25
2079	6	100.0	100.0	100.0
2080	14	100.0	100.0	100.0
2081	2	66.67	100.0	50.0
2082	25	70.0	70.0	70.0
2083	6	100.0	100.0	100.0
2084	19	66.67	66.67	66.67
2085	4	100.0	100.0	100.0
2086	11	100.0	100.0	100.0
2087	9	57.14	66.67	50.0
2088	13	100.0	100.0	100.0
2089	10	66.67	66.67	66.67
2090	16	70.0	70.0	70.0
2091	5	100.0	100.0	100.0
2092	17	94.12	88.89	100.0
2093	8	0.0	0.0	0.0
2094	22	100.0	100.0	100.0
2095	38	88.89	87.5	90.32
2096	33	88.0	84.62	91.67
2097	10	80.0	75.0	85.71
2098	36	90.57	92.31	88.89
2099	13	96.3	92.86	100.0
2100	7	100.0	100.0	100.0
2101	13	100.0	100.0	100.0
2102	18	100.0	100.0	100.0
2103	28	73.91	73.91	73.91
2104	38	81.63	76.92	86.96
2105	24	72.73	70.59	75.0
2106	20	75.0	75.0	75.0
2107	25	82.05	80.0	84.21
2108	21	96.77	93.75	100.0
2109	24	94.44	94.44	94.44
2110	18	93.02	90.91	95.24
2111	47	72.73	71.11	74.42
2112	32	100.0	100.0	100.0
2113	15	82.76	85.71	80.0
2114	34	96.0	96.0	96.0
2115	28	97.87	100.0	95.83
2116	30	84.21	85.71	82.76
2117	26	95.0	95.0	95.0
2118	40	80.0	75.68	84.85
2119	14	92.31	92.31	92.31
2120	19	91.67	100.0	84.62
2121	19	76.47	72.22	81.25
2122	7	100.0	100.0	100.0
2123	24	83.33	88.24	78.95
2124	16	93.33	93.33	93.33
2125	18	93.33	93.33	93.33
2126	13	90.0	90.0	90.0
2127	11	100.0	100.0	100.0
2128	18	92.31	92.31	92.31
2129	37	83.33	83.33	83.33
2130	25	91.43	94.12	88.89
2131	13	100.0	100.0	100.0
2132	32	80.0	78.26	81.82
2133	15	81.82	81.82	81.82
2134	33	88.89	86.96	90.91
2135	36	98.18	96.43	100.0
2136	26	90.48	90.48	90.48
2137	9	100.0	100.0	100.0
2138	7	83.33	83.33	83.33
2139	28	90.0	85.71	94.74
2140	15	83.87	86.67	81.25
2141	8	83.33	83.33	83.33
2142	5	66.67	66.67	66.67
2143	13	75.0	69.23	81.82
2144	15	96.0	92.31	100.0
2145	41	71.19	75.0	67.74
2146	16	88.89	92.31	85.71
2147	23	90.91	88.24	93.75
2148	20	58.54	54.55	63.16
2149	26	85.0	80.95	89.47
2150	31	74.58	70.97	78.57
2151	19	100.0	100.0	100.0
2152	37	82.54	86.67	78.79
2153	20	100.0	100.0	100.0
2154	18	89.66	86.67	92.86
2155	26	100.0	100.0	100.0
2156	24	92.31	92.31	92.31
2157	27	88.89	92.31	85.71
2158	6	100.0	100.0	100.0
2159	50	73.85	72.73	75.0
2160	19	96.55	100.0	93.33
2161	31	87.8	85.71	90.0
2162	45	83.78	81.58	86.11
2163	15	77.42	75.0	80.0
2164	32	72.22	72.22	72.22
2165	17	69.57	61.54	80.0
2166	5	100.0	100.0	100.0
2167	17	100.0	100.0	100.0
2168	22	87.5	87.5	87.5
2169	15	100.0	100.0	100.0
2170	8	63.64	63.64	63.64
2171	20	62.86	64.71	61.11
2172	10	72.73	66.67	80.0
2173	10	100.0	100.0	100.0
2174	23	96.97	94.12	100.0
2175	33	52.94	51.43	54.55
2176	28	96.77	93.75	100.0
2177	20	97.3	94.74	100.0
2178	23	91.43	100.0	84.21
2179	40	87.1	81.82	93.1
2180	15	60.0	60.0	60.0
2181	40	91.8	96.55	87.5
2182	30	100.0	100.0	100.0
2183	11	88.89	88.89	88.89
2184	41	95.83	92.0	100.0
2185	33	98.11	96.3	100.0
2186	26	92.31	85.71	100.0
2187	8	92.31	100.0	85.71
2188	40	84.21	80.0	88.89
2189	27	97.56	100.0	95.24
2190	21	100.0	100.0	100.0
2191	42	78.57	81.48	75.86
2192	20	100.0	100.0	100.0
2193	54	93.02	90.91	95.24
2194	41	97.14	97.14	97.14
2195	5	50.0	40.0	66.67
2196	32	91.53	90.0	93.1
2197	20	94.12	88.89	100.0
2198	15	95.24	90.91	100.0
2199	19	88.0	78.57	100.0
2200	16	100.0	100.0	100.0
2201	14	76.19	66.67	88.89
2202	13	100.0	100.0	100.0
2203	43	92.54	93.94	91.18
2204	13	80.0	75.0	85.71
2205	26	96.0	96.0	96.0
2206	42	79.25	80.77	77.78
2207	30	97.87	100.0	95.83
2208	16	100.0	100.0	100.0
2209	2	0.0	0.0	0.0
2210	3	0.0	0.0	0.0
2211	24	100.0	100.0	100.0
2212	15	100.0	100.0	100.0
2213	17	90.0	90.0	90.0
2214	26	100.0	100.0	100.0
2215	13	94.12	88.89	100.0
2216	26	100.0	100.0	100.0
2217	10	100.0	100.0	100.0
2218	26	94.44	94.44	94.44
2219	20	100.0	100.0	100.0
2220	50	78.26	77.14	79.41
2221	15	96.3	92.86	100.0
2222	24	100.0	100.0	100.0
2223	29	90.91	86.96	95.24
2224	34	91.3	87.5	95.45
2225	21	100.0	100.0	100.0
2226	14	100.0	100.0	100.0
2227	28	80.0	80.0	80.0
2228	25	84.0	80.77	87.5
2229	21	100.0	100.0	100.0
2230	21	100.0	100.0	100.0
2231	24	94.74	90.0	100.0
2232	19	96.55	93.33	100.0
2233	24	82.05	88.89	76.19
2234	37	78.26	72.0	85.71
2235	33	93.33	95.45	91.3
2236	17	78.79	76.47	81.25
2237	13	95.65	91.67	100.0
2238	22	88.24	83.33	93.75
2239	41	86.96	86.96	86.96
2240	18	91.67	91.67	91.67
2241	21	100.0	100.0	100.0
2242	28	72.34	68.0	77.27
2243	29	82.93	85.0	80.95
2244	29	87.1	87.1	87.1
2245	32	97.78	95.65	100.0
2246	15	96.77	93.75	100.0
2247	24	93.33	93.33	93.33
2248	63	80.43	80.43	80.43
2249	29	98.04	100.0	96.15
2250	13	100.0	100.0	100.0
2251	14	95.24	90.91	100.0
2252	30	86.49	80.0	94.12
2253	25	100.0	100.0	100.0
2254	26	100.0	100.0	100.0
2255	20	94.74	90.0	100.0
2256	28	93.62	95.65	91.67
2257	42	87.5	85.37	89.74
2258	12	100.0	100.0	100.0
2259	13	76.92	71.43	83.33
2260	19	95.65	91.67	100.0
2261	52	90.91	92.11	89.74
2262	22	82.76	85.71	80.0
2263	38	96.55	96.55	96.55
2264	23	93.88	95.83	92.0
2265	33	100.0	100.0	100.0
2266	27	90.0	90.0	90.0
2267	13	85.71	81.82	90.0
2268	32	84.62	91.67	78.57
2269	43	88.57	86.11	91.18
2270	20	100.0	100.0	100.0
2271	28	83.72	85.71	81.82
2272	30	96.43	93.1	100.0
2273	9	100.0	100.0	100.0
2274	21	100.0	100.0	100.0
2275	22	100.0	100.0	100.0
2276	32	84.44	86.36	82.61
2277	7	100.0	100.0	100.0
2278	31	95.24	95.24	95.24
2279	31	69.84	68.75	70.97
2280	16	100.0	100.0	100.0
2281	33	92.31	93.75	90.91
2282	16	77.78	77.78	77.78
2283	27	77.55	79.17	76.0
2284	24	97.56	100.0	95.24
2285	13	100.0	100.0	100.0
2286	5	100.0	100.0	100.0
2287	16	100.0	100.0	100.0
2288	27	89.8	91.67	88.0
2289	24	90.48	90.48	90.48
2290	23	93.75	93.75	93.75
2291	6	100.0	100.0	100.0
2292	22	100.0	100.0	100.0
2293	13	72.73	72.73	72.73
2294	21	100.0	100.0	100.0
2295	22	72.73	75.0	70.59
2296	12	88.89	88.89	88.89
2297	23	94.44	94.44	94.44
2298	25	84.85	87.5	82.35
2299	12	90.91	90.91	90.91
2300	20	94.74	100.0	90.0
2301	27	95.24	95.24	95.24
2302	10	100.0	100.0	100.0
2303	24	75.0	75.0	75.0
2304	4	100.0	100.0	100.0
2305	4	100.0	100.0	100.0
2306	5	100.0	100.0	100.0
2307	26	100.0	100.0	100.0
2308	30	98.51	97.06	100.0
2309	18	100.0	100.0	100.0
2310	25	95.45	95.45	95.45
2311	33	82.93	73.91	94.44
2312	33	87.1	84.38	90.0
2313	26	97.78	95.65	100.0
2314	34	98.46	96.97	100.0
2315	19	92.86	92.86	92.86
2316	22	83.87	81.25	86.67
2317	43	87.18	82.93	91.89
2318	12	100.0	100.0	100.0
2319	19	100.0	100.0	100.0
2320	27	91.67	91.67	91.67
2321	37	90.57	88.89	92.31
2322	10	100.0	100.0	100.0
2323	36	92.0	92.0	92.0
2324	8	93.33	87.5	100.0
2325	18	88.89	92.31	85.71
2326	32	82.14	79.31	85.19
2327	17	100.0	100.0	100.0
2328	28	100.0	100.0	100.0
2329	18	51.85	43.75	63.64
2330	24	100.0	100.0	100.0
2331	23	75.0	70.59	80.0
2332	12	71.43	62.5	83.33
2333	46	94.29	94.29	94.29
2334	24	89.47	89.47	89.47
2335	20	90.32	93.33	87.5
2336	18	100.0	100.0	100.0
2337	11	100.0	100.0	100.0
2338	10	100.0	100.0	100.0
2339	26	83.72	81.82	85.71
2340	32	80.0	80.0	80.0
2341	25	72.22	72.22	72.22
2342	22	96.97	94.12	100.0
2343	19	100.0	100.0	100.0
2344	7	100.0	100.0	100.0
2345	13	100.0	100.0	100.0
2346	22	91.43	88.89	94.12
2347	21	96.55	100.0	93.33
2348	7	100.0	100.0	100.0
2349	26	100.0	100.0	100.0
2350	24	82.05	84.21	80.0
2351	28	68.57	63.16	75.0
2352	32	100.0	100.0	100.0
2353	14	94.12	88.89	100.0
2354	42	95.38	91.18	100.0
2355	29	98.04	96.15	100.0
2356	44	91.67	91.67	91.67
2357	10	100.0	100.0	100.0
2358	37	86.36	82.61	90.48
2359	31	71.43	68.18	75.0
2360	17	100.0	100.0	100.0
2361	9	100.0	100.0	100.0
2362	24	94.74	94.74	94.74
2363	19	92.86	86.67	100.0
2364	29	97.87	95.83	100.0
2365	24	84.21	80.0	88.89
2366	15	69.57	72.73	66.67
2367	26	94.12	94.12	94.12
2368	6	100.0	100.0	100.0
2369	36	100.0	100.0	100.0
2370	22	97.14	94.44	100.0
2371	31	89.23	87.88	90.62
2372	14	69.57	72.73	66.67
2373	27	85.0	80.95	89.47
2374	5	100.0	100.0	100.0
2375	14	100.0	100.0	100.0
2376	25	87.18	89.47	85.0
2377	16	96.3	100.0	92.86
2378	15	100.0	100.0	100.0
2379	24	88.89	88.89	88.89
2380	40	81.16	77.78	84.85
2381	43	89.55	88.24	90.91
2382	34	83.33	83.33	83.33
2383	31	65.12	66.67	63.64
2384	22	97.44	95.0	100.0
2385	12	84.21	80.0	88.89
2386	25	100.0	100.0	100.0
2387	48	84.34	85.37	83.33
2388	11	82.35	77.78	87.5
2389	32	100.0	100.0	100.0
2390	4	100.0	100.0	100.0
2391	18	83.33	83.33	83.33
2392	34	95.83	95.83	95.83
2393	32	97.87	95.83	100.0
2394	4	100.0	100.0	100.0
2395	21	87.5	87.5	87.5
2396	28	88.37	90.48	86.36
2397	24	93.02	90.91	95.24
2398	6	66.67	100.0	50.0
2399	16	100.0	100.0	100.0
2400	35	80.95	80.95	80.95
2401	35	73.08	73.08	73.08
2402	6	66.67	100.0	50.0
2403	14	94.12	100.0	88.89
2404	16	94.74	100.0	90.0
2405	7	100.0	100.0	100.0
2406	6	66.67	100.0	50.0
2407	13	77.78	77.78	77.78
2408	32	93.02	95.24	90.91
2409	10	100.0	100.0	100.0
2410	24	100.0	100.0	100.0
2411	11	100.0	100.0	100.0
2412	23	100.0	100.0	100.0
2413	34	80.7	82.14	79.31
2414	13	95.24	90.91	100.0
2415	13	100.0	100.0	100.0
