0 3.208663330078125
1 14.850343017578124
2 9.091776123046875
3 8.039508666992187
4 4.249564208984375
5 5.59843017578125
6 8.040973510742187
7 0.1077008056640625
8 0.32393760681152345
9 5.19726318359375
10 6.091908569335938
11 1.82364990234375
12 3.814051513671875
13 2.699945373535156
14 11.317300415039062
15 2.2217767333984373
16 0.8398385620117188
17 0.06839935302734375
18 8.003585205078124
19 12.928946533203124
20 0.8866191101074219
21 8.530524291992187
22 6.336161804199219
23 8.707496337890625
24 6.14295654296875
25 2.8461653137207032
26 5.552172241210937
27 2.7967562866210938
28 0.8339047241210937
29 0.47402641296386716
30 2.3523715209960936
31 13.109185180664063
32 0.23835807800292969
33 4.312797241210937
34 7.008458557128907
35 3.409892578125
36 0.9303683471679688
37 2.4980978393554687
38 6.976455078125
39 1.1211581420898438
40 10.232379760742187
41 2.694039154052734
42 6.99437255859375
43 1.7194277954101562
44 0.9545040893554687
45 13.339718627929688
46 8.192906494140624
47 3.7682696533203126
48 2.1020718383789063
49 1.6028501892089844
50 2.6522625732421874
51 3.6913626098632815
52 4.103615417480468
53 3.2169839477539064
54 4.941019287109375
55 6.742736206054688
56 8.29642822265625
57 8.377044982910157
58 1.9832728576660157
59 3.1647305297851562
60 14.353438415527343
61 1.483443603515625
62 1.6739031982421875
63 1.517349853515625
64 7.01119140625
65 11.843633422851562
66 8.914300537109375
67 7.006304931640625
68 10.280072631835937
69 8.359833374023438
70 0.7293505859375
71 3.462915954589844
72 4.7101132202148435
73 4.523768920898437
74 0.2636317443847656
75 10.974609375
76 4.831329956054687
77 12.062384643554687
78 4.951221466064453
79 5.060724792480468
80 1.2673184204101562
81 1.8855633544921875
82 1.7228741455078125
83 12.12283447265625
84 11.800185546875
85 10.837354431152344
86 4.893110656738282
87 20.05703094482422
88 1.554158706665039
89 0.00046539306640625
90 3.3579000854492187
91 5.162413940429688
92 8.183029174804688
93 3.7285641479492186
94 5.580806274414062
95 4.713208312988281
96 5.462635498046875
97 5.51368896484375
98 11.121705322265624
99 0.9750230407714844
100 0.42753250122070313
101 2.159036865234375
102 1.6317559814453124
103 4.958326416015625
104 3.0732794189453125
105 5.589000244140625
106 10.043508911132813
107 1.5781106567382812
108 17.825282592773437
109 2.058770751953125
110 7.86794189453125
111 0.3583233642578125
112 7.775740356445312
113 5.271071472167969
114 5.734179992675781
115 17.036005859375
116 6.199037780761719
117 6.074406127929688
118 2.6487554931640624
119 1.760518798828125
120 3.4200628662109374
121 4.823639831542969
122 5.580291748046875
123 4.8674249267578125
124 1.1268630981445313
125 1.5504019165039062
126 4.925303955078125
127 1.3272389221191405
128 1.3860603332519532
129 7.306640014648438
130 3.4454144287109374
131 1.5566848754882812
132 1.3273300170898437
133 11.546657104492187
134 3.20286376953125
135 1.7073675537109374
136 8.244473266601563
137 3.0808035278320314
138 0.5166690063476562
139 0.0122528076171875
140 3.5840985107421877
141 2.7736245727539064
142 8.314638977050782
143 0.191163330078125
144 1.4755960083007813
145 4.9060971069335935
146 11.435958862304688
147 4.867152099609375
148 4.977274780273437
149 3.844547119140625
150 1.4344757080078125
151 5.3671337890625
152 6.079100036621094
153 2.26837646484375
154 6.966812438964844
155 3.1482058715820314
156 1.8750875854492188
157 9.142730102539062
158 1.6130323791503907
159 4.1741180419921875
160 5.214309997558594
161 1.4427703857421874
162 4.267976379394531
163 8.158876342773437
164 0.7560101318359375
165 0.44706573486328127
166 2.4582725524902345
167 0.24785629272460938
168 2.121908874511719
169 0.6958380126953125
170 1.2842500305175781
171 2.7920767211914064
172 2.26177490234375
173 2.465550537109375
174 8.311258850097657
175 5.556610717773437
176 2.7199090576171874
177 6.610560913085937
178 0.4229432678222656
179 1.5027151489257813
180 3.2234588623046876
181 1.98028564453125
182 4.61324462890625
183 9.447603759765625
184 0.8352372741699219
185 2.8156808471679686
186 9.168593139648438
187 1.749608154296875
188 2.181101989746094
189 7.086383972167969
190 6.691361083984375
191 0.38833984375
192 10.221298217773438
193 2.3213677978515626
194 9.4181005859375
195 7.007096557617188
196 24.49131591796875
197 18.868011474609375
198 0.6135783386230469
199 6.263563537597657
200 3.8497467041015625
201 10.26907958984375
202 3.4387606811523437
203 2.4207057189941406
204 7.767696533203125
205 1.8401564025878907
206 9.208196716308594
207 6.993970947265625
208 2.9511578369140623
209 4.685441284179688
210 5.381732788085937
211 4.423221130371093
212 10.063059692382813
213 4.80539306640625
214 20.422474365234375
215 6.442301635742187
216 2.4945556640625
217 8.083255615234375
218 0.31611434936523436
219 5.039525146484375
220 8.0954345703125
221 5.537190246582031
222 7.009929809570313
223 4.396390075683594
224 0.7613612365722656
225 6.9985791015625
226 11.711237182617188
227 3.3174273681640627
228 4.3367724609375
229 3.2538775634765624
230 3.231170959472656
231 8.7931396484375
232 0.07988288879394531
233 9.979942321777344
234 1.5341748046875
235 0.0164337158203125
236 0.2001502227783203
237 7.4631640625
238 0.23380813598632813
239 10.672813720703125
240 15.318663330078126
241 0.07045036315917969
242 1.0479217529296876
243 5.299151000976562
244 4.971835021972656
245 1.9225262451171874
246 6.946378173828125
247 7.929247436523437
248 4.946345825195312
249 7.685924377441406
250 5.7085504150390625
251 5.213541870117187
252 4.01475830078125
253 4.731026000976563
254 8.6249609375
255 8.124288330078125
256 7.421913452148438
257 3.3714599609375
258 1.0444302368164062
259 5.063396606445313
260 1.4701156616210938
261 1.3133128356933594
262 10.72534423828125
263 3.1969976806640625
264 2.773032531738281
265 4.943551025390625
266 11.71902587890625
267 0.16778167724609375
268 5.048903198242187
269 18.63826110839844
270 7.842430114746094
271 15.304710693359375
272 1.763990478515625
273 4.844278564453125
274 7.4329150390625
275 3.700020751953125
276 2.2694775390625
277 10.484744262695312
278 2.0937228393554688
279 8.249146728515624
280 3.9971656799316406
281 12.035935668945312
282 11.448471069335938
283 1.6661529541015625
284 3.6059951782226562
285 3.985462951660156
286 5.730166625976563
287 2.860806884765625
288 0.42424041748046876
289 1.4472146606445313
290 7.4834832763671875
291 11.779048461914062
292 12.447073364257813
293 1.4881060791015626
294 7.10531005859375
295 4.286415405273438
296 7.568015441894532
297 9.133408203125
298 3.436476745605469
299 3.4445681762695313
300 1.3747250366210937
301 3.5777691650390624
302 11.71570556640625
303 5.143050537109375
304 1.7871649169921875
305 0.5135713195800782
306 3.435341491699219
307 6.040113830566407
308 1.6372149658203126
309 4.543472595214844
310 0.043483734130859375
311 0.15699905395507813
312 2.975221862792969
313 1.0123316955566406
314 7.287677001953125
315 13.381114501953125
316 7.561712646484375
317 2.19218994140625
318 18.91409851074219
319 9.258810424804688
320 5.835262145996094
321 2.113362121582031
322 2.8743072509765626
323 10.415277404785156
324 0.7265079498291016
325 1.6061795043945313
326 2.9999270629882813
327 2.948914794921875
328 0.897783203125
329 13.532809753417968
330 8.196054077148437
331 6.925581665039062
332 1.2459400939941405
333 1.661605224609375
334 3.207724914550781
335 1.550226287841797
336 2.2046923828125
337 0.9881500244140625
338 3.7700711059570313
339 6.987354125976562
340 0.26692977905273435
341 1.9732052612304687
342 4.8175137329101565
343 0.114932861328125
344 1.0615093994140625
345 9.571839599609374
346 12.326226196289063
347 14.458912353515625
348 1.7598495483398438
349 12.345723266601562
350 2.7929266357421874
351 6.129229431152344
352 7.169908447265625
353 5.958839721679688
354 3.542147521972656
355 2.9395965576171874
356 5.45688232421875
357 2.73130859375
358 8.321814575195312
359 4.560634155273437
360 4.564302368164062
361 2.9099411010742187
362 2.7747152709960936
363 9.566513061523438
364 7.7437158203125
365 5.385472412109375
366 4.041849365234375
367 12.295751342773437
368 4.386593933105469
369 7.032135620117187
370 3.5750201416015623
371 2.422113952636719
372 2.2252557373046873
373 2.9822564697265626
374 2.1447174072265627
375 3.3937750244140625
376 4.652020874023438
377 2.2752914428710938
378 3.3488861083984376
379 5.381830444335938
380 2.0976272583007813
381 5.54556884765625
382 6.517060852050781
383 6.17049560546875
384 10.467745361328125
385 6.41069091796875
386 5.03847900390625
387 0.005645751953125
388 5.451006469726562
389 3.811213073730469
390 6.419436340332031
391 2.8373260498046875
392 11.137479248046875
393 8.193526916503906
394 4.587118225097656
395 8.069074401855469
396 8.850078125
397 6.989308471679688
398 5.105054931640625
399 3.0252716064453127
400 7.532339477539063
401 3.0769281005859375
402 4.354830932617188
403 1.9697752380371094
404 4.853734130859375
405 4.108186950683594
406 2.98727294921875
407 6.8230859375
408 3.7783552551269532
409 9.845574340820313
410 1.3003753662109374
411 1.9233001708984374
412 2.176291809082031
413 1.651328125
414 2.3634689331054686
415 1.4365328979492187
416 3.80322265625
417 7.845783081054687
418 13.797988891601562
419 3.904173583984375
420 2.5084130859375
421 10.079359130859375
422 0.8753338623046875
423 4.325673217773438
424 1.692188720703125
425 3.4141085815429686
426 2.7947488403320313
427 7.739160461425781
428 3.4057611083984374
429 3.7220477294921874
430 9.536895751953125
431 0.8390701293945313
432 0.4340020751953125
433 5.514825134277344
434 3.0978909301757813
435 4.213772583007812
436 8.985883178710937
437 2.4475860595703125
438 4.144280090332031
439 7.8476953125
440 15.783857421875
441 8.945313720703124
442 2.0364927673339843
443 3.5553076171875
444 3.047344970703125
445 2.6462562561035154
446 2.5434054565429687
447 4.686030883789062
448 7.23752197265625
449 10.212551574707032
450 1.4943148803710937
451 6.268711853027344
452 0.32395355224609373
453 2.3319121551513673
454 4.875929260253907
455 12.798714599609376
456 0.9778961181640625
457 3.5077523803710937
458 4.956506958007813
459 0.5361264038085938
460 4.376009826660156
461 6.1989111328125
462 9.841651306152343
463 1.47115966796875
464 5.759671325683594
465 6.642034606933594
466 3.793498992919922
467 0.7239407348632813
468 4.619342651367187
469 2.4778607177734373
470 2.098158264160156
471 2.9866366577148438
472 0.2062451171875
473 4.883875122070313
474 2.5139236450195312
475 2.45886474609375
476 5.079959106445313
477 1.69283447265625
478 11.364060668945312
479 2.1486355590820314
480 1.187312469482422
481 2.8022984313964843
482 3.1295263671875
483 0.10556861877441406
484 10.419331665039062
485 4.286460876464844
486 0.8496702575683593
487 0.30347198486328125
488 11.335308227539063
489 5.7111767578125
490 10.712549438476563
491 9.218194885253906
492 0.206744384765625
493 2.8410882568359375
494 4.979100952148437
495 5.473379211425781
496 2.9818870544433596
497 5.835976257324218
498 0.9489901733398437
499 6.692501525878907
500 1.2771554565429688
501 5.113515930175781
502 0.08268272399902343
503 10.029647827148438
504 6.035628967285156
505 1.7473419189453125
506 6.565986633300781
507 7.488284912109375
508 1.5155203247070312
509 3.7700579833984373
510 11.777379760742187
511 4.76203125
512 1.1111428833007813
513 9.072596740722656
514 1.72854248046875
515 3.9350717163085935
516 0.6262409973144532
517 6.547928466796875
518 4.120773162841797
519 2.0637371826171873
520 3.274771728515625
521 10.906721496582032
522 9.030220336914063
523 9.185850830078126
524 12.617708740234375
525 2.35439208984375
526 3.2562939453125
527 6.450069580078125
528 12.457679443359375
529 1.6188417053222657
530 4.280464477539063
531 1.4141754150390624
532 4.840580749511719
533 2.2735382080078126
534 5.205948486328125
535 6.2109033203125
536 2.310072937011719
537 5.951500244140625
538 5.042047119140625
539 1.6279803466796876
540 6.434774475097656
541 0.40075531005859377
542 3.9627587890625
543 10.042307739257813
544 6.4559375
545 1.6862625122070312
546 10.906641235351563
547 5.209032897949219
548 10.297343139648438
549 8.89519775390625
550 6.62000244140625
551 9.037750854492188
552 4.614459228515625
553 9.841098022460937
554 1.68764404296875
555 2.3174073791503904
556 2.541480712890625
557 7.564320678710938
558 0.21057106018066407
559 6.28400146484375
560 5.892254638671875
561 0.26539016723632813
562 10.460054321289062
563 9.856493530273438
564 12.156898803710938
565 2.1150225830078124
566 2.166922302246094
567 0.482630615234375
568 0.08351806640625
569 1.2324880981445312
570 1.4339630126953125
571 2.3870669555664064
572 5.87041015625
573 11.88571044921875
574 7.857940673828125
575 5.663224487304688
576 15.3607080078125
577 1.2911325073242188
578 1.8542454528808594
579 9.118866577148438
580 1.3489004516601562
581 8.443912048339843
582 6.209877014160156
583 2.504139099121094
584 3.415682373046875
585 9.162750244140625
586 3.153880920410156
587 5.441561584472656
588 7.405598754882813
589 0.9362225341796875
590 10.612614135742188
591 5.589601135253906
592 4.281706848144531
593 6.996915283203125
594 9.443843688964844
595 4.024325408935547
596 11.976153259277345
597 6.110553588867187
598 3.7728570556640624
599 13.888348388671876
600 10.65508056640625
601 1.5555958557128906
602 3.819189147949219
603 2.3525070190429687
604 5.370911865234375
605 3.092612609863281
606 4.326058959960937
607 13.425396118164063
608 0.009363174438476562
609 1.6657928466796874
610 8.544523315429688
611 9.432695617675781
612 2.7586065673828126
613 3.4193023681640624
614 2.155577392578125
615 3.1994097900390623
616 3.0017816162109376
617 3.9543951416015624
618 8.38397216796875
619 5.968461608886718
620 4.595850830078125
621 5.226615600585937
622 4.192479248046875
623 3.8018731689453125
624 2.7741302490234374
625 0.0057373046875
626 11.51656494140625
627 5.250726928710938
628 3.569053955078125
629 2.9746453857421873
630 1.540584716796875
631 9.162303771972656
632 4.643643798828125
633 7.86161865234375
634 11.1262353515625
635 2.623542938232422
636 2.9290597534179685
637 7.658635864257812
638 8.720031127929687
639 2.032379913330078
640 4.50584228515625
641 1.7525436401367187
642 10.658554077148438
643 0.13676681518554687
644 0.08232505798339844
645 1.970189208984375
646 3.0129135131835936
647 0.016071319580078125
648 6.154585266113282
649 1.3903192138671876
650 0.9377334022521973
651 14.756211547851562
652 2.2044769287109376
653 9.959970703125
654 0.7565872955322266
655 1.988843994140625
656 7.597811584472656
657 3.7198858642578125
658 2.761713562011719
659 3.712991943359375
660 2.29411865234375
661 0.35053741455078125
662 8.024478149414062
663 2.22601318359375
664 0.7005419921875
665 4.645140686035156
666 4.222431030273437
667 0.45377532958984373
668 5.017749938964844
669 6.912045288085937
670 6.440381469726563
671 5.925433959960937
672 2.829775695800781
673 3.4757821655273435
674 5.161002197265625
675 5.517877502441406
676 2.395401611328125
677 6.495111389160156
678 2.505110778808594
679 4.5075750732421875
680 7.566891479492187
681 1.240491943359375
682 2.594580078125
683 4.0604464721679685
684 4.490526123046875
685 8.579010620117188
686 4.981166381835937
687 6.069384765625
688 7.343154296875
689 7.333034057617187
690 8.637711181640626
691 3.3535540771484373
692 2.8639877319335936
693 7.831565856933594
694 3.0672869873046875
695 6.630635986328125
696 1.8962771606445312
697 6.368051147460937
698 5.099063415527343
699 10.549013061523437
700 7.5712841796875
701 12.821728515625
702 1.461925048828125
703 0.2830792236328125
704 0.096805419921875
705 1.9071435546875
706 0.1548529052734375
707 0.39968841552734374
708 6.218066711425781
709 0.7251605224609375
710 0.5050602722167968
711 6.770465087890625
712 2.22359375
713 4.591418151855469
714 7.695287475585937
715 3.4353277587890627
716 5.387407836914062
717 2.8015206909179686
718 6.7895654296875
719 3.99443359375
720 6.2403466796875
721 1.0553753662109375
722 1.5901806640625
723 7.914378051757812
724 7.302055053710937
725 9.138817749023438
726 6.035037231445313
727 5.768156127929688
728 5.413495483398438
729 4.6342095947265625
730 7.175345458984375
731 3.499845275878906
732 10.750057983398438
733 2.250323486328125
734 6.597542114257813
735 7.698637084960938
736 8.08053955078125
737 18.09706787109375
738 3.890464172363281
739 10.554961547851562
740 2.936434631347656
741 2.0108453369140626
742 1.643721923828125
743 11.837750854492187
744 7.1192529296875
745 3.3337130737304688
746 3.9144805908203124
747 8.468253784179687
748 13.90859130859375
749 3.7865191650390626
750 7.112725830078125
751 10.278163146972656
752 2.6431744384765623
753 1.0957009887695313
754 3.2690899658203123
755 3.9831500244140625
756 0.26024459838867187
757 5.97551025390625
758 2.3733901977539062
759 0.08673553466796875
760 6.166013793945313
761 7.960939331054687
762 6.050833129882813
763 0.8607705688476562
764 9.549422607421874
765 0.43170852661132814
766 1.460826416015625
767 9.515698852539062
768 5.068180541992188
769 4.897822875976562
770 0.28444091796875
771 7.074511108398437
772 5.3578729248046875
773 2.884796447753906
774 0.6984626770019531
775 8.128421020507812
776 3.478583984375
777 0.3883438873291016
778 0.33674468994140627
779 3.2307611083984376
780 12.474693603515625
781 2.8649017333984377
782 15.037079467773438
783 2.130191650390625
784 1.11770263671875
785 6.906238403320312
786 1.5073382568359375
787 5.367792358398438
788 3.4611248779296875
789 6.030767822265625
790 3.3051324462890626
791 11.21004425048828
792 6.7566070556640625
793 17.344260864257812
794 6.039955749511718
795 0.33888519287109375
796 2.081662902832031
797 1.987213134765625
798 2.8060427856445314
799 3.6817071533203123
800 0.31087921142578123
801 0.15663978576660156
802 10.98452880859375
803 5.93072998046875
804 6.515959777832031
805 2.964308166503906
806 1.5173291015625
807 16.653197631835937
808 2.7279486083984374
809 0.070850830078125
810 7.438534545898437
811 5.971830444335938
812 9.425955200195313
813 5.245098266601563
814 1.80910888671875
815 8.227835083007813
816 4.457388000488281
817 0.35337921142578127
818 0.07169601440429688
819 15.812645874023438
820 6.8530859375
821 4.2131521606445315
822 10.582848510742188
823 2.680316925048828
824 6.542749633789063
825 1.4119622802734375
826 0.7753121948242188
827 5.07655517578125
828 3.5156976318359376
829 3.9884722900390623
830 4.4366018676757815
831 3.27474609375
832 0.6568292236328125
833 0.9837188720703125
834 5.680326232910156
835 0.46884735107421877
836 1.9190118408203125
837 11.2214501953125
838 13.885231323242188
839 4.283692932128906
840 23.34749084472656
841 6.568789367675781
842 15.09914794921875
843 28.0316015625
844 21.94634033203125
845 16.954650268554687
846 2.349859619140625
847 9.4567919921875
848 8.777015686035156
849 5.803204040527344
850 15.7500927734375
851 3.6375778198242186
852 0.36482086181640627
853 11.376804809570313
854 3.707802734375
855 10.454687805175782
856 6.34875244140625
857 5.219941864013672
858 21.91499755859375
859 1.7558709716796874
860 12.85846923828125
861 9.695054321289062
862 5.907307434082031
863 2.057900085449219
864 9.850187377929688
865 4.378216857910156
866 5.931134643554688
867 8.757327880859375
868 0.42359466552734376
869 22.825648803710937
870 15.712378540039062
871 3.8708677673339844
872 0.7437432098388672
873 6.094239501953125
874 6.792841796875
875 1.5540945434570312
876 7.470355834960937
877 6.734041137695312
878 7.607891845703125
879 2.1476788330078125
880 6.092324829101562
881 3.8689910888671877
882 3.68426513671875
883 7.08511474609375
884 4.473856201171875
885 3.546968536376953
886 3.18589111328125
887 2.1611077880859373
888 7.4889068603515625
889 6.384788818359375
890 4.079389038085938
891 9.849662475585937
892 10.931098022460937
893 1.9577928161621094
894 15.117326049804687
895 13.445787963867188
896 17.10634826660156
897 2.389833984375
898 4.750047607421875
899 7.155228271484375
900 2.3356243896484377
901 7.894974365234375
902 6.3595123291015625
903 7.827930297851562
904 17.807685546875
905 2.4880224609375
906 3.269214782714844
907 8.036556396484375
908 2.864527282714844
909 7.850404052734375
910 4.119260559082031
911 4.676090393066406
912 2.7281512451171874
913 5.416577911376953
914 9.21038330078125
915 7.948690185546875
916 0.7674189758300781
917 7.0852508544921875
918 3.7383001708984374
919 0.4594645690917969
920 9.684292602539063
921 7.621365051269532
922 6.66274429321289
923 10.398179931640625
924 2.7702542114257813
925 8.241579284667969
926 5.293771362304687
927 2.5974850463867187
928 9.133088989257812
929 1.387537841796875
930 1.9579998779296874
931 9.613219909667968
932 3.8206472778320313
933 5.708674621582031
934 1.7406927490234374
935 2.000338287353516
936 4.106749572753906
937 1.8101561737060547
938 8.480061645507812
939 1.8473406982421876
940 1.4643171691894532
941 3.697878723144531
942 1.578339614868164
943 1.6765029907226563
944 0.9205622863769531
945 3.3444247436523438
946 1.0874185180664062
947 5.917545776367188
948 8.961981506347657
949 13.067705688476563
950 17.411089782714843
951 5.436671752929687
952 8.277463989257813
953 7.671485290527344
954 8.44981201171875
955 1.365030517578125
956 4.95556884765625
957 10.551713256835937
958 4.4911083984375
959 5.534431457519531
960 4.5603076171875
961 3.67973876953125
962 5.396842651367187
963 11.400485229492187
964 3.7703564453125
965 8.015203247070312
966 3.7361239624023437
967 4.319827270507813
968 4.161971130371094
969 2.211273193359375
970 12.038730773925781
971 9.326188659667968
972 1.6420457458496094
973 3.9081298828125
974 20.277337036132813
975 17.19307800292969
976 6.78232177734375
977 7.569476318359375
978 7.244288330078125
979 5.6044549560546875
980 10.665556640625
981 0.6356381225585938
982 1.5692279052734375
983 12.393734741210938
984 1.5064956665039062
985 12.346573791503907
986 3.7031878662109374
987 0.4765240478515625
988 1.959609375
989 5.926663513183594
990 5.981500854492188
991 2.987427062988281
992 13.011417846679688
993 2.654565734863281
994 2.3585580444335936
995 3.5450949096679687
996 5.183568725585937
997 5.993786315917969
998 3.7838864135742187
999 4.081979675292969
1000 4.3799896240234375
1001 3.6243865966796873
1002 1.4447817993164063
1003 4.931089477539063
1004 3.25163330078125
1005 3.9521575927734376
1006 1.110355224609375
1007 2.5997885131835936
1008 2.55789794921875
1009 8.5059619140625
1010 14.534801025390625
1011 8.218924560546874
1012 3.282425537109375
1013 9.553855590820312
1014 20.380252685546875
1015 6.798429565429688
1016 6.75373291015625
1017 9.709923706054688
1018 10.0839794921875
1019 5.778388977050781
1020 3.008186950683594
1021 4.648410034179688
1022 3.4790576171875
1023 1.1906976318359375
1024 5.829911804199218
1025 7.739909362792969
1026 0.2083392333984375
1027 4.59706298828125
1028 3.462923889160156
1029 3.4383489990234377
1030 3.7933563232421874
1031 0.5980215454101563
1032 2.6633847045898436
1033 7.983762817382813
1034 4.867461547851563
1035 11.876163330078125
1036 3.9580340576171875
1037 4.325847473144531
1038 7.862149353027344
1039 9.67324005126953
1040 5.423173522949218
1041 4.476808471679687
1042 0.23885177612304687
1043 5.303706207275391
1044 8.409744873046876
1045 8.476141967773437
1046 0.32178741455078125
1047 8.543084106445313
1048 13.21689453125
1049 5.788216552734375
1050 12.285296630859374
1051 1.7581494140625
1052 9.976176147460938
1053 4.104640808105469
1054 8.677706909179687
1055 0.081412353515625
1056 6.029341430664062
1057 9.410009155273437
1058 5.450284423828125
1059 7.90411376953125
1060 5.598209838867188
1061 2.709066162109375
1062 0.14925140380859375
1063 16.166666259765623
1064 6.330005798339844
1065 7.725733947753906
1066 0.5390020751953125
1067 0.5979435729980469
1068 13.901517028808593
1069 26.24635986328125
1070 3.0356626892089844
1071 0.956439208984375
1072 6.968231201171875
1073 16.272452087402343
1074 2.6587115478515626
1075 1.7578720092773437
1076 15.42176025390625
1077 10.246478881835937
1078 0.06912887573242188
1079 25.9586474609375
1080 3.3329840087890625
1081 3.108822937011719
1082 6.817890319824219
1083 9.999965209960937
1084 10.295184326171874
1085 4.500184936523437
1086 3.561847839355469
1087 6.920774841308594
1088 3.055640869140625
1089 2.6552069091796877
1090 1.6392718505859376
1091 6.234312438964844
1092 10.117625122070313
1093 21.900702514648437
1094 2.3382022094726564
1095 6.982324523925781
1096 0.48609344482421873
1097 1.6538705444335937
1098 2.774039611816406
1099 3.4172979736328126
1100 0.11885246276855468
1101 5.226712951660156
1102 6.887686157226563
1103 3.188746337890625
1104 3.191837158203125
1105 5.249766845703125
1106 5.215271606445312
1107 1.4075875854492188
1108 0.632745361328125
1109 0.8434637451171875
1110 10.315443420410157
1111 4.001888427734375
1112 18.479698486328125
1113 5.168646240234375
1114 7.696316528320312
1115 6.64432861328125
1116 8.9786474609375
1117 1.136602020263672
1118 13.430855712890626
1119 9.451139526367188
1120 5.153236694335938
1121 8.855110473632813
1122 5.559032592773438
1123 2.3317294311523438
1124 6.699237670898437
1125 3.5022317504882814
1126 6.839632263183594
1127 3.477323303222656
1128 4.7602542114257815
1129 0.06428176879882813
1130 5.076259307861328
1131 6.165185546875
1132 2.357738189697266
1133 12.813989868164063
1134 1.322569580078125
1135 4.488957061767578
1136 1.5494493103027345
1137 12.0599755859375
1138 1.3936923217773438
1139 7.212872619628906
1140 1.6506939697265626
1141 2.719678955078125
1142 3.612220458984375
1143 7.137500610351562
1144 3.040263671875
1145 3.6819442749023437
1146 2.0961822509765624
1147 6.831454162597656
1148 0.07340255737304688
1149 0.6106411743164063
1150 1.632845458984375
1151 4.7845654296875
1152 6.416383972167969
1153 5.501492309570312
1154 13.590534057617187
1155 2.6129299926757814
1156 3.1172174072265624
1157 7.791889038085937
1158 5.187223205566406
1159 1.9093511962890626
1160 1.34574951171875
1161 3.380923156738281
1162 4.1704345703125
1163 12.347594604492187
1164 3.433901062011719
1165 7.558175964355469
1166 2.7884445190429688
1167 3.1270404052734375
1168 5.2949066162109375
1169 0.32205078125
1170 3.317376708984375
1171 8.122913208007812
1172 10.963116455078126
1173 2.5818267822265626
1174 4.802532348632813
1175 3.42177734375
1176 3.87849365234375
1177 10.928714599609375
1178 3.4440362548828123
1179 8.258706665039062
1180 8.747982177734375
1181 5.004493408203125
1182 4.025313110351562
1183 0.4967376708984375
1184 10.117559814453125
1185 4.680416259765625
1186 3.997564697265625
1187 3.1207511901855467
1188 3.3977322387695312
1189 5.776659851074219
1190 0.7738616943359375
1191 2.187535400390625
1192 7.55658447265625
1193 4.060050659179687
1194 7.1773245239257815
1195 5.809957275390625
1196 2.685306396484375
1197 5.075917663574219
1198 7.08973388671875
1199 11.5974169921875
1200 4.833056030273437
1201 1.583619384765625
1202 0.5699368286132812
1203 1.3561114501953124
1204 0.9944265747070312
1205 0.493193359375
1206 4.588956298828125
1207 4.6576364135742185
1208 1.800614013671875
1209 4.410784606933594
1210 11.600508422851563
1211 2.8809332275390624
1212 1.7599078369140626
1213 3.090547790527344
1214 3.4674639892578125
1215 3.827432098388672
1216 4.743594665527343
1217 5.679845581054687
1218 1.9827203369140625
1219 3.55117919921875
1220 1.8260577392578126
1221 7.579942016601563
1222 3.0403427124023437
1223 14.749588623046876
1224 4.574158325195312
1225 6.548475952148437
1226 2.9745443725585936
1227 11.120006103515625
1228 2.195802917480469
1229 1.7712509155273437
1230 3.409983825683594
1231 3.79997314453125
1232 1.4689141845703124
1233 2.2681900024414063
1234 1.143162841796875
1235 2.97789794921875
1236 8.088685913085937
1237 2.4395648193359376
1238 5.046447143554688
1239 7.706149291992188
1240 2.543415222167969
1241 0.97114990234375
1242 5.5269775390625
1243 1.47881103515625
1244 1.1599908447265626
1245 6.403491821289062
1246 10.012509765625
1247 8.540940856933593
1248 1.2424626159667969
1249 6.515087890625
1250 5.3391455078125
1251 14.611582641601563
1252 3.626057434082031
1253 6.530900573730468
1254 8.046237182617187
1255 8.576461181640624
1256 14.996659545898437
1257 0.00197601318359375
1258 23.78427978515625
1259 17.969937744140626
1260 10.827238159179688
1261 5.72015869140625
1262 2.620688171386719
1263 3.259625244140625
1264 8.015169677734375
1265 8.839057922363281
1266 9.0242822265625
1267 4.852150726318359
1268 18.30962158203125
1269 13.163687744140624
1270 8.559512023925782
1271 5.958228759765625
1272 5.370192260742187
1273 8.050556945800782
1274 12.727230834960938
1275 4.309824523925781
1276 7.184279174804687
1277 10.671493530273438
1278 4.034701843261718
1279 11.910572509765625
1280 7.780009155273437
1281 1.1072642517089843
1282 5.3843359375
1283 11.069435424804688
1284 7.25964584350586
1285 1.053398895263672
1286 9.115638427734375
1287 15.107380981445312
1288 13.351664428710938
1289 7.6248046875
1290 6.305290832519531
1291 10.896031494140624
1292 0.5203544616699218
1293 1.6861409759521484
1294 7.761577758789063
1295 9.41304443359375
1296 3.823218994140625
1297 5.473509521484375
1298 7.0599298095703125
1299 11.922061157226562
1300 6.00986083984375
1301 5.074941711425781
1302 0.8466893005371093
1303 19.1042138671875
1304 2.082827453613281
1305 5.988286437988282
1306 13.221982421875
1307 9.936770324707032
1308 5.238734741210937
1309 4.2025909423828125
1310 5.339551086425781
1311 0.43838623046875
1312 4.880123901367187
1313 0.6851730346679688
1314 4.440269775390625
1315 6.2949462890625
1316 8.496451416015624
1317 3.5754034423828127
1318 6.505699462890625
1319 4.090250244140625
1320 9.10577880859375
1321 4.512894897460938
1322 14.46258544921875
1323 4.195712280273438
1324 3.4276837158203124
1325 7.850595703125
1326 2.6191583251953126
1327 4.034200439453125
1328 1.7139422607421875
1329 9.079320678710937
1330 0.08093978881835938
1331 2.231202392578125
1332 8.0794189453125
1333 13.514351196289063
1334 1.967861328125
1335 0.739815673828125
1336 0.9254669189453125
1337 3.045953674316406
1338 9.235581665039062
1339 9.653681030273438
1340 6.092305297851563
1341 17.035449829101562
1342 10.887068786621093
1343 3.569237060546875
1344 5.400850830078125
1345 17.44940673828125
1346 4.213364868164063
1347 1.0406646728515625
1348 16.198226928710938
1349 9.488573608398438
1350 7.147488708496094
1351 9.260902099609375
1352 1.9037910461425782
1353 1.43494140625
1354 5.369594116210937
1355 6.34712158203125
1356 0.5198983764648437
1357 1.682391357421875
1358 8.992725219726562
1359 5.128050537109375
1360 6.558775024414063
1361 0.7523648071289063
1362 6.308477783203125
1363 1.8264753723144531
1364 4.321445922851563
1365 2.408403167724609
1366 4.630592346191406
1367 10.825968017578125
1368 10.641727905273438
1369 2.803352813720703
1370 2.38853515625
1371 2.432581787109375
1372 2.2513864135742185
1373 2.5702584838867186
1374 2.1747518157958985
1375 10.479202880859376
1376 9.701894226074218
1377 0.0377349853515625
1378 0.5035195922851563
1379 0.11275070190429687
1380 13.2017138671875
1381 3.880898742675781
1382 4.604010314941406
1383 3.9804611206054688
1384 1.3727203369140626
1385 1.0967007446289063
1386 11.009706115722656
1387 8.45125732421875
1388 0.6456756591796875
1389 1.654737548828125
1390 0.026611328125
1391 6.250560302734375
1392 8.098446655273438
1393 2.7039111328125
1394 1.775753173828125
1395 12.506175537109375
1396 0.0119781494140625
1397 0.8038690185546875
1398 0.705357666015625
1399 5.546763305664062
1400 0.9235052490234374
1401 4.671390380859375
1402 1.4815843200683594
1403 4.012208251953125
1404 0.21041748046875
1405 1.8828091430664062
1406 3.127330017089844
1407 4.069791259765625
1408 5.987266540527344
1409 2.0074636840820315
1410 13.007147216796875
1411 1.7575823974609375
1412 4.1392428588867185
1413 0.9176276397705078
1414 8.621111450195313
1415 0.519991455078125
1416 0.5754210662841797
1417 1.6442833709716798
1418 3.131639938354492
1419 3.4844406127929686
1420 4.921625823974609
1421 7.331390380859375
1422 8.479267883300782
1423 5.930616455078125
1424 5.705531311035156
1425 1.040035400390625
1426 4.089064025878907
1427 3.1238116455078124
1428 1.5432672119140625
1429 6.769341735839844
1430 9.550789489746094
1431 2.9362136840820314
1432 4.95619873046875
1433 7.072564392089844
1434 2.890003204345703
1435 6.237998657226562
1436 4.969484405517578
1437 1.9494950866699219
1438 5.098552551269531
1439 9.753409729003906
1440 4.2444163513183595
1441 7.843602905273437
1442 2.136773986816406
1443 12.217857971191407
1444 5.218700561523438
1445 11.366036071777344
1446 7.471854629516602
1447 5.174571990966797
1448 12.819151916503905
1449 12.4270556640625
1450 9.31907928466797
1451 0.2790386962890625
1452 0.9539791870117188
1453 2.3966790771484376
1454 0.7049383544921874
1455 19.20940124511719
1456 3.551314697265625
1457 2.9499555969238282
1458 2.7900103759765624
1459 2.547152557373047
1460 11.458997802734375
1461 8.389963073730469
1462 0.19431461334228517
1463 8.739381408691406
1464 4.771123352050782
1465 1.722508544921875
1466 2.3541000366210936
1467 7.304384460449219
1468 3.6649102783203125
1469 6.763865966796875
1470 2.7485978698730467
1471 1.4699056243896484
1472 14.193269958496094
1473 10.699457397460938
1474 3.4115533447265625
1475 3.0473944091796876
1476 6.242142028808594
1477 8.098797607421876
1478 6.237880859375
1479 12.2466845703125
1480 9.152493591308593
1481 3.6568634033203127
1482 4.827640991210938
1483 0.22098968505859376
1484 5.9727317810058596
1485 1.3619004821777343
1486 3.794780731201172
1487 11.383054809570313
1488 2.2288751220703125
1489 2.393606491088867
1490 6.406512145996094
1491 7.887506713867188
1492 10.9434521484375
1493 11.637525634765625
1494 6.383277587890625
1495 6.678992767333984
1496 15.958356628417969
1497 2.6555706787109377
1498 0.001331329345703125
1499 8.797807922363281
1500 3.4158360290527345
1501 7.345643920898437
1502 17.04952880859375
1503 16.548202514648438
1504 6.221708374023438
1505 11.683963317871093
1506 7.263149108886719
1507 0.01654052734375
1508 4.819692077636719
1509 10.587479248046876
1510 6.082819519042968
1511 7.190712890625
1512 1.446331787109375
1513 0.48902313232421873
1514 1.8114437866210937
1515 17.225416259765623
1516 16.61494140625
1517 5.446844177246094
1518 3.7886953735351563
1519 4.116038017272949
1520 20.92948974609375
1521 11.81255584716797
1522 6.518080444335937
1523 20.884517211914062
1524 14.426347045898437
1525 13.373023071289062
1526 0.4722344970703125
1527 18.073189086914063
1528 3.41601318359375
1529 6.4533984375
1530 4.8869781494140625
1531 2.152586669921875
1532 11.456185302734376
1533 10.870490112304687
1534 7.822166137695312
1535 4.798937530517578
1536 9.45435028076172
1537 4.346806640625
1538 8.77829833984375
1539 4.992243347167968
1540 17.60704650878906
1541 7.986939392089844
1542 7.605029296875
1543 5.844988403320312
1544 11.377393798828125
1545 1.5470138549804688
1546 7.435923156738281
1547 1.4231781005859374
1548 5.4665985107421875
1549 2.5486250495910645
1550 5.834349670410156
1551 7.366558227539063
1552 5.724409484863282
1553 5.004434509277344
1554 3.7307723999023437
1555 8.7235205078125
1556 1.911273193359375
1557 2.831135559082031
1558 5.624218139648438
1559 14.783856201171876
1560 5.230020446777344
1561 5.337408447265625
1562 7.70289794921875
1563 0.854874267578125
1564 4.19856201171875
1565 4.533273620605469
1566 4.541881408691406
1567 2.9444088745117187
1568 1.4609152221679687
1569 5.351491088867188
1570 6.748256225585937
1571 0.01031494140625
1572 3.3856732177734377
1573 7.739342041015625
1574 7.305771484375
1575 0.08239349365234375
1576 2.273914031982422
1577 5.689626159667969
1578 4.006650695800781
1579 0.348590087890625
1580 1.0283038330078125
1581 10.589381713867187
1582 0.7423873901367187
1583 1.2516461181640626
1584 10.076731567382813
1585 9.462775268554687
1586 5.376814270019532
1587 18.72674560546875
1588 11.012113647460938
1589 3.261077575683594
1590 2.7655630493164063
1591 7.320843200683594
1592 7.854759521484375
1593 0.7240782165527344
1594 2.7073146057128907
1595 4.843675231933593
1596 3.9046969604492188
1597 4.2759793090820315
1598 4.699867553710938
1599 3.01490478515625
1600 5.285213928222657
1601 3.1689251708984374
1602 2.456129150390625
1603 13.104813842773437
1604 5.745089416503906
1605 2.5245091247558595
1606 9.4161328125
1607 14.139154663085938
1608 11.52390350341797
1609 8.374478759765625
1610 12.933569030761719
1611 9.432466735839844
1612 10.265841674804687
1613 11.642932739257812
1614 6.390275573730468
1615 12.152869415283202
1616 11.066957702636719
1617 11.636181030273438
1618 2.4588629150390626
1619 1.7272451782226563
1620 11.518040161132813
1621 2.1506201171875
1622 2.5793270874023437
1623 0.15463287353515626
1624 15.036788940429688
1625 1.8200892639160156
1626 6.5483309936523435
1627 10.878316040039062
1628 0.0024261474609375
1629 16.5983837890625
1630 5.754008178710937
1631 5.00193603515625
1632 13.1929638671875
1633 22.922030029296874
1634 7.450904235839844
1635 1.3823273849487305
1636 4.807978210449218
1637 0.0060272216796875
1638 0.5243483924865723
1639 0.967318115234375
1640 0.6443508911132813
1641 0.4396153259277344
1642 6.522576904296875
1643 4.812923889160157
1644 0.009521484375
1645 2.0008590698242186
1646 1.7094960021972656
1647 2.3623033142089844
1648 4.792317504882813
1649 6.579527587890625
1650 4.979747619628906
1651 2.631952362060547
1652 4.6728079223632815
1653 5.263734283447266
1654 13.29892852783203
1655 14.521676330566406
1656 0.27675685882568357
1657 17.602904052734374
1658 2.07614990234375
1659 6.615533752441406
1660 0.0930780029296875
1661 6.790535278320313
1662 0.9515471649169922
1663 2.1945130920410154
1664 7.835025024414063
1665 5.868045959472656
1666 0.29324005126953123
1667 5.04637451171875
1668 2.1972064208984374
1669 1.2475077819824218
1670 2.0384457397460936
1671 2.8309732055664063
1672 4.911263427734375
1673 5.17720703125
1674 2.937984619140625
1675 0.4269042205810547
1676 3.1714181518554687
1677 10.458143310546875
1678 0.02352142333984375
1679 1.5701675415039062
1680 2.5763674926757814
1681 1.2865481567382813
1682 0.4625764465332031
1683 0.659591064453125
1684 1.7562457275390626
1685 2.103554534912109
1686 0.1137835693359375
1687 6.434140625
1688 0.27849166870117187
1689 1.3581546020507813
1690 3.5601661682128904
1691 3.525218200683594
1692 8.129353942871093
1693 0.5689462280273437
1694 1.3471914672851562
1695 0.460797004699707
1696 0.5401785278320312
1697 4.027659301757812
1698 3.612204895019531
1699 3.948514709472656
1700 5.337665405273437
1701 0.6143319702148438
1702 0.08350189208984375
1703 0.7020928955078125
1704 4.84237060546875
1705 1.0260821533203126
1706 7.5352294921875
1707 3.4835455322265627
1708 6.023887634277344
1709 5.639326782226562
1710 0.910707778930664
1711 2.519642639160156
1712 0.32614105224609374
1713 11.915917358398438
1714 2.854527893066406
1715 0.22711959838867188
1716 7.906465759277344
1717 15.89693359375
1718 0.29493141174316406
1719 4.351320190429687
1720 0.96968994140625
1721 6.2258161926269535
1722 5.157378234863281
1723 10.38968719482422
1724 7.812870788574219
1725 7.1631982421875
1726 0.4961954116821289
1727 7.395015869140625
1728 7.150707702636719
1729 1.1860598754882812
1730 3.440976867675781
1731 9.8606640625
1732 4.641860656738281
1733 10.7720849609375
1734 0.5147918319702148
1735 0.5840397644042968
1736 8.380467529296874
1737 3.7233026123046873
1738 6.905977172851562
1739 3.9827886962890626
1740 0.9385399627685547
1741 7.205853881835938
1742 10.007208862304687
1743 4.615817565917968
1744 1.8450555419921875
1745 5.547256164550781
1746 10.558767395019531
1747 4.018686981201172
1748 7.165544128417968
1749 1.4841466522216797
1750 5.018039855957031
1751 3.5044879150390624
1752 1.4983273315429688
1753 7.877660522460937
1754 2.092426605224609
1755 11.264363403320312
1756 3.801338806152344
1757 5.145581665039063
1758 3.091878662109375
1759 0.24074745178222656
1760 3.327835998535156
1761 1.4347711181640626
1762 0.8191253662109375
1763 7.704217834472656
1764 4.9673777770996095
1765 3.3971791076660156
1766 2.9086138916015627
1767 5.3730522155761715
1768 2.526753234863281
1769 6.559541625976562
1770 5.44001708984375
1771 9.446798858642579
1772 13.740520935058594
1773 2.010170135498047
1774 22.8370068359375
1775 11.538338623046876
1776 1.9505393981933594
1777 15.98567626953125
1778 0.34831451416015624
1779 1.2706787109375
1780 1.6569181823730468
1781 1.0086575317382813
1782 3.491290740966797
1783 22.846631469726564
1784 4.066064147949219
1785 0.3510608291625977
1786 1.6806645965576172
1787 5.59253662109375
1788 7.274068298339844
1789 2.9989044189453127
1790 11.0789111328125
1791 7.102803344726563
1792 3.9025714111328127
1793 4.027621307373047
1794 13.767715454101562
1795 7.864285278320312
1796 13.451351928710938
1797 4.0264434814453125
1798 13.154263305664063
1799 8.35930419921875
1800 3.0841445922851562
1801 1.174094467163086
1802 0.9685590362548828
1803 1.9665771484375
1804 4.613641319274902
1805 9.428828887939453
1806 7.568875427246094
1807 7.03914794921875
1808 2.7700930786132814
1809 5.434848937988281
1810 13.965012817382812
1811 12.082215576171874
1812 5.606672973632812
1813 5.557484741210938
1814 2.7587969970703123
1815 15.501741027832031
1816 3.78212646484375
1817 6.611171264648437
1818 11.177089233398437
1819 13.170069885253906
1820 0.6520260620117188
1821 1.0831411743164063
1822 9.086719970703125
1823 5.857778930664063
1824 1.208926239013672
1825 12.769258422851562
1826 3.6611923217773437
1827 11.467771606445313
1828 8.772886962890626
1829 5.158746337890625
1830 12.425692443847657
1831 3.8510536193847655
1832 6.809055786132813
1833 0.9182398986816406
1834 4.31318359375
1835 4.3476715087890625
1836 4.723550720214844
1837 8.176268920898437
1838 4.638129730224609
1839 9.009542236328125
1840 0.3465625
1841 5.446998291015625
1842 4.0088134765625
1843 2.5735105895996093
1844 2.67447998046875
1845 4.927001190185547
1846 3.019356689453125
1847 5.210977783203125
1848 5.574208374023438
1849 4.242561645507813
1850 0.20502899169921876
1851 6.105717163085938
1852 0.6770458984375
1853 0.6505386352539062
1854 0.925135498046875
1855 0.2917237091064453
1856 3.929288024902344
1857 7.12607666015625
1858 0.2039996337890625
1859 7.019962768554688
1860 7.5988766479492185
1861 6.188883972167969
1862 4.81843017578125
1863 4.899627685546875
1864 10.047233276367187
1865 2.936166076660156
1866 4.8569403076171875
1867 4.672510986328125
1868 0.07819801330566406
1869 7.413740539550782
1870 3.4499249267578125
1871 2.130636444091797
1872 0.2139642333984375
1873 8.338712768554688
1874 1.29046630859375
1875 1.9276641845703124
1876 1.0936370849609376
1877 9.048695678710937
1878 0.36085220336914064
1879 1.5246530151367188
1880 4.209073486328125
1881 10.251068115234375
1882 2.291603240966797
1883 3.3292416381835936
1884 0.10019233703613281
1885 1.3695090484619141
1886 1.9280587768554687
1887 0.00843048095703125
1888 13.644122314453124
1889 5.508216857910156
1890 2.0496669006347656
1891 0.27805572509765625
1892 1.215330581665039
1893 1.224859161376953
1894 0.1019805145263672
1895 3.4003688049316407
1896 1.8497323608398437
1897 1.7546977233886718
1898 8.263511962890625
1899 0.06472579956054687
1900 1.3066983032226562
1901 2.343627624511719
1902 0.41229900360107424
1903 2.492432861328125
1904 8.597335815429688
1905 0.10552757263183593
1906 0.5526213073730468
1907 2.7842181396484373
1908 0.057946357727050785
1909 3.197017822265625
1910 0.9487062072753907
1911 0.084404296875
1912 23.64333251953125
1913 0.30253021240234373
1914 3.4527642822265623
1915 5.523971252441406
1916 0.18107845306396483
1917 3.6693707275390626
1918 1.726785888671875
1919 0.011280059814453125
1920 6.29537841796875
1921 0.8818603515625
1922 1.638460693359375
1923 2.7649188232421875
1924 2.5510540771484376
1925 0.5253714752197266
1926 0.22328445434570313
1927 6.519330139160156
1928 1.7164627075195313
1929 0.38834434509277344
1930 0.2539784240722656
1931 0.7430528259277344
1932 5.385190734863281
1933 5.664891662597657
1934 1.620887451171875
1935 9.010291137695312
1936 5.716192321777344
1937 3.239559783935547
1938 0.9662384033203125
1939 6.59384765625
1940 3.7401580810546875
1941 1.063560791015625
1942 3.6769775390625
1943 5.091973876953125
1944 0.4524449157714844
1945 0.664345703125
1946 0.2637110900878906
1947 7.43267333984375
1948 1.0446726989746093
1949 5.405401000976562
1950 11.031947631835937
1951 3.5400048828125
1952 2.101612243652344
1953 6.020895385742188
1954 14.64944580078125
1955 8.852381591796876
1956 7.170996398925781
1957 5.353641967773438
1958 3.3162725830078124
1959 1.2918226623535156
1960 3.3532183837890623
1961 9.33789306640625
1962 2.6555267333984376
1963 7.472798156738281
1964 10.084324951171874
1965 2.6954083251953125
1966 10.31687255859375
1967 13.968927001953125
1968 13.150674438476562
1969 0.7506674194335937
1970 2.8585079956054686
1971 1.1946295166015626
1972 4.058208618164063
1973 13.757099609375
1974 1.546155242919922
1975 3.708984375
1976 0.3207638549804688
1977 4.198552856445312
1978 8.17997314453125
1979 7.175198974609375
1980 2.967313232421875
1981 1.8986935424804687
1982 19.826910400390624
1983 8.056212768554687
1984 10.46552001953125
1985 1.930263671875
1986 6.686480102539062
1987 15.296669311523438
1988 11.263543701171875
1989 8.048730773925781
1990 8.166427612304688
1991 1.6701593017578125
1992 2.7882308959960938
1993 0.82828369140625
1994 4.943204345703125
1995 3.493369140625
1996 14.436049194335938
1997 2.035227813720703
1998 0.36585708618164064
1999 0.93733154296875
2000 7.708921508789063
2001 6.2994537353515625
2002 1.0156819534301758
2003 9.304018249511719
2004 2.3879766845703125
2005 6.3254241943359375
2006 0.8448135375976562
2007 1.9298019409179688
2008 6.454794311523438
2009 1.8002752685546874
2010 2.80075927734375
2011 4.65251220703125
2012 5.436192321777344
2013 5.297548828125
2014 5.241109313964844
2015 4.905160827636719
2016 8.418460388183593
2017 11.126335144042969
2018 12.967515258789062
2019 5.703696594238282
2020 11.996430053710938
2021 8.940271606445313
2022 1.9448434448242187
2023 0.1583617401123047
2024 0.0146942138671875
2025 8.247213134765625
2026 4.368258361816406
2027 14.005931396484375
2028 7.273683471679687
2029 4.840272827148437
2030 9.87451904296875
2031 1.7685455322265624
2032 8.371962280273438
2033 1.4741259765625
2034 5.237264404296875
2035 6.622202758789062
2036 4.626006469726563
2037 17.76117126464844
2038 8.328031005859375
2039 8.733140869140625
2040 1.153046875
2041 0.5699528503417969
2042 5.510139770507813
2043 4.91255859375
2044 11.806466064453126
2045 6.212086791992188
2046 1.7643319702148437
2047 2.491353759765625
2048 0.893618392944336
2049 0.8960863494873047
2050 2.7690538024902343
2051 0.9130105590820312
2052 1.4716813659667969
2053 0.3626951599121094
2054 1.9487710571289063
2055 0.5882134246826172
2056 4.997000732421875
2057 0.11463081359863281
2058 2.0958956909179687
2059 0.18571758270263672
2060 3.1408624267578125
2061 0.3067961883544922
2062 1.595118865966797
2063 0.17973045349121095
2064 1.5418304443359374
2065 1.004215087890625
2066 1.3732716369628906
2067 0.1486083984375
2068 0.9318516540527344
2069 0.22397937774658203
2070 2.193939208984375
2071 0.6000128746032715
2072 4.021173400878906
2073 0.9582253265380859
2074 4.322850036621094
2075 0.782861328125
2076 6.452954406738281
2077 0.7172474670410156
2078 10.439633178710938
2079 1.2640882873535155
2080 2.040721740722656
2081 0.589385404586792
2082 5.5540072631835935
2083 0.9219564819335937
2084 5.198744201660157
2085 0.15282012939453124
2086 4.260233764648437
2087 3.1400596618652346
2088 1.9251699829101563
2089 5.29181884765625
2090 2.8538812255859374
2091 1.1445402526855468
2092 2.510462646484375
2093 3.1974116516113282
2094 3.4841189575195313
2095 5.106162719726562
2096 4.210304565429688
2097 6.8081005859375
2098 4.653391723632812
2099 4.549167785644531
2100 1.4436998748779297
2101 0.6746749877929688
2102 1.1190274047851563
2103 5.195986328125
2104 16.743396606445312
2105 4.10034423828125
2106 4.687948608398438
2107 2.37434326171875
2108 5.208445434570312
2109 1.2632675170898438
2110 3.0876260375976563
2111 17.72341552734375
2112 4.919990234375
2113 2.6869305419921874
2114 9.552076416015625
2115 4.581332092285156
2116 9.52020751953125
2117 4.659833374023438
2118 13.412584838867188
2119 4.442819213867187
2120 2.667367248535156
2121 9.013291931152343
2122 0.676251449584961
2123 11.068842163085938
2124 5.55170654296875
2125 4.112829284667969
2126 1.1226461791992188
2127 0.2506121826171875
2128 10.515010681152344
2129 12.368885498046875
2130 5.177902526855469
2131 1.410884246826172
2132 10.067628784179687
2133 7.756370239257812
2134 3.2044097900390627
2135 3.779150390625
2136 4.849486694335938
2137 0.31998260498046877
2138 1.3868619537353515
2139 3.623860168457031
2140 3.150041351318359
2141 4.95489242553711
2142 2.0248888397216795
2143 11.561191101074218
2144 3.642091064453125
2145 12.317290649414062
2146 1.5117312622070314
2147 5.347415466308593
2148 11.020771789550782
2149 5.432716979980468
2150 10.27807373046875
2151 1.5226235961914063
2152 18.858872680664064
2153 3.191195373535156
2154 4.068051147460937
2155 4.999137573242187
2156 4.878401489257812
2157 8.29553680419922
2158 2.7657796478271486
2159 20.242784423828127
2160 1.6904852294921875
2161 10.656812133789062
2162 15.7844189453125
2163 5.889582977294922
2164 10.274553833007813
2165 2.8033547973632813
2166 0.06312187194824219
2167 2.1306533813476562
2168 5.098238830566406
2169 1.840537109375
2170 5.148788833618164
2171 6.507533874511719
2172 0.5276206970214844
2173 2.0493089294433595
2174 2.300390319824219
2175 15.0747607421875
2176 5.850696716308594
2177 3.151383972167969
2178 11.272859497070312
2179 12.270097045898437
2180 9.442592468261719
2181 4.749999389648438
2182 5.37335693359375
2183 1.1927098083496093
2184 7.46605712890625
2185 10.140628051757812
2186 6.219500732421875
2187 2.424507751464844
2188 9.295331420898437
2189 6.0198974609375
2190 3.1712030029296874
2191 13.600782470703125
2192 2.909404296875
2193 23.927694091796877
2194 7.997568969726562
2195 4.65675048828125
2196 8.190739135742188
2197 2.51234375
2198 2.1852642822265627
2199 3.205501708984375
2200 1.2015869140625
2201 2.1922393798828126
2202 0.29446868896484374
2203 8.652625732421875
2204 1.9471730041503905
2205 6.195080871582031
2206 9.001019287109376
2207 4.6309051513671875
2208 0.5138916015625
2209 3.5000173664093017
2210 3.7392420387268066
2211 0.790955810546875
2212 3.6968283081054687
2213 2.065840759277344
2214 3.855579833984375
2215 2.5178260803222656
2216 4.668189697265625
2217 1.6363815307617187
2218 4.297077331542969
2219 3.3342626953125
2220 13.400043334960937
2221 1.7732403564453125
2222 1.1728619384765624
2223 2.3766259765625
2224 4.086434326171875
2225 2.4290426635742186
2226 1.2442256164550782
2227 16.886175231933592
2228 4.002279663085938
2229 1.54147216796875
2230 0.8194952392578125
2231 2.164058837890625
2232 1.0376724243164062
2233 5.416010131835938
2234 12.638235473632813
2235 3.6861669921875
2236 5.1018408203125
2237 2.7972976684570314
2238 2.49359375
2239 6.241727905273438
2240 1.5285971069335937
2241 4.910775146484375
2242 8.564939880371094
2243 8.436065368652343
2244 7.5209658813476565
2245 4.436323852539062
2246 1.5524569702148439
2247 3.845433349609375
2248 18.503013916015625
2249 3.443719482421875
2250 2.2819137573242188
2251 2.6414363098144533
2252 7.6224169921875
2253 4.232474365234375
2254 3.436781311035156
2255 5.283973999023438
2256 3.53543701171875
2257 13.573617553710937
2258 0.17568756103515626
2259 6.673785705566406
2260 3.657607421875
2261 18.298896484375
2262 5.97468505859375
2263 3.9407666015625
2264 9.450013122558595
2265 3.622408447265625
2266 3.4949551391601563
2267 1.882635040283203
2268 11.162026977539062
2269 6.754430541992187
2270 1.2966964721679688
2271 8.212696838378907
2272 5.59281982421875
2273 0.72024169921875
2274 2.8564532470703123
2275 2.876914367675781
2276 6.0836865234375
2277 0.0138397216796875
2278 4.004393310546875
2279 5.645057373046875
2280 1.9158407592773437
2281 6.869918212890625
2282 3.1910470581054686
2283 6.440591430664062
2284 3.1082363891601563
2285 1.188419189453125
2286 1.4888113021850586
2287 1.2327886962890624
2288 4.726574096679688
2289 4.098865051269531
2290 4.154255981445313
2291 3.4375
2292 1.8876019287109376
2293 4.975146484375
2294 4.0051791381835935
2295 5.135919799804688
2296 2.106073760986328
2297 3.288513488769531
2298 2.4537640380859376
2299 3.8797227478027345
2300 1.68734619140625
2301 6.057111206054688
2302 0.0084381103515625
2303 7.470452575683594
2304 0.15272933959960938
2305 0.00746917724609375
2306 0.1223297119140625
2307 2.133208923339844
2308 4.6612481689453125
2309 0.8149136352539063
2310 3.5561962890625
2311 9.595377197265625
2312 7.379782104492188
2313 3.2225265502929688
2314 8.621380615234376
2315 4.4780056762695315
2316 6.7850430297851565
2317 11.798973999023438
2318 0.9870855712890625
2319 0.17879425048828124
2320 7.637448120117187
2321 5.029224243164062
2322 1.2045683288574218
2323 17.276775512695313
2324 1.50260009765625
2325 4.687815246582031
2326 11.270481567382813
2327 1.1052960205078124
2328 6.43694091796875
2329 6.641514587402344
2330 0.7631005859375
2331 9.019818420410155
2332 1.1111521911621094
2333 9.493696899414063
2334 5.51285400390625
2335 3.3930035400390626
2336 1.4765390014648438
2337 1.322020263671875
2338 0.6300994873046875
2339 13.45385284423828
2340 5.05517822265625
2341 3.627188720703125
2342 3.5106549072265625
2343 1.8770855712890624
2344 0.00354766845703125
2345 2.7321490478515624
2346 4.31342529296875
2347 2.3026385498046875
2348 1.6256492614746094
2349 2.657781982421875
2350 4.136436157226562
2351 3.86496826171875
2352 1.1337103271484374
2353 5.006962738037109
2354 16.9189990234375
2355 5.272112731933594
2356 11.513185424804687
2357 0.17405258178710936
2358 7.592022094726563
2359 14.738744201660156
2360 1.73489013671875
2361 0.6840007019042968
2362 4.717926635742187
2363 3.4250244140625
2364 7.0634619140625
2365 4.239954223632813
2366 2.474026794433594
2367 1.9810269165039063
2368 0.01525115966796875
2369 5.53583984375
2370 1.9370440673828124
2371 2.6534765625
2372 4.064197540283203
2373 3.177373046875
2374 0.07210693359375
2375 0.2368505859375
2376 3.134776916503906
2377 2.030198974609375
2378 1.1307481384277345
2379 7.26862060546875
2380 10.424345703125
2381 9.865105590820313
2382 9.254542236328126
2383 4.143305053710938
2384 1.7333627319335938
2385 2.3954368591308595
2386 2.4261376953125
2387 12.122212524414062
2388 3.862290954589844
2389 6.131719360351562
2390 0.3422711181640625
2391 5.9423526000976565
2392 8.5768212890625
2393 4.118300170898437
2394 0.4698584747314453
2395 6.355895080566406
2396 6.29449462890625
2397 1.81046142578125
2398 0.8532708740234375
2399 2.018013916015625
2400 11.222009887695313
2401 11.36156982421875
2402 0.9267926025390625
2403 2.5632728576660155
2404 0.7688088989257813
2405 1.7871543884277343
2406 0.79640625
2407 2.379361572265625
2408 8.79444091796875
2409 0.0254669189453125
2410 5.184542236328125
2411 0.1447314453125
2412 3.1672213745117186
2413 6.030427856445312
2414 1.8858384704589843
2415 3.9877984619140623
