0 2.2159015500000003
1 4.9591996
2 4.2451913999999995
3 5.346853100000001
4 1.7067541600000007
5 0.8149181799999997
6 4.3449977
7 0.00181675
8 0.11334341609000004
9 3.053713599999999
10 2.03247202
11 0.006564140000000003
12 0.9902918199999999
13 0.8036339920000003
14 6.8518911
15 0.17016778599999996
16 0.003446579999999999
17 0.00035381300000000013
18 1.3992435199999997
19 9.1095015
20 0.03526400000000001
21 2.6799845600000003
22 1.88957964
23 6.906735199999999
24 2.5558164999999997
25 0.67660113
26 0.3508504799999999
27 1.5133901399999998
28 0.0027217900000000004
29 0.00011634800000000006
30 0.9671783999999998
31 5.763950799999999
32 0.05717746440000005
33 1.0789945399999998
34 2.1253044
35 0.1571723130000001
36 0.5610168
37 0.39878786999999993
38 3.9557045
39 0.10863374499999998
40 3.0474915
41 0.31008777200000004
42 3.294228
43 0.10161225200000007
44 0.41280474
45 4.307038599999999
46 1.5767403
47 1.7575714999999996
48 0.21283817599999996
49 0.8598372199999997
50 0.165621548
51 2.67347916
52 0.63053746
53 0.6893644499999998
54 1.5312484
55 3.2342245799999993
56 3.798007400000001
57 3.5315062
58 0.147302053
59 0.8447936999999999
60 4.643032799999999
61 0.07326253879999997
62 0.10722453599999998
63 0.7285856799999999
64 1.38897535
65 6.2682417
66 2.5657456
67 2.4685689600000003
68 3.5061961000000004
69 3.1421931999999995
70 0.00154114
71 0.41865616000000005
72 1.4677409399999999
73 1.1481465800000001
74 0.13372999044999997
75 4.321995499999999
76 0.41146511800000013
77 2.6825819799999993
78 0.4680397540000001
79 0.76345856
80 0.6040883499999999
81 0.21659131200000004
82 0.5867476400000001
83 8.768767700000001
84 3.0613844
85 4.3297771
86 5.1451321000000005
87 10.1496577
88 2.13636227
89 0.00033474
90 0.5013264
91 2.5927573000000006
92 1.9238028999999994
93 1.17531839
94 2.21204698
95 0.6550238700000002
96 1.8661223599999999
97 0.18632352900000013
98 2.60261598
99 0.0022973999999999994
100 0.00152779
101 0.7839946200000001
102 0.7162637300000001
103 2.59791818
104 0.86678312
105 2.8768480800000003
106 4.4657084000000005
107 1.0007043999999998
108 5.301957000000001
109 0.08672989779999998
110 1.6603715299999997
111 0.000552177
112 3.7202378000000005
113 0.97928572
114 1.20011832
115 5.882357900000001
116 3.4524973
117 1.4982677599999994
118 1.1562294200000003
119 0.7036138599999997
120 0.86974026
121 1.6660065699999997
122 1.8494224799999999
123 0.9969958399999997
124 0.3005962949999999
125 0.45910408199999997
126 0.7601031999999998
127 0.7009159400000001
128 0.78234678
129 1.9267784800000003
130 1.42776938
131 0.00746346
132 0.14226489099999998
133 5.7085916
134 0.124200744
135 0.009286879999999999
136 3.0207507
137 1.3121517200000001
138 0.13164235939999996
139 0.00112724
140 0.011111300000000005
141 0.09197581300000002
142 1.8969485199999996
143 0.00028800999999999995
144 0.0039033900000000005
145 1.7011978599999997
146 2.9982105000000003
147 3.8677621999999996
148 2.6081198
149 3.204482
150 0.4226045330000001
151 2.963862399999999
152 5.930980000000001
153 0.006912229999999999
154 3.6299940000000004
155 0.72029078
156 0.11259403600000004
157 2.9667514000000006
158 1.2495420400000001
159 1.16056512
160 1.3014487
161 0.42440762
162 0.56828722
163 2.7510061499999994
164 0.21871525199999994
165 0.003593440000000001
166 1.2638164499999998
167 0.0022172900000000002
168 0.8281621600000001
169 0.24411065
170 0.0874739407999999
171 0.49593855999999986
172 0.30944537999999994
173 0.9329850000000001
174 3.7566294100000004
175 0.4579891109999999
176 1.2953881200000004
177 3.9498784000000002
178 0.4430950399999999
179 0.346282847
180 1.0477273200000001
181 0.15620930759999996
182 2.4339943999999996
183 1.16607622
184 0.17523744
185 0.4197431850000001
186 3.198834999999999
187 0.8366626700000004
188 0.20695336300000006
189 0.9876595
190 3.7007099
191 0.015376099999999997
192 5.740549699999998
193 0.4723890599999999
194 2.4067151600000005
195 2.00437792
196 8.2233752
197 8.958285500000002
198 0.010858500000000002
199 4.774164
200 0.24900853899999995
201 7.1073022
202 0.6564108070000002
203 0.9206056300000001
204 1.7950088500000003
205 0.23655002000000006
206 4.8454104000000005
207 4.456322600000001
208 0.8463424999999998
209 2.8125353799999995
210 3.0028224400000005
211 0.9229959999999999
212 3.8047942
213 1.3052640599999998
214 8.809197200000002
215 1.3149056999999997
216 0.3593967289999999
217 2.5850399000000004
218 0.261867656
219 1.6897321999999997
220 5.000300999999999
221 0.6301817410000001
222 4.205941999999999
223 0.6815125299999998
224 0.5067636
225 1.9100784999999996
226 8.524313000000001
227 2.2435911199999996
228 1.5650567400000002
229 1.18920157
230 0.3746690500000001
231 6.3141042
232 0.00028991699999999994
233 1.00200905
234 0.13284772
235 0.0013751999999999998
236 0.000534058
237 2.5307144999999998
238 0.000118256
239 4.100946
240 4.9388799
241 0.0006065369999999999
242 1.3874407
243 1.30178742
244 0.9150497999999998
245 0.0037221900000000002
246 1.9063457599999998
247 2.0981168
248 1.8007439000000005
249 3.6700345999999993
250 4.312342800000001
251 2.36446538
252 1.4307224699999999
253 1.3318814999999995
254 4.424334699999999
255 0.6599630699999998
256 2.7818382999999995
257 1.14193275
258 0.39614930000000015
259 0.8009309099999998
260 0.83166471
261 1.5909360900000002
262 5.1914947
263 0.35882498000000007
264 0.8577132399999999
265 2.6315641999999997
266 6.0003697
267 0.0031633400000000006
268 2.9104910999999998
269 6.8295089
270 2.61328222
271 3.4183006999999996
272 0.058742587999999964
273 1.7484471599999998
274 0.61227964
275 1.81369589
276 0.7478850999999999
277 5.5289823
278 0.6577838799999998
279 3.6075705
280 0.9626021300000001
281 7.902432900000003
282 4.3285160000000005
283 0.206165824
284 0.5259854
285 1.4941885000000001
286 1.5103038399999997
287 0.5834187000000002
288 0.005883219999999999
289 0.76321761
290 4.4175070000000005
291 3.3313202
292 3.5404745999999987
293 0.05930278799999994
294 4.4457473
295 3.200686000000001
296 3.7350263
297 2.366483299999999
298 0.8300421899999999
299 0.23305801599999995
300 0.33097933000000007
301 0.41727322
302 3.1675252600000006
303 2.8068035000000005
304 0.49167705999999994
305 0.007391930000000002
306 3.387901699999999
307 0.10130830000000003
308 1.2677186599999999
309 1.5635534599999996
310 0.0179968
311 0.06702597100000002
312 0.17018402600000004
313 0.05959532900000001
314 0.7176098499999999
315 2.0478836
316 1.9899818799999998
317 1.5711095599999993
318 8.531511400000001
319 6.448448699999999
320 1.4526120300000005
321 0.30702009
322 1.28081222
323 1.41018556
324 0.6960722600000001
325 0.34999547
326 0.67236705
327 0.26695656
328 0.13592735599999994
329 4.848253300000001
330 3.7422256399999996
331 1.9202172000000002
332 0.6392509580000001
333 0.19448678599999994
334 0.27049470900000006
335 0.8282693000000001
336 0.1408274498
337 0.00517464
338 0.7735885200000002
339 0.44632640000000007
340 0.017936699999999996
341 0.11455055600000003
342 3.0620404000000008
343 0.002998349999999999
344 0.5520768899999998
345 4.1659339
346 4.2757005
347 4.846371899999999
348 0.20472701499999993
349 5.753960199999999
350 0.93419076
351 1.10840242
352 2.2134403599999994
353 1.342948
354 1.64149899
355 0.5279103800000002
356 2.09089628
357 0.9346502499999998
358 0.8614654600000002
359 2.3729879900000004
360 2.23782555
361 1.28099106
362 1.3393361399999997
363 3.230902639999999
364 2.0643077000000005
365 1.2757565200000003
366 1.57654635
367 3.1397656999999994
368 2.9355312000000002
369 1.9344963199999996
370 0.17712308200000002
371 0.017213799999999998
372 0.3855638119999999
373 2.3279607999999996
374 0.09853520800000004
375 0.7012644600000002
376 3.9931536999999997
377 0.2973956880000001
378 0.7108123599999998
379 3.3123174000000004
380 0.08638343400000002
381 2.3591506999999994
382 1.7830771200000002
383 2.0999465
384 4.173809199999999
385 1.4016839999999997
386 1.4921408400000002
387 0.0010795599999999998
388 2.25358756
389 1.06708936
390 1.64457158
391 2.5560489000000004
392 2.8948999200000003
393 1.5250274000000001
394 1.24997952
395 1.86375514
396 6.864491699999999
397 1.17893505
398 0.7462016600000001
399 0.5747427000000002
400 2.4075154999999997
401 1.7976765000000001
402 1.2625821400000001
403 0.00558472
404 1.1246783
405 0.39984490000000006
406 0.4073401480000001
407 1.6921995199999997
408 1.1147099999999996
409 3.5270348
410 0.014128700000000001
411 0.06298600500000004
412 0.36535565999999997
413 0.5674485
414 0.09350262899999988
415 0.07840919700000003
416 0.7534625130000002
417 1.5570659400000009
418 6.7663166000000015
419 0.5935452999999999
420 2.1534345599999996
421 1.1827600800000002
422 0.46233714800000003
423 0.7463785600000001
424 1.17016641
425 1.2940882
426 0.7146759499999998
427 4.791837700000001
428 1.2826741199999998
429 1.5170449000000001
430 2.43855114
431 0.17176512099999994
432 0.005362509999999999
433 1.8233778100000004
434 3.0051962999999997
435 1.4103263699999997
436 7.8377521
437 1.23175515
438 0.5670380600000001
439 3.9010384000000005
440 7.2127702
441 9.7195202
442 0.5180452699999999
443 3.0584949999999993
444 0.8747314999999999
445 0.0022172900000000002
446 2.32404746
447 0.152988362
448 3.4774104999999995
449 2.18068982
450 0.32757015200000006
451 3.1275998000000005
452 0.0005569460000000001
453 0.10156683129999995
454 0.8266309999999997
455 4.9844139
456 0.005653380000000002
457 1.6248514
458 0.36596766
459 0.06988712300000001
460 0.9717964500000004
461 4.0705824
462 4.6313299
463 0.78012706
464 0.42241546
465 2.0705973999999996
466 0.3052890010000001
467 0.10805776489999996
468 0.9568272300000001
469 0.8866767200000004
470 0.8898754600000001
471 0.09768480699999993
472 0.0006322860000000001
473 1.1892174199999999
474 1.70542054
475 0.19561515820000003
476 1.4038880499999997
477 0.8743027600000001
478 3.7498433
479 0.7161152
480 0.4039990999999999
481 0.006311419999999997
482 0.4901477000000002
483 0.00030708300000000004
484 3.8799827000000007
485 2.5441776
486 0.55237316
487 0.10489342260000008
488 7.215809499999999
489 2.0069745599999997
490 7.755425200000001
491 3.7822792000000005
492 0.0008354190000000004
493 0.88980208
494 1.18610606
495 1.654231
496 0.22269584
497 0.5348463489999999
498 0.147356696
499 0.9612988999999998
500 0.006045339999999999
501 0.201424575
502 0.0021085700000000006
503 6.470801
504 2.4582748
505 0.34518551199999997
506 2.9558724800000005
507 4.5764714
508 0.65070593
509 0.6686118000000001
510 8.686161
511 1.74513616
512 0.7044619399999997
513 5.252701700000001
514 2.1437051
515 2.8990952999999995
516 0.005522730000000003
517 1.4130405599999998
518 0.5519870799999999
519 1.1000985799999998
520 0.4826305370000001
521 4.4690219
522 3.9739446999999997
523 2.9941582999999996
524 5.0007146
525 1.1643849400000001
526 0.09534639700000001
527 0.264385664
528 4.103589400000001
529 0.22534459999999995
530 1.37581306
531 0.005289079999999998
532 1.0668284300000002
533 0.8332929400000002
534 2.038137
535 2.44088968
536 0.39737972400000005
537 1.2117240599999999
538 2.5606553799999996
539 0.4185457200000001
540 5.719069100000001
541 0.16914072499999988
542 0.269441912
543 1.68895915
544 0.7983664199999998
545 0.9372874700000002
546 1.8769826800000005
547 2.1991923600000005
548 3.7635524
549 4.9361596
550 2.7370241999999996
551 1.7692188799999997
552 0.21699081900000003
553 2.9338300099999994
554 0.82606403
555 1.0596613499999998
556 0.3689435850000001
557 1.30381262
558 0.0010671599999999997
559 1.6277622000000003
560 0.6474514000000002
561 0.0765170991
562 3.6807740999999994
563 1.51465962
564 2.9412822
565 0.010304499999999996
566 0.0022583
567 0.0009241100000000003
568 0.0019426300000000005
569 0.140969678
570 0.1319800569
571 0.48205579
572 0.47348209999999996
573 7.217207499999998
574 2.7575324100000005
575 2.86865293
576 4.4799392
577 0.31965417
578 1.0238600599999998
579 3.8853821999999996
580 0.00256729
581 4.932742500000001
582 1.0692253999999999
583 0.6472624000000002
584 2.2561702999999995
585 2.5057631599999994
586 1.4952106000000003
587 1.3935012999999998
588 2.1990988000000002
589 0.0021018999999999994
590 5.800880299999999
591 0.7024882800000001
592 0.46146738
593 3.9889826000000013
594 2.54813569
595 0.9451843600000001
596 5.389866400000001
597 1.7878624200000002
598 3.1006586000000005
599 4.661522599999999
600 5.944121000000001
601 0.9575677400000002
602 1.30436129
603 0.215284044
604 1.9640276500000005
605 1.0082936
606 0.64533715
607 6.930325300000001
608 0.0004672999999999999
609 0.46213593999999986
610 4.305059999999999
611 0.5692792299999999
612 0.9276927399999999
613 1.2658042999999999
614 0.305520424
615 1.7763219000000003
616 0.46026293199999996
617 0.7037983
618 1.7347740499999995
619 1.9687364000000003
620 1.6699763200000004
621 1.3565112199999998
622 1.74697776
623 0.28954812
624 0.762245619
625 0.0005922319999999998
626 5.823135700000002
627 1.0443104799999998
628 1.6093774499999995
629 0.49639468800000003
630 0.06106303799999997
631 1.3842253000000002
632 1.6986781599999998
633 2.8162228000000002
634 1.8718459399999994
635 0.005336760000000004
636 0.17167828799999998
637 3.9462193999999995
638 2.2811336
639 0.7070163199999999
640 2.0294279200000007
641 0.073074474
642 4.958639499999999
643 0.00151062
644 0.00043487500000000015
645 0.0164824
646 0.007410049999999998
647 0.000128746
648 1.5586867599999996
649 0.309407204
650 0.00016021700000000004
651 7.662179499999999
652 0.07317515900000003
653 4.8562974
654 0.00019645700000000003
655 0.39880686
656 8.528659300000001
657 0.008182529999999999
658 1.7830082000000003
659 0.5964271720000002
660 0.9200083800000002
661 0.00215054
662 3.7548132999999995
663 0.6629836800000001
664 0.11351860359999995
665 1.12783574
666 2.12607174
667 0.0018625300000000003
668 0.8228681000000003
669 2.524001179999999
670 1.02538572
671 1.4750643999999997
672 0.68888255
673 0.7788095800000001
674 0.7429232030000001
675 0.0189724
676 0.4450907810000001
677 1.0910002600000002
678 0.13252970199999994
679 0.24666597799999998
680 2.2178565199999998
681 0.33568017999999994
682 0.7013209299999997
683 1.3903487800000003
684 1.6045244399999998
685 2.0008333799999996
686 1.8939297
687 2.3538219
688 1.3824893999999999
689 1.8589414000000002
690 2.5651573999999995
691 2.0169879
692 0.6056084600000002
693 3.2146822000000004
694 0.42211225799999996
695 0.5370348
696 1.2984983399999999
697 0.9782061999999998
698 2.5993439
699 4.3915895
700 0.8705757500000001
701 6.607175399999999
702 0.49599010000000016
703 0.0030841799999999993
704 0.0017003999999999997
705 0.44903821999999993
706 0.05955107500000002
707 0.08067604390000001
708 1.2648788500000003
709 0.0016975400000000004
710 0.0015478100000000004
711 5.509537099999999
712 0.549698547
713 1.5926168200000002
714 4.7620247
715 1.1678604199999998
716 1.2340580999999997
717 1.4576292000000002
718 1.8066479199999999
719 0.80318368
720 2.0578296600000003
721 0.24891627599999994
722 0.33197457999999996
723 1.0857297499999998
724 2.3158865100000003
725 6.4085640999999995
726 2.8094894000000004
727 2.12842265
728 0.5931127
729 1.07289165
730 4.3037837
731 1.6276279100000002
732 4.2918015
733 0.6841739399999999
734 3.0090465999999996
735 1.9071819200000002
736 1.55202406
737 8.2520845
738 0.9861992399999998
739 6.2008220000000005
740 0.14590110400000003
741 0.33010316499999987
742 0.5069470799999999
743 2.5932296999999993
744 1.6927574800000003
745 2.2624952
746 0.8314068800000001
747 1.7917325399999995
748 4.236129200000001
749 0.8779675999999997
750 0.5416076599999999
751 0.8363883299999998
752 0.61456958
753 0.0015907300000000003
754 0.74265983
755 0.70889088
756 0.0006446840000000001
757 1.21627128
758 0.8249961199999999
759 0.000472069
760 2.7453398999999994
761 1.4296858799999999
762 2.4599081000000003
763 0.3976398999999999
764 3.0584787
765 0.10180027800000001
766 0.8492428400000002
767 4.338704000000001
768 1.7750911999999999
769 1.4119228999999998
770 0.000534058
771 3.3302394
772 2.6418954599999993
773 0.6937866700000002
774 0.07928942569999997
775 2.8987281
776 0.3705041650000001
777 0.07061986839999995
778 0.00124359
779 0.4694138790000001
780 4.3962457
781 1.4512362
782 6.7418167
783 0.41505550500000005
784 0.005974770000000001
785 2.6443427999999995
786 0.47111806
787 4.5740856
788 1.7723660500000002
789 1.2359513999999998
790 1.57548961
791 2.7578479999999996
792 4.294346100000001
793 4.1006575000000005
794 1.6369762300000001
795 0.005359650000000001
796 0.5413666
797 0.80040977
798 0.4715955930000002
799 0.4992445400000001
800 0.004937169999999999
801 0.0007896419999999997
802 5.3264951
803 0.388049708
804 1.26703222
805 0.80111051
806 0.24643566500000005
807 7.0895069999999984
808 0.9501646000000001
809 0.00047969799999999986
810 3.5422961
811 1.6336323199999996
812 3.9037281000000004
813 1.1740297800000001
814 0.32852545000000005
815 3.3372962999999998
816 1.1238585700000001
817 0.1471454259999999
818 0.0006065369999999999
819 7.1358501
820 0.9505925999999997
821 0.19835701999999994
822 6.504301200000001
823 1.7318623000000002
824 2.2442336000000003
825 0.9594397199999998
826 0.7805543699999998
827 4.325191700000001
828 1.6867417000000007
829 1.6779315000000004
830 1.2289163200000002
831 1.2301251199999998
832 0.5527791600000002
833 0.7529045500000001
834 0.6699014599999998
835 0.0022926299999999995
836 1.01073295
837 4.5015035
838 6.564493800000001
839 2.6074669
840 7.3172916
841 0.5762002599999999
842 10.489109000000001
843 11.458960600000001
844 6.029418899999999
845 8.034108
846 1.9908308200000002
847 1.3280832599999997
848 3.0981430200000006
849 2.1561336
850 6.655598599999999
851 0.5899009199999997
852 0.064702924
853 3.3295465000000006
854 1.1433395899999999
855 3.5161659599999995
856 1.5812654800000003
857 1.13869016
858 10.6749621
859 0.08255216579999997
860 0.9437562399999997
861 6.789485899999999
862 1.3306635799999997
863 0.182101805
864 3.9498571
865 0.9797479400000002
866 3.22801194
867 3.0308553999999996
868 2.5137906
869 10.450601699999998
870 4.106453200000001
871 1.4457274500000004
872 0.000377655
873 2.0152028399999997
874 2.30926338
875 0.061197074999999976
876 2.4829513
877 1.7317604000000002
878 1.6163850300000002
879 0.00515652
880 1.4911174000000005
881 1.5902894
882 0.260594424
883 4.309379799999999
884 0.82976599
885 1.2873919900000002
886 0.60882864
887 0.08712570799999994
888 1.8633548200000005
889 2.4843296000000006
890 0.63234443
891 2.61910798
892 4.351733900000001
893 0.6801693800000003
894 5.559464800000001
895 3.4281926
896 5.935396599999999
897 1.4342496799999997
898 1.4753731200000006
899 3.3296326599999997
900 0.3842826592000001
901 2.8157373999999997
902 4.220909599999999
903 5.886945599999999
904 14.1920792
905 1.3307244000000003
906 2.5454242999999996
907 1.2460480800000002
908 1.5153125899999997
909 1.3235570099999996
910 0.49781182000000007
911 2.6518924
912 0.84911641
913 0.9616315200000003
914 2.6920360000000003
915 2.1661707999999997
916 0.7818005100000002
917 1.2409799200000002
918 1.07166928
919 0.0114136
920 1.8360270000000003
921 3.2297139000000006
922 0.92858232
923 9.9468385
924 1.96083933
925 2.6140981300000004
926 1.05446828
927 0.7591827200000002
928 1.80944499
929 0.08932665690000001
930 0.7339443700000001
931 2.01622072
932 1.0783967
933 1.2041791000000002
934 0.27299197
935 0.79508071
936 1.23605738
937 0.0064907099999999985
938 2.3999395
939 0.00430107
940 0.0009222029999999999
941 0.13862600400000002
942 0.0706215658
943 0.073693392
944 0.06133741949999998
945 0.004867549999999999
946 0.140735374
947 1.48548154
948 5.6963198
949 2.93579562
950 6.331771300000001
951 0.9372475399999997
952 1.6335718000000004
953 1.21103813
954 2.46147075
955 0.11608162300000008
956 0.5933788499999999
957 3.4040671
958 3.9998528000000007
959 1.70153932
960 4.4304502
961 0.9199012399999998
962 0.7936336600000001
963 6.0166716
964 2.22676543
965 4.2153001
966 0.010682099999999996
967 0.6281886600000001
968 0.9013529400000002
969 0.22678990499999993
970 8.386583100000001
971 2.9978222999999997
972 0.46143246
973 1.0694327000000001
974 10.7319704
975 13.683244299999998
976 3.1118605400000003
977 6.420400999999999
978 1.27418411
979 2.835537580000001
980 3.31816414
981 0.3366707800000001
982 0.18231817299999997
983 7.069546399999999
984 0.006784440000000002
985 3.8672918000000003
986 1.52703158
987 0.0013008100000000001
988 0.05877397290000003
989 0.8551523359999997
990 0.2812094719999999
991 0.47948871
992 7.099067299999999
993 0.516920916
994 0.4208747300000002
995 0.6725632500000001
996 0.020281799999999996
997 1.6547315999999999
998 0.7056641799999998
999 1.1182609300000002
1000 2.3014572
1001 0.5617125129999998
1002 0.9270967099999998
1003 1.5187021199999997
1004 0.3834874399999999
1005 1.1184020199999998
1006 0.12073310840000002
1007 0.49618505000000007
1008 0.6374277199999999
1009 3.2926812
1010 4.638418100000001
1011 2.4859060000000004
1012 1.6746995999999998
1013 1.8210867400000001
1014 7.5428328
1015 0.7547334999999998
1016 2.1768868599999998
1017 6.5356454
1018 3.4980485999999997
1019 0.2803506680000001
1020 0.8335890000000002
1021 1.1840282
1022 0.362437206
1023 0.070351225
1024 2.3378501499999995
1025 5.2612549
1026 0.23352308000000005
1027 0.47153299999999987
1028 0.8653948320000001
1029 0.15238342399999996
1030 1.3006485199999995
1031 0.17197053599999998
1032 0.08722594300000004
1033 5.8660208
1034 2.5228010999999997
1035 1.2817633999999998
1036 2.0447207
1037 0.8251365200000003
1038 1.8148479800000004
1039 2.8724008999999997
1040 1.9096978400000004
1041 2.5933308
1042 0.00075531
1043 0.96217215
1044 2.534750640000001
1045 6.109304599999999
1046 0.002285
1047 7.1313382
1048 3.4616658
1049 3.0929600999999995
1050 4.2217853000000005
1051 0.5048560839999999
1052 2.947830199999999
1053 0.17946100399999995
1054 3.032947900000001
1055 0.0010118499999999997
1056 1.18786337
1057 1.6199910199999998
1058 6.4484883
1059 4.7559332
1060 4.3840314
1061 1.8933453199999994
1062 0.000602722
1063 3.3216358500000003
1064 1.8929879799999998
1065 4.4728228
1066 0.0006580349999999998
1067 0.39578883999999986
1068 8.3393673
1069 9.7771096
1070 0.6025757099999999
1071 0.4531249310000001
1072 4.0592486999999995
1073 5.977513299999999
1074 2.3898608000000006
1075 0.40645189999999987
1076 7.3991816
1077 5.782730100000001
1078 0.00131512
1079 7.125868800000001
1080 0.18597042200000008
1081 0.36158751999999994
1082 1.8635555800000003
1083 5.802361199999999
1084 2.05765014
1085 0.55230314
1086 1.47887808
1087 1.4837651500000002
1088 0.6787313500000001
1089 0.33461646999999994
1090 0.3513224380000001
1091 0.7587781200000001
1092 1.95617039
1093 12.221003500000002
1094 1.2136476499999995
1095 1.9893640000000006
1096 0.34693627400000004
1097 0.00657654
1098 1.17977535
1099 0.15219770800000004
1100 0.0020551699999999994
1101 1.1660537599999998
1102 1.5104268899999997
1103 0.6355628600000001
1104 0.7790185800000002
1105 0.4339353400000001
1106 1.6440590799999995
1107 0.08524723799999996
1108 0.07300998159999997
1109 0.43904119499999994
1110 3.2173820800000006
1111 0.162922541
1112 4.8486556
1113 2.0422053
1114 2.2065588
1115 1.0381435
1116 2.6870322399999997
1117 0.00022316
1118 7.6060586
1119 3.7768682999999994
1120 0.8949626399999999
1121 1.8745929600000002
1122 0.5273584800000002
1123 0.2856774680000001
1124 2.40137944
1125 0.7977033299999998
1126 3.0544358000000007
1127 0.27405779599999996
1128 1.446456
1129 0.00029468499999999993
1130 1.4479970400000002
1131 2.9246338000000005
1132 0.016693099999999992
1133 2.1448493
1134 0.09375360360000005
1135 0.27211722000000005
1136 0.185465504
1137 2.2553727999999995
1138 0.07854261900000002
1139 1.2207525600000002
1140 0.08759648190000002
1141 0.51247484
1142 0.6707422599999999
1143 0.25685906900000005
1144 0.59477532
1145 1.15824976
1146 0.29627832000000004
1147 0.86782663
1148 0.0011692
1149 0.23295305200000002
1150 0.0648837715
1151 1.5534452999999993
1152 3.3141997999999995
1153 0.29744331999999996
1154 3.0097224999999996
1155 0.004049299999999999
1156 0.215849766
1157 1.44720262
1158 2.3963617999999998
1159 0.35415786
1160 0.4094093799999998
1161 0.9186617499999999
1162 3.0203586
1163 6.2310178
1164 0.07216570600000001
1165 1.8271811900000001
1166 0.067463871
1167 0.7493492699999998
1168 2.3326807
1169 0.000891685
1170 0.215263384
1171 3.4584677000000013
1172 7.8233061
1173 1.0016735999999997
1174 1.3660686600000005
1175 0.7442639799999998
1176 0.7739111099999999
1177 2.7145378000000004
1178 0.9523228200000002
1179 2.0692806999999998
1180 1.83899318
1181 0.5328500979999999
1182 1.28038145
1183 1.74181914
1184 5.949394999999999
1185 1.36715858
1186 0.9944937
1187 1.374489
1188 2.26097404
1189 3.2202715
1190 0.24830301500000002
1191 0.287626775
1192 4.715544900000001
1193 1.2732810400000003
1194 1.9013368800000001
1195 0.5522543
1196 1.5935450399999995
1197 1.98138466
1198 2.01599297
1199 6.1967741
1200 0.7344917
1201 0.12369399800000001
1202 0.004651069999999999
1203 0.2859846379999998
1204 0.0037822699999999986
1205 0.11056317930000001
1206 2.1843137
1207 0.15424629799999995
1208 0.008521079999999999
1209 1.5888862599999996
1210 9.303564699999999
1211 0.9991631000000002
1212 0.16080653799999997
1213 1.0891203799999998
1214 0.90930088
1215 0.5816153
1216 0.24314305600000005
1217 1.0917781599999998
1218 0.8546973999999998
1219 1.1385139500000003
1220 0.12391787199999998
1221 3.7760821000000004
1222 0.23304082999999992
1223 5.685565099999999
1224 1.3513501799999998
1225 1.2253622100000003
1226 0.7301331500000002
1227 5.472686999999999
1228 0.32644073
1229 0.005002020000000001
1230 1.7304760800000003
1231 0.7846631399999999
1232 1.0536347999999998
1233 0.2998638290000001
1234 0.0036716500000000003
1235 0.00509644
1236 1.9706576499999997
1237 0.017355000000000002
1238 1.0388937
1239 2.44214826
1240 0.3213738359999999
1241 0.06756108099999998
1242 1.70438536
1243 0.21538209600000002
1244 0.0058317199999999994
1245 1.5935832700000003
1246 0.8394048
1247 4.093806799999999
1248 0.07749922530000002
1249 0.9459525000000001
1250 0.3755151600000001
1251 4.5961604
1252 0.24582125200000007
1253 3.0367302
1254 3.9185999999999996
1255 2.792853989999999
1256 4.5690037
1257 8.392329999999998e-05
1258 11.742539500000003
1259 4.5592725
1260 5.0744786
1261 1.0001104499999998
1262 0.4892004
1263 3.4071993
1264 1.1593118
1265 3.3105293100000006
1266 0.3713946599999998
1267 1.33507884
1268 8.781528900000001
1269 3.7755305999999997
1270 1.4442825500000003
1271 3.7365083799999996
1272 0.3251409749999999
1273 3.6151441
1274 3.065475700000001
1275 0.16633588299999993
1276 3.377773400000001
1277 4.8347136
1278 3.9094458
1279 6.9694348999999995
1280 1.1411650599999996
1281 0.0137863
1282 2.230308
1283 6.8261885
1284 4.7992911000000005
1285 0.0020437199999999997
1286 4.3295976
1287 5.3730341
1288 4.158146299999999
1289 1.6631794400000002
1290 1.9742149599999999
1291 5.725768699999999
1292 0.277972759
1293 0.6048004
1294 2.4124793999999996
1295 3.4761234999999995
1296 0.7305625000000002
1297 2.3485769
1298 1.2543497700000001
1299 3.2223440000000005
1300 1.2852316000000001
1301 0.69827201
1302 0.13039505399999995
1303 11.609962100000002
1304 0.8336463500000001
1305 2.7500362999999997
1306 4.6608068000000005
1307 3.2260996299999998
1308 1.2486218
1309 1.02850884
1310 0.57624151
1311 0.327275
1312 0.5070390300000001
1313 0.22914282000000014
1314 0.22828734399999995
1315 1.3478093200000005
1316 4.4094886
1317 3.3906074
1318 4.7586957000000005
1319 1.4181710000000003
1320 1.9832612100000002
1321 0.7666495399999996
1322 3.5164165999999994
1323 1.30127082
1324 0.12625227600000002
1325 2.5241563599999997
1326 0.223729285
1327 1.5902859400000005
1328 0.192496502
1329 3.05374761
1330 0.00112915
1331 0.20405532399999998
1332 0.5453092700000001
1333 4.1383811
1334 0.31486241199999987
1335 0.006066319999999998
1336 0.0027732799999999995
1337 0.8828082300000003
1338 3.2625727
1339 2.2247855100000002
1340 2.0307480800000004
1341 5.801932300000001
1342 4.6393372
1343 1.6966754999999998
1344 1.42308902
1345 11.272424899999999
1346 0.9634497499999997
1347 0.5551075799999998
1348 8.570836400000001
1349 1.5358398999999998
1350 1.29578824
1351 5.6142196
1352 0.08552120300000002
1353 1.2175364599999998
1354 1.5680242799999997
1355 5.5559879
1356 0.07299756480000004
1357 0.0155497
1358 5.613249499999999
1359 2.01447731
1360 1.3295992400000003
1361 0.8822606999999999
1362 1.5350585000000003
1363 0.211685066
1364 1.3691794
1365 0.6297909000000002
1366 2.36656288
1367 9.5136769
1368 3.2530686999999996
1369 3.2598565
1370 1.2254884099999999
1371 0.50187274
1372 0.9345474000000001
1373 1.9980003
1374 0.0006399149999999999
1375 7.204409800000002
1376 5.325965900000001
1377 0.0019140199999999994
1378 0.17043605800000003
1379 0.0005216600000000001
1380 4.5245174
1381 0.3788298399999999
1382 2.2136286999999997
1383 0.7161169899999997
1384 0.0010433200000000001
1385 0.08901782459999996
1386 4.084878699999999
1387 2.8868644999999997
1388 0.00524616
1389 0.57407984
1390 0.0034685099999999997
1391 2.6634265300000006
1392 1.0967988000000002
1393 1.4030589699999998
1394 0.015355100000000003
1395 6.230527
1396 0.00040054300000000017
1397 0.22408138000000008
1398 0.42148965000000005
1399 1.5176415399999998
1400 0.18020847999999995
1401 2.0655905199999993
1402 0.004144670000000001
1403 0.6143356399999998
1404 0.000985146
1405 0.4220489619999999
1406 0.2014328
1407 2.0164390800000005
1408 1.0561569499999997
1409 0.35738456300000004
1410 2.9635059399999992
1411 0.68851189
1412 1.20996106
1413 0.11043851889999998
1414 1.4912777699999997
1415 0.003489489999999999
1416 0.00015449499999999994
1417 0.00164986
1418 1.5411450999999996
1419 0.7203512
1420 1.4531552999999997
1421 1.17173308
1422 1.6589298000000001
1423 2.3500503999999998
1424 2.1141369
1425 0.008996010000000002
1426 1.06508618
1427 0.44463348399999986
1428 0.49057734000000003
1429 1.18287164
1430 3.5147027000000004
1431 1.0746203200000002
1432 1.3086780199999999
1433 1.00987452
1434 0.7014622
1435 2.3000895900000002
1436 0.69617176
1437 0.004418369999999999
1438 2.0337887599999998
1439 5.121935
1440 0.44584036
1441 5.8886637
1442 0.40674684
1443 7.689303400000001
1444 0.3805050980000001
1445 3.8917795000000006
1446 0.5510496600000002
1447 0.8076222499999999
1448 9.4512925
1449 3.8902832999999997
1450 3.1621264999999994
1451 0.00379467
1452 0.00446415
1453 1.17813147
1454 0.7516743799999999
1455 8.3983225
1456 0.4822744699999999
1457 1.78761043
1458 0.33555204000000005
1459 0.21623006000000003
1460 2.2052401
1461 0.16668780399999997
1462 0.0009412770000000003
1463 2.1240031999999998
1464 3.5827572999999995
1465 0.9654703600000001
1466 1.31590122
1467 1.5751404500000001
1468 1.0019351400000003
1469 1.0747558600000002
1470 0.07895361100000002
1471 0.19658160359999996
1472 3.7410924999999997
1473 4.646292599999999
1474 0.9797106799999997
1475 0.46478795000000006
1476 1.95169806
1477 0.88654425
1478 1.3294094399999998
1479 5.188152700000001
1480 2.6631623
1481 2.0350606
1482 0.15157583399999994
1483 0.00124073
1484 1.17179469
1485 0.0006504060000000002
1486 1.62343999
1487 1.7523491999999994
1488 0.38003656799999996
1489 0.434264434
1490 1.5426329000000003
1491 0.83094705
1492 3.9864943999999998
1493 5.596251799999999
1494 0.7374128799999998
1495 2.4946141
1496 5.9689213
1497 1.18762908
1498 0.00015258799999999997
1499 6.555540300000001
1500 0.30598259
1501 2.926957250000001
1502 9.1664801
1503 8.384292599999998
1504 1.8979469799999995
1505 1.9949149400000004
1506 2.3753527999999995
1507 0.13992519199999995
1508 1.7395709000000001
1509 4.775879499999999
1510 2.6771322000000004
1511 1.9896329000000004
1512 0.55983766
1513 0.1916976802000001
1514 0.9220879400000003
1515 9.130542299999998
1516 6.2749942
1517 0.080242978
1518 0.13587062999999996
1519 2.6795295000000006
1520 6.617417499999999
1521 7.760700700000001
1522 1.21174606
1523 18.8576222
1524 4.6670584999999996
1525 6.967137699999999
1526 0.00553989
1527 11.219747199999999
1528 0.32832595000000014
1529 2.7327295000000005
1530 1.6161419000000001
1531 1.4951452399999996
1532 9.9907136
1533 3.9986825200000005
1534 2.35300317
1535 2.9650453
1536 4.7916682
1537 0.06706344599999997
1538 5.4780797
1539 1.7543976800000005
1540 13.8256278
1541 2.0371660700000005
1542 1.0156379400000004
1543 2.899521300000001
1544 3.16430092
1545 1.5087072099999999
1546 3.7082542999999997
1547 0.076854312
1548 4.0676197
1549 0.012712499999999993
1550 4.4650058
1551 1.1256313100000002
1552 1.3203594300000001
1553 0.78885434
1554 1.0384280500000003
1555 3.4081404
1556 0.12829473999999996
1557 1.1388580000000001
1558 1.6907643200000002
1559 6.166562400000001
1560 1.2125133000000003
1561 2.0849414
1562 1.0623735000000003
1563 0.07361143299999999
1564 0.5246335600000002
1565 2.3098661600000003
1566 2.4395774
1567 0.12953432599999998
1568 0.5546705959999999
1569 2.2620860700000005
1570 1.3274068600000002
1571 0.005937579999999999
1572 1.6850949999999996
1573 1.4675048599999996
1574 4.7736264
1575 0.0013170200000000001
1576 0.3680851899999999
1577 0.8586326000000001
1578 0.0019321399999999997
1579 0.00036048899999999997
1580 0.0038394900000000005
1581 5.355815099999998
1582 0.009977339999999998
1583 0.359851996
1584 3.1015036000000005
1585 5.4447708000000015
1586 1.37948712
1587 5.681792400000001
1588 5.1778214
1589 0.08636225979999997
1590 1.1861580999999999
1591 1.62384198
1592 1.2569316400000003
1593 0.00758934
1594 0.0035696
1595 3.38639
1596 1.58700045
1597 2.3630921999999996
1598 1.4481629599999999
1599 0.7875030599999999
1600 3.016668599999999
1601 1.6537962000000004
1602 0.11051625600000001
1603 3.7520118999999994
1604 0.9471487
1605 0.11740344999999998
1606 8.630229900000002
1607 11.836435199999999
1608 4.989627
1609 4.9426793
1610 3.807573120000001
1611 3.9032071999999993
1612 5.9250864000000005
1613 8.4667239
1614 4.1043869
1615 6.9893539
1616 5.918950499999999
1617 3.8291635000000004
1618 0.25118756999999997
1619 0.4258812300000001
1620 4.1665128
1621 0.005852700000000003
1622 3.1306219
1623 0.0012245200000000002
1624 5.8038088000000005
1625 1.9975806600000001
1626 2.9730954
1627 4.8957178
1628 0.00011634800000000006
1629 4.452182499999999
1630 1.5096237000000001
1631 0.6835131200000003
1632 8.585668600000002
1633 24.825219200000006
1634 4.554065400000001
1635 0.10813779149999997
1636 1.8491298999999999
1637 0.000465393
1638 0.000417709
1639 0.8084258599999999
1640 0.0019245100000000002
1641 0.06429275040000004
1642 1.38777697
1643 2.22117786
1644 0.07529714809999999
1645 0.15138280099999998
1646 0.20807212500000002
1647 0.11023217399999995
1648 0.9909884800000002
1649 1.0166796600000003
1650 1.24927755
1651 0.7953635200000002
1652 2.9218022000000006
1653 1.55118606
1654 5.3898463
1655 4.0653041
1656 0.0038156499999999994
1657 9.7243607
1658 0.18366498599999992
1659 3.8067477299999983
1660 0.0786096335
1661 1.5076333199999996
1662 0.007164959999999999
1663 0.38639478
1664 1.9893861000000004
1665 3.34559324
1666 0.001355169999999999
1667 3.190652
1668 0.32233750599999994
1669 0.20398981199999994
1670 0.007850649999999999
1671 0.32943332200000014
1672 1.63347968
1673 4.3564692
1674 1.2378879599999997
1675 0.0015611600000000002
1676 0.58462808
1677 1.7600955300000003
1678 0.00112724
1679 0.16284486099999995
1680 0.7667950799999999
1681 0.312295117
1682 0.0018348699999999993
1683 0.08467430250000002
1684 0.6742085399999997
1685 1.1685415399999999
1686 0.000365257
1687 1.1243239500000004
1688 0.11035112389999996
1689 0.3257043420000001
1690 2.1434859
1691 0.07071246099999998
1692 2.8990178999999996
1693 0.26448113999999995
1694 2.37181975
1695 0.00148582
1696 0.02092269999999999
1697 1.8469566299999998
1698 0.5001882
1699 1.8831347000000003
1700 4.065612499999999
1701 0.0015268300000000005
1702 0.0004425050000000002
1703 0.4452399540000001
1704 0.9755341600000002
1705 0.40303817399999986
1706 3.41457812
1707 3.3238369999999997
1708 2.3679840000000003
1709 0.6233910000000001
1710 0.07211228580000001
1711 0.7760147799999999
1712 0.15945384
1713 6.0536702
1714 3.5046044999999997
1715 0.13356679899999993
1716 2.5390649999999995
1717 11.942051400000002
1718 0.005147930000000002
1719 1.4139737499999998
1720 0.9278034899999998
1721 2.4444489500000004
1722 2.9165729999999996
1723 4.356595
1724 1.9165546999999998
1725 5.422713100000001
1726 0.0029554399999999993
1727 2.44033378
1728 2.9494309000000003
1729 0.24909603999999994
1730 1.9862939
1731 1.92873148
1732 1.3987937
1733 3.3857664000000005
1734 0.002017970000000001
1735 0.006393430000000002
1736 0.10521213200000004
1737 1.60539244
1738 5.4542984
1739 2.5644063
1740 0.00318813
1741 4.2243491
1742 2.8257843000000005
1743 1.8739661000000003
1744 0.21560421500000002
1745 4.458148199999999
1746 5.309389500000002
1747 0.3992427599999999
1748 3.0483937999999995
1749 0.494015768
1750 1.7589075200000004
1751 1.0128105200000002
1752 0.19755780399999992
1753 2.1767585
1754 0.7497434999999999
1755 3.6954071999999996
1756 0.155349168
1757 3.9689839
1758 1.1402052999999996
1759 0.15148988999999996
1760 0.8953190000000001
1761 0.3268762000000001
1762 0.07552491099999997
1763 3.8504794999999996
1764 0.86022758
1765 1.4239120600000004
1766 0.39163093000000015
1767 1.7820191999999997
1768 0.11818613200000001
1769 1.5295244000000003
1770 5.1220109
1771 6.1973872
1772 8.465647400000002
1773 0.6047883000000001
1774 14.651960100000002
1775 3.3362863999999997
1776 0.06574375499999995
1777 5.429115300000001
1778 0.08178304600000001
1779 0.456707932
1780 0.10344304400000003
1781 0.6879256199999999
1782 1.3470012500000001
1783 14.579917400000001
1784 0.7102235800000003
1785 0.00036048899999999997
1786 0.6208737999999999
1787 2.509797
1788 1.20974894
1789 0.25510775199999997
1790 5.9125494000000005
1791 2.27148282
1792 1.02548262
1793 1.3471173100000002
1794 1.57755515
1795 1.68635678
1796 7.546733099999999
1797 1.8751095999999998
1798 5.458131600000001
1799 1.3927870999999998
1800 0.5996399359999998
1801 0.00228977
1802 0.6150616999999999
1803 0.26719527199999993
1804 1.13098283
1805 3.3715995
1806 1.1181456500000002
1807 0.71454036
1808 0.24469654799999993
1809 1.3306866200000003
1810 1.9844564999999996
1811 11.131185300000002
1812 2.2492449999999997
1813 2.59986087
1814 1.1246499
1815 7.395681600000001
1816 0.8405776200000004
1817 3.9096036000000005
1818 2.6603577999999994
1819 3.53415255
1820 0.2332820729999999
1821 0.14841161260000002
1822 5.378215500000001
1823 2.9973111
1824 0.006186490000000004
1825 5.8745366
1826 0.77065602
1827 5.528259900000002
1828 3.1924452000000008
1829 1.4971541000000004
1830 9.1886729
1831 0.75192502
1832 3.9375526099999996
1833 0.20412255499999998
1834 0.4356577849999999
1835 1.6794032300000004
1836 1.9372028799999996
1837 1.8522640800000003
1838 0.3281002780000001
1839 3.4960117000000004
1840 0.007754330000000004
1841 0.8666758000000001
1842 0.9957580999999999
1843 1.33939078
1844 1.24160758
1845 0.6505661899999998
1846 0.8156354200000002
1847 0.4912642000000001
1848 2.0244523899999995
1849 2.64825729
1850 0.13839580399999998
1851 2.714114240000001
1852 0.29080759599999995
1853 0.0019779200000000006
1854 0.58726435
1855 0.0004930500000000001
1856 2.3312625999999996
1857 2.6524591699999998
1858 0.0033226000000000015
1859 4.5491594
1860 3.1912278999999995
1861 5.6724695999999994
1862 0.8159953300000001
1863 0.13168100000000002
1864 4.8124346000000005
1865 0.488328506
1866 0.5871775800000001
1867 4.2460304
1868 0.0012445400000000001
1869 0.49395474000000006
1870 0.130025586
1871 0.010321599999999997
1872 0.0010490399999999998
1873 4.3807106
1874 0.25844060999999996
1875 0.6231099
1876 0.07153257820000002
1877 1.3493764500000003
1878 0.0007734300000000004
1879 1.07829088
1880 0.22771364400000002
1881 2.7411077
1882 0.185216591
1883 0.9181190000000001
1884 0.00014877300000000002
1885 0.42574625200000027
1886 0.13762721800000002
1887 0.00012111700000000001
1888 7.1969338
1889 0.41720648000000005
1890 1.4837991200000005
1891 0.00011634800000000006
1892 0.011414500000000001
1893 0.350505796
1894 0.00033760099999999993
1895 1.3962500199999994
1896 0.39957243500000017
1897 0.06919388000000001
1898 0.16093630799999997
1899 0.00011920899999999998
1900 0.671404262
1901 0.06293665600000004
1902 0.15479323270000006
1903 0.148119276
1904 4.109031900000001
1905 0.0012893700000000002
1906 0.11282292
1907 0.11330652799999999
1908 9.250639999999997e-05
1909 0.24636878000000006
1910 0.08094089
1911 0.0004224779999999999
1912 1.8647508800000003
1913 0.08369639100000001
1914 0.5917578450000002
1915 4.0718604
1916 0.0003833769999999998
1917 0.018266700000000004
1918 0.182932439
1919 0.00011539500000000002
1920 2.6384517599999997
1921 0.20036659599999992
1922 0.20610280799999997
1923 1.0614475
1924 0.37818586500000007
1925 0.05871230700000002
1926 0.0593246097
1927 4.117537899999999
1928 1.35643823
1929 0.22621942100000003
1930 0.0004949569999999999
1931 0.13107654600000004
1932 2.1949533500000005
1933 0.65306505
1934 0.26626217800000007
1935 3.3007372799999994
1936 0.45114851
1937 1.59744755
1938 0.002753259999999999
1939 1.8739153800000004
1940 0.3952868800000002
1941 0.23238464399999997
1942 0.2922035600000001
1943 0.7026381400000001
1944 0.09474743199999999
1945 0.09095824600000003
1946 0.058881145699999984
1947 3.817040859999999
1948 0.06827454199999998
1949 2.1186166900000005
1950 2.7833913999999997
1951 1.9321984399999996
1952 0.266295414
1953 3.2670140899999995
1954 5.408078499999999
1955 1.9746387599999997
1956 6.0108043
1957 2.2114944
1958 0.9242923200000002
1959 0.4275879320000001
1960 0.6780723200000003
1961 2.8345599
1962 1.0461048000000002
1963 2.51808529
1964 1.5277459699999998
1965 0.58245282
1966 1.5629204600000006
1967 7.286598399999999
1968 2.2401585500000003
1969 0.32478142500000007
1970 1.1304844200000002
1971 0.8446769599999997
1972 0.73447388
1973 5.311824000000001
1974 0.7884294199999999
1975 1.8080115600000002
1976 0.18069802
1977 1.584168
1978 2.1421490999999993
1979 0.9714997799999998
1980 1.3841332400000002
1981 0.6559525499999996
1982 14.181807599999997
1983 1.7820989
1984 1.56151656
1985 0.48102134000000013
1986 0.13463438300000008
1987 3.6579350999999996
1988 4.957379499999999
1989 1.3064415400000002
1990 3.8762325
1991 0.17312710599999995
1992 0.5353035999999999
1993 0.007777210000000001
1994 2.9562471999999995
1995 0.5037459299999998
1996 4.0385874
1997 0.015667900000000002
1998 0.0014123900000000003
1999 0.06667461300000002
2000 0.11936758100000006
2001 0.6768399599999999
2002 0.54014019
2003 1.8687156700000003
2004 0.1537318
2005 3.5088318000000003
2006 0.20164069399999995
2007 0.148272826
2008 3.3037145799999994
2009 0.07466346100000003
2010 0.0047349900000000006
2011 0.5389347800000001
2012 1.7997783
2013 4.338481699999999
2014 0.15248781400000003
2015 3.1553377999999994
2016 1.2734595
2017 5.957912100000001
2018 5.076895700000001
2019 1.4464700499999994
2020 6.983626199999999
2021 2.02369212
2022 2.9589986600000002
2023 0.00192738
2024 0.09253566339999988
2025 1.5901484
2026 0.8319049400000001
2027 8.1817265
2028 0.8613532500000001
2029 0.6359917599999999
2030 5.578302300000001
2031 0.07133523800000001
2032 2.4945172999999996
2033 0.24856442800000003
2034 0.5387517499999999
2035 3.4146894
2036 2.6156017000000005
2037 9.3324354
2038 2.51169985
2039 2.68027068
2040 0.012207
2041 0.0007734300000000004
2042 0.8233255800000001
2043 1.3005984999999998
2044 5.4310521
2045 2.9856162
2046 0.4511372399999999
2047 1.7602669400000002
2048 0.007757189999999997
2049 0.0026273700000000004
2050 3.488391899999999
2051 0.0013294199999999998
2052 1.5894887800000004
2053 0.0005130769999999999
2054 1.80727811
2055 0.0015535399999999993
2056 1.67171122
2057 0.0007638930000000001
2058 1.09343512
2059 0.0005674359999999999
2060 1.2335266200000001
2061 0.000636101
2062 1.3160521
2063 0.0014390900000000003
2064 1.1936898999999999
2065 0.0014133500000000007
2066 1.0777584200000003
2067 0.0005159379999999999
2068 1.7702226
2069 0.000491142
2070 1.1356816399999998
2071 0.07833046650000004
2072 1.8652699199999998
2073 0.0034685099999999997
2074 1.7994626999999996
2075 0.0008525850000000001
2076 2.5879958000000003
2077 0.07733293369999997
2078 5.5722063
2079 0.0015392299999999997
2080 0.08569725699999997
2081 0.0011634799999999997
2082 2.637376699999999
2083 0.1584899208
2084 2.422573
2085 0.0006656649999999999
2086 1.3051358400000002
2087 2.00233292
2088 0.06745108100000001
2089 0.4459449439999998
2090 0.8080757
2091 0.07582452660000001
2092 0.16460315600000008
2093 0.00352955
2094 0.5760825800000001
2095 0.9020866000000004
2096 1.7909436999999997
2097 3.9985318999999997
2098 6.001742899999999
2099 0.6852456000000001
2100 0.003920560000000002
2101 0.007174490000000002
2102 0.27719178600000005
2103 2.53396282
2104 6.722343800000001
2105 0.7212423900000001
2106 2.0825636
2107 1.3199590000000003
2108 2.4421158999999997
2109 0.46136566
2110 0.319429735
2111 4.986909
2112 0.40425665
2113 0.560126
2114 2.6460197000000005
2115 0.6648
2116 6.368312099999998
2117 1.25431388
2118 7.734820699999999
2119 4.2946178
2120 3.0390847999999995
2121 5.337907599999999
2122 0.00602722
2123 3.1821339
2124 1.5518969100000004
2125 1.3181220200000001
2126 0.174913546
2127 0.00058651
2128 3.7509612
2129 4.3744998
2130 1.6888627
2131 0.12456074
2132 1.5494557999999998
2133 1.7343244200000003
2134 0.87681762
2135 1.4085220800000002
2136 0.48151382400000003
2137 0.0025997199999999985
2138 0.29254418200000004
2139 2.7310776800000003
2140 0.7935274000000001
2141 1.6768144099999998
2142 2.0623220000000004
2143 11.312435599999999
2144 1.7948759200000004
2145 4.9978431
2146 0.07215167100000001
2147 0.9515832000000001
2148 4.508097299999999
2149 2.1371185
2150 5.142932000000001
2151 0.0113249
2152 9.0920783
2153 1.10750646
2154 3.4351671999999995
2155 0.159959882
2156 2.6810399999999994
2157 1.3743772999999997
2158 0.21628106200000002
2159 6.6045406
2160 0.07712191199999996
2161 3.639233299999999
2162 11.185064300000004
2163 1.17453181
2164 4.556661000000001
2165 1.4313015000000002
2166 0.0005016329999999999
2167 1.4866974799999997
2168 4.874850599999999
2169 0.3924216280000002
2170 1.0496420800000001
2171 0.5240392799999999
2172 0.51316369
2173 0.006072039999999997
2174 0.7738391199999998
2175 4.2702749
2176 2.6852523000000006
2177 1.3095317300000002
2178 1.4757013200000006
2179 2.86667979
2180 6.257942600000002
2181 0.9746534200000001
2182 0.24562967599999996
2183 0.0109453
2184 4.0562541
2185 1.9904910199999994
2186 2.6610993400000003
2187 0.4316438500000001
2188 4.116686400000001
2189 2.41916019
2190 0.619406
2191 8.8338847
2192 0.508535248
2193 14.0273897
2194 2.1752455800000003
2195 3.08086164
2196 2.5284936799999995
2197 1.2833726200000002
2198 2.5622287
2199 1.0781458199999998
2200 0.14431760999999999
2201 0.07960783820000002
2202 0.10596335800000004
2203 2.2584538999999997
2204 0.9940158000000002
2205 2.45065506
2206 4.6655961999999995
2207 1.27568156
2208 0.014891599999999998
2209 0.725116916
2210 2.1157433
2211 0.2883036399999998
2212 0.26815985600000003
2213 0.35805146599999993
2214 0.06925828599999999
2215 1.5499705
2216 0.36437913599999994
2217 0.06222196800000002
2218 2.6689282000000003
2219 0.8184033900000002
2220 8.1922841
2221 0.3842446399999999
2222 0.08318748800000002
2223 0.4306553840000001
2224 0.8654840199999998
2225 0.128775425
2226 0.18023525760000006
2227 7.666014700000001
2228 1.14458796
2229 0.0030078900000000005
2230 0.00971222
2231 0.6855992999999998
2232 0.005313870000000002
2233 3.45077356
2234 6.900085799999999
2235 1.0579872799999999
2236 1.1859127000000003
2237 0.6704315
2238 0.6118349
2239 2.3015775999999994
2240 0.31945664599999996
2241 1.1425014199999999
2242 5.231704
2243 3.8080166299999996
2244 1.8206421000000006
2245 1.47106402
2246 0.354849
2247 1.22425066
2248 6.5176075
2249 1.1663632
2250 0.003983499999999999
2251 1.8770382999999995
2252 3.4099199300000005
2253 0.9315614499999998
2254 1.2435479999999999
2255 1.21826855
2256 1.1750965399999997
2257 5.496055000000001
2258 0.0024004
2259 0.07298391300000001
2260 0.083253206
2261 9.303811300000001
2262 3.4344169599999996
2263 0.90292926
2264 3.0164856
2265 0.8756985000000003
2266 1.02796967
2267 1.1528688
2268 4.360740599999999
2269 3.2942789999999995
2270 0.25508501
2271 3.8462095
2272 2.3550275
2273 0.0009517670000000001
2274 0.9689620300000001
2275 1.0211519599999996
2276 2.03131525
2277 0.0012054400000000003
2278 0.7107713800000001
2279 0.7139432000000001
2280 0.27440775400000006
2281 1.03194662
2282 1.7147692899999998
2283 4.552213500000001
2284 0.24592778799999998
2285 0.31925072099999996
2286 0.2843147750000001
2287 0.9960601699999998
2288 1.6672116099999994
2289 0.3665632400000001
2290 1.3989366
2291 0.0008707049999999999
2292 0.9259993199999998
2293 0.9850700699999999
2294 2.1839994
2295 1.98201132
2296 0.08385004079999997
2297 2.05517023
2298 0.241567985
2299 0.94853484
2300 0.22998117600000006
2301 1.63831102
2302 0.00127697
2303 5.9335363999999995
2304 0.0005283359999999999
2305 0.007853509999999998
2306 0.0006475450000000002
2307 1.2917294000000001
2308 1.3911712200000006
2309 0.005392069999999999
2310 0.279188652
2311 3.1495564
2312 1.8787402500000001
2313 0.50708606
2314 1.6437031400000004
2315 0.9662090299999998
2316 4.2440237
2317 4.6004645
2318 0.0655875711
2319 0.004090309999999999
2320 3.3545915999999987
2321 1.1783175300000004
2322 0.015243499999999995
2323 8.0660852
2324 0.8618461000000002
2325 3.8693820000000003
2326 2.42819425
2327 1.1087065900000002
2328 3.1163352999999994
2329 5.0129433
2330 0.41962769199999994
2331 3.7653827
2332 0.11978368600000001
2333 2.0337910800000003
2334 1.8950852800000004
2335 0.8910137400000001
2336 0.09782156200000001
2337 0.19014700800000003
2338 0.0035800899999999997
2339 4.1983323
2340 2.8846757
2341 0.612325746
2342 0.7119829799999999
2343 0.6014700839999999
2344 0.000261307
2345 0.686003348
2346 1.01062676
2347 2.0927966500000004
2348 0.26958660100000004
2349 0.7262487000000003
2350 0.4013160510000002
2351 1.83480505
2352 1.3919977599999995
2353 2.7200779
2354 6.835447299999999
2355 2.1068395400000006
2356 4.8279209000000005
2357 0.0011682499999999996
2358 2.7107051000000006
2359 8.988582599999999
2360 0.010546699999999999
2361 0.0008926390000000001
2362 1.6655938400000003
2363 0.07178057200000003
2364 0.9584214000000003
2365 0.6204290919999998
2366 0.31386930199999996
2367 0.9567048000000002
2368 0.000512123
2369 0.9101256230000003
2370 0.7434478399999997
2371 1.3951432
2372 1.1054166099999998
2373 1.44103053
2374 0.00048160600000000004
2375 0.0013542199999999995
2376 2.4325244
2377 0.8161299400000002
2378 0.5267817599999998
2379 3.0177066999999997
2380 6.868377999999999
2381 5.096794099999999
2382 2.7594500500000003
2383 3.38997255
2384 0.5703213500000001
2385 1.1360168
2386 0.9184805000000003
2387 5.4304564
2388 1.7135100799999998
2389 2.76063862
2390 0.0015239700000000004
2391 2.2924139999999995
2392 3.0993718
2393 1.59506789
2394 0.0006875989999999997
2395 1.1881427
2396 1.1495691199999998
2397 1.0639676999999998
2398 0.0017709700000000004
2399 0.68432304
2400 3.5257256999999997
2401 3.8300091000000003
2402 0.1722006506
2403 0.6775804
2404 0.23724527399999995
2405 0.8040098900000001
2406 0.0017709700000000004
2407 0.310558158
2408 1.3050699499999998
2409 0.00032901800000000004
2410 1.18804234
2411 0.0010976800000000002
2412 0.28684106500000006
2413 0.8176690600000001
2414 0.26160158099999997
2415 2.6506384999999995
