0 2.2523333644866943
1 7.172806358337402
2 6.285367455482483
3 4.434833755493164
4 2.696273832321167
5 1.8837328338623047
6 10.715652027130126
7 0.1389952564239502
8 0.3463182067871094
9 4.458447632789611
10 5.355404562950135
11 0.2755544090270996
12 2.7698373651504515
13 0.41418468475341796
14 9.14277223587036
15 1.7424915027618408
16 0.34790285110473634
17 0.14064595699310303
18 5.557701463699341
19 8.445462384223937
20 0.06458105087280273
21 4.652510108947754
22 4.466967000961303
23 4.40577995300293
24 5.387444291114807
25 0.23358502388000488
26 3.5357680463790895
27 4.557951650619507
28 0.4596500015258789
29 0.000133514404296875
30 2.6965399837493895
31 8.278924760818482
32 0.5294208526611328
33 3.208941411972046
34 3.4530483531951903
35 2.1047175407409666
36 0.7236330795288086
37 1.1753429317474364
38 4.9699049043655394
39 0.7959347820281982
40 8.449913911819458
41 1.151492214202881
42 4.5822589349746705
43 0.5763003063201905
44 1.5763720226287843
45 7.0564569473266605
46 4.922169041633606
47 3.6784876441955565
48 1.2388893032073975
49 1.1983631801605226
50 1.602795925140381
51 3.191323380470276
52 2.0917483234405516
53 1.5631073522567749
54 3.9471907234191894
55 4.3440127658844
56 3.524993782043457
57 5.092262773513794
58 1.276594934463501
59 0.9873499298095703
60 9.568709044456481
61 1.5568092155456543
62 0.388283748626709
63 1.5009433555603027
64 2.9724233150482178
65 8.292955737113953
66 4.83614785194397
67 5.140855097770691
68 7.447552251815796
69 4.269900636672974
70 0.10102957725524903
71 0.33351036071777346
72 3.7028654766082765
73 3.2833582878112795
74 0.3201988506317139
75 5.103706655502319
76 2.7004381704330442
77 4.165987300872803
78 2.0632662057876585
79 3.912499198913574
80 1.264377737045288
81 2.2766460275650022
82 1.8585762214660644
83 8.387942442893982
84 5.130840768814087
85 6.989314761161804
86 4.83156946182251
87 9.725795540809631
88 3.0359209203720092
89 0.0006504058837890625
90 1.2617203521728515
91 3.2867806148529053
92 4.70390103340149
93 3.490420560836792
94 3.2524137401580813
95 3.2083655643463134
96 1.5993392944335938
97 4.006468515396119
98 6.158887333869934
99 0.1439141845703125
100 0.24497140884399415
101 1.0250967311859132
102 1.439537558555603
103 2.7186894607543945
104 0.7934818363189697
105 4.001563515663147
106 8.268035264015198
107 1.207287302017212
108 9.846724314689636
109 1.0792513656616212
110 3.881888828277588
111 0.7706566381454468
112 2.167854571342468
113 2.60976402759552
114 2.1884019947052002
115 8.569916620254517
116 2.287455291748047
117 3.170739393234253
118 1.5538850688934327
119 0.7043957614898682
120 2.2928667783737184
121 2.60167510509491
122 6.81171237707138
123 2.000375928878784
124 1.0642272806167603
125 1.7475820064544678
126 1.4976377773284912
127 1.0367443752288819
128 0.18396278381347655
129 2.161774206161499
130 3.1492144775390627
131 0.14065661430358886
132 2.8416723442077636
133 6.2740904808044435
134 4.624775867462159
135 0.7335680770874023
136 5.890755443572998
137 1.1235197257995606
138 0.000492095947265625
139 0.12098365783691406
140 1.6652555418014527
141 1.183640432357788
142 3.196038017272949
143 0.17347121238708496
144 0.789572114944458
145 2.80350546836853
146 7.043283205032349
147 6.285742225646973
148 2.6726331615448
149 4.711013908386231
150 1.3494256019592286
151 5.098007555007935
152 7.84626727104187
153 0.4669838523864746
154 3.291947202682495
155 1.6181909465789794
156 1.4085202503204346
157 5.768431930541992
158 1.765227952003479
159 1.8330038070678711
160 2.5370796871185304
161 0.7395017910003662
162 1.1808902072906493
163 7.020311517715454
164 1.6400214862823486
165 0.150034122467041
166 2.3043453884124756
167 0.18622451782226562
168 1.6720289134979247
169 1.5325633430480956
170 0.5157581329345703
171 2.0486975717544555
172 1.1654996299743652
173 0.5297888278961181
174 4.046752400398255
175 4.1379766845703125
176 2.7255581760406495
177 8.047849559783936
178 0.2213531494140625
179 0.780813889503479
180 2.007983522415161
181 0.21431151390075684
182 3.633042087554932
183 1.3269690036773683
184 0.9726136112213135
185 1.3090412759780883
186 7.101366863250733
187 4.327874746322632
188 1.1395998764038087
189 5.908095808029175
190 5.014685201644897
191 0.38467087745666506
192 7.010810742378235
193 0.6269350814819336
194 6.254939255714416
195 4.8496266984939576
196 11.820203704833984
197 9.513896131515503
198 0.26390889167785647
199 3.7897252225875855
200 0.5309923267364502
201 7.7417228364944455
202 0.7041399717330933
203 2.9025729084014893
204 2.7334309959411622
205 1.3148432922363282
206 8.101664910316467
207 5.084190430641175
208 1.9089758682250977
209 2.068940019607544
210 3.92789701461792
211 1.8529057645797729
212 7.519241609573364
213 4.051174335479736
214 10.266169042587281
215 3.387007961273193
216 1.666859827041626
217 5.126946830749512
218 0.617054615020752
219 2.4473824596405027
220 8.273749203681946
221 1.381614236831665
222 4.250114741325379
223 3.34103178024292
224 0.649243688583374
225 3.2425734043121337
226 9.107430410385131
227 2.3472099685668946
228 2.3626246738433836
229 0.8672884368896484
230 1.3515305042266845
231 5.175483331680298
232 0.0016498565673828125
233 4.775692429542541
234 0.7591664695739746
235 0.12769467353820801
236 0.002613067626953125
237 6.468623881340027
238 0.06228538513183594
239 8.534383101463318
240 8.954750175476073
241 0.08331802368164062
242 4.207945795059204
243 2.164454402923584
244 2.3856702518463133
245 0.3906863784790039
246 2.992856206893921
247 4.162505321502685
248 2.3657713508605958
249 5.979441070556641
250 3.2997937488555906
251 3.8712192726135255
252 1.9769242191314698
253 2.5121041917800904
254 5.847821111679077
255 4.001922960281372
256 4.016835823059082
257 2.2003104972839354
258 0.525854787826538
259 3.895942039489746
260 1.2661009788513184
261 0.07868473052978515
262 6.188929262161255
263 1.4597766065597535
264 0.9191203308105469
265 3.5339638090133665
266 4.2821581840515135
267 0.2181154441833496
268 3.6856250953674317
269 10.634515328407288
270 5.489389109611511
271 7.333549885749817
272 0.3223168087005615
273 3.2021662378311158
274 2.6566586685180664
275 2.639217119216919
276 2.0641627311706543
277 6.96211302280426
278 1.1091949701309205
279 6.766682167053222
280 3.3916818380355833
281 7.036838541030884
282 3.5081687355041504
283 0.564905252456665
284 1.6285753345489502
285 1.662296838760376
286 3.317925786972046
287 3.0167845153808592
288 0.006127357482910156
289 1.5382620811462402
290 6.577956657409668
291 4.52638813495636
292 2.9450776767730713
293 2.089444947242737
294 5.255321679115295
295 6.094991869926453
296 6.720039105415344
297 2.635675368309021
298 3.1111084842681884
299 1.0632831001281737
300 1.0987939548492431
301 1.6227230739593506
302 9.70412751197815
303 2.9829429960250855
304 1.4316051483154297
305 1.0660862350463867
306 2.4326994228363037
307 3.8853469562530516
308 1.6964038658142089
309 5.715154109001159
310 1.0247004079818725
311 1.0142704439163208
312 2.125148754119873
313 0.38248046875
314 3.2817363357543945
315 6.145156583786011
316 4.220900535583496
317 2.663960084915161
318 10.227063970565796
319 7.75605694770813
320 3.3689713859558106
321 0.9259857368469239
322 2.8779085636138917
323 4.098201503753662
324 0.5697864151000976
325 0.7541063594818115
326 0.8439469242095947
327 1.725992088317871
328 1.2748597717285157
329 8.239857797622681
330 5.516318378448486
331 3.8997289180755614
332 1.24572762966156
333 1.4104333686828614
334 3.0377440547943113
335 1.4110980129241943
336 1.6069233989715577
337 0.28107916831970214
338 2.685146842002869
339 2.8650371551513674
340 0.2700489568710327
341 2.50894513130188
342 4.174761176109314
343 0.722906436920166
344 1.8491879177093506
345 5.362694787979126
346 8.122095131874085
347 8.873201789855957
348 1.0155298233032226
349 8.815340762138367
350 2.605665559768677
351 1.8732514572143555
352 2.8488167667388917
353 2.932650146484375
354 5.261078834533691
355 2.1295519638061524
356 3.3677369451522825
357 1.2195111751556396
358 6.515700349807739
359 3.5955387449264524
360 2.7776512575149535
361 3.3217183208465575
362 1.7463140773773194
363 6.32412392616272
364 4.9458514595031735
365 2.7622658348083498
366 2.9038345289230345
367 6.5047370004653935
368 3.235793700218201
369 4.540653028488159
370 1.5908268213272094
371 2.6977514696121214
372 1.3988816404342652
373 2.259007902145386
374 1.3401193141937255
375 3.0249996471405027
376 5.227939043045044
377 1.3741663360595704
378 1.5574021530151367
379 3.1538143253326414
380 0.740970425605774
381 2.825262818336487
382 3.4872453832626342
383 3.9217311048507693
384 5.039910593032837
385 3.283330087661743
386 3.1201364326477052
387 0.0022192001342773438
388 3.4402116680145265
389 4.615973916053772
390 3.3311134433746337
391 1.1151996660232544
392 5.550968656539917
393 2.8874101781845094
394 2.7953084468841554
395 3.1069662237167357
396 5.32467939376831
397 2.220912160873413
398 2.2430095863342285
399 2.4825341367721556
400 5.16778265953064
401 2.2860368633270265
402 1.97021577835083
403 1.3166977214813231
404 3.0068230485916136
405 1.9806310033798218
406 2.1709759998321534
407 4.267048501968384
408 1.1113944005966188
409 5.308947072029114
410 0.0070247650146484375
411 1.09666579246521
412 1.6739096546173096
413 2.0528973579406737
414 0.7035594940185547
415 1.247859182357788
416 3.0327848958969117
417 3.4983245182037352
418 10.537343721389771
419 2.041709108352661
420 1.7090581417083741
421 5.530859208106994
422 0.4747621011734009
423 2.0409996032714846
424 4.004125051498413
425 2.6857217931747437
426 0.8332178688049316
427 4.851975216865539
428 4.567544283866883
429 3.500501317977905
430 3.551144771575928
431 0.8579165649414062
432 0.4155483818054199
433 2.137192826271057
434 0.6281286668777466
435 2.308006772994995
436 7.352299699783325
437 2.5601061725616456
438 2.6509062957763674
439 4.364818506240844
440 10.619418473243714
441 8.675554828643799
442 4.903827180862427
443 2.7086467504501344
444 3.430470948219299
445 0.6270187664031982
446 3.634501576423645
447 6.853589324951172
448 7.209859123229981
449 6.073496828079223
450 0.33889872550964356
451 1.9591552066802977
452 0.38426154136657714
453 0.30325775146484374
454 2.6058066940307616
455 7.574012794494629
456 0.3445924186706543
457 2.302682485580444
458 2.0818378067016603
459 0.21331963539123536
460 2.6251581954956054
461 4.327560920715332
462 6.65100019454956
463 1.6471861362457276
464 1.8395685482025146
465 3.6691035556793214
466 1.482991042137146
467 0.09465990066528321
468 2.6052806758880616
469 1.5705042934417726
470 1.094536075592041
471 1.3106306743621827
472 0.0006847381591796875
473 1.593329849243164
474 1.3520033740997315
475 0.8047567653656006
476 2.3642211246490477
477 0.517857780456543
478 7.470303454399109
479 0.6529109287261963
480 0.00572967529296875
481 1.0991949939727783
482 2.415797610282898
483 0.0016689300537109375
484 5.901701583862304
485 4.201923933029175
486 0.5404212856292725
487 0.00045013427734375
488 9.044655537605285
489 3.458559331893921
490 7.177256679534912
491 4.9996061563491825
492 0.22728188514709471
493 2.0910283660888673
494 4.471191821098327
495 4.404772968292236
496 0.8614856052398682
497 3.557278709411621
498 1.0492765140533447
499 4.392606291770935
500 0.5626766014099122
501 2.1031734800338744
502 0.0008831024169921875
503 8.044129657745362
504 5.345393800735474
505 1.1370275592803956
506 5.004768981933593
507 7.947810506820678
508 0.31245534896850585
509 1.7026688480377197
510 13.206922698020936
511 2.1390042304992676
512 1.4398282814025878
513 5.964404764175415
514 2.5299758815765383
515 3.4066113328933714
516 0.4300783967971802
517 3.704719052314758
518 4.030561833381653
519 1.805512580871582
520 1.3840789222717285
521 7.22995174407959
522 8.63013454437256
523 5.64149097442627
524 9.008055772781372
525 0.3172183132171631
526 0.8626765918731689
527 1.6971999931335449
528 6.654086637496948
529 0.6418829441070557
530 0.8819277095794678
531 0.8464038467407227
532 2.1644802856445313
533 0.6262333011627197
534 1.8837195110321046
535 2.3874453687667847
536 0.5000083732604981
537 0.31686528205871584
538 4.464002981185913
539 0.2675543403625488
540 6.240050563812256
541 0.13678216934204102
542 2.036849174499512
543 5.7133480739593505
544 2.866453742980957
545 1.8503897953033448
546 2.64789026260376
547 4.00073350906372
548 4.76510332107544
549 5.637739143371582
550 4.20325231552124
551 1.3880244255065919
552 1.2678543281555177
553 3.876790614128113
554 1.3342666149139404
555 1.4429468631744384
556 3.271490249633789
557 4.148431215286255
558 0.3733350658416748
559 3.562571873664856
560 2.237702560424805
561 0.08642073631286622
562 6.559849767684937
563 3.269812431335449
564 8.113666749000549
565 0.47769750595092775
566 0.16129153251647949
567 0.3052925968170166
568 0.37835575103759767
569 2.429252872467041
570 0.567453203201294
571 1.1903180694580078
572 3.1243164205551146
573 7.392396101951599
574 4.363359575271606
575 3.3021145915985106
576 6.088339867591858
577 0.3958004665374756
578 3.5726460075378417
579 6.5834579229354855
580 0.529752082824707
581 10.155078525543212
582 1.1518597221374511
583 2.293740167617798
584 3.5318773651123045
585 5.748275218009948
586 2.2469096755981446
587 1.52861722946167
588 5.198823099136352
589 0.1738821506500244
590 9.175589199066161
591 2.9349849128723147
592 1.4595583915710448
593 3.149674892425537
594 5.207250537872315
595 1.3480010414123536
596 8.483302607536316
597 1.7321390914916992
598 5.192138094902038
599 7.582820692062378
600 9.571754097938538
601 0.8736053276062011
602 1.8211488342285156
603 1.0084769535064697
604 3.8537579154968262
605 2.5744998931884764
606 1.463895444869995
607 10.282978143692016
608 0.000522613525390625
609 1.2310650873184203
610 6.0254915952682495
611 2.3722762393951418
612 2.0123705196380617
613 2.326340799331665
614 1.2340545749664307
615 3.15242844581604
616 1.5207971382141112
617 2.9475522899627684
618 3.4082408285140993
619 5.027126059532166
620 3.0831258296966553
621 3.4237179946899414
622 2.1937852478027344
623 2.4755865478515626
624 1.768161735534668
625 0.19078591346740723
626 5.944061794281006
627 2.857045373916626
628 1.964041404724121
629 0.2772383785247803
630 1.8195353984832763
631 3.644857892990112
632 1.9857220458984375
633 4.260031676292419
634 5.644699115753173
635 1.499582347869873
636 1.1320962715148926
637 4.570023136138916
638 4.621420412063599
639 0.798088607788086
640 3.4798207235336305
641 0.31530970096588135
642 6.796810531616211
643 0.1700115394592285
644 0.0033130645751953125
645 0.6596274852752686
646 0.9866804027557373
647 0.24466728210449218
648 2.491075010299683
649 0.2127206039428711
650 0.9186192274093627
651 8.624073476791382
652 0.7961962413787842
653 6.241309156417847
654 0.38375349521636964
655 0.0055789947509765625
656 7.0043408203125
657 2.5105632591247558
658 2.1342429161071776
659 2.341309652328491
660 0.9575713062286377
661 0.05905023574829102
662 4.7194790315628055
663 0.7123369884490967
664 0.21813836097717285
665 3.6983677768707275
666 3.295208444595337
667 0.058559017181396486
668 2.50899395942688
669 3.9669298553466796
670 2.64554723739624
671 2.294253401756287
672 1.8738593769073486
673 3.1284689331054687
674 0.8749737167358398
675 1.4047541666030883
676 1.3894824886322021
677 5.975047287940979
678 2.4744121837615967
679 3.6272008323669436
680 4.9971599197387695
681 1.1366780471801758
682 2.1360780572891236
683 5.469859118461609
684 1.8397775840759278
685 5.006491422653198
686 4.0820688104629514
687 3.00415415763855
688 4.927516469955444
689 3.6343921422958374
690 4.70786455154419
691 1.3997417831420897
692 1.7331245517730713
693 6.1213411664962765
694 2.5608764600753786
695 3.5816553115844725
696 1.2644340515136718
697 4.567108011245727
698 3.276908378601074
699 5.939435486793518
700 2.704252014160156
701 7.6606416988372805
702 0.7402863121032714
703 0.08041465759277344
704 0.08706257820129394
705 0.9201869583129882
706 0.23450063705444335
707 0.34401147842407226
708 3.813356165885925
709 0.1215900993347168
710 0.09234442710876464
711 5.131257843971253
712 1.8291967105865479
713 2.0436106300354004
714 2.3761114501953124
715 1.6973498249053955
716 2.8135547733306883
717 2.356027965545654
718 3.877072868347168
719 2.071680841445923
720 2.8512956857681275
721 0.6917835521697998
722 0.30374516487121583
723 2.3085923862457274
724 2.47665162563324
725 7.2858505535125735
726 5.62792664527893
727 3.022872791290283
728 3.5022772407531737
729 7.008635249137878
730 4.7205951261520385
731 1.5406251239776612
732 7.53007848739624
733 2.9318922185897827
734 4.203644618988037
735 5.709332504272461
736 7.333785219192505
737 8.584079494476319
738 3.303690586090088
739 10.569126625061035
740 3.193463807106018
741 2.5998272371292113
742 1.553485736846924
743 4.005438003540039
744 2.75173602104187
745 3.0355927562713623
746 1.1047305297851562
747 3.2004050540924074
748 7.561289319992065
749 3.401585645675659
750 6.71969319820404
751 5.101784315109253
752 0.792874641418457
753 0.45384416580200193
754 1.4844398307800293
755 3.005184760093689
756 0.5624884414672852
757 1.8735189723968506
758 2.377404770851135
759 0.001003265380859375
760 3.83211763381958
761 2.3972682094573976
762 3.5603963279724122
763 1.857556276321411
764 6.868481674194336
765 0.0054473876953125
766 2.0985132217407227
767 3.393026967048645
768 4.313751049041748
769 2.5200533294677734
770 0.0023126602172851562
771 3.7786914825439455
772 5.172673802375794
773 1.441755781173706
774 0.11284692764282227
775 2.3760276412963868
776 1.7082722187042236
777 0.6066344451904296
778 0.18634517669677733
779 4.568687372207641
780 9.532511739730834
781 1.211370849609375
782 7.313611350059509
783 0.19436705589294434
784 0.7132175207138062
785 2.629714050292969
786 1.3423317623138429
787 5.487796030044556
788 3.2861649322509767
789 3.204757423400879
790 2.541393871307373
791 5.167495226860046
792 3.0931170845031737
793 11.555380091667175
794 5.019916863441467
795 0.49833107948303224
796 0.8440125751495361
797 1.1628838539123536
798 0.71185791015625
799 2.0589678478240967
800 0.24904940605163575
801 0.18581164360046387
802 7.379320163726806
803 2.727209348678589
804 4.302249221801758
805 3.7190223598480223
806 0.875346565246582
807 13.022822060585021
808 1.1045394134521485
809 0.0002536773681640625
810 7.205847473144531
811 4.771418781280517
812 6.99900342464447
813 2.2396663570404054
814 1.778294334411621
815 5.767006826400757
816 4.773227953910828
817 0.5027754783630372
818 0.31996731758117675
819 11.409374885559082
820 6.430150737762451
821 2.5614309120178222
822 7.459910411834716
823 0.6255720329284667
824 3.557133741378784
825 1.015327730178833
826 0.7820210170745849
827 4.9437625169754025
828 2.166787180900574
829 2.6521969699859618
830 1.4742923736572267
831 2.3030253314971922
832 0.4621941566467285
833 0.3382624769210815
834 3.325143084526062
835 0.7043101119995118
836 1.346192798614502
837 5.7579773426055905
838 8.3442160654068
839 2.9036524295806885
840 14.6573278093338
841 1.776720905303955
842 7.158094444274902
843 16.918113932609558
844 14.002239203453064
845 13.406201820373536
846 1.9199644947052001
847 3.504594564437866
848 6.64570032119751
849 6.466157379150391
850 12.436761102676392
851 0.3891266345977783
852 0.8941220188140869
853 6.123653306961059
854 2.7117899560928347
855 6.661698303222656
856 3.237522687911987
857 0.6924709606170655
858 11.562325139045715
859 0.5709522342681885
860 7.8570540189743046
861 7.751132216453552
862 2.7093161821365355
863 1.3101819038391114
864 6.726431293487549
865 2.0557987117767333
866 7.443773846626282
867 6.946290531158447
868 1.4849676084518433
869 17.586286606788637
870 9.912632989883424
871 1.686072883605957
872 0.000335693359375
873 4.564531135559082
874 5.173509283065796
875 0.7255160331726074
876 4.329465980529785
877 4.92996244430542
878 3.3616496562957763
879 1.4799319744110107
880 5.97301155090332
881 5.461778473854065
882 0.8237147998809814
883 4.091615843772888
884 6.116641798019409
885 2.8360867309570312
886 1.9602751445770263
887 1.5903501510620117
888 4.943079433441162
889 5.943832845687866
890 4.91051456451416
891 5.716712322235107
892 10.57051631450653
893 1.9387738704681396
894 8.234315266609192
895 8.088451867103577
896 5.56860610961914
897 3.0326613998413086
898 2.717163348197937
899 4.916901822090149
900 2.7887699794769287
901 2.786916723251343
902 1.4608675861358642
903 9.745851793289184
904 16.265724964141846
905 1.7377132415771483
906 6.410790500640869
907 8.508070888519287
908 1.6618841075897217
909 4.10868577003479
910 2.351609888076782
911 3.503341636657715
912 1.3395226287841797
913 2.82146137714386
914 5.995077772140503
915 3.7111998271942137
916 0.6980860424041748
917 3.738136739730835
918 2.4245172262191774
919 0.9444737577438355
920 6.304460487365723
921 6.190683522224426
922 3.178099970817566
923 7.681907281875611
924 2.7043212032318116
925 7.0557670545578
926 6.383719263076782
927 2.3448327875137327
928 7.4319718551635745
929 0.42042547702789307
930 1.4003126525878906
931 5.713693475723266
932 3.8878738021850587
933 2.997860050201416
934 1.5776538848876953
935 1.2319986152648925
936 3.774190559387207
937 1.228287830352783
938 4.500979347229004
939 0.8988866233825683
940 0.36607884407043456
941 3.2843812131881713
942 0.9026456451416016
943 3.3951046466827393
944 0.7258151340484619
945 0.5870108890533448
946 1.7265907669067382
947 2.2673996353149413
948 6.164850282669067
949 9.016840977668762
950 9.603957052230834
951 6.337183265686035
952 3.7300872135162355
953 3.145635142326355
954 6.874146418571472
955 0.6760740947723388
956 1.5867772102355957
957 6.016746368408203
958 2.657406988143921
959 2.8955588912963868
960 5.699911332130432
961 2.4928417778015137
962 2.4718704986572266
963 5.746441388130188
964 3.436502227783203
965 8.226331243515014
966 0.8683425235748291
967 1.7667713451385498
968 3.0071908378601075
969 1.4439634418487548
970 9.604832611083985
971 9.084286904335022
972 0.7358800888061523
973 2.7033356189727784
974 10.852812657356262
975 14.567444410324097
976 3.564658718109131
977 6.332194843292236
978 1.879813814163208
979 3.918135175704956
980 5.945351223945618
981 0.8440564250946045
982 1.1599574851989747
983 7.199089498519897
984 1.331372890472412
985 7.173227286338806
986 4.0131636810302735
987 0.4119379901885986
988 0.8294822978973388
989 6.841261148452759
990 1.9582273244857789
991 3.0468691205978393
992 8.975262584686279
993 1.8223558902740478
994 0.6383999347686767
995 2.2910684299468995
996 1.7529162025451661
997 2.486418776512146
998 0.97507080078125
999 1.5319792175292968
1000 2.8292862701416017
1001 0.5299848937988281
1002 0.8049505615234375
1003 3.0954625415802
1004 1.0610845851898194
1005 1.7591716384887695
1006 0.29165968894958494
1007 1.149893560409546
1008 1.4290233993530272
1009 1.4836123371124268
1010 8.150186123847961
1011 3.891742105484009
1012 1.685763292312622
1013 2.779045639038086
1014 12.245117588043213
1015 7.745549030303955
1016 4.808082027435303
1017 12.139771466255189
1018 7.428779783248902
1019 2.7228625202178955
1020 3.3690578651428225
1021 4.27437077999115
1022 1.0468747329711914
1023 0.7841582298278809
1024 4.683749899864197
1025 6.728814363479614
1026 0.16490960121154785
1027 3.1065334987640383
1028 1.8480173397064208
1029 1.0473362588882447
1030 1.3379762935638428
1031 0.7422232055664062
1032 0.7565612363815307
1033 5.542684321403503
1034 5.743288207054138
1035 7.583601713180542
1036 2.8289803409576417
1037 2.1605853748321535
1038 4.994706110954285
1039 2.2187638330459594
1040 4.109025526046753
1041 2.6320369911193846
1042 0.0024318695068359375
1043 1.7451218605041503
1044 5.886624598503113
1045 6.215673508644104
1046 0.08946051597595214
1047 8.466903080940247
1048 8.571781740188598
1049 2.9732680320739746
1050 4.850850276947021
1051 1.095745220184326
1052 4.109225425720215
1053 2.8082415580749513
1054 3.630040111541748
1055 0.18433125495910643
1056 2.1269147396087646
1057 5.213266849517822
1058 5.432977886199951
1059 3.4405184268951414
1060 4.879114999771118
1061 1.8280239772796631
1062 0.19144989013671876
1063 7.753571906089783
1064 2.7813405990600586
1065 4.883678145408631
1066 0.12664069175720216
1067 0.705505199432373
1068 8.660331282615662
1069 13.40235101699829
1070 2.143997049331665
1071 1.4219315338134766
1072 6.118223638534546
1073 9.936236500740051
1074 4.169653449058533
1075 1.3442621660232543
1076 5.663000001907348
1077 10.72231517791748
1078 0.5843033885955811
1079 9.199053049087524
1080 0.4816519641876221
1081 0.936138219833374
1082 3.0831079721450805
1083 9.593822889328003
1084 10.51421890258789
1085 3.6893485021591186
1086 1.4544434070587158
1087 4.543914842605591
1088 1.460110731124878
1089 2.2463347864151
1090 1.5305385494232178
1091 3.2028161907196044
1092 6.461880731582641
1093 13.588587474822997
1094 2.1892583560943604
1095 5.257725496292114
1096 0.33847938537597655
1097 0.21095939636230468
1098 0.9367140388488769
1099 0.6452347660064697
1100 0.07443057060241699
1101 2.866247606277466
1102 2.667308120727539
1103 2.781013751029968
1104 2.58397292137146
1105 2.0735071420669557
1106 3.8890903663635252
1107 0.39614723205566404
1108 0.3237996292114258
1109 0.5058320903778076
1110 6.910133109092713
1111 2.068119077682495
1112 7.5193665504455565
1113 3.6583997440338134
1114 4.168616733551025
1115 6.189842925071717
1116 3.312600026130676
1117 3.812382173538208
1118 7.711683320999145
1119 3.384198341369629
1120 3.0449390602111817
1121 4.7529420566558835
1122 1.5161576175689697
1123 0.6330576610565185
1124 2.9750235939025877
1125 1.6566968536376954
1126 3.3181496620178224
1127 0.7929580688476563
1128 3.5488145637512205
1129 0.00164031982421875
1130 3.5434698724746703
1131 3.587988576889038
1132 1.7367606019973756
1133 5.212647032737732
1134 0.8695789337158203
1135 0.9136770820617676
1136 0.9913290309906005
1137 7.970183372497559
1138 1.1126287031173705
1139 6.214521570205688
1140 0.3251375389099121
1141 1.0736862134933471
1142 2.219404892921448
1143 1.093448143005371
1144 2.2542313003540038
1145 2.1320179748535155
1146 0.7194766139984131
1147 2.669243860244751
1148 0.3844161033630371
1149 0.0008144378662109375
1150 0.48553690910339353
1151 4.376992053985596
1152 4.625465512275696
1153 0.6698324012756348
1154 6.4258505153656005
1155 0.40451144218444823
1156 1.0200219821929932
1157 4.888608083724976
1158 4.159799165725708
1159 1.4498353147506713
1160 1.2139128971099853
1161 4.172294135093689
1162 1.4358603382110595
1163 7.667106065750122
1164 0.8062155723571778
1165 3.5756617307662966
1166 1.2469110774993897
1167 1.065539665222168
1168 2.6338761615753175
1169 0.1531770133972168
1170 2.423111667633057
1171 5.019814443588257
1172 8.874913330078124
1173 1.6703448486328125
1174 5.32857880115509
1175 2.307606678009033
1176 1.0364926338195801
1177 4.926162662506104
1178 1.8820580387115478
1179 3.864097228050232
1180 3.9061140775680543
1181 1.8064697456359864
1182 3.8743837547302244
1183 0.5655710315704345
1184 8.396245441436768
1185 1.518449993133545
1186 2.193769292831421
1187 2.161236629486084
1188 1.3980923795700073
1189 2.2917755317687987
1190 0.3863680076599121
1191 1.3973914909362792
1192 4.682339906692505
1193 3.4409031867980957
1194 2.9550251388549804
1195 3.856345434188843
1196 1.8117267799377441
1197 2.4029684543609617
1198 3.657088499069214
1199 6.077520127296448
1200 1.1615511131286622
1201 0.33652146339416505
1202 0.5239055442810059
1203 0.567323875427246
1204 0.2672720909118652
1205 0.3265875244140625
1206 3.9331624269485475
1207 2.2536508655548095
1208 0.28632957458496094
1209 3.3458097553253174
1210 5.661443777084351
1211 2.948348913192749
1212 1.5742650985717774
1213 1.1147468566894532
1214 2.2283934020996092
1215 0.859654426574707
1216 3.3996270895004272
1217 2.775105690956116
1218 0.39137672424316405
1219 2.9644455528259277
1220 1.5737164735794067
1221 4.361383647918701
1222 2.530859546661377
1223 9.2930166721344
1224 2.1762997913360596
1225 3.169652609825134
1226 1.2729868221282958
1227 7.8792952537536625
1228 0.42251532554626464
1229 1.492811403274536
1230 1.9951275300979614
1231 1.4977583599090576
1232 1.622337408065796
1233 1.8851259136199952
1234 0.19420150756835938
1235 1.8107945346832275
1236 2.984845967292786
1237 0.5228351402282715
1238 2.98598427772522
1239 6.698715763092041
1240 0.9990795230865479
1241 0.3327040767669678
1242 5.712457265853882
1243 0.850464038848877
1244 0.41433609008789063
1245 4.428308458328247
1246 5.6700607013702395
1247 4.169215602874756
1248 0.07483058929443359
1249 3.150270175933838
1250 1.7776836585998534
1251 9.636852145195007
1252 0.9879994297027588
1253 3.357996687889099
1254 6.989778480529785
1255 4.061953520774841
1256 10.256528072357177
1257 2.47955322265625e-05
1258 17.550066380500795
1259 8.813580164909363
1260 5.439066543579101
1261 4.511965742111206
1262 1.3400538158416748
1263 2.9551545763015747
1264 4.748976044654846
1265 8.523347840309142
1266 3.3523007297515868
1267 3.573127326965332
1268 12.970392146110534
1269 9.450715951919555
1270 3.420617642402649
1271 5.706780652999878
1272 2.587639751434326
1273 5.778989381790161
1274 8.561110587120057
1275 3.5074402618408205
1276 2.988441433906555
1277 6.70129511833191
1278 6.470427684783935
1279 6.087378578186035
1280 3.3556316184997557
1281 0.602538013458252
1282 2.278404574394226
1283 10.147952547073364
1284 6.986656174659729
1285 1.0919104194641114
1286 6.892660255432129
1287 9.975879745483399
1288 6.64539746761322
1289 5.803025903701783
1290 4.824744639396667
1291 9.801636023521423
1292 0.8762706422805786
1293 0.34224002838134765
1294 3.368680543899536
1295 4.503747491836548
1296 2.9606933069229124
1297 4.678606195449829
1298 3.3031085872650148
1299 8.23403950214386
1300 2.774496946334839
1301 6.149109840393066
1302 0.9407507514953614
1303 15.767350716590881
1304 1.7082756233215333
1305 2.08609393119812
1306 7.6032882404327395
1307 5.711494874954224
1308 1.7569905281066895
1309 3.6764996337890623
1310 4.16066029548645
1311 0.37347126960754395
1312 1.7618649291992188
1313 1.1188679790496827
1314 2.275427131652832
1315 3.7150107765197755
1316 2.1627080249786377
1317 3.496164345741272
1318 3.7613024711608887
1319 1.457764549255371
1320 2.971094274520874
1321 3.3914571142196657
1322 5.91854884147644
1323 4.046916303634643
1324 2.096924238204956
1325 4.334255213737488
1326 1.4258353424072265
1327 2.2019097995758057
1328 1.1175724172592163
1329 6.914704518318176
1330 0.24580207824707032
1331 3.566488199234009
1332 1.8901578044891358
1333 4.119551477432251
1334 0.5933234977722168
1335 1.5726018953323364
1336 0.7322249507904053
1337 3.6043608713150026
1338 3.905730481147766
1339 5.444888911247253
1340 4.293913316726685
1341 7.067230587005615
1342 5.6379992866516115
1343 2.3043413734436036
1344 2.432100248336792
1345 11.408744864463806
1346 3.529604711532593
1347 1.9673286533355714
1348 8.319189157485962
1349 4.485123920440674
1350 2.7139532947540284
1351 6.482539620399475
1352 0.8310617589950562
1353 1.043967089653015
1354 3.139097671508789
1355 5.788661804199219
1356 0.34451281547546386
1357 1.2456355285644531
1358 6.106942520141602
1359 4.320536651611328
1360 4.491501064300537
1361 1.2497609424591065
1362 4.757136044502258
1363 1.0223096656799315
1364 3.3824357891082766
1365 3.3054747438430785
1366 3.977075581550598
1367 10.600002846717835
1368 5.177637500762939
1369 3.6763173580169677
1370 0.8302252388000488
1371 2.30255087852478
1372 3.1933244371414187
1373 1.577741060256958
1374 0.5871072387695313
1375 8.913530578613281
1376 5.81459746837616
1377 0.18176962852478026
1378 0.6147830295562744
1379 0.7796316146850586
1380 6.896517648696899
1381 0.29243133544921873
1382 3.2588628196716307
1383 1.634455804824829
1384 0.20072726249694825
1385 1.11511061668396
1386 6.380518889427185
1387 4.786231870651245
1388 0.06582592964172364
1389 0.5219980716705322
1390 0.006534576416015625
1391 1.831315393447876
1392 2.742346477508545
1393 2.3385826206207274
1394 1.7997800874710084
1395 7.778600492477417
1396 0.0001678466796875
1397 0.21093939781188964
1398 0.7846987247467041
1399 4.34507529258728
1400 0.7884284973144531
1401 7.319022722244263
1402 0.751206922531128
1403 0.6469930076599121
1404 0.0015916824340820312
1405 0.6120510959625244
1406 1.6731313133239747
1407 3.4409607219696046
1408 4.47471064567566
1409 1.4889016151428223
1410 5.274885911941528
1411 1.7012185382843017
1412 5.300890946388245
1413 0.10841257095336915
1414 4.0267258310318
1415 0.27506550788879397
1416 1.1297958660125733
1417 2.570017547607422
1418 1.237593502998352
1419 2.129554615020752
1420 2.3162017822265626
1421 4.009749565124512
1422 4.129279732704163
1423 8.02601218700409
1424 3.7528321361541748
1425 0.9850864791870118
1426 1.7777077770233154
1427 0.7333014488220215
1428 0.31007540702819825
1429 4.071091785430908
1430 5.972399182319641
1431 0.9712913608551026
1432 3.173733043670654
1433 4.0080950784683225
1434 1.5348782157897949
1435 6.477709674835205
1436 1.9408922576904297
1437 0.724054012298584
1438 6.976056146621704
1439 8.946385126113892
1440 1.8203411102294922
1441 6.949281520843506
1442 1.3090170860290526
1443 12.856863055229187
1444 0.8378977298736572
1445 6.937673993110657
1446 4.264013457298279
1447 6.2272583818435665
1448 8.207674040794373
1449 5.125640001296997
1450 3.805046262741089
1451 0.00182342529296875
1452 1.2092625713348388
1453 2.152159376144409
1454 1.4559163093566894
1455 11.227495703697205
1456 1.9139577960968017
1457 3.259703950881958
1458 0.9677736186981201
1459 0.8468245887756347
1460 4.439364295005799
1461 1.748286476135254
1462 0.0003757476806640625
1463 3.9318510055541993
1464 4.194458551406861
1465 0.3309559726715088
1466 2.370696096420288
1467 7.095929107666016
1468 1.6655308437347411
1469 3.1489471912384035
1470 0.7504479026794434
1471 0.6498042106628418
1472 7.154047255516052
1473 6.917680225372314
1474 2.3727243661880495
1475 2.8736401081085203
1476 2.1882766819000246
1477 5.625229101181031
1478 5.499698138236999
1479 4.968712644577026
1480 6.469390888214111
1481 6.646614246368408
1482 1.7896369457244874
1483 0.0004596710205078125
1484 2.913552665710449
1485 0.33023213386535644
1486 1.7603448390960694
1487 7.023151273727417
1488 2.094238348007202
1489 0.7259310960769654
1490 4.86391083240509
1491 4.045462646484375
1492 4.961876177787781
1493 8.77484902381897
1494 5.4456068134307865
1495 4.524323806762696
1496 7.787296304702759
1497 3.57226767539978
1498 0.000148773193359375
1499 5.13126727104187
1500 1.1038596248626709
1501 4.914126563072204
1502 8.517942848205566
1503 10.484845571517944
1504 3.793150897026062
1505 4.41895299911499
1506 4.28342110157013
1507 0.10201133728027344
1508 3.533272180557251
1509 6.26811728477478
1510 4.797578816413879
1511 5.332262024879456
1512 0.12032455444335938
1513 0.4447330379486084
1514 0.9101393699645997
1515 12.735271725654602
1516 7.496547632217407
1517 0.9863686513900757
1518 2.283010859489441
1519 2.6406956243515016
1520 7.462677693367004
1521 9.933059010505676
1522 3.6386480379104613
1523 18.0892528963089
1524 6.992504110336304
1525 8.746383752822876
1526 0.010768890380859375
1527 10.233611268997192
1528 1.7175503540039063
1529 3.5526959896087646
1530 0.7599870109558106
1531 3.393366093635559
1532 8.360389003753662
1533 4.701703896522522
1534 4.486764988899231
1535 4.8343347072601315
1536 5.943860101699829
1537 1.5580512762069703
1538 4.535740094184876
1539 3.742135796546936
1540 16.94036738395691
1541 3.583793864250183
1542 5.037460145950317
1543 4.481214289665222
1544 7.646582856178283
1545 1.4897922229766847
1546 4.895529437065124
1547 1.321018943786621
1548 4.598976221084595
1549 2.1973246049880983
1550 4.49804536819458
1551 5.769842133522034
1552 1.392752685546875
1553 4.122101860046387
1554 3.257131881713867
1555 5.34759482383728
1556 1.258014578819275
1557 1.2437936782836914
1558 3.970663561820984
1559 9.120907325744628
1560 2.553780097961426
1561 3.321844244003296
1562 2.644582300186157
1563 0.8559452629089356
1564 2.3201840686798096
1565 3.7576752853393556
1566 3.3033356857299805
1567 0.8061646366119385
1568 0.9507837772369385
1569 5.014907727241516
1570 3.0839199352264406
1571 0.058274450302124026
1572 1.3297088432312012
1573 5.09179874420166
1574 3.9899291610717773
1575 0.32252973556518555
1576 0.7778059577941895
1577 2.4492505311965944
1578 1.7966517448425292
1579 0.000385284423828125
1580 1.064813585281372
1581 8.150350742340088
1582 0.6940797519683838
1583 0.5740307807922364
1584 6.179846715927124
1585 4.995074148178101
1586 2.2250149345397947
1587 7.999858665466308
1588 6.599548330307007
1589 1.4807450008392333
1590 1.1991231060028076
1591 3.2764810371398925
1592 2.074020757675171
1593 1.0841521072387694
1594 1.3194656467437744
1595 2.9237883853912354
1596 2.8973487997055054
1597 3.17422776222229
1598 3.794338345527649
1599 1.04473464012146
1600 2.3653864288330078
1601 2.481424722671509
1602 0.716623239517212
1603 5.687887420654297
1604 3.219281721115112
1605 0.41128079414367674
1606 8.030426716804504
1607 12.283859395980835
1608 9.337028441429139
1609 4.931262941360473
1610 4.144212551116944
1611 5.5937427186965945
1612 5.4423947381973266
1613 10.33034812927246
1614 5.186508817672729
1615 5.800450654029846
1616 6.870270676612854
1617 4.738844213485717
1618 1.1435177516937256
1619 0.5986561870574951
1620 6.1397965097427365
1621 0.25445621490478515
1622 4.214578247070312
1623 0.000621795654296875
1624 8.721619629859925
1625 2.3421304607391358
1626 4.523316326141358
1627 8.500524473190307
1628 0.00028228759765625
1629 8.14603569984436
1630 1.9055590057373046
1631 1.8245738601684571
1632 8.54594931125641
1633 18.238881587982178
1634 6.4343532276153566
1635 1.1124348545074463
1636 2.0234938430786134
1637 0.0025663375854492188
1638 0.5155320644378663
1639 0.33076478958129885
1640 2.431030797958374
1641 0.0028858184814453125
1642 3.904810571670532
1643 4.596018800735473
1644 0.000705718994140625
1645 1.238228578567505
1646 1.4922642612457275
1647 0.8042884254455567
1648 2.992255239486694
1649 4.587408061027527
1650 3.7310234975814818
1651 2.1085876846313476
1652 3.5986112260818484
1653 2.988811674118042
1654 7.653353004455567
1655 7.22988356590271
1656 0.25348361015319826
1657 13.041314477920531
1658 1.371843605041504
1659 4.265154900550843
1660 0.08512124061584472
1661 3.3843632411956786
1662 0.4838766765594482
1663 1.0279542875289918
1664 7.990993847846985
1665 4.074987177848816
1666 0.4285125255584717
1667 3.0538809633255006
1668 1.6560642910003662
1669 1.3343772315979003
1670 0.8106193923950196
1671 1.775864496231079
1672 3.6067493295669557
1673 6.277715110778809
1674 2.7624807929992676
1675 0.058190231323242185
1676 1.8872707509994506
1677 5.246016044616699
1678 0.14765299797058107
1679 1.1802156352996827
1680 0.8933424282073975
1681 1.3805513763427735
1682 0.6881877899169921
1683 0.5491755676269531
1684 2.427323703765869
1685 0.80715576171875
1686 0.0007266998291015625
1687 2.869081120491028
1688 0.49761643409729006
1689 1.2931595897674562
1690 3.585960922241211
1691 1.41076810836792
1692 5.315978984832764
1693 0.25094290733337404
1694 0.6039987277984619
1695 0.000782012939453125
1696 0.5774907207489014
1697 4.013184499740601
1698 1.7908755254745483
1699 3.3145820903778076
1700 4.612637100219726
1701 0.2636128807067871
1702 0.11754011154174805
1703 0.4357049083709717
1704 1.9196979522705078
1705 1.3400161361694336
1706 3.40190833568573
1707 5.850502767562866
1708 2.496788196563721
1709 3.1338900470733644
1710 0.9035324668884277
1711 3.199740419387817
1712 1.2695443630218506
1713 9.557346053123474
1714 5.06950044631958
1715 0.19356366157531738
1716 5.744867758750916
1717 12.138659620285035
1718 0.6112573432922364
1719 1.4455850410461426
1720 1.2203627109527588
1721 2.077761631011963
1722 2.8098792934417727
1723 7.159351024627686
1724 4.938478779792786
1725 6.567471327781678
1726 0.722269401550293
1727 6.85590437412262
1728 4.871329894065857
1729 0.9127870464324951
1730 2.0348351764678956
1731 3.9609124183654787
1732 1.398392038345337
1733 5.983771080970764
1734 1.1790913486480712
1735 0.27044158935546875
1736 3.724998188018799
1737 3.5378866720199587
1738 4.856950082778931
1739 3.1687319564819334
1740 0.8627801322937012
1741 7.558470358848572
1742 4.806411943435669
1743 3.0812631750106814
1744 0.38923068046569825
1745 6.391248540878296
1746 9.686097278594971
1747 1.0612089347839355
1748 5.210987048149109
1749 1.3795714473724365
1750 3.0439431285858154
1751 1.9776591491699218
1752 1.5397990989685058
1753 3.1866044759750367
1754 1.0035104274749755
1755 6.493136386871338
1756 1.9486233615875244
1757 3.2910382986068725
1758 3.9431336545944213
1759 1.063153076171875
1760 3.179776725769043
1761 1.3440408563613893
1762 0.16209606170654298
1763 5.192039527893066
1764 1.5208187007904053
1765 4.17872341632843
1766 1.7675999355316163
1767 3.6272232484817506
1768 2.173085889816284
1769 2.3630957317352297
1770 7.6435097265243535
1771 7.563420624732971
1772 6.940382866859436
1773 1.7768078470230102
1774 18.860375423431396
1775 7.385524415969849
1776 0.07368982315063477
1777 9.90706799030304
1778 0.38275750160217287
1779 0.8739537382125855
1780 0.9575140428543091
1781 1.2795643997192383
1782 1.3953559684753418
1783 17.15753881454468
1784 6.216090970039367
1785 0.0025625228881835938
1786 0.9821306324005127
1787 3.0193506050109864
1788 3.1065297603607176
1789 0.8846182918548584
1790 8.590542612075806
1791 3.2250844383239747
1792 1.4954816913604736
1793 4.030886058807373
1794 5.115601167678833
1795 4.21649055480957
1796 6.801613254547119
1797 2.369597110748291
1798 8.066798181533814
1799 4.030187220573425
1800 3.4240722370147707
1801 0.1022198486328125
1802 0.612920823097229
1803 0.7050404930114746
1804 0.9843313407897949
1805 7.907009410858154
1806 5.309510750770569
1807 2.679074068069458
1808 1.6520218086242675
1809 2.43993332862854
1810 9.31714699268341
1811 13.647333998680114
1812 4.292623553276062
1813 5.155514168739319
1814 3.7473872804641726
1815 12.540000438690186
1816 1.8948030471801758
1817 5.386171226501465
1818 5.2702986431121825
1819 6.586322741508484
1820 0.13678317070007323
1821 1.7454690504074097
1822 6.455450778007507
1823 6.010043420791626
1824 0.3716998481750488
1825 4.792054204940796
1826 1.5449551677703857
1827 7.318751993179322
1828 6.429420356750488
1829 3.4460026931762697
1830 4.9857077884674075
1831 3.1044384908676146
1832 5.6351986455917356
1833 1.1040527248382568
1834 1.6876550531387329
1835 2.483532552719116
1836 3.730948638916016
1837 5.671659984588623
1838 2.4305149364471434
1839 5.286897478103637
1840 0.670620059967041
1841 2.8288837766647337
1842 3.1760247230529783
1843 3.265929946899414
1844 1.6133984756469726
1845 3.0875645017623903
1846 1.3721726799011231
1847 2.870782651901245
1848 5.268034372329712
1849 3.3606087493896486
1850 0.4178444194793701
1851 3.736104369163513
1852 0.671095895767212
1853 0.003933906555175781
1854 0.7556423377990723
1855 0.24973257064819335
1856 2.9666882228851317
1857 3.96321533203125
1858 0.002685546875
1859 2.908073501586914
1860 8.430886816978454
1861 7.71803768157959
1862 2.3534642028808594
1863 2.0685722923278806
1864 8.50362247467041
1865 1.4521529483795166
1866 2.314047451019287
1867 4.9493868541717525
1868 0.0001087188720703125
1869 2.1133667850494384
1870 2.62881676197052
1871 0.5419658851623536
1872 0.10330577850341797
1873 5.934586782455444
1874 0.9203458976745605
1875 2.6904409456253053
1876 0.08893054008483886
1877 7.0928074169158934
1878 0.16768522262573243
1879 0.7252708530426025
1880 0.8685979175567627
1881 11.273905220031738
1882 0.7806537628173829
1883 1.186817898750305
1884 0.00054931640625
1885 0.9782289886474609
1886 0.5901255798339844
1887 2.288818359375e-05
1888 10.418856897354125
1889 2.0208537483215334
1890 2.0634765338897707
1891 0.13116176605224608
1892 0.14570339202880858
1893 0.9173795318603516
1894 0.0002899169921875
1895 1.3093010520935058
1896 1.388206148147583
1897 0.24727457046508788
1898 1.5638658714294433
1899 0.056074295043945316
1900 1.5097828769683839
1901 0.8133049011230469
1902 0.14360628128051758
1903 0.8657892417907714
1904 4.728658990859985
1905 0.06026835441589355
1906 0.06043149948120117
1907 0.5725351715087891
1908 8.392333984375e-05
1909 0.7919681549072266
1910 0.28135409355163576
1911 0.0001964569091796875
1912 11.254159564971923
1913 0.2407729434967041
1914 1.7316862773895263
1915 3.572431502342224
1916 4.76837158203125e-05
1917 0.7885611820220947
1918 0.17291719436645508
1919 6.866455078125e-05
1920 4.9353463840484615
1921 0.860282039642334
1922 1.0452529525756835
1923 1.7882381629943849
1924 1.6160599708557128
1925 0.3559087371826172
1926 0.23163796424865724
1927 4.5740723180770875
1928 1.1539041805267334
1929 0.6524552059173584
1930 0.06028556823730469
1931 0.00160980224609375
1932 3.5085424423217773
1933 3.6382970809936523
1934 1.1107401943206787
1935 7.341630263328552
1936 3.275400447845459
1937 1.490183343887329
1938 0.7793693971633912
1939 4.509081525802612
1940 1.7291335105895995
1941 0.7569318580627441
1942 3.327699451446533
1943 4.079417953491211
1944 0.9334338426589965
1945 0.31792062759399414
1946 0.2916975975036621
1947 4.958261337280273
1948 0.26675844192504883
1949 3.698804273605347
1950 4.74759654045105
1951 2.5606776666641236
1952 1.942921085357666
1953 5.765646891593933
1954 6.9352774238586425
1955 3.458299369812012
1956 6.154206886291504
1957 4.938674077987671
1958 4.147547178268432
1959 0.9189182758331299
1960 1.8039088916778565
1961 3.455660033226013
1962 1.2738383960723878
1963 4.698079376220703
1964 3.399415717124939
1965 1.5292774963378906
1966 3.3274786567687986
1967 8.57319718837738
1968 4.820034408569336
1969 0.28141590118408205
1970 2.1398406982421876
1971 0.5597858190536499
1972 2.584154987335205
1973 8.832707962989808
1974 2.196805410385132
1975 2.622764616012573
1976 0.6623630380630493
1977 2.6711663436889648
1978 6.251167621612549
1979 3.4430012941360473
1980 0.6466752243041992
1981 1.2951896381378174
1982 14.210464754104613
1983 5.299316692352295
1984 3.7494607543945313
1985 0.7935490798950195
1986 2.864253530502319
1987 11.206507368087768
1988 6.692091126441955
1989 5.2864022016525265
1990 4.614989719390869
1991 0.6118624782562256
1992 1.4119613361358643
1993 0.7190481615066528
1994 4.4272326517105105
1995 1.869075288772583
1996 9.683491959571839
1997 0.6844372272491455
1998 0.3842727470397949
1999 0.19440166473388673
2000 3.9755415678024293
2001 4.009690885543823
2002 0.0041522979736328125
2003 5.129305391311646
2004 0.48443562507629395
2005 3.3874940395355226
2006 0.9057524967193603
2007 1.497869553565979
2008 2.335765323638916
2009 0.8250195217132569
2010 0.5367697238922119
2011 1.9265542650222778
2012 3.1706383275985717
2013 5.979004116058349
2014 1.7761486673355102
2015 3.752180509567261
2016 6.699350657463074
2017 6.151477427482605
2018 5.554211320877076
2019 1.660922613143921
2020 9.9240052318573
2021 7.595951108932495
2022 1.7605753326416016
2023 0.12404458045959472
2024 0.19132872581481933
2025 3.970220503807068
2026 1.9941359233856202
2027 10.22252088546753
2028 3.3702165985107424
2029 5.875079584121704
2030 8.377489280700683
2031 0.32927206039428714
2032 4.393133239746094
2033 2.2106130790710448
2034 2.3318878555297853
2035 5.686310486793518
2036 2.712674980163574
2037 10.780412979125977
2038 5.711159076690674
2039 4.881350708007813
2040 0.7746922874450684
2041 0.35664929389953615
2042 2.0768556213378906
2043 4.7382998323440555
2044 12.962432126998902
2045 3.1067957973480222
2046 0.8283332538604736
2047 2.860377712249756
2048 0.3783570384979248
2049 0.5568668937683106
2050 3.0199983501434327
2051 0.0010747909545898438
2052 2.0169092559814454
2053 0.0006580352783203125
2054 4.148813705444336
2055 6.103515625e-05
2056 3.3730877256393432
2057 0.10412328720092773
2058 1.410561308860779
2059 0.09066668510437012
2060 1.347911376953125
2061 0.002239227294921875
2062 1.2592988204956055
2063 0.00077056884765625
2064 1.7600056838989258
2065 0.5280034828186035
2066 1.2743371868133544
2067 0.0003814697265625
2068 1.603491897583008
2069 0.15449027061462403
2070 1.6537039804458618
2071 0.3658304691314697
2072 3.026934051513672
2073 0.6561421775817871
2074 2.100436305999756
2075 0.0003223419189453125
2076 5.028216695785522
2077 1.8973521661758423
2078 7.177234840393067
2079 0.00182342529296875
2080 0.4396415328979492
2081 0.19783857345581055
2082 1.8522793674468994
2083 0.0005435943603515625
2084 2.761341199874878
2085 0.0001926422119140625
2086 1.9973684310913087
2087 2.673347482681274
2088 0.3387332820892334
2089 0.7607693767547608
2090 1.3676522445678712
2091 0.061201171875
2092 1.1226133155822753
2093 0.3921611499786377
2094 1.2627179718017578
2095 5.067714376449585
2096 4.152500114440918
2097 4.548493914604187
2098 5.677436165809631
2099 1.8954886245727538
2100 0.5446333503723144
2101 0.2615180969238281
2102 0.9292020320892334
2103 3.1299925470352172
2104 10.22593846321106
2105 0.8725652980804444
2106 2.6762506580352783
2107 1.64108060836792
2108 4.814569354057312
2109 1.5612000370025634
2110 2.6990577220916747
2111 13.114906206130982
2112 1.741884832382202
2113 1.3358159828186036
2114 5.152262096405029
2115 1.8816163730621338
2116 7.207346005439758
2117 2.71386061668396
2118 10.391104307174682
2119 4.9394063472747805
2120 2.4013224267959594
2121 6.074623365402221
2122 0.2984454345703125
2123 7.495272965431213
2124 2.165829448699951
2125 5.876238899230957
2126 0.6165345191955567
2127 0.0014467239379882812
2128 4.373479371070862
2129 6.2277115535736085
2130 2.2355698633193968
2131 0.47742032051086425
2132 4.044289073944092
2133 4.270855350494385
2134 0.5371455764770507
2135 2.0259661960601805
2136 5.167983393669129
2137 0.00348663330078125
2138 1.6295691204071046
2139 4.29337372303009
2140 3.5716052436828614
2141 2.4574969577789307
2142 2.383631258010864
2143 8.339597744941711
2144 4.0080301523208615
2145 8.410863127708435
2146 0.9601847171783447
2147 2.5572824478149414
2148 6.907821793556213
2149 5.006017436981201
2150 7.650720624923706
2151 0.9710725116729736
2152 13.715360813140869
2153 3.8904785823822023
2154 3.5119099617004395
2155 3.295432095527649
2156 2.8436885499954223
2157 5.3038014793396
2158 2.289382953643799
2159 9.174180970191955
2160 1.6211938619613648
2161 6.66200252532959
2162 11.18896532535553
2163 4.121527667045593
2164 5.2837659740448
2165 0.5283907651901245
2166 0.11785003662109375
2167 1.9129261922836305
2168 4.758057312965393
2169 0.7230982303619384
2170 4.261516141891479
2171 3.588470416069031
2172 0.24362497329711913
2173 0.6874431419372559
2174 0.7767982482910156
2175 7.264751000404358
2176 5.728566098213196
2177 2.514027700424194
2178 4.9381927871704105
2179 8.416055765151977
2180 3.1965040588378906
2181 6.2680402278900145
2182 1.8253933143615724
2183 0.19928574562072754
2184 4.448323574066162
2185 4.997831563949585
2186 3.423187646865845
2187 2.166845850944519
2188 3.8981301164627076
2189 3.5022130537033083
2190 1.3224185085296631
2191 10.552137303352357
2192 2.0065782403945924
2193 12.475397872924805
2194 4.896282014846801
2195 3.44778790473938
2196 2.275762901306152
2197 1.4631834411621094
2198 1.822601146697998
2199 1.6096284580230713
2200 0.9702006244659424
2201 0.8727063655853271
2202 0.11358755111694335
2203 3.054433546066284
2204 0.21764350891113282
2205 3.199234185218811
2206 5.570388331413269
2207 2.8544748210906983
2208 0.7358334159851074
2209 1.809269528388977
2210 1.349709758758545
2211 0.3844838905334473
2212 1.8300096321105956
2213 1.3971712493896484
2214 1.1564683246612548
2215 2.4720229005813597
2216 1.4891621255874634
2217 0.9462382125854493
2218 3.1938944625854493
2219 1.3126850080490113
2220 13.430615367889404
2221 0.5146113014221192
2222 0.6532555294036865
2223 1.4089359378814696
2224 2.191274423599243
2225 1.7840169334411622
2226 0.44773749351501463
2227 10.61691701412201
2228 2.9010971546173097
2229 0.0034885406494140625
2230 0.9481392097473145
2231 0.696702241897583
2232 0.42586311340332034
2233 5.425898017883301
2234 7.286287717819214
2235 2.087429389953613
2236 3.4982875204086303
2237 2.1599924182891845
2238 1.464423623085022
2239 1.1816251754760743
2240 2.170512766838074
2241 3.2695861530303953
2242 7.625829715728759
2243 6.294532084465027
2244 4.434499340057373
2245 3.595417938232422
2246 0.46100540161132814
2247 2.363822865486145
2248 12.040143585205078
2249 1.3228260421752929
2250 2.80853355884552
2251 3.0114131450653074
2252 5.080935397148132
2253 0.711010856628418
2254 3.3590525722503664
2255 1.5514473152160644
2256 2.21661883354187
2257 13.825822782516479
2258 0.07482126712799073
2259 2.250244069099426
2260 3.8570477676391604
2261 8.12507532119751
2262 5.003733143806458
2263 2.322690143585205
2264 3.767132978439331
2265 3.986085681915283
2266 1.8363497066497803
2267 1.8083438873291016
2268 4.948268890380859
2269 4.112851510047912
2270 1.259968318939209
2271 8.455155181884766
2272 4.285670261383057
2273 1.1113272190093995
2274 2.842129125595093
2275 2.195413951873779
2276 4.233785457611084
2277 0.10625511169433594
2278 1.880866003036499
2279 3.2774983501434325
2280 2.214160532951355
2281 5.16164113998413
2282 3.38440505027771
2283 5.46256130695343
2284 0.3701944065093994
2285 1.194305992126465
2286 1.0670807361602783
2287 1.37126633644104
2288 4.292168245315552
2289 2.490089569091797
2290 2.9710349225997925
2291 2.550752477645874
2292 2.1862563610076906
2293 1.2492946434020995
2294 2.460247917175293
2295 6.763720073699951
2296 0.8347369766235352
2297 1.283325071334839
2298 1.5844573307037353
2299 1.531210651397705
2300 0.3013345718383789
2301 4.915914058685303
2302 0.0001621246337890625
2303 7.3876474618911745
2304 0.16946121215820312
2305 0.7867692947387696
2306 0.010028839111328125
2307 1.455032787322998
2308 1.3553888654708863
2309 0.6691920852661133
2310 1.8915831756591797
2311 5.3907468795776365
2312 3.3190461683273313
2313 2.211970901489258
2314 3.4331447792053225
2315 2.382000732421875
2316 6.467776589393615
2317 7.982135944366455
2318 0.6346669578552246
2319 0.41771574020385743
2320 6.171755871772766
2321 1.8062503242492676
2322 0.6249880409240722
2323 12.082373356819152
2324 0.39600338935852053
2325 6.127019095420837
2326 6.848352518081665
2327 1.5505267429351806
2328 3.8338345670700074
2329 3.8288416147232054
2330 1.191023645401001
2331 5.229416666030883
2332 1.6405255317687988
2333 6.459327478408813
2334 3.8901246881484983
2335 3.297124786376953
2336 1.358088297843933
2337 0.2121332550048828
2338 0.30118824005126954
2339 6.552685170173645
2340 3.260171346664429
2341 4.8210820388793945
2342 2.0864279890060424
2343 3.0386427450180054
2344 7.82012939453125e-05
2345 0.8095838642120361
2346 1.747924165725708
2347 1.1881728458404541
2348 0.2513412952423096
2349 2.0276263427734373
2350 3.3211086797714233
2351 2.834262685775757
2352 1.5421268272399902
2353 2.978429050445557
2354 11.068770532608033
2355 1.5875346755981445
2356 7.974044494628906
2357 0.13950052261352539
2358 4.291504011154175
2359 8.602639217376709
2360 1.7653181457519531
2361 0.3288661861419678
2362 3.156372685432434
2363 2.543111410140991
2364 1.9237012577056884
2365 1.9408886814117432
2366 1.112880563735962
2367 0.9693534660339356
2368 2.47955322265625e-05
2369 2.1724801731109618
2370 0.3104749298095703
2371 1.2307554149627686
2372 2.5120107746124267
2373 1.7810853767395018
2374 6.67572021484375e-05
2375 0.09971014022827149
2376 3.303715133666992
2377 0.8535653018951416
2378 0.5561060857772827
2379 8.577796921730041
2380 6.316899375915527
2381 5.3527797412872316
2382 4.0738685417175295
2383 3.908424291610718
2384 2.238026304244995
2385 0.6266427135467529
2386 1.0858561706542968
2387 8.466208958625794
2388 2.3511348247528074
2389 2.5560777139663697
2390 0.0002346038818359375
2391 3.720838384628296
2392 4.632534341812134
2393 1.437400598526001
2394 0.11570346832275391
2395 3.969078769683838
2396 3.5125449562072752
2397 2.126348838806152
2398 0.1032778263092041
2399 0.7705843257904053
2400 3.6884498691558836
2401 6.569614567756653
2402 0.06804507255554199
2403 1.0220396995544434
2404 0.46310272216796877
2405 0.7881720161437988
2406 0.0023555755615234375
2407 1.5708806324005127
2408 6.323984889984131
2409 0.00260162353515625
2410 2.2159322261810304
2411 0.0030765533447265625
2412 1.2265094375610353
2413 3.677992877960205
2414 0.7778583812713623
2415 2.9310579538345336
